  0.016,299.526,  0.000,  0.000
  0.016,299.502,  0.000,  0.000
  0.016,299.452,  0.000,  0.000
  0.016,299.396,  0.000,  0.000
  0.016,299.384,  0.000,  0.000
  0.016,299.412,  0.000,  0.000
  0.016,299.425,  0.000,  0.000
  0.016,299.386,  0.000,  0.000
  0.016,299.350,  0.000,  0.000
  0.016,299.370,  0.000,  0.000
  0.016,299.420,  0.000,  0.000
  0.016,299.437,  0.000,  0.000
  0.016,299.429,  0.000,  0.000
  0.016,299.424,  0.000,  0.000
  0.016,299.408,  0.000,  0.000
  0.016,299.370,  0.000,  0.000
  0.016,299.342,  0.000,  0.000
  0.016,299.349,  0.000,  0.000
  0.016,299.369,  0.000,  0.000
  0.016,299.371,  0.000,  0.000
  0.016,299.347,  0.000,  0.000
  0.016,299.315,  0.000,  0.000
  0.017,299.294,  0.000,  0.000
  0.016,299.306,  0.000,  0.000
  0.016,299.303,  0.000,  0.000
  0.016,299.483,  0.000,  0.000
  0.016,299.502,  0.000,  0.000
  0.016,299.499,  0.000,  0.000
  0.016,299.457,  0.000,  0.000
  0.016,299.426,  0.000,  0.000
  0.016,299.426,  0.000,  0.000
  0.016,299.447,  0.000,  0.000
  0.016,299.450,  0.000,  0.000
  0.016,299.425,  0.000,  0.000
  0.016,299.401,  0.000,  0.000
  0.016,299.404,  0.000,  0.000
  0.016,299.421,  0.000,  0.000
  0.016,299.441,  0.000,  0.000
  0.016,299.456,  0.000,  0.000
  0.016,299.444,  0.000,  0.000
  0.016,299.396,  0.000,  0.000
  0.016,299.352,  0.000,  0.000
  0.016,299.359,  0.000,  0.000
  0.016,299.407,  0.000,  0.000
  0.016,299.436,  0.000,  0.000
  0.016,299.403,  0.000,  0.000
  0.016,299.336,  0.000,  0.000
  0.016,299.290,  0.000,  0.000
  0.016,299.304,  0.000,  0.000
  0.016,299.327,  0.000,  0.000
  0.016,299.477,  0.000,  0.000
  0.016,299.489,  0.000,  0.000
  0.016,299.513,  0.000,  0.000
  0.016,299.511,  0.000,  0.000
  0.016,299.479,  0.000,  0.000
  0.016,299.451,  0.000,  0.000
  0.016,299.460,  0.000,  0.000
  0.016,299.484,  0.000,  0.000
  0.016,299.481,  0.000,  0.000
  0.016,299.455,  0.000,  0.000
  0.016,299.427,  0.000,  0.000
  0.016,299.419,  0.000,  0.000
  0.016,299.438,  0.000,  0.000
  0.016,299.464,  0.000,  0.000
  0.016,299.468,  0.000,  0.000
  0.016,299.433,  0.000,  0.000
  0.016,299.385,  0.000,  0.000
  0.016,299.382,  0.000,  0.000
  0.016,299.434,  0.000,  0.000
  0.016,299.474,  0.000,  0.000
  0.016,299.449,  0.000,  0.000
  0.016,299.386,  0.000,  0.000
  0.016,299.333,  0.000,  0.000
  0.016,299.342,  0.000,  0.000
  0.016,299.382,  0.000,  0.000
  0.016,299.493,  0.000,  0.000
  0.016,299.491,  0.000,  0.000
  0.016,299.496,  0.000,  0.000
  0.016,299.505,  0.000,  0.000
  0.016,299.503,  0.000,  0.000
  0.016,299.487,  0.000,  0.000
  0.016,299.475,  0.000,  0.000
  0.016,299.474,  0.000,  0.000
  0.016,299.482,  0.000,  0.000
  0.016,299.493,  0.000,  0.000
  0.016,299.487,  0.000,  0.000
  0.016,299.454,  0.000,  0.000
  0.016,299.421,  0.000,  0.000
  0.016,299.428,  0.000,  0.000
  0.016,299.469,  0.000,  0.000
  0.016,299.488,  0.000,  0.000
  0.016,299.457,  0.000,  0.000
  0.016,299.428,  0.000,  0.000
  0.016,299.457,  0.000,  0.000
  0.016,299.483,  0.000,  0.000
  0.016,299.486,  0.000,  0.000
  0.016,299.454,  0.000,  0.000
  0.016,299.408,  0.000,  0.000
  0.016,299.398,  0.000,  0.000
  0.016,299.406,  0.000,  0.000
  0.016,299.500,  0.000,  0.000
  0.016,299.491,  0.000,  0.000
  0.016,299.500,  0.000,  0.000
  0.016,299.508,  0.000,  0.000
  0.016,299.509,  0.000,  0.000
  0.016,299.500,  0.000,  0.000
  0.016,299.481,  0.000,  0.000
  0.016,299.472,  0.000,  0.000
  0.016,299.474,  0.000,  0.000
  0.016,299.510,  0.000,  0.000
  0.016,299.514,  0.000,  0.000
  0.016,299.471,  0.000,  0.000
  0.016,299.407,  0.000,  0.000
  0.016,299.398,  0.000,  0.000
  0.016,299.448,  0.000,  0.000
  0.016,299.498,  0.000,  0.000
  0.016,299.487,  0.000,  0.000
  0.017,299.443,  0.000,  0.000
  0.016,299.438,  0.000,  0.000
  0.016,299.476,  0.000,  0.000
  0.016,299.497,  0.000,  0.000
  0.016,299.461,  0.000,  0.000
  0.016,299.388,  0.000,  0.000
  0.016,299.330,  0.000,  0.000
  0.016,299.309,  0.000,  0.000
  0.016,299.506,  0.000,  0.000
  0.016,299.505,  0.000,  0.000
  0.016,299.532,  0.000,  0.000
  0.016,299.549,  0.000,  0.000
  0.016,299.527,  0.000,  0.000
  0.016,299.494,  0.000,  0.000
  0.017,299.477,  0.000,  0.000
  0.017,299.474,  0.000,  0.000
  0.016,299.481,  0.000,  0.000
  0.016,299.490,  0.000,  0.000
  0.016,299.488,  0.000,  0.000
  0.016,299.463,  0.000,  0.000
  0.017,299.420,  0.000,  0.000
  0.016,299.416,  0.000,  0.000
  0.016,299.470,  0.000,  0.000
  0.016,299.520,  0.000,  0.000
  0.016,299.522,  0.000,  0.000
  0.016,299.486,  0.000,  0.000
  0.017,299.449,  0.000,  0.000
  0.017,299.451,  0.000,  0.000
  0.016,299.461,  0.000,  0.000
  0.016,299.440,  0.000,  0.000
  0.016,299.374,  0.000,  0.000
  0.016,299.298,  0.000,  0.000
  0.016,299.248,  0.000,  0.000
  0.016,299.566,  0.000,  0.000
  0.016,299.562,  0.000,  0.000
  0.016,299.563,  0.000,  0.000
  0.016,299.571,  0.000,  0.000
  0.016,299.560,  0.000,  0.000
  0.016,299.525,  0.000,  0.000
  0.016,299.488,  0.000,  0.000
  0.016,299.470,  0.000,  0.000
  0.016,299.475,  0.000,  0.000
  0.016,299.488,  0.000,  0.000
  0.016,299.504,  0.000,  0.000
  0.016,299.513,  0.000,  0.000
  0.016,299.503,  0.000,  0.000
  0.017,299.489,  0.000,  0.000
  0.016,299.508,  0.000,  0.000
  0.016,299.543,  0.000,  0.000
  0.015,299.559,  0.000,  0.000
  0.016,299.524,  0.000,  0.000
  0.016,299.465,  0.000,  0.000
  0.016,299.419,  0.000,  0.000
  0.016,299.405,  0.000,  0.000
  0.016,299.405,  0.000,  0.000
  0.016,299.391,  0.000,  0.000
  0.016,299.358,  0.000,  0.000
  0.017,299.318,  0.000,  0.000
  0.017,299.594,  0.000,  0.000
  0.016,299.568,  0.000,  0.000
  0.016,299.545,  0.000,  0.000
  0.016,299.552,  0.000,  0.000
  0.016,299.565,  0.000,  0.000
  0.016,299.554,  0.000,  0.000
  0.016,299.524,  0.000,  0.000
  0.016,299.498,  0.000,  0.000
  0.016,299.497,  0.000,  0.000
  0.016,299.512,  0.000,  0.000
  0.016,299.549,  0.000,  0.000
  0.016,299.583,  0.000,  0.000
  0.016,299.582,  0.000,  0.000
  0.016,299.545,  0.000,  0.000
  0.016,299.506,  0.000,  0.000
  0.016,299.502,  0.000,  0.000
  0.016,299.522,  0.000,  0.000
  0.016,299.520,  0.000,  0.000
  0.016,299.476,  0.000,  0.000
  0.016,299.415,  0.000,  0.000
  0.016,299.386,  0.000,  0.000
  0.016,299.392,  0.000,  0.000
  0.016,299.412,  0.000,  0.000
  0.016,299.426,  0.000,  0.000
  0.016,299.414,  0.000,  0.000
  0.016,299.582,  0.000,  0.000
  0.016,299.555,  0.000,  0.000
  0.016,299.520,  0.000,  0.000
  0.016,299.520,  0.000,  0.000
  0.016,299.545,  0.000,  0.000
  0.016,299.554,  0.000,  0.000
  0.016,299.537,  0.000,  0.000
  0.016,299.538,  0.000,  0.000
  0.016,299.546,  0.000,  0.000
  0.017,299.560,  0.000,  0.000
  0.016,299.590,  0.000,  0.000
  0.016,299.605,  0.000,  0.000
  0.016,299.582,  0.000,  0.000
  0.016,299.531,  0.000,  0.000
  0.016,299.494,  0.000,  0.000
  0.016,299.486,  0.000,  0.000
  0.016,299.502,  0.000,  0.000
  0.016,299.512,  0.000,  0.000
  0.016,299.489,  0.000,  0.000
  0.016,299.439,  0.000,  0.000
  0.016,299.413,  0.000,  0.000
  0.016,299.434,  0.000,  0.000
  0.016,299.461,  0.000,  0.000
  0.016,299.458,  0.000,  0.000
  0.016,299.432,  0.000,  0.000
  0.016,299.573,  0.000,  0.000
  0.016,299.542,  0.000,  0.000
  0.016,299.498,  0.000,  0.000
  0.016,299.484,  0.000,  0.000
  0.017,299.513,  0.000,  0.000
  0.016,299.565,  0.000,  0.000
  0.016,299.585,  0.000,  0.000
  0.016,299.594,  0.000,  0.000
  0.016,299.591,  0.000,  0.000
  0.016,299.590,  0.000,  0.000
  0.016,299.583,  0.000,  0.000
  0.016,299.570,  0.000,  0.000
  0.016,299.555,  0.000,  0.000
  0.016,299.526,  0.000,  0.000
  0.016,299.497,  0.000,  0.000
  0.016,299.480,  0.000,  0.000
  0.016,299.489,  0.000,  0.000
  0.016,299.510,  0.000,  0.000
  0.016,299.511,  0.000,  0.000
  0.016,299.485,  0.000,  0.000
  0.017,299.462,  0.000,  0.000
  0.016,299.459,  0.000,  0.000
  0.016,299.452,  0.000,  0.000
  0.016,299.448,  0.000,  0.000
  0.016,299.427,  0.000,  0.000
  0.016,299.593,  0.000,  0.000
  0.016,299.561,  0.000,  0.000
  0.016,299.522,  0.000,  0.000
  0.016,299.518,  0.000,  0.000
  0.017,299.546,  0.000,  0.000
  0.017,299.582,  0.000,  0.000
  0.016,299.611,  0.000,  0.000
  0.016,299.618,  0.000,  0.000
  0.016,299.605,  0.000,  0.000
  0.016,299.586,  0.000,  0.000
  0.017,299.564,  0.000,  0.000
  0.016,299.555,  0.000,  0.000
  0.016,299.555,  0.000,  0.000
  0.016,299.544,  0.000,  0.000
  0.016,299.516,  0.000,  0.000
  0.017,299.476,  0.000,  0.000
  0.016,299.474,  0.000,  0.000
  0.016,299.512,  0.000,  0.000
  0.016,299.541,  0.000,  0.000
  0.016,299.518,  0.000,  0.000
  0.016,299.445,  0.000,  0.000
  0.016,299.392,  0.000,  0.000
  0.016,299.405,  0.000,  0.000
  0.016,299.451,  0.000,  0.000
  0.016,299.459,  0.000,  0.000
  0.016,299.616,  0.000,  0.000
  0.017,299.578,  0.000,  0.000
  0.016,299.560,  0.000,  0.000
  0.016,299.564,  0.000,  0.000
  0.016,299.582,  0.000,  0.000
  0.016,299.601,  0.000,  0.000
  0.016,299.616,  0.000,  0.000
  0.016,299.624,  0.000,  0.000
  0.016,299.615,  0.000,  0.000
  0.016,299.605,  0.000,  0.000
  0.016,299.587,  0.000,  0.000
  0.016,299.581,  0.000,  0.000
  0.016,299.584,  0.000,  0.000
  0.016,299.568,  0.000,  0.000
  0.016,299.531,  0.000,  0.000
  0.016,299.493,  0.000,  0.000
  0.016,299.485,  0.000,  0.000
  0.016,299.512,  0.000,  0.000
  0.015,299.525,  0.000,  0.000
  0.016,299.505,  0.000,  0.000
  0.016,299.443,  0.000,  0.000
  0.016,299.384,  0.000,  0.000
  0.016,299.396,  0.000,  0.000
  0.016,299.465,  0.000,  0.000
  0.016,299.506,  0.000,  0.000
  0.017,299.625,  0.000,  0.000
  0.017,299.581,  0.000,  0.000
  0.017,299.576,  0.000,  0.000
  0.016,299.592,  0.000,  0.000
  0.016,299.596,  0.000,  0.000
  0.016,299.588,  0.000,  0.000
  0.016,299.595,  0.000,  0.000
  0.016,299.627,  0.000,  0.000
  0.016,299.655,  0.000,  0.000
  0.016,299.647,  0.000,  0.000
  0.016,299.616,  0.000,  0.000
  0.016,299.596,  0.000,  0.000
  0.016,299.596,  0.000,  0.000
  0.016,299.583,  0.000,  0.000
  0.016,299.543,  0.000,  0.000
  0.016,299.510,  0.000,  0.000
  0.016,299.501,  0.000,  0.000
  0.016,299.512,  0.000,  0.000
  0.016,299.512,  0.000,  0.000
  0.016,299.484,  0.000,  0.000
  0.016,299.457,  0.000,  0.000
  0.016,299.442,  0.000,  0.000
  0.016,299.451,  0.000,  0.000
  0.016,299.488,  0.000,  0.000
  0.015,299.512,  0.000,  0.000
  0.016,299.636,  0.000,  0.000
  0.017,299.608,  0.000,  0.000
  0.017,299.603,  0.000,  0.000
  0.017,299.613,  0.000,  0.000
  0.016,299.606,  0.000,  0.000
  0.017,299.587,  0.000,  0.000
  0.017,299.595,  0.000,  0.000
  0.016,299.648,  0.000,  0.000
  0.016,299.690,  0.000,  0.000
  0.016,299.673,  0.000,  0.000
  0.016,299.619,  0.000,  0.000
  0.016,299.588,  0.000,  0.000
  0.016,299.599,  0.000,  0.000
  0.016,299.610,  0.000,  0.000
  0.016,299.578,  0.000,  0.000
  0.016,299.522,  0.000,  0.000
  0.016,299.495,  0.000,  0.000
  0.016,299.504,  0.000,  0.000
  0.016,299.518,  0.000,  0.000
  0.016,299.502,  0.000,  0.000
  0.016,299.479,  0.000,  0.000
  0.016,299.481,  0.000,  0.000
  0.016,299.496,  0.000,  0.000
  0.016,299.509,  0.000,  0.000
  0.016,299.511,  0.000,  0.000
  0.016,299.668,  0.000,  0.000
  0.017,299.652,  0.000,  0.000
  0.017,299.606,  0.000,  0.000
  0.016,299.574,  0.000,  0.000
  0.016,299.557,  0.000,  0.000
  0.016,299.592,  0.000,  0.000
  0.017,299.642,  0.000,  0.000
  0.017,299.669,  0.000,  0.000
  0.016,299.662,  0.000,  0.000
  0.016,299.623,  0.000,  0.000
  0.016,299.577,  0.000,  0.000
  0.016,299.558,  0.000,  0.000
  0.017,299.571,  0.000,  0.000
  0.016,299.582,  0.000,  0.000
  0.016,299.562,  0.000,  0.000
  0.016,299.518,  0.000,  0.000
  0.016,299.478,  0.000,  0.000
  0.016,299.468,  0.000,  0.000
  0.016,299.485,  0.000,  0.000
  0.016,299.504,  0.000,  0.000
  0.016,299.501,  0.000,  0.000
  0.016,299.477,  0.000,  0.000
  0.016,299.464,  0.000,  0.000
  0.016,299.470,  0.000,  0.000
  0.016,299.482,  0.000,  0.000
