  0.016,299.720,  0.000,  0.000
  0.016,299.726,  0.000,  0.000
  0.016,299.729,  0.000,  0.000
  0.016,299.737,  0.000,  0.000
  0.016,299.751,  0.000,  0.000
  0.016,299.760,  0.000,  0.000
  0.016,299.765,  0.000,  0.000
  0.016,299.773,  0.000,  0.000
  0.016,299.788,  0.000,  0.000
  0.016,299.799,  0.000,  0.000
  0.016,299.805,  0.000,  0.000
  0.016,299.813,  0.000,  0.000
  0.016,299.825,  0.000,  0.000
  0.016,299.836,  0.000,  0.000
  0.016,299.843,  0.000,  0.000
  0.016,299.849,  0.000,  0.000
  0.016,299.859,  0.000,  0.000
  0.016,299.868,  0.000,  0.000
  0.016,299.874,  0.000,  0.000
  0.016,299.880,  0.000,  0.000
  0.016,299.887,  0.000,  0.000
  0.016,299.892,  0.000,  0.000
  0.016,299.897,  0.000,  0.000
  0.016,299.926,  0.000,  0.000
  0.016,299.927,  0.000,  0.000
  0.016,299.704,  0.000,  0.000
  0.016,299.719,  0.000,  0.000
  0.016,299.733,  0.000,  0.000
  0.016,299.736,  0.000,  0.000
  0.016,299.738,  0.000,  0.000
  0.016,299.750,  0.000,  0.000
  0.016,299.765,  0.000,  0.000
  0.016,299.773,  0.000,  0.000
  0.016,299.778,  0.000,  0.000
  0.016,299.789,  0.000,  0.000
  0.016,299.804,  0.000,  0.000
  0.016,299.812,  0.000,  0.000
  0.016,299.817,  0.000,  0.000
  0.016,299.826,  0.000,  0.000
  0.016,299.839,  0.000,  0.000
  0.016,299.847,  0.000,  0.000
  0.016,299.853,  0.000,  0.000
  0.016,299.862,  0.000,  0.000
  0.016,299.871,  0.000,  0.000
  0.016,299.878,  0.000,  0.000
  0.016,299.883,  0.000,  0.000
  0.016,299.890,  0.000,  0.000
  0.016,299.896,  0.000,  0.000
  0.016,299.925,  0.000,  0.000
  0.016,299.927,  0.000,  0.000
  0.016,299.710,  0.000,  0.000
  0.016,299.709,  0.000,  0.000
  0.016,299.718,  0.000,  0.000
  0.016,299.736,  0.000,  0.000
  0.016,299.744,  0.000,  0.000
  0.016,299.744,  0.000,  0.000
  0.016,299.751,  0.000,  0.000
  0.016,299.769,  0.000,  0.000
  0.016,299.782,  0.000,  0.000
  0.016,299.785,  0.000,  0.000
  0.016,299.792,  0.000,  0.000
  0.016,299.807,  0.000,  0.000
  0.016,299.819,  0.000,  0.000
  0.016,299.823,  0.000,  0.000
  0.016,299.830,  0.000,  0.000
  0.016,299.842,  0.000,  0.000
  0.016,299.853,  0.000,  0.000
  0.016,299.859,  0.000,  0.000
  0.016,299.866,  0.000,  0.000
  0.016,299.875,  0.000,  0.000
  0.016,299.882,  0.000,  0.000
  0.016,299.888,  0.000,  0.000
  0.016,299.895,  0.000,  0.000
  0.016,299.924,  0.000,  0.000
  0.016,299.927,  0.000,  0.000
  0.016,299.708,  0.000,  0.000
  0.016,299.720,  0.000,  0.000
  0.016,299.719,  0.000,  0.000
  0.016,299.721,  0.000,  0.000
  0.016,299.737,  0.000,  0.000
  0.016,299.751,  0.000,  0.000
  0.016,299.754,  0.000,  0.000
  0.016,299.757,  0.000,  0.000
  0.016,299.772,  0.000,  0.000
  0.016,299.788,  0.000,  0.000
  0.016,299.794,  0.000,  0.000
  0.016,299.797,  0.000,  0.000
  0.016,299.809,  0.000,  0.000
  0.016,299.824,  0.000,  0.000
  0.016,299.831,  0.000,  0.000
  0.016,299.835,  0.000,  0.000
  0.016,299.846,  0.000,  0.000
  0.016,299.859,  0.000,  0.000
  0.016,299.866,  0.000,  0.000
  0.016,299.872,  0.000,  0.000
  0.016,299.880,  0.000,  0.000
  0.016,299.889,  0.000,  0.000
  0.016,299.895,  0.000,  0.000
  0.016,299.921,  0.000,  0.000
  0.016,299.926,  0.000,  0.000
  0.016,299.686,  0.000,  0.000
  0.016,299.705,  0.000,  0.000
  0.016,299.726,  0.000,  0.000
  0.016,299.729,  0.000,  0.000
  0.016,299.727,  0.000,  0.000
  0.016,299.738,  0.000,  0.000
  0.016,299.757,  0.000,  0.000
  0.016,299.765,  0.000,  0.000
  0.016,299.764,  0.000,  0.000
  0.016,299.773,  0.000,  0.000
  0.016,299.791,  0.000,  0.000
  0.016,299.801,  0.000,  0.000
  0.016,299.803,  0.000,  0.000
  0.016,299.810,  0.000,  0.000
  0.016,299.827,  0.000,  0.000
  0.016,299.838,  0.000,  0.000
  0.016,299.843,  0.000,  0.000
  0.016,299.850,  0.000,  0.000
  0.016,299.864,  0.000,  0.000
  0.016,299.874,  0.000,  0.000
  0.016,299.879,  0.000,  0.000
  0.016,299.887,  0.000,  0.000
  0.016,299.897,  0.000,  0.000
  0.016,299.919,  0.000,  0.000
  0.016,299.922,  0.000,  0.000
  0.016,299.698,  0.000,  0.000
  0.016,299.692,  0.000,  0.000
  0.016,299.702,  0.000,  0.000
  0.016,299.727,  0.000,  0.000
  0.016,299.738,  0.000,  0.000
  0.016,299.736,  0.000,  0.000
  0.016,299.741,  0.000,  0.000
  0.016,299.761,  0.000,  0.000
  0.016,299.774,  0.000,  0.000
  0.016,299.775,  0.000,  0.000
  0.016,299.778,  0.000,  0.000
  0.016,299.793,  0.000,  0.000
  0.016,299.808,  0.000,  0.000
  0.016,299.811,  0.000,  0.000
  0.016,299.814,  0.000,  0.000
  0.016,299.830,  0.000,  0.000
  0.016,299.846,  0.000,  0.000
  0.016,299.851,  0.000,  0.000
  0.016,299.856,  0.000,  0.000
  0.016,299.869,  0.000,  0.000
  0.016,299.881,  0.000,  0.000
  0.016,299.887,  0.000,  0.000
  0.016,299.894,  0.000,  0.000
  0.016,299.916,  0.000,  0.000
  0.016,299.919,  0.000,  0.000
  0.016,299.712,  0.000,  0.000
  0.016,299.714,  0.000,  0.000
  0.016,299.702,  0.000,  0.000
  0.016,299.704,  0.000,  0.000
  0.016,299.729,  0.000,  0.000
  0.016,299.748,  0.000,  0.000
  0.016,299.748,  0.000,  0.000
  0.016,299.746,  0.000,  0.000
  0.016,299.761,  0.000,  0.000
  0.016,299.782,  0.000,  0.000
  0.016,299.787,  0.000,  0.000
  0.016,299.786,  0.000,  0.000
  0.016,299.797,  0.000,  0.000
  0.016,299.816,  0.000,  0.000
  0.016,299.821,  0.000,  0.000
  0.016,299.820,  0.000,  0.000
  0.016,299.833,  0.000,  0.000
  0.016,299.852,  0.000,  0.000
  0.016,299.860,  0.000,  0.000
  0.016,299.863,  0.000,  0.000
  0.016,299.874,  0.000,  0.000
  0.016,299.887,  0.000,  0.000
  0.016,299.893,  0.000,  0.000
  0.016,299.909,  0.000,  0.000
  0.017,299.914,  0.000,  0.000
  0.016,299.688,  0.000,  0.000
  0.016,299.722,  0.000,  0.000
  0.016,299.731,  0.000,  0.000
  0.016,299.714,  0.000,  0.000
  0.016,299.706,  0.000,  0.000
  0.016,299.731,  0.000,  0.000
  0.016,299.759,  0.000,  0.000
  0.016,299.760,  0.000,  0.000
  0.016,299.749,  0.000,  0.000
  0.016,299.762,  0.000,  0.000
  0.016,299.790,  0.000,  0.000
  0.016,299.800,  0.000,  0.000
  0.016,299.794,  0.000,  0.000
  0.016,299.801,  0.000,  0.000
  0.016,299.823,  0.000,  0.000
  0.016,299.832,  0.000,  0.000
  0.016,299.830,  0.000,  0.000
  0.016,299.838,  0.000,  0.000
  0.016,299.858,  0.000,  0.000
  0.016,299.867,  0.000,  0.000
  0.016,299.868,  0.000,  0.000
  0.016,299.877,  0.000,  0.000
  0.017,299.890,  0.000,  0.000
  0.017,299.902,  0.000,  0.000
  0.017,299.904,  0.000,  0.000
  0.016,299.670,  0.002,  0.000
  0.016,299.687,  0.001,  0.000
  0.016,299.727,  0.000,  0.000
  0.016,299.740,  0.000,  0.000
  0.016,299.719,  0.000,  0.000
  0.016,299.703,  0.000,  0.000
  0.016,299.730,  0.000,  0.000
  0.016,299.765,  0.000,  0.000
  0.016,299.765,  0.000,  0.000
  0.016,299.747,  0.000,  0.000
  0.016,299.757,  0.000,  0.000
  0.016,299.792,  0.000,  0.000
  0.016,299.806,  0.000,  0.000
  0.016,299.798,  0.000,  0.000
  0.016,299.801,  0.000,  0.000
  0.016,299.825,  0.000,  0.000
  0.016,299.838,  0.000,  0.000
  0.016,299.836,  0.000,  0.000
  0.016,299.842,  0.000,  0.000
  0.016,299.861,  0.000,  0.000
  0.017,299.871,  0.000,  0.000
  0.016,299.872,  0.000,  0.000
  0.016,299.879,  0.000,  0.000
  0.017,299.893,  0.000,  0.000
  0.017,299.894,  0.000,  0.000
  0.015,299.359,  0.039,  0.000
  0.015,299.555,  0.004,  0.000
  0.016,299.694,  0.001,  0.000
  0.016,299.734,  0.000,  0.000
  0.016,299.748,  0.000,  0.000
  0.016,299.726,  0.000,  0.000
  0.015,299.502,  0.000,  0.000
  0.014,299.417,  0.000,  0.000
  0.015,299.461,  0.001,  0.000
  0.015,299.463,  0.000,  0.000
  0.014,299.437,  0.000,  0.000
  0.014,299.445,  0.000,  0.000
  0.015,299.490,  0.000,  0.000
  0.015,299.515,  0.000,  0.000
  0.015,299.506,  0.000,  0.000
  0.015,299.505,  0.000,  0.000
  0.015,299.534,  0.000,  0.000
  0.015,299.556,  0.000,  0.000
  0.015,299.557,  0.000,  0.000
  0.015,299.558,  0.000,  0.000
  0.015,299.575,  0.000,  0.000
  0.015,299.584,  0.000,  0.000
  0.017,299.869,  0.000,  0.000
  0.017,299.876,  0.000,  0.000
  0.017,299.882,  0.000,  0.000
  0.016,299.710,  0.158,  0.000
  0.016,299.702,  0.006,  0.000
  0.016,299.683,  0.002,  0.000
  0.016,299.693,  0.000,  0.000
  0.016,299.735,  0.000,  0.000
  0.016,299.754,  0.000,  0.000
  0.016,299.731,  0.000,  0.000
  0.016,299.709,  0.000,  0.000
  0.016,299.733,  0.000,  0.000
  0.016,299.774,  0.000,  0.000
  0.016,299.777,  0.000,  0.000
  0.016,299.754,  0.000,  0.000
  0.016,299.756,  0.000,  0.000
  0.016,299.794,  0.000,  0.000
  0.017,299.820,  0.000,  0.000
  0.016,299.814,  0.000,  0.000
  0.016,299.809,  0.000,  0.000
  0.016,299.830,  0.000,  0.000
  0.017,299.850,  0.000,  0.000
  0.016,299.851,  0.000,  0.000
  0.016,299.849,  0.000,  0.000
  0.017,299.859,  0.000,  0.000
  0.017,299.868,  0.000,  0.000
  0.015,299.580,  0.000,  0.000
  0.015,299.582,  0.000,  0.000
  0.014,299.350,  0.015,  0.000
  0.015,299.369,  0.001,  0.000
  0.015,299.368,  0.000,  0.000
  0.015,299.352,  0.000,  0.000
  0.016,299.615,  0.000,  0.000
  0.015,299.414,  0.000,  0.000
  0.015,299.439,  0.000,  0.000
  0.015,299.413,  0.000,  0.000
  0.015,299.472,  0.000,  0.000
  0.015,299.502,  0.000,  0.000
  0.015,299.459,  0.000,  0.000
  0.015,299.469,  0.000,  0.000
  0.015,299.442,  0.000,  0.000
  0.015,299.438,  0.000,  0.000
  0.015,299.479,  0.000,  0.000
  0.015,299.514,  0.000,  0.000
  0.015,299.511,  0.000,  0.000
  0.015,299.498,  0.000,  0.000
  0.015,299.513,  0.000,  0.000
  0.017,299.838,  0.000,  0.000
  0.017,299.844,  0.000,  0.000
  0.016,299.840,  0.000,  0.000
  0.017,299.847,  0.000,  0.000
  0.017,299.853,  0.000,  0.000
  0.017,299.850,  0.000,  0.000
  0.014,299.340,  0.001,  0.000
  0.015,299.346,  0.000,  0.000
  0.015,299.364,  0.000,  0.000
  0.015,299.369,  0.000,  0.000
  0.015,299.359,  0.000,  0.000
  0.016,299.619,  0.000,  0.000
  0.015,299.414,  0.000,  0.000
  0.015,299.440,  0.000,  0.000
  0.015,299.418,  0.000,  0.000
  0.015,299.390,  0.000,  0.000
  0.015,299.510,  0.000,  0.000
  0.015,299.456,  0.000,  0.000
  0.015,299.473,  0.000,  0.000
  0.015,299.449,  0.000,  0.000
  0.015,299.436,  0.000,  0.000
  0.015,299.468,  0.000,  0.000
  0.015,299.506,  0.000,  0.000
  0.015,299.510,  0.000,  0.000
  0.015,299.495,  0.000,  0.000
  0.015,299.500,  0.000,  0.000
  0.015,299.520,  0.000,  0.000
  0.015,299.528,  0.000,  0.000
  0.015,299.526,  0.000,  0.000
  0.015,299.532,  0.000,  0.000
  0.017,299.835,  0.000,  0.000
  0.015,299.344,  0.000,  0.000
  0.015,299.343,  0.000,  0.000
  0.015,299.348,  0.000,  0.000
  0.015,299.364,  0.000,  0.000
  0.015,299.371,  0.000,  0.000
  0.015,299.363,  0.000,  0.000
  0.015,299.493,  0.000,  0.000
  0.015,299.409,  0.000,  0.000
  0.015,299.436,  0.000,  0.000
  0.015,299.421,  0.000,  0.000
  0.015,299.394,  0.000,  0.000
  0.015,299.505,  0.000,  0.000
  0.015,299.446,  0.000,  0.000
  0.015,299.470,  0.000,  0.180
  0.015,299.454,  0.000,  0.180
  0.015,299.436,  0.000,  0.180
  0.015,299.457,  0.000,  0.160
  0.015,299.494,  0.000,  0.160
  0.015,299.505,  0.000,  0.160
  0.015,299.490,  0.000,  0.160
  0.015,299.483,  0.000,  0.000
  0.015,299.497,  0.000,  0.000
  0.015,299.506,  0.000,  0.000
  0.015,299.507,  0.000,  0.000
  0.015,299.514,  0.000,  0.000
  0.015,299.326,  0.000,  0.000
  0.015,299.341,  0.000,  0.000
  0.015,299.346,  0.000,  0.000
  0.015,299.355,  0.000,  0.000
  0.015,299.371,  0.000,  0.000
  0.015,299.378,  0.000,  0.000
  0.015,299.372,  0.000,  0.000
  0.016,299.586,  0.000,  0.000
  0.015,299.404,  0.000,  0.000
  0.015,299.429,  0.000,  0.000
  0.015,299.421, -0.000,  0.000
  0.015,299.397,  0.000,  0.000
  0.015,299.498,  0.000,  0.000
  0.015,299.434,  0.000,  0.180
  0.015,299.464,  0.000,  0.180
  0.015,299.459,  0.000,  0.180
  0.015,299.438,  0.000,  0.160
  0.015,299.443,  0.000,  0.160
  0.015,299.473,  0.000,  0.160
  0.015,299.488,  0.000,  0.160
  0.015,299.476,  0.000,  0.000
  0.015,299.464,  0.000,  0.000
  0.015,299.473,  0.000,  0.000
  0.015,299.483,  0.000,  0.000
  0.015,299.485,  0.000,  0.000
