  0.020,301.920,  0.000,  0.150
  0.020,301.919,  0.000,  0.150
  0.020,301.917,  0.000,  0.060
  0.020,301.915,  0.000,  0.060
  0.020,301.913,  0.000,  0.060
  0.020,301.911,  0.000,  0.060
  0.020,301.909,  0.000,  0.010
  0.020,301.906,  0.000,  0.010
  0.020,301.904,  0.000,  0.010
  0.020,301.901,  0.000,  0.000
  0.020,301.898,  0.000,  0.000
  0.020,301.896,  0.000,  0.000
  0.020,301.894,  0.000,  0.000
  0.020,301.892,  0.000,  0.000
  0.020,301.890,  0.000,  0.000
  0.020,301.889,  0.000,  0.000
  0.020,301.888,  0.000,  0.000
  0.020,301.887,  0.000,  0.000
  0.020,301.887,  0.000,  0.000
  0.020,301.888,  0.000,  0.000
  0.020,301.888,  0.000,  0.000
  0.020,301.890,  0.000,  0.000
  0.020,301.892,  0.001,  0.000
  0.020,301.917,  0.000,  0.000
  0.020,301.918,  0.001,  0.000
  0.020,301.917,  0.000,  0.000
  0.020,301.916,  0.000,  0.000
  0.020,301.914,  0.000,  0.000
  0.020,301.912,  0.000,  0.000
  0.020,301.910,  0.000,  0.000
  0.020,301.908,  0.000,  0.000
  0.020,301.907,  0.000,  0.000
  0.020,301.904,  0.000,  0.000
  0.020,301.902,  0.000,  0.000
  0.020,301.900,  0.000,  0.000
  0.020,301.898,  0.000,  0.000
  0.020,301.896,  0.000,  0.000
  0.020,301.894,  0.000,  0.000
  0.020,301.892,  0.000,  0.000
  0.020,301.891,  0.000,  0.000
  0.020,301.890,  0.000,  0.000
  0.020,301.889,  0.000,  0.000
  0.020,301.890,  0.000,  0.000
  0.020,301.890,  0.000,  0.000
  0.020,301.891,  0.000,  0.000
  0.020,301.892,  0.000,  0.000
  0.020,301.893,  0.000,  0.000
  0.020,301.895,  0.000,  0.000
  0.020,301.920,  0.000,  0.000
  0.020,301.921,  0.001,  0.000
  0.020,301.915,  0.000,  0.000
  0.020,301.913,  0.000,  0.000
  0.020,301.912,  0.000,  0.000
  0.020,301.910,  0.000,  0.000
  0.020,301.909,  0.000,  0.000
  0.020,301.907,  0.000,  0.000
  0.020,301.905,  0.000,  0.000
  0.020,301.903,  0.000,  0.000
  0.020,301.901,  0.000,  0.000
  0.020,301.899,  0.000,  0.000
  0.020,301.898,  0.000,  0.000
  0.020,301.896,  0.000,  0.000
  0.020,301.895,  0.000,  0.000
  0.020,301.894,  0.000,  0.000
  0.020,301.893,  0.000,  0.000
  0.020,301.892,  0.000,  0.000
  0.020,301.892,  0.000,  0.000
  0.020,301.892,  0.000,  0.000
  0.020,301.893,  0.000,  0.000
  0.020,301.894,  0.000,  0.000
  0.020,301.895,  0.000,  0.000
  0.020,301.897,  0.000,  0.000
  0.020,301.899,  0.000,  0.000
  0.020,301.923,  0.000,  0.000
  0.020,301.924,  0.000,  0.000
  0.020,301.913,  0.000,  0.000
  0.020,301.911,  0.000,  0.000
  0.020,301.910,  0.000,  0.000
  0.020,301.908,  0.000,  0.000
  0.020,301.907,  0.000,  0.000
  0.020,301.906,  0.000,  0.000
  0.020,301.904,  0.000,  0.000
  0.020,301.902,  0.000,  0.000
  0.020,301.901,  0.000,  0.000
  0.020,301.900,  0.000,  0.000
  0.020,301.898,  0.000,  0.000
  0.020,301.897,  0.000,  0.000
  0.020,301.896,  0.000,  0.000
  0.020,301.895,  0.000,  0.000
  0.020,301.895,  0.000,  0.000
  0.020,301.895,  0.000,  0.000
  0.020,301.895,  0.000,  0.000
  0.020,301.895,  0.000,  0.000
  0.020,301.896,  0.000,  0.000
  0.020,301.897,  0.000,  0.000
  0.020,301.899,  0.000,  0.000
  0.020,301.901,  0.000,  0.000
  0.020,301.903,  0.000,  0.000
  0.020,301.925,  0.000,  0.000
  0.020,301.926,  0.000,  0.000
  0.020,301.911,  0.000,  0.000
  0.020,301.910,  0.000,  0.000
  0.020,301.908,  0.000,  0.000
  0.020,301.907,  0.000,  0.000
  0.020,301.906,  0.000,  0.000
  0.020,301.905,  0.000,  0.000
  0.020,301.904,  0.000,  0.000
  0.020,301.903,  0.000,  0.000
  0.020,301.902,  0.000,  0.000
  0.020,301.900,  0.000,  0.000
  0.020,301.899,  0.000,  0.000
  0.020,301.898,  0.000,  0.000
  0.020,301.898,  0.000,  0.000
  0.020,301.897,  0.000,  0.000
  0.020,301.897,  0.000,  0.000
  0.020,301.897,  0.000,  0.000
  0.020,301.898,  0.000,  0.000
  0.020,301.898,  0.000,  0.000
  0.020,301.900,  0.000,  0.000
  0.020,301.901,  0.000,  0.000
  0.020,301.903,  0.000,  0.000
  0.020,301.905,  0.000,  0.000
  0.020,301.908,  0.000,  0.000
  0.020,301.927,  0.000,  0.000
  0.020,301.928,  0.000,  0.000
  0.020,301.910,  0.000,  0.000
  0.020,301.909,  0.000,  0.000
  0.020,301.908,  0.000,  0.000
  0.020,301.907,  0.000,  0.000
  0.020,301.906,  0.000,  0.000
  0.020,301.905,  0.000,  0.000
  0.020,301.904,  0.000,  0.000
  0.020,301.903,  0.000,  0.000
  0.020,301.902,  0.000,  0.000
  0.020,301.901,  0.000,  0.000
  0.020,301.901,  0.000,  0.000
  0.020,301.900,  0.000,  0.000
  0.020,301.900,  0.000,  0.000
  0.020,301.900,  0.000,  0.000
  0.020,301.900,  0.000,  0.000
  0.020,301.900,  0.000,  0.000
  0.020,301.901,  0.000,  0.000
  0.020,301.902,  0.000,  0.000
  0.020,301.904,  0.000,  0.000
  0.020,301.906,  0.000,  0.000
  0.020,301.908,  0.000,  0.000
  0.020,301.910,  0.000,  0.000
  0.020,301.913,  0.000,  0.000
  0.020,301.929,  0.000,  0.000
  0.020,301.930,  0.001,  0.000
  0.020,301.909,  0.000,  0.000
  0.020,301.908,  0.000,  0.000
  0.020,301.908,  0.000,  0.000
  0.020,301.907,  0.000,  0.000
  0.020,301.906,  0.000,  0.000
  0.020,301.906,  0.000,  0.000
  0.020,301.905,  0.000,  0.000
  0.020,301.904,  0.000,  0.000
  0.020,301.904,  0.000,  0.000
  0.020,301.903,  0.000,  0.000
  0.020,301.903,  0.000,  0.000
  0.020,301.903,  0.000,  0.000
  0.020,301.903,  0.000,  0.000
  0.020,301.903,  0.000,  0.000
  0.020,301.904,  0.000,  0.000
  0.020,301.905,  0.000,  0.000
  0.020,301.906,  0.000,  0.000
  0.020,301.907,  0.000,  0.000
  0.020,301.908,  0.000,  0.000
  0.020,301.910,  0.000,  0.000
  0.020,301.912,  0.000,  0.000
  0.020,301.915,  0.000,  0.000
  0.020,301.918,  0.000,  0.000
  0.020,301.932,  0.000,  0.000
  0.020,301.933,  0.000,  0.000
  0.020,301.909,  0.000,  0.000
  0.020,301.908,  0.000,  0.000
  0.020,301.908,  0.000,  0.000
  0.020,301.908,  0.000,  0.000
  0.020,301.907,  0.000,  0.000
  0.020,301.907,  0.000,  0.000
  0.020,301.906,  0.000,  0.000
  0.020,301.906,  0.000,  0.000
  0.020,301.906,  0.000,  0.000
  0.020,301.906,  0.000,  0.000
  0.020,301.906,  0.000,  0.000
  0.020,301.907,  0.000,  0.000
  0.021,301.907,  0.000,  0.000
  0.021,301.907,  0.000,  0.000
  0.021,301.908,  0.000,  0.000
  0.021,301.909,  0.000,  0.000
  0.021,301.911,  0.000,  0.000
  0.021,301.913,  0.000,  0.000
  0.021,301.915,  0.000,  0.000
  0.021,301.917,  0.000,  0.000
  0.021,301.919,  0.000,  0.000
  0.021,301.921,  0.000,  0.000
  0.020,301.923,  0.000,  0.000
  0.020,301.932,  0.000,  0.000
  0.020,301.933,  0.000,  0.000
  0.020,301.910,  0.000,  0.000
  0.020,301.910,  0.000,  0.000
  0.020,301.909,  0.000,  0.000
  0.020,301.909,  0.000,  0.000
  0.020,301.909,  0.000,  0.000
  0.020,301.909,  0.000,  0.000
  0.020,301.909,  0.000,  0.000
  0.021,301.909,  0.000,  0.000
  0.021,301.909,  0.000,  0.000
  0.021,301.909,  0.000,  0.000
  0.021,301.910,  0.000,  0.000
  0.021,301.910,  0.000,  0.000
  0.021,301.911,  0.000,  0.000
  0.021,301.912,  0.000,  0.000
  0.021,301.914,  0.000,  0.000
  0.021,301.915,  0.000,  0.000
  0.021,301.917,  0.000,  0.000
  0.021,301.918,  0.000,  0.000
  0.021,301.920,  0.000,  0.000
  0.021,301.921,  0.000,  0.000
  0.021,301.922,  0.000,  0.000
  0.021,301.924,  0.000,  0.000
  0.020,301.926,  0.000,  0.000
  0.020,301.933,  0.000,  0.000
  0.020,301.934,  0.000,  0.000
  0.020,301.912,  0.000,  0.000
  0.020,301.912,  0.000,  0.000
  0.020,301.912,  0.000,  0.000
  0.020,301.912,  0.000,  0.000
  0.021,301.912,  0.000,  0.000
  0.021,301.912,  0.000,  0.000
  0.021,301.912,  0.000,  0.000
  0.021,301.912,  0.000,  0.000
  0.021,301.913,  0.000,  0.000
  0.021,301.914,  0.000,  0.000
  0.021,301.915,  0.000,  0.000
  0.021,301.916,  0.000,  0.000
  0.021,301.917,  0.000,  0.000
  0.021,301.918,  0.000,  0.000
  0.021,301.920,  0.000,  0.000
  0.021,301.921,  0.000,  0.000
  0.021,301.921,  0.000,  0.000
  0.021,301.922,  0.000,  0.000
  0.021,301.924,  0.000,  0.000
  0.021,301.926,  0.000,  0.000
  0.021,301.928,  0.000,  0.000
  0.021,301.929,  0.000,  0.000
  0.021,301.931,  0.000,  0.000
  0.021,301.935,  0.000,  0.000
  0.020,301.935,  0.000,  0.000
  0.021,301.913,  0.000,  0.000
  0.021,301.914,  0.000,  0.000
  0.021,301.914,  0.000,  0.000
  0.021,301.914,  0.000,  0.000
  0.021,301.915,  0.000,  0.000
  0.021,301.915,  0.000,  0.000
  0.021,301.916,  0.000,  0.000
  0.021,301.917,  0.000,  0.000
  0.021,301.918,  0.000,  0.000
  0.021,301.920,  0.000,  0.000
  0.021,301.921,  0.000,  0.000
  0.021,301.923,  0.000,  0.000
  0.021,301.924,  0.000,  0.000
  0.021,301.926,  0.000,  0.000
  0.021,301.928,  0.000,  0.000
  0.021,301.929,  0.000,  0.000
  0.021,301.930,  0.000,  0.000
  0.021,301.931,  0.000,  0.000
  0.021,301.932,  0.000,  0.000
  0.021,301.933,  0.000,  0.000
  0.021,301.934,  0.000,  0.000
  0.021,301.935,  0.000,  0.000
  0.021,301.936,  0.000,  0.000
  0.021,301.936,  0.000,  0.000
  0.020,301.936,  0.000,  0.000
  0.021,301.914,  0.000,  0.000
  0.021,301.915,  0.000,  0.000
  0.021,301.915,  0.000,  0.000
  0.021,301.915,  0.000,  0.000
  0.021,301.916,  0.000,  0.000
  0.021,301.917,  0.000,  0.000
  0.021,301.918,  0.000,  0.000
  0.021,301.919,  0.000,  0.000
  0.021,301.921,  0.000,  0.000
  0.021,301.923,  0.000,  0.000
  0.021,301.924,  0.000,  0.000
  0.021,301.925,  0.000,  0.000
  0.021,301.926,  0.000,  0.000
  0.021,301.929,  0.000,  0.000
  0.021,301.931,  0.000,  0.000
  0.021,301.932,  0.000,  0.000
  0.021,301.933,  0.000,  0.000
  0.021,301.935,  0.000,  0.000
  0.021,301.936,  0.000,  0.000
  0.021,301.937,  0.000,  0.000
  0.021,301.936,  0.000,  0.000
  0.021,301.937,  0.000,  0.000
  0.021,301.938,  0.000,  0.000
  0.021,301.938,  0.000,  0.000
  0.020,301.937,  0.000,  0.000
  0.021,301.914,  0.000,  0.000
  0.021,301.915,  0.000,  0.000
  0.021,301.916,  0.000,  0.000
  0.021,301.917,  0.000,  0.000
  0.021,301.918,  0.000,  0.000
  0.021,301.919,  0.000,  0.000
  0.021,301.921,  0.000,  0.000
  0.021,301.922,  0.000,  0.000
  0.021,301.923,  0.000,  0.000
  0.021,301.924,  0.000,  0.000
  0.021,301.932,  0.000,  0.000
  0.020,301.944,  0.000,  0.000
  0.020,301.953,  0.000,  0.000
  0.020,301.957,  0.000,  0.000
  0.020,301.960,  0.000,  0.000
  0.020,301.960,  0.000,  0.000
  0.020,301.957,  0.000,  0.000
  0.020,301.948,  0.000,  0.000
  0.021,301.938,  0.000,  0.000
  0.021,301.936,  0.000,  0.000
  0.021,301.939,  0.000,  0.000
  0.021,301.936,  0.000,  0.000
  0.021,301.937,  0.000,  0.000
  0.021,301.936,  0.000,  0.000
  0.020,301.936,  0.000,  0.000
  0.021,301.917,  0.000,  0.000
  0.021,301.918,  0.000,  0.000
  0.021,301.919,  0.000,  0.000
  0.021,301.920,  0.000,  0.000
  0.021,301.921,  0.000,  0.000
  0.021,301.921,  0.000,  0.000
  0.021,301.922,  0.000,  0.000
  0.021,301.926,  0.000,  0.000
  0.021,301.936,  0.000,  0.000
  0.020,301.945,  0.000,  0.000
  0.020,301.952,  0.000,  0.000
  0.020,301.957,  0.000,  0.000
  0.020,301.961,  0.000,  0.000
  0.020,301.965,  0.000,  0.000
  0.020,301.967,  0.000,  0.000
  0.020,301.969,  0.000,  0.000
  0.020,301.968,  0.000,  0.000
  0.020,301.964,  0.000,  0.000
  0.020,301.958,  0.000,  0.000
  0.020,301.949,  0.000,  0.000
  0.021,301.939,  0.000,  0.000
  0.021,301.935,  0.000,  0.000
  0.021,301.937,  0.000,  0.000
  0.021,301.934,  0.000,  0.000
  0.020,301.935,  0.000,  0.000
  0.021,301.922,  0.000,  0.000
  0.021,301.924,  0.000,  0.000
  0.021,301.926,  0.000,  0.000
  0.021,301.928,  0.000,  0.000
  0.021,301.932,  0.000,  0.000
  0.021,301.937,  0.000,  0.000
  0.021,301.941,  0.000,  0.000
  0.020,301.943,  0.000,  0.000
  0.020,301.947,  0.000,  0.000
  0.020,301.954,  0.000,  0.000
  0.020,301.958,  0.000,  0.000
  0.020,301.961,  0.000,  0.000
  0.020,301.963,  0.000,  0.000
  0.020,301.966,  0.000,  0.000
  0.020,301.969,  0.000,  0.000
  0.020,301.971,  0.000,  0.000
  0.020,301.973,  0.000,  0.000
  0.020,301.974,  0.000,  0.000
  0.020,301.973,  0.000,  0.000
  0.020,301.970,  0.000,  0.000
  0.020,301.961,  0.000,  0.000
  0.020,301.946,  0.000,  0.000
  0.021,301.932,  0.000,  0.000
  0.020,301.931,  0.000,  0.000
  0.020,301.934,  0.000,  0.000
