  0.020,301.383,  0.000,  0.000
  0.020,301.412,  0.000,  0.000
  0.020,301.413,  0.000,  0.000
  0.020,301.380,  0.000,  0.000
  0.020,301.385,  0.000,  0.000
  0.020,301.403,  0.000,  0.000
  0.020,301.418,  0.000,  0.000
  0.020,301.405,  0.000,  0.000
  0.020,301.418,  0.000,  0.000
  0.020,301.413,  0.000,  0.000
  0.020,301.416,  0.000,  0.000
  0.020,301.421,  0.000,  0.000
  0.020,301.425,  0.000,  0.000
  0.019,301.438,  0.000,  0.010
  0.019,301.442,  0.000,  0.010
  0.019,301.451,  0.000,  0.010
  0.019,301.455,  0.000,  0.000
  0.019,301.446,  0.000,  0.000
  0.020,301.429,  0.000,  0.000
  0.020,301.435,  0.000,  0.000
  0.019,301.442,  0.000,  0.000
  0.019,301.471,  0.000,  0.000
  0.019,301.472,  0.000,  0.000
  0.019,301.496,  0.000,  0.000
  0.019,301.502,  0.000,  0.000
  0.020,301.399,  0.000,  0.000
  0.020,301.429,  0.000,  0.000
  0.020,301.427,  0.000,  0.000
  0.020,301.397,  0.000,  0.000
  0.020,301.404,  0.000,  0.000
  0.020,301.423,  0.000,  0.000
  0.020,301.434,  0.000,  0.000
  0.020,301.418,  0.000,  0.000
  0.019,301.431,  0.000,  0.000
  0.020,301.426,  0.000,  0.020
  0.020,301.432,  0.000,  0.020
  0.020,301.429,  0.000,  0.020
  0.020,301.436,  0.000,  0.020
  0.019,301.450,  0.000,  0.020
  0.019,301.451,  0.000,  0.020
  0.019,301.477,  0.000,  0.020
  0.019,301.481,  0.000,  0.020
  0.019,301.473,  0.000,  0.020
  0.019,301.456,  0.000,  0.020
  0.019,301.457,  0.000,  0.020
  0.019,301.448,  0.000,  0.000
  0.019,301.451,  0.000,  0.000
  0.019,301.466,  0.000,  0.000
  0.019,301.488,  0.000,  0.000
  0.019,301.495,  0.000,  0.000
  0.020,301.414,  0.000,  0.000
  0.020,301.437,  0.000,  0.000
  0.020,301.441,  0.000,  0.000
  0.020,301.413,  0.000,  0.000
  0.020,301.422,  0.000,  0.000
  0.020,301.437,  0.000,  0.000
  0.020,301.454,  0.000,  0.000
  0.020,301.431,  0.000,  0.000
  0.019,301.444,  0.000,  0.000
  0.020,301.440,  0.000,  0.020
  0.020,301.442,  0.000,  0.020
  0.020,301.441,  0.000,  0.020
  0.020,301.443,  0.000,  0.020
  0.020,301.454,  0.000,  0.020
  0.019,301.463,  0.000,  0.020
  0.019,301.486,  0.000,  0.020
  0.019,301.493,  0.000,  0.020
  0.019,301.480,  0.000,  0.020
  0.019,301.486,  0.000,  0.020
  0.019,301.484,  0.000,  0.020
  0.019,301.481,  0.000,  0.000
  0.019,301.471,  0.000,  0.000
  0.019,301.478,  0.000,  0.000
  0.019,301.493,  0.000,  0.000
  0.019,301.493,  0.000,  0.000
  0.020,301.429,  0.000,  0.000
  0.020,301.442,  0.000,  0.000
  0.020,301.454,  0.000,  0.000
  0.019,301.427,  0.000,  0.000
  0.020,301.438,  0.000,  0.000
  0.020,301.445,  0.000,  0.000
  0.020,301.457,  0.000,  0.000
  0.020,301.443,  0.000,  0.000
  0.019,301.455,  0.000,  0.000
  0.020,301.454,  0.000,  0.020
  0.020,301.450,  0.000,  0.020
  0.020,301.451,  0.000,  0.020
  0.020,301.452,  0.000,  0.020
  0.020,301.454,  0.000,  0.020
  0.020,301.462,  0.000,  0.020
  0.019,301.469,  0.000,  0.020
  0.019,301.487,  0.000,  0.020
  0.019,301.482,  0.000,  0.020
  0.019,301.498,  0.000,  0.020
  0.019,301.501,  0.000,  0.020
  0.019,301.505,  0.000,  0.000
  0.019,301.496,  0.000,  0.000
  0.019,301.487,  0.000,  0.000
  0.019,301.498,  0.000,  0.000
  0.019,301.500,  0.000,  0.000
  0.020,301.438,  0.000,  0.000
  0.020,301.456,  0.000,  0.000
  0.020,301.466,  0.000,  0.000
  0.019,301.443,  0.000,  0.000
  0.019,301.452,  0.000,  0.000
  0.020,301.447,  0.000,  0.000
  0.020,301.448,  0.000,  0.000
  0.020,301.452,  0.000,  0.000
  0.019,301.464,  0.000,  0.000
  0.019,301.466,  0.000,  0.020
  0.019,301.458,  0.000,  0.020
  0.020,301.458,  0.000,  0.020
  0.019,301.462,  0.000,  0.020
  0.019,301.459,  0.000,  0.020
  0.020,301.462,  0.000,  0.020
  0.019,301.456,  0.000,  0.020
  0.019,301.477,  0.000,  0.020
  0.019,301.473,  0.000,  0.020
  0.019,301.485,  0.000,  0.020
  0.019,301.477,  0.000,  0.020
  0.019,301.487,  0.000,  0.000
  0.019,301.497,  0.000,  0.000
  0.019,301.487,  0.000,  0.000
  0.019,301.499,  0.000,  0.000
  0.019,301.507,  0.000,  0.000
  0.020,301.439,  0.000,  0.020
  0.020,301.449,  0.000,  0.020
  0.020,301.470,  0.000,  0.010
  0.019,301.458,  0.000,  0.010
  0.019,301.468,  0.000,  0.010
  0.020,301.449,  0.000,  0.010
  0.020,301.443,  0.000,  0.010
  0.020,301.454,  0.000,  0.010
  0.020,301.462,  0.000,  0.010
  0.019,301.467,  0.000,  0.010
  0.019,301.469,  0.000,  0.010
  0.019,301.463,  0.000,  0.010
  0.019,301.465,  0.000,  0.010
  0.019,301.469,  0.000,  0.000
  0.019,301.475,  0.000,  0.000
  0.019,301.470,  0.000,  0.000
  0.019,301.469,  0.000,  0.020
  0.019,301.459,  0.000,  0.020
  0.019,301.466,  0.000,  0.020
  0.019,301.461,  0.000,  0.020
  0.019,301.469,  0.000,  0.000
  0.019,301.484,  0.000,  0.000
  0.019,301.488,  0.000,  0.000
  0.019,301.504,  0.000,  0.000
  0.019,301.513,  0.000,  0.000
  0.020,301.437,  0.000,  0.020
  0.020,301.438,  0.000,  0.020
  0.020,301.454,  0.000,  0.010
  0.019,301.465,  0.000,  0.010
  0.019,301.483,  0.000,  0.010
  0.019,301.470,  0.000,  0.010
  0.020,301.446,  0.000,  0.010
  0.020,301.449,  0.000,  0.010
  0.019,301.449,  0.000,  0.010
  0.019,301.463,  0.000,  0.010
  0.019,301.474,  0.000,  0.010
  0.019,301.472,  0.000,  0.010
  0.019,301.472,  0.000,  0.010
  0.019,301.477,  0.000,  0.000
  0.019,301.481,  0.000,  0.000
  0.019,301.480,  0.000,  0.000
  0.019,301.475,  0.000,  0.020
  0.019,301.456,  0.000,  0.020
  0.019,301.463,  0.000,  0.020
  0.019,301.471,  0.000,  0.020
  0.019,301.479,  0.000,  0.000
  0.019,301.488,  0.000,  0.000
  0.019,301.494,  0.000,  0.000
  0.019,301.511,  0.000,  0.000
  0.019,301.517,  0.000,  0.000
  0.020,301.440,  0.000,  0.020
  0.020,301.436,  0.000,  0.020
  0.020,301.441,  0.000,  0.010
  0.019,301.469,  0.000,  0.010
  0.019,301.488,  0.000,  0.010
  0.019,301.496,  0.000,  0.010
  0.019,301.474,  0.000,  0.010
  0.020,301.452,  0.000,  0.010
  0.019,301.447,  0.000,  0.010
  0.019,301.455,  0.000,  0.010
  0.019,301.471,  0.000,  0.010
  0.019,301.477,  0.000,  0.010
  0.019,301.479,  0.000,  0.010
  0.019,301.468,  0.000,  0.000
  0.019,301.466,  0.000,  0.000
  0.019,301.474,  0.000,  0.000
  0.019,301.482,  0.001,  0.020
  0.019,301.472,  0.002,  0.020
  0.019,301.471,  0.002,  0.020
  0.019,301.485,  0.001,  0.020
  0.019,301.493,  0.000,  0.000
  0.019,301.497,  0.000,  0.000
  0.019,301.501,  0.000,  0.000
  0.019,301.512,  0.000,  0.000
  0.019,301.517,  0.000,  0.000
  0.019,301.454,  0.000,  0.020
  0.020,301.441,  0.000,  0.020
  0.020,301.438,  0.000,  0.010
  0.020,301.464,  0.000,  0.010
  0.019,301.481,  0.000,  0.010
  0.019,301.503,  0.000,  0.010
  0.019,301.500,  0.000,  0.010
  0.019,301.469,  0.000,  0.010
  0.019,301.457,  0.000,  0.010
  0.019,301.457,  0.000,  0.010
  0.019,301.463,  0.000,  0.010
  0.019,301.471,  0.000,  0.010
  0.019,301.477,  0.000,  0.010
  0.019,301.469,  0.000,  0.000
  0.019,301.463,  0.000,  0.000
  0.019,301.459,  0.000,  0.000
  0.019,301.479,  0.002,  0.020
  0.019,301.484,  0.010,  0.020
  0.019,301.483,  0.017,  0.020
  0.019,301.489,  0.009,  0.020
  0.019,301.494,  0.002,  0.000
  0.019,301.500,  0.000,  0.000
  0.019,301.506,  0.000,  0.000
  0.019,301.510,  0.000,  0.000
  0.019,301.511,  0.000,  0.000
  0.019,301.471,  0.000,  0.000
  0.019,301.458,  0.000,  0.000
  0.020,301.442,  0.000,  0.000
  0.020,301.450,  0.000,  0.000
  0.019,301.467,  0.000,  0.000
  0.019,301.488,  0.000,  0.000
  0.019,301.502,  0.000,  0.000
  0.019,301.491,  0.000,  0.000
  0.019,301.472,  0.000,  0.000
  0.019,301.463,  0.000,  0.180
  0.019,301.461,  0.000,  0.180
  0.019,301.464,  0.000,  0.180
  0.019,301.468,  0.000,  0.180
  0.019,301.469,  0.000,  0.230
  0.019,301.469,  0.000,  0.230
  0.019,301.464,  0.000,  0.230
  0.019,301.474,  0.001,  0.000
  0.019,301.484,  0.011,  0.000
  0.019,301.489,  0.037,  0.000
  0.019,301.491,  0.047,  0.000
  0.019,301.495,  0.026,  0.000
  0.019,301.504,  0.002,  0.000
  0.019,301.505,  0.000,  0.000
  0.019,301.508,  0.000,  0.020
  0.019,301.510,  0.000,  0.020
  0.019,301.474,  0.000,  0.000
  0.019,301.475,  0.000,  0.000
  0.019,301.458,  0.000,  0.000
  0.019,301.447,  0.000,  0.000
  0.020,301.451,  0.000,  0.000
  0.019,301.463,  0.000,  0.000
  0.019,301.484,  0.000,  0.000
  0.019,301.489,  0.000,  0.000
  0.019,301.476,  0.000,  0.000
  0.019,301.466,  0.000,  0.180
  0.019,301.464,  0.000,  0.180
  0.019,301.466,  0.000,  0.180
  0.019,301.464,  0.000,  0.180
  0.019,301.467,  0.000,  0.230
  0.019,301.475,  0.000,  0.230
  0.019,301.478,  0.000,  0.230
  0.019,301.480,  0.000,  0.000
  0.019,301.486,  0.000,  0.000
  0.019,301.493,  0.011,  0.000
  0.019,301.497,  0.046,  0.000
  0.019,301.501,  0.058,  0.000
  0.019,301.502,  0.007,  0.000
  0.019,301.506,  0.001,  0.000
  0.019,301.506,  0.000,  0.020
  0.019,301.507,  0.000,  0.020
  0.019,301.462,  0.000,  0.000
  0.019,301.475,  0.000,  0.000
  0.019,301.471,  0.000,  0.000
  0.019,301.454,  0.000,  0.000
  0.019,301.448,  0.000,  0.000
  0.019,301.452,  0.000,  0.000
  0.019,301.464,  0.000,  0.000
  0.019,301.469,  0.000,  0.000
  0.019,301.469,  0.000,  0.000
  0.019,301.464,  0.000,  0.180
  0.019,301.464,  0.000,  0.180
  0.019,301.461,  0.000,  0.180
  0.019,301.466,  0.000,  0.180
  0.019,301.466,  0.000,  0.230
  0.019,301.470,  0.000,  0.230
  0.019,301.478,  0.000,  0.230
  0.019,301.483,  0.000,  0.000
  0.019,301.487,  0.000,  0.000
  0.019,301.492,  0.000,  0.000
  0.019,301.497,  0.002,  0.000
  0.019,301.497,  0.004,  0.000
  0.019,301.501,  0.005,  0.000
  0.019,301.508,  0.000,  0.000
  0.019,301.503,  0.000,  0.020
  0.019,301.506,  0.000,  0.020
  0.019,301.447,  0.000,  0.000
  0.019,301.464,  0.000,  0.000
  0.019,301.469,  0.000,  0.000
  0.019,301.463,  0.000,  0.000
  0.019,301.454,  0.000,  0.000
  0.019,301.457,  0.000,  0.000
  0.019,301.460,  0.000,  0.000
  0.019,301.460,  0.000,  0.000
  0.019,301.460,  0.000,  0.000
  0.019,301.461,  0.000,  0.180
  0.019,301.461,  0.000,  0.180
  0.019,301.460,  0.000,  0.180
  0.019,301.461,  0.000,  0.180
  0.019,301.465,  0.000,  0.230
  0.019,301.469,  0.000,  0.230
  0.019,301.474,  0.000,  0.230
  0.019,301.482,  0.000,  0.000
  0.019,301.485,  0.000,  0.000
  0.019,301.491,  0.001,  0.000
  0.019,301.494,  0.001,  0.000
  0.019,301.496,  0.001,  0.000
  0.019,301.505,  0.000,  0.000
  0.019,301.499,  0.000,  0.000
  0.019,301.506,  0.000,  0.020
  0.019,301.504,  0.000,  0.020
  0.019,301.448,  0.000,  0.040
  0.019,301.453,  0.000,  0.040
  0.019,301.461,  0.000,  0.000
  0.019,301.461,  0.000,  0.000
  0.019,301.459,  0.000,  0.000
  0.019,301.462,  0.000,  0.000
  0.019,301.461,  0.000,  0.000
  0.019,301.457,  0.000,  0.000
  0.019,301.456,  0.000,  0.000
  0.019,301.456,  0.000,  0.000
  0.019,301.455,  0.000,  0.000
  0.019,301.455,  0.000,  0.000
  0.019,301.455,  0.000,  0.000
  0.019,301.458,  0.000,  0.000
  0.019,301.469,  0.000,  0.000
  0.019,301.473,  0.000,  0.000
  0.019,301.479,  0.000,  0.000
  0.019,301.485,  0.009,  0.000
  0.019,301.491,  0.066,  0.000
  0.019,301.493,  0.087,  0.000
  0.019,301.497,  0.009,  0.000
  0.019,301.496,  0.001,  0.000
  0.019,301.502,  0.000,  0.000
  0.019,301.504,  0.000,  0.000
  0.019,301.502,  0.000,  0.000
  0.019,301.459,  0.000,  0.040
  0.019,301.455,  0.000,  0.040
  0.019,301.456,  0.000,  0.000
  0.019,301.457,  0.000,  0.000
  0.019,301.459,  0.000,  0.000
  0.019,301.459,  0.000,  0.000
  0.019,301.458,  0.000,  0.000
  0.019,301.455,  0.000,  0.000
  0.019,301.454,  0.000,  0.000
  0.019,301.451,  0.000,  0.000
  0.019,301.449,  0.000,  0.000
  0.019,301.451,  0.000,  0.000
  0.019,301.456,  0.000,  0.000
  0.019,301.462,  0.000,  0.000
  0.019,301.467,  0.000,  0.000
  0.019,301.473,  0.001,  0.000
  0.019,301.481,  0.000,  0.000
  0.019,301.485,  0.023,  0.000
  0.019,301.487,  0.240,  0.000
  0.019,301.493,  0.480,  0.000
  0.019,301.492,  0.136,  0.000
  0.019,301.500,  0.025,  0.000
  0.019,301.509,  0.002,  0.000
  0.019,301.497,  0.000,  0.000
  0.019,301.504,  0.000,  0.000
