  0.021,303.150,  0.000,  0.000
  0.021,303.150,  0.000,  0.000
  0.021,303.153,  0.000,  0.420
  0.021,303.163,  0.000,  0.420
  0.021,303.182,  0.000,  0.420
  0.021,303.193,  0.000,  0.420
  0.021,303.182,  0.000,  0.590
  0.021,303.167,  0.000,  0.590
  0.021,303.154,  0.000,  0.590
  0.021,303.141,  0.000,  1.090
  0.021,303.143,  0.000,  1.090
  0.021,303.158,  0.000,  1.090
  0.021,303.176,  0.000,  1.090
  0.021,303.172,  0.000,  1.640
  0.021,303.161,  0.000,  1.640
  0.021,303.178,  0.000,  1.640
  0.021,303.191,  0.000,  0.000
  0.021,303.203,  0.000,  0.000
  0.021,303.230,  0.000,  0.000
  0.021,303.263,  0.000,  0.000
  0.021,303.276,  0.000,  0.000
  0.021,303.263,  0.000,  0.000
  0.021,303.269,  0.000,  0.000
  0.021,303.295, -0.000,  0.000
  0.021,303.299,  0.000,  0.000
  0.021,303.123,  0.000,  0.000
  0.021,303.141,  0.000,  0.000
  0.021,303.173,  0.000,  0.000
  0.021,303.180,  0.000,  0.000
  0.021,303.173,  0.000,  0.000
  0.021,303.167,  0.000,  0.000
  0.021,303.158,  0.000,  0.200
  0.021,303.143, -0.000,  0.200
  0.021,303.128,  0.000,  0.200
  0.021,303.128,  0.000,  0.430
  0.021,303.140,  0.000,  0.430
  0.021,303.160,  0.000,  0.430
  0.021,303.174,  0.000,  0.430
  0.021,303.190,  0.000,  0.000
  0.021,303.197,  0.000,  0.000
  0.022,303.199,  0.000,  0.000
  0.022,303.193,  0.000,  0.000
  0.021,303.200,  0.000,  0.000
  0.021,303.233,  0.000,  0.000
  0.021,303.261,  0.000,  0.000
  0.021,303.249,  0.000,  0.000
  0.021,303.232,  0.000,  0.000
  0.021,303.251,  0.000,  0.000
  0.021,303.288, -0.000,  0.000
  0.021,303.293,  0.000,  0.000
  0.021,303.126,  0.001,  0.000
  0.021,303.120,  0.000,  0.000
  0.021,303.152,  0.000,  0.000
  0.021,303.172,  0.001,  0.000
  0.021,303.155,  0.009,  0.000
  0.021,303.143,  0.000,  0.000
  0.021,303.137,  0.000,  0.200
  0.021,303.133, -0.000,  0.200
  0.021,303.131,  0.000,  0.200
  0.021,303.140,  0.000,  0.430
  0.021,303.157,  0.000,  0.430
  0.021,303.161,  0.000,  0.430
  0.021,303.166,  0.000,  0.430
  0.021,303.180,  0.000,  0.000
  0.021,303.193,  0.000,  0.000
  0.022,303.195,  0.000,  0.000
  0.021,303.208,  0.000,  0.000
  0.021,303.219,  0.000,  0.000
  0.021,303.233,  0.000,  0.000
  0.021,303.231,  0.000,  0.000
  0.022,303.223,  0.000,  0.000
  0.021,303.232,  0.000,  0.000
  0.021,303.258,  0.000,  0.000
  0.021,303.280,  0.000,  0.000
  0.021,303.290,  0.000,  0.000
  0.021,303.136,  0.000,  0.000
  0.021,303.136,  0.000,  0.000
  0.021,303.142,  0.000,  0.000
  0.021,303.141,  0.001,  0.000
  0.021,303.138,  0.002,  0.000
  0.021,303.140,  0.000,  0.000
  0.021,303.145,  0.000,  0.200
  0.021,303.141,  0.000,  0.200
  0.021,303.141,  0.000,  0.200
  0.021,303.140,  0.000,  0.430
  0.021,303.150,  0.000,  0.430
  0.021,303.164,  0.000,  0.430
  0.021,303.172,  0.000,  0.430
  0.021,303.165,  0.000,  0.000
  0.022,303.147,  0.000,  0.000
  0.021,303.151,  0.000,  0.000
  0.021,303.190,  0.000,  0.000
  0.021,303.222,  0.000,  0.000
  0.021,303.222,  0.000,  0.000
  0.022,303.212,  0.000,  0.000
  0.021,303.222,  0.000,  0.000
  0.021,303.245,  0.000,  0.000
  0.021,303.256,  0.000,  0.000
  0.021,303.273,  0.000,  0.000
  0.021,303.285,  0.000,  0.000
  0.021,303.133,  0.000,  0.000
  0.021,303.170,  0.000,  0.000
  0.021,303.167,  0.000,  0.000
  0.021,303.140,  0.001,  0.000
  0.021,303.140,  0.000,  0.000
  0.021,303.155,  0.000,  0.000
  0.021,303.161,  0.000,  0.200
  0.021,303.148,  0.000,  0.200
  0.021,303.114,  0.000,  0.200
  0.021,303.097,  0.000,  0.430
  0.021,303.107,  0.000,  0.430
  0.021,303.137,  0.000,  0.430
  0.021,303.155,  0.000,  0.430
  0.021,303.140,  0.000,  0.000
  0.021,303.122,  0.000,  0.000
  0.021,303.127,  0.000,  0.000
  0.021,303.159,  0.000,  0.000
  0.021,303.185,  0.000,  0.000
  0.021,303.202,  0.000,  0.000
  0.021,303.223,  0.000,  0.000
  0.021,303.242,  0.000,  0.000
  0.021,303.240,  0.000,  0.000
  0.021,303.233,  0.000,  0.000
  0.021,303.254,  0.000,  0.000
  0.021,303.272,  0.000,  0.000
  0.021,303.080,  0.000,  0.000
  0.021,303.130,  0.000,  0.000
  0.021,303.162,  0.000,  0.000
  0.021,303.149,  0.000,  0.000
  0.021,303.134,  0.000,  0.000
  0.021,303.137,  0.000,  0.000
  0.021,303.131,  0.000,  0.000
  0.021,303.112,  0.000,  0.000
  0.021,303.093,  0.000,  0.000
  0.021,303.089,  0.000,  0.000
  0.021,303.108,  0.000,  0.000
  0.021,303.122,  0.000,  0.000
  0.021,303.119,  0.000,  0.000
  0.022,303.113,  0.000,  0.000
  0.022,303.117,  0.000,  0.000
  0.022,303.123,  0.000,  0.000
  0.022,303.129,  0.000,  0.000
  0.021,303.144,  0.000,  0.000
  0.021,303.187,  0.000,  0.000
  0.021,303.231,  0.000,  0.000
  0.021,303.237,  0.000,  0.000
  0.021,303.218,  0.000,  0.000
  0.021,303.213,  0.000,  0.000
  0.021,303.238,  0.000,  0.000
  0.022,303.257,  0.000,  0.000
  0.021,303.063,  0.000,  0.000
  0.021,303.073,  0.000,  0.000
  0.021,303.097,  0.000,  0.000
  0.021,303.111,  0.000,  0.000
  0.021,303.105,  0.000,  0.000
  0.021,303.092,  0.000,  0.000
  0.021,303.079,  0.000,  0.000
  0.021,303.090,  0.000,  0.000
  0.021,303.110,  0.000,  0.000
  0.021,303.128,  0.000,  0.000
  0.021,303.130,  0.000,  0.000
  0.021,303.111,  0.000,  0.000
  0.021,303.091,  0.000,  0.000
  0.022,303.100,  0.000,  0.000
  0.022,303.117,  0.000,  0.000
  0.022,303.121,  0.000,  0.000
  0.021,303.120,  0.000,  0.000
  0.021,303.143,  0.000,  0.000
  0.021,303.189,  0.000,  0.000
  0.021,303.214, -0.000,  0.000
  0.021,303.208,  0.000,  0.000
  0.021,303.204,  0.000,  0.000
  0.021,303.215,  0.000,  0.000
  0.021,303.239,  0.000,  0.000
  0.022,303.247,  0.000,  0.000
  0.021,303.077,  0.000,  0.000
  0.021,303.054,  0.000,  0.000
  0.021,303.057,  0.000,  0.000
  0.021,303.067,  0.000,  0.000
  0.021,303.084,  0.000,  0.000
  0.021,303.095,  0.000,  0.000
  0.021,303.097,  0.000,  0.000
  0.021,303.104,  0.000,  0.000
  0.021,303.118,  0.000,  0.000
  0.021,303.127,  0.000,  0.000
  0.021,303.116,  0.000,  0.000
  0.021,303.091,  0.000,  0.000
  0.021,303.081,  0.000,  0.000
  0.022,303.095,  0.000,  0.000
  0.022,303.113,  0.000,  0.000
  0.021,303.126,  0.000,  0.000
  0.021,303.147,  0.000,  0.000
  0.021,303.179,  0.000,  0.000
  0.021,303.197,  0.000,  0.000
  0.021,303.190,  0.000,  0.000
  0.021,303.182,  0.000,  0.000
  0.021,303.197,  0.000,  0.000
  0.021,303.226,  0.000,  0.000
  0.021,303.247,  0.000,  0.000
  0.022,303.242,  0.000,  0.000
  0.021,303.082,  0.000,  0.000
  0.021,303.068,  0.000,  0.000
  0.021,303.062,  0.000,  0.000
  0.021,303.073,  0.000,  0.000
  0.021,303.098,  0.000,  0.000
  0.021,303.117,  0.000,  0.000
  0.021,303.118,  0.000,  0.000
  0.021,303.103,  0.000,  0.000
  0.021,303.081,  0.000,  0.000
  0.021,303.066,  0.000,  0.000
  0.021,303.071,  0.000,  0.000
  0.021,303.086,  0.000,  0.000
  0.022,303.096,  0.000,  0.000
  0.022,303.099,  0.000,  0.000
  0.021,303.099,  0.000,  0.000
  0.021,303.123,  0.000,  0.000
  0.021,303.167,  0.000,  0.000
  0.021,303.198,  0.000,  0.000
  0.021,303.197,  0.000,  0.000
  0.021,303.176,  0.000,  0.000
  0.021,303.169,  0.000,  0.000
  0.021,303.194,  0.000,  0.000
  0.021,303.231,  0.000,  0.000
  0.021,303.250,  0.000,  0.000
  0.021,303.240,  0.000,  0.000
  0.021,303.061,  0.000,  0.000
  0.021,303.080,  0.000,  0.000
  0.021,303.085,  0.000,  0.000
  0.021,303.084,  0.000,  0.000
  0.021,303.085,  0.000,  0.000
  0.021,303.091,  0.000,  0.000
  0.021,303.085,  0.000,  0.000
  0.021,303.069,  0.000,  0.000
  0.021,303.053,  0.000,  0.000
  0.021,303.048,  0.000,  0.000
  0.021,303.067,  0.000,  0.000
  0.022,303.087,  0.000,  0.000
  0.022,303.099,  0.000,  0.000
  0.021,303.104,  0.000,  0.000
  0.021,303.113,  0.000,  0.000
  0.021,303.137,  0.000,  0.000
  0.021,303.171,  0.001,  0.000
  0.021,303.188,  0.035,  0.000
  0.021,303.179,  0.000,  0.000
  0.021,303.163,  0.000,  0.000
  0.021,303.163,  0.000,  0.000
  0.021,303.186,  0.000,  0.000
  0.021,303.217,  0.000,  0.000
  0.021,303.237,  0.000,  0.000
  0.021,303.242,  0.000,  0.000
  0.021,303.049,  0.000,  0.000
  0.021,303.071,  0.000,  0.000
  0.021,303.081,  0.000,  0.000
  0.021,303.073,  0.000,  0.000
  0.021,303.062,  0.000,  0.000
  0.021,303.049,  0.000,  0.000
  0.021,303.039,  0.000,  0.000
  0.021,303.044,  0.000,  0.000
  0.021,303.060,  0.000,  0.000
  0.021,303.075,  0.000,  0.000
  0.021,303.082,  0.000,  0.000
  0.021,303.086,  0.000,  0.000
  0.021,303.097,  0.000,  0.000
  0.021,303.118,  0.000,  0.000
  0.021,303.135,  0.000,  0.000
  0.021,303.148,  0.000,  0.000
  0.021,303.160,  0.000,  0.000
  0.021,303.161,  0.003,  0.000
  0.021,303.153,  0.000,  0.000
  0.021,303.154,  0.000,  0.000
  0.021,303.162,  0.000,  0.000
  0.021,303.171,  0.000,  0.000
  0.021,303.191,  0.000,  0.000
  0.021,303.219,  0.000,  0.000
  0.021,303.241,  0.000,  0.000
  0.021,303.023,  0.000,  0.000
  0.021,303.027,  0.000,  0.000
  0.021,303.032,  0.000,  0.000
  0.021,303.044,  0.000,  0.000
  0.021,303.054,  0.000,  0.000
  0.021,303.054,  0.000,  0.000
  0.021,303.046,  0.000,  0.000
  0.021,303.045,  0.000,  0.000
  0.021,303.061,  0.000,  0.000
  0.021,303.070,  0.000,  0.000
  0.021,303.069,  0.000,  0.000
  0.021,303.077,  0.000,  0.000
  0.021,303.097,  0.000,  0.000
  0.021,303.109,  0.000,  0.000
  0.021,303.116,  0.000,  0.000
  0.021,303.134,  0.000,  0.000
  0.021,303.136,  0.000,  0.000
  0.022,303.123,  0.000,  0.000
  0.021,303.126,  0.000,  0.000
  0.021,303.149,  0.000,  0.000
  0.021,303.163,  0.000,  0.000
  0.021,303.166,  0.000,  0.000
  0.021,303.179,  0.000,  0.000
  0.021,303.208,  0.000,  0.000
  0.021,303.228,  0.000,  0.000
  0.021,303.013,  0.000,  0.000
  0.021,303.007,  0.000,  0.000
  0.021,303.009,  0.000,  0.000
  0.021,303.025,  0.000,  0.000
  0.021,303.051,  0.000,  0.000
  0.021,303.067,  0.000,  0.000
  0.021,303.067,  0.000,  0.000
  0.021,303.058,  0.000,  0.000
  0.021,303.053,  0.000,  0.000
  0.021,303.058,  0.000,  0.000
  0.021,303.070,  0.000,  0.000
  0.021,303.080,  0.000,  0.000
  0.021,303.084,  0.000,  0.000
  0.021,303.091,  0.000,  0.000
  0.021,303.107,  0.000,  0.000
  0.021,303.117,  0.000,  0.000
  0.022,303.104,  0.000,  0.000
  0.021,303.096,  0.000,  0.000
  0.021,303.120,  0.000,  0.000
  0.021,303.157,  0.000,  0.000
  0.021,303.181,  0.000,  0.000
  0.021,303.184,  0.000,  0.000
  0.021,303.189,  0.000,  0.000
  0.021,303.200,  0.000,  0.000
  0.021,303.207,  0.000,  0.000
  0.021,303.004,  0.000,  0.000
  0.021,303.009,  0.000,  0.000
  0.021,303.011,  0.000,  0.000
  0.021,303.005,  0.000,  0.000
  0.021,303.005,  0.000,  0.000
  0.021,303.016,  0.000,  0.000
  0.021,303.039,  0.000,  0.000
  0.021,303.050,  0.000,  0.000
  0.021,303.050,  0.000,  0.000
  0.021,303.059,  0.000,  0.000
  0.021,303.064,  0.000,  0.000
  0.021,303.058,  0.000,  0.000
  0.021,303.059,  0.000,  0.000
  0.021,303.076,  0.000,  0.000
  0.021,303.094,  0.000,  0.000
  0.021,303.094,  0.000,  0.000
  0.021,303.088,  0.000,  0.000
  0.021,303.100,  0.000,  0.000
  0.021,303.138,  0.000,  0.000
  0.021,303.177,  0.000,  0.000
  0.021,303.196,  0.000,  0.000
  0.021,303.196,  0.000,  0.000
  0.021,303.191,  0.000,  0.000
  0.021,303.185,  0.000,  0.000
  0.021,303.181,  0.000,  0.000
  0.021,302.994,  0.000,  0.000
  0.021,303.001,  0.000,  0.000
  0.021,302.999,  0.000,  0.000
  0.021,302.995,  0.000,  0.000
  0.021,302.997,  0.000,  0.000
  0.021,303.016,  0.000,  0.000
  0.021,303.038,  0.000,  0.000
  0.021,303.055,  0.000,  0.000
  0.021,303.062,  0.000,  0.000
  0.021,303.059,  0.000,  0.000
  0.021,303.048,  0.000,  0.000
  0.021,303.041,  0.000,  0.000
  0.021,303.047,  0.000,  0.000
  0.021,303.069,  0.000,  0.000
  0.021,303.087,  0.000,  0.000
  0.021,303.093,  0.000,  0.000
  0.021,303.100,  0.000,  0.000
  0.021,303.128,  0.000,  0.000
  0.021,303.164,  0.000,  0.000
  0.021,303.186,  0.000,  0.000
  0.021,303.184,  0.000,  0.000
  0.021,303.174,  0.000,  0.000
  0.021,303.166,  0.000,  0.000
  0.021,303.160,  0.000,  0.000
  0.021,303.158,  0.000,  0.000
