  0.018,299.829,  0.000,  0.000
  0.017,299.850,  0.000,  0.000
  0.017,299.856,  0.000,  0.000
  0.018,299.860,  0.000,  0.000
  0.018,299.877,  0.000,  0.000
  0.018,299.851,  0.000,  0.000
  0.018,299.821,  0.000,  0.000
  0.018,299.833,  0.000,  0.000
  0.018,299.860,  0.000,  0.000
  0.018,299.891,  0.000,  0.000
  0.018,299.880,  0.000,  0.000
  0.017,299.801,  0.000,  0.000
  0.017,299.701,  0.000,  0.000
  0.018,299.727,  0.000,  0.000
  0.018,299.870,  0.000,  0.000
  0.018,299.880,  0.000,  0.000
  0.018,299.806,  0.000,  0.000
  0.018,299.668,  0.000,  0.000
  0.018,299.341,  0.000,  0.000
  0.018,299.052,  0.000,  0.000
  0.018,299.042,  0.000,  0.000
  0.018,299.203,  0.000,  0.000
  0.018,299.267,  0.000,  0.000
  0.018,299.370,  0.000,  0.000
  0.018,299.436,  0.000,  0.000
  0.018,299.838,  0.000,  0.000
  0.018,299.863,  0.000,  0.000
  0.018,299.887,  0.000,  0.000
  0.018,299.895,  0.000,  0.000
  0.018,299.915,  0.000,  0.000
  0.018,299.878,  0.000,  0.000
  0.018,299.837,  0.000,  0.000
  0.018,299.846,  0.000,  0.000
  0.018,299.883,  0.000,  0.000
  0.018,299.932,  0.000,  0.000
  0.018,299.904,  0.000,  0.000
  0.018,299.801,  0.000,  0.000
  0.018,299.689,  0.000,  0.000
  0.018,299.719,  0.000,  0.000
  0.018,299.856,  0.000,  0.000
  0.018,299.823,  0.000,  0.000
  0.018,299.732,  0.000,  0.000
  0.018,299.659,  0.000,  0.000
  0.018,299.523,  0.000,  0.000
  0.018,299.332,  0.000,  0.000
  0.018,299.203,  0.000,  0.000
  0.018,299.241,  0.000,  0.000
  0.018,299.284,  0.000,  0.000
  0.018,299.396,  0.000,  0.000
  0.018,299.567,  0.000,  0.000
  0.018,299.855,  0.000,  0.000
  0.018,299.870,  0.000,  0.000
  0.018,299.883,  0.000,  0.000
  0.018,299.900,  0.000,  0.000
  0.018,299.929,  0.000,  0.000
  0.018,299.893,  0.000,  0.000
  0.018,299.853,  0.000,  0.000
  0.018,299.859,  0.000,  0.000
  0.018,299.897,  0.000,  0.000
  0.018,299.927,  0.000,  0.000
  0.018,299.898,  0.000,  0.000
  0.018,299.816,  0.000,  0.000
  0.018,299.755,  0.000,  0.000
  0.018,299.792,  0.000,  0.000
  0.018,299.841,  0.000,  0.000
  0.018,299.791,  0.000,  0.000
  0.018,299.713,  0.000,  0.000
  0.018,299.656,  0.000,  0.000
  0.018,299.595,  0.000,  0.000
  0.018,299.525,  0.000,  0.000
  0.018,299.414,  0.000,  0.000
  0.018,299.359,  0.000,  0.000
  0.018,299.413,  0.000,  0.000
  0.018,299.568,  0.000,  0.000
  0.018,299.739,  0.000,  0.000
  0.018,299.874,  0.000,  0.000
  0.018,299.866,  0.000,  0.000
  0.018,299.869,  0.000,  0.000
  0.018,299.893,  0.000,  0.000
  0.018,299.919,  0.000,  0.000
  0.018,299.880,  0.000,  0.000
  0.018,299.850,  0.000,  0.000
  0.018,299.858,  0.000,  0.000
  0.018,299.876,  0.000,  0.000
  0.018,299.889,  0.000,  0.000
  0.018,299.890,  0.000,  0.000
  0.018,299.857,  0.000,  0.000
  0.018,299.838,  0.000,  0.000
  0.018,299.844,  0.000,  0.000
  0.018,299.822,  0.000,  0.000
  0.018,299.786,  0.000,  0.000
  0.018,299.726,  0.000,  0.000
  0.018,299.645,  0.000,  0.000
  0.018,299.586,  0.000,  0.000
  0.018,299.580,  0.000,  0.000
  0.018,299.573,  0.000,  0.000
  0.018,299.557,  0.000,  0.000
  0.018,299.623,  0.000,  0.000
  0.018,299.753,  0.000,  0.000
  0.018,299.838,  0.000,  0.000
  0.018,299.893,  0.000,  0.000
  0.018,299.869,  0.000,  0.000
  0.018,299.882,  0.000,  0.000
  0.018,299.915,  0.000,  0.000
  0.018,299.916,  0.000,  0.000
  0.018,299.866,  0.000,  0.000
  0.018,299.843,  0.000,  0.000
  0.018,299.844,  0.000,  0.000
  0.018,299.830,  0.000,  0.000
  0.018,299.865,  0.000,  0.000
  0.018,299.902,  0.000,  0.000
  0.018,299.889,  0.000,  0.000
  0.018,299.873,  0.000,  0.000
  0.018,299.838,  0.000,  0.000
  0.018,299.788,  0.000,  0.000
  0.018,299.773,  0.000,  0.000
  0.018,299.729,  0.000,  0.000
  0.018,299.645,  0.000,  0.000
  0.018,299.595,  0.000,  0.000
  0.018,299.610,  0.000,  0.000
  0.018,299.682,  0.000,  0.000
  0.018,299.760,  0.000,  0.000
  0.018,299.807,  0.000,  0.000
  0.018,299.850,  0.000,  0.000
  0.018,299.859,  0.000,  0.000
  0.018,299.922,  0.000,  0.000
  0.018,299.899,  0.000,  0.000
  0.018,299.926,  0.000,  0.000
  0.018,299.964,  0.000,  0.000
  0.018,299.930,  0.000,  0.000
  0.018,299.876,  0.000,  0.000
  0.018,299.866,  0.000,  0.000
  0.018,299.838,  0.000,  0.000
  0.018,299.810,  0.000,  0.000
  0.018,299.876,  0.000,  0.000
  0.018,299.936,  0.000,  0.000
  0.018,299.914,  0.000,  0.000
  0.018,299.874,  0.000,  0.000
  0.018,299.825,  0.000,  0.000
  0.018,299.767,  0.000,  0.000
  0.018,299.748,  0.000,  0.000
  0.018,299.718,  0.000,  0.000
  0.018,299.672,  0.000,  0.000
  0.018,299.665,  0.000,  0.000
  0.018,299.711,  0.000,  0.000
  0.018,299.796,  0.000,  0.000
  0.018,299.866,  0.000,  0.000
  0.018,299.879,  0.000,  0.000
  0.018,299.877,  0.000,  0.000
  0.018,299.863,  0.000,  0.000
  0.018,299.953,  0.000,  0.000
  0.018,299.945,  0.000,  0.000
  0.018,299.975,  0.000,  0.000
  0.018,300.004,  0.000,  0.000
  0.018,299.951,  0.000,  0.000
  0.018,299.903,  0.000,  0.000
  0.018,299.907,  0.000,  0.000
  0.018,299.863,  0.000,  0.000
  0.018,299.841,  0.000,  0.000
  0.018,299.914,  0.000,  0.000
  0.018,299.968,  0.000,  0.000
  0.018,299.940,  0.000,  0.000
  0.018,299.880,  0.000,  0.000
  0.018,299.830,  0.000,  0.000
  0.018,299.783,  0.000,  0.000
  0.018,299.766,  0.000,  0.000
  0.018,299.751,  0.000,  0.000
  0.018,299.753,  0.000,  0.000
  0.018,299.790,  0.000,  0.000
  0.018,299.846,  0.000,  0.000
  0.018,299.889,  0.000,  0.000
  0.018,299.891,  0.000,  0.000
  0.018,299.890,  0.000,  0.000
  0.018,299.889,  0.000,  0.000
  0.018,299.880,  0.000,  0.000
  0.018,299.964,  0.000,  0.000
  0.018,299.970,  0.000,  0.000
  0.018,300.002,  0.000,  0.000
  0.018,300.020,  0.000,  0.000
  0.018,299.968,  0.000,  0.000
  0.018,299.932,  0.000,  0.000
  0.018,299.950,  0.000,  0.000
  0.018,299.919,  0.000,  0.000
  0.018,299.903,  0.000,  0.000
  0.018,299.949,  0.000,  0.000
  0.018,299.979,  0.000,  0.000
  0.018,299.959,  0.000,  0.000
  0.018,299.904,  0.000,  0.000
  0.018,299.866,  0.000,  0.000
  0.018,299.846,  0.000,  0.000
  0.018,299.843,  0.000,  0.000
  0.018,299.848,  0.000,  0.000
  0.018,299.874,  0.000,  0.000
  0.018,299.908,  0.000,  0.000
  0.018,299.928,  0.000,  0.000
  0.018,299.930,  0.000,  0.000
  0.018,299.916,  0.000,  0.000
  0.018,299.915,  0.000,  0.000
  0.018,299.906,  0.000,  0.000
  0.018,299.903,  0.000,  0.000
  0.018,299.946,  0.000,  0.000
  0.018,299.962,  0.000,  0.000
  0.018,300.006,  0.000,  0.000
  0.018,300.026,  0.000,  0.000
  0.018,299.985,  0.000,  0.000
  0.018,299.975,  0.000,  0.000
  0.018,299.995,  0.000,  0.000
  0.018,299.972,  0.000,  0.000
  0.018,299.955,  0.000,  0.000
  0.018,299.969,  0.000,  0.000
  0.018,299.983,  0.000,  0.000
  0.018,299.969,  0.000,  0.000
  0.018,299.932,  0.000,  0.000
  0.018,299.909,  0.000,  0.000
  0.018,299.907,  0.000,  0.000
  0.018,299.918,  0.000,  0.000
  0.018,299.933,  0.000,  0.000
  0.018,299.958,  0.000,  0.000
  0.018,299.968,  0.000,  0.000
  0.018,299.950,  0.000,  0.000
  0.018,299.944,  0.000,  0.000
  0.018,299.950,  0.000,  0.000
  0.018,299.944,  0.000,  0.000
  0.018,299.923,  0.000,  0.000
  0.018,299.918,  0.000,  0.000
  0.018,299.921,  0.000,  0.000
  0.018,299.950,  0.000,  0.000
  0.018,300.012,  0.000,  0.000
  0.018,300.032,  0.000,  0.000
  0.018,300.008,  0.000,  0.000
  0.018,300.025,  0.000,  0.000
  0.018,300.027,  0.000,  0.000
  0.018,300.004,  0.000,  0.000
  0.018,299.994,  0.000,  0.000
  0.018,299.990,  0.000,  0.000
  0.018,299.980,  0.000,  0.000
  0.018,299.961,  0.000,  0.000
  0.018,299.941,  0.000,  0.000
  0.018,299.923,  0.000,  0.000
  0.018,299.915,  0.000,  0.000
  0.018,299.929,  0.000,  0.000
  0.018,299.946,  0.000,  0.000
  0.018,299.977,  0.000,  0.000
  0.018,299.984,  0.000,  0.000
  0.018,299.951,  0.000,  0.000
  0.018,299.947,  0.000,  0.000
  0.018,299.957,  0.000,  0.000
  0.018,299.949,  0.000,  0.000
  0.018,299.927,  0.000,  0.000
  0.018,299.921,  0.000,  0.000
  0.018,299.924,  0.000,  0.000
  0.018,299.962,  0.000,  0.000
  0.018,300.023,  0.000,  0.000
  0.018,300.032,  0.000,  0.000
  0.018,300.031,  0.000,  0.000
  0.018,300.054,  0.000,  0.000
  0.018,300.036,  0.000,  0.000
  0.018,300.025,  0.000,  0.000
  0.018,300.042,  0.000,  0.000
  0.018,300.023,  0.000,  0.000
  0.018,299.975,  0.000,  0.000
  0.018,299.941,  0.000,  0.000
  0.018,299.921,  0.000,  0.000
  0.018,299.902,  0.000,  0.000
  0.018,299.882,  0.000,  0.000
  0.018,299.876,  0.000,  0.000
  0.018,299.915,  0.000,  0.000
  0.018,299.989,  0.000,  0.000
  0.018,300.018,  0.000,  0.000
  0.018,299.966,  0.000,  0.000
  0.018,299.938,  0.000,  0.000
  0.018,299.950,  0.000,  0.000
  0.018,299.949,  0.000,  0.000
  0.018,299.928,  0.000,  0.000
  0.018,299.924,  0.000,  0.000
  0.018,299.959,  0.000,  0.000
  0.018,299.997,  0.000,  0.000
  0.018,300.039,  0.000,  0.000
  0.018,300.035,  0.000,  0.000
  0.018,300.037,  0.000,  0.000
  0.018,300.054,  0.000,  0.000
  0.018,300.030,  0.000,  0.000
  0.018,300.041,  0.000,  0.000
  0.018,300.081,  0.000,  0.000
  0.018,300.043,  0.000,  0.000
  0.018,299.975,  0.000,  0.000
  0.018,299.929,  0.000,  0.000
  0.018,299.895,  0.000,  0.000
  0.018,299.874,  0.000,  0.000
  0.018,299.846,  0.000,  0.000
  0.018,299.826,  0.000,  0.000
  0.018,299.869,  0.000,  0.000
  0.018,299.976,  0.000,  0.000
  0.018,300.046,  0.000,  0.000
  0.018,299.981,  0.000,  0.000
  0.018,299.928,  0.000,  0.000
  0.018,299.946,  0.000,  0.000
  0.018,299.956,  0.000,  0.000
  0.018,299.936,  0.000,  0.000
  0.018,299.932,  0.000,  0.000
  0.018,299.999,  0.000,  0.000
  0.018,300.038,  0.000,  0.000
  0.018,300.053,  0.000,  0.000
  0.018,300.034,  0.000,  0.000
  0.018,300.042,  0.000,  0.000
  0.018,300.043,  0.000,  0.000
  0.018,300.019,  0.000,  0.000
  0.018,300.052,  0.000,  0.000
  0.018,300.082,  0.000,  0.000
  0.018,300.034,  0.000,  0.000
  0.018,299.978,  0.000,  0.000
  0.018,299.940,  0.000,  0.000
  0.018,299.897,  0.000,  0.000
  0.018,299.876,  0.000,  0.000
  0.018,299.849,  0.000,  0.000
  0.018,299.833,  0.000,  0.000
  0.018,299.861,  0.000,  0.000
  0.018,299.944,  0.000,  0.000
  0.018,300.030,  0.000,  0.000
  0.018,299.987,  0.000,  0.000
  0.018,299.927,  0.000,  0.000
  0.018,299.949,  0.000,  0.000
  0.018,299.960,  0.000,  0.000
  0.018,299.944,  0.000,  0.000
  0.018,299.938,  0.000,  0.000
  0.018,300.028,  0.000,  0.000
  0.018,300.063,  0.000,  0.000
  0.018,300.070,  0.000,  0.000
  0.018,300.047,  0.000,  0.000
  0.018,300.048,  0.000,  0.000
  0.018,300.033,  0.000,  0.000
  0.018,300.008,  0.000,  0.000
  0.018,300.036,  0.000,  0.000
  0.018,300.048,  0.000,  0.000
  0.018,300.005,  0.000,  0.000
  0.018,299.969,  0.000,  0.000
  0.018,299.943,  0.000,  0.000
  0.018,299.912,  0.000,  0.000
  0.018,299.897,  0.000,  0.000
  0.018,299.883,  0.000,  0.000
  0.018,299.884,  0.000,  0.000
  0.018,299.899,  0.000,  0.000
  0.018,299.929,  0.000,  0.000
  0.018,300.006,  0.000,  0.000
  0.018,299.998,  0.000,  0.000
  0.018,299.945,  0.000,  0.000
  0.018,299.962,  0.000,  0.000
  0.018,299.961,  0.000,  0.000
  0.018,299.950,  0.000,  0.000
  0.018,299.949,  0.000,  0.000
  0.018,300.048,  0.000,  0.000
  0.018,300.075,  0.000,  0.000
  0.018,300.083,  0.000,  0.000
  0.018,300.074,  0.000,  0.000
  0.018,300.065,  0.000,  0.000
  0.018,300.032,  0.000,  0.000
  0.018,300.004,  0.000,  0.000
  0.018,300.023,  0.000,  0.000
  0.018,300.024,  0.000,  0.000
  0.018,299.987,  0.000,  0.000
  0.018,299.961,  0.000,  0.000
  0.018,299.936,  0.000,  0.000
  0.018,299.921,  0.000,  0.000
  0.018,299.921,  0.000,  0.000
  0.018,299.926,  0.000,  0.000
  0.018,299.932,  0.000,  0.000
  0.018,299.937,  0.000,  0.000
  0.018,299.969,  0.000,  0.000
  0.018,300.022,  0.000,  0.000
  0.018,300.027,  0.000,  0.000
  0.018,299.980,  0.000,  0.000
  0.018,299.981,  0.000,  0.000
  0.018,299.979,  0.000,  0.000
  0.018,299.964,  0.000,  0.000
  0.018,299.959,  0.000,  0.000
