  0.021,303.026,  0.000,  0.350
  0.021,303.014,  0.000,  0.350
  0.021,303.023,  0.000,  0.000
  0.021,303.059,  0.000,  0.000
  0.021,303.056,  0.000,  0.000
  0.021,303.009,  0.000,  0.000
  0.021,302.982,  0.000,  0.000
  0.021,303.005,  0.000,  0.000
  0.021,303.041,  0.000,  0.000
  0.021,303.067,  0.000,  0.000
  0.021,303.087,  0.000,  0.000
  0.021,303.047,  0.000,  0.000
  0.021,302.989,  0.000,  0.000
  0.021,302.986,  0.000,  0.000
  0.021,303.006,  0.000,  0.000
  0.021,303.017,  0.000,  0.000
  0.021,303.022,  0.000,  0.000
  0.021,303.046,  0.000,  0.000
  0.021,303.071,  0.000,  0.000
  0.021,303.065,  0.000,  0.000
  0.021,303.029,  0.000,  0.180
  0.021,303.043,  0.000,  0.180
  0.021,303.090,  0.000,  0.180
  0.021,303.166,  0.000,  0.170
  0.021,303.156,  0.000,  0.170
  0.021,302.994,  0.000,  0.320
  0.021,302.988,  0.000,  0.320
  0.021,303.005,  0.000,  0.280
  0.021,303.045,  0.000,  0.280
  0.021,303.059,  0.000,  0.280
  0.021,303.019,  0.000,  0.280
  0.021,302.976,  0.000,  0.170
  0.021,302.981,  0.000,  0.170
  0.021,303.012,  0.000,  0.170
  0.021,303.049,  0.000,  0.000
  0.021,303.085,  0.000,  0.000
  0.021,303.061,  0.000,  0.000
  0.021,302.995,  0.000,  0.000
  0.021,302.978,  0.000,  0.010
  0.021,303.004,  0.000,  0.010
  0.021,303.030,  0.000,  0.010
  0.021,303.035,  0.000,  0.010
  0.021,303.032,  0.000,  0.010
  0.021,303.030,  0.000,  0.010
  0.021,303.052,  0.000,  0.010
  0.021,303.053,  0.000,  0.590
  0.021,303.038,  0.000,  0.590
  0.021,303.069,  0.000,  0.590
  0.021,303.158,  0.000,  0.540
  0.021,303.178,  0.000,  0.540
  0.021,302.975,  0.000,  0.320
  0.021,302.983,  0.000,  0.320
  0.021,302.995,  0.000,  0.280
  0.021,303.020,  0.000,  0.280
  0.021,303.049,  0.000,  0.280
  0.021,303.045,  0.000,  0.280
  0.021,302.998,  0.000,  0.170
  0.021,302.965,  0.000,  0.170
  0.021,302.972,  0.000,  0.170
  0.021,303.018,  0.000,  0.000
  0.021,303.078,  0.000,  0.000
  0.021,303.072,  0.000,  0.000
  0.021,303.010,  0.000,  0.000
  0.021,302.979,  0.000,  0.010
  0.021,302.996,  0.000,  0.010
  0.021,303.022,  0.000,  0.010
  0.021,303.026,  0.000,  0.010
  0.021,303.012,  0.000,  0.010
  0.021,303.001,  0.000,  0.010
  0.021,303.023,  0.000,  0.010
  0.021,303.061,  0.000,  0.590
  0.021,303.055,  0.000,  0.590
  0.021,303.050,  0.000,  0.590
  0.021,303.117,  0.000,  0.540
  0.021,303.159,  0.000,  0.540
  0.021,302.967,  0.000,  0.320
  0.021,302.988,  0.000,  0.320
  0.021,302.994,  0.000,  0.280
  0.021,303.013,  0.000,  0.280
  0.021,303.039,  0.000,  0.280
  0.021,303.048,  0.000,  0.280
  0.021,303.014,  0.000,  0.170
  0.021,302.955,  0.000,  0.170
  0.021,302.949,  0.000,  0.170
  0.021,302.999,  0.000,  0.000
  0.021,303.064,  0.000,  0.000
  0.021,303.068,  0.000,  0.000
  0.021,303.015,  0.000,  0.000
  0.021,302.977,  0.000,  0.010
  0.021,302.980,  0.000,  0.010
  0.021,302.996,  0.000,  0.010
  0.021,302.996,  0.000,  0.010
  0.021,302.988,  0.000,  0.010
  0.021,302.994,  0.000,  0.010
  0.021,303.016,  0.000,  0.010
  0.021,303.044,  0.000,  0.590
  0.021,303.046,  0.000,  0.590
  0.021,303.028,  0.000,  0.590
  0.021,303.070,  0.000,  0.540
  0.021,303.124,  0.000,  0.540
  0.021,302.977,  0.000,  0.320
  0.021,302.991,  0.000,  0.320
  0.021,302.998,  0.000,  0.280
  0.019,302.768,  0.000,  0.280
  0.021,303.028,  0.000,  0.280
  0.021,303.029,  0.000,  0.280
  0.021,303.018,  0.000,  0.170
  0.021,302.966,  0.000,  0.170
  0.021,302.953,  0.000,  0.170
  0.021,302.996,  0.000,  0.000
  0.021,303.042,  0.000,  0.000
  0.021,303.048,  0.000,  0.000
  0.021,303.011,  0.000,  0.000
  0.021,302.972,  0.000,  0.010
  0.021,302.972,  0.000,  0.010
  0.021,302.980,  0.000,  0.010
  0.021,302.974,  0.000,  0.010
  0.021,302.976,  0.000,  0.010
  0.021,302.993,  0.000,  0.010
  0.021,303.016,  0.000,  0.010
  0.021,303.025,  0.000,  0.590
  0.021,303.027,  0.000,  0.590
  0.021,303.030,  0.000,  0.590
  0.021,303.061,  0.000,  0.540
  0.021,303.107,  0.000,  0.540
  0.021,302.993,  0.000,  0.010
  0.021,302.992,  0.000,  0.010
  0.021,302.994,  0.000,  0.440
  0.021,303.001,  0.000,  0.440
  0.021,303.011,  0.000,  0.440
  0.021,303.013,  0.000,  0.440
  0.021,303.021,  0.000,  0.000
  0.021,302.993,  0.000,  0.000
  0.021,302.971,  0.000,  0.000
  0.021,302.988,  0.000,  0.000
  0.021,303.030,  0.000,  0.000
  0.021,303.045,  0.000,  0.000
  0.021,303.015,  0.000,  0.000
  0.021,302.982,  0.000,  0.010
  0.021,302.977,  0.000,  0.010
  0.021,302.975,  0.000,  0.010
  0.021,302.965,  0.000,  0.010
  0.021,302.969,  0.000,  0.010
  0.021,302.985,  0.000,  0.010
  0.021,302.997,  0.000,  0.010
  0.021,303.010,  0.000,  1.130
  0.021,303.017,  0.000,  1.130
  0.021,303.038,  0.000,  1.130
  0.021,303.073,  0.000,  1.170
  0.021,303.102,  0.000,  1.170
  0.021,302.991,  0.000,  0.010
  0.021,302.991,  0.000,  0.010
  0.021,302.987,  0.000,  0.440
  0.021,302.982,  0.000,  0.440
  0.021,302.988,  0.000,  0.440
  0.021,303.006,  0.000,  0.440
  0.021,303.024,  0.000,  0.000
  0.021,303.009,  0.000,  0.000
  0.021,302.978,  0.000,  0.000
  0.021,302.979,  0.000,  0.000
  0.021,303.019,  0.000,  0.000
  0.021,303.048,  0.000,  0.000
  0.021,303.029,  0.000,  0.000
  0.021,302.993,  0.000,  0.010
  0.021,302.972,  0.000,  0.010
  0.021,302.965,  0.000,  0.010
  0.021,302.966,  0.000,  0.010
  0.021,302.965,  0.000,  0.010
  0.021,302.967,  0.000,  0.010
  0.021,302.974,  0.000,  0.010
  0.021,302.998,  0.000,  1.130
  0.021,303.015,  0.000,  1.130
  0.021,303.037,  0.000,  1.130
  0.021,303.068,  0.000,  1.170
  0.021,303.083,  0.000,  1.170
  0.021,302.989,  0.000,  0.010
  0.021,302.988,  0.000,  0.010
  0.021,302.977,  0.000,  0.440
  0.021,302.972,  0.000,  0.440
  0.021,302.983,  0.000,  0.440
  0.021,302.999,  0.000,  0.440
  0.021,303.013,  0.000,  0.000
  0.021,303.010,  0.000,  0.000
  0.021,302.985,  0.000,  0.000
  0.021,302.977,  0.000,  0.000
  0.021,303.008,  0.000,  0.000
  0.021,303.044,  0.000,  0.000
  0.021,303.029,  0.000,  0.000
  0.021,302.994,  0.000,  0.010
  0.021,302.966,  0.000,  0.010
  0.021,302.964,  0.000,  0.010
  0.021,302.968,  0.000,  0.010
  0.021,302.961,  0.000,  0.010
  0.021,302.953,  0.000,  0.010
  0.021,302.956,  0.000,  0.010
  0.021,302.980,  0.000,  1.130
  0.021,303.000,  0.000,  1.130
  0.021,303.022,  0.000,  1.130
  0.021,303.041,  0.000,  1.170
  0.021,303.058,  0.000,  1.170
  0.021,302.994,  0.000,  0.010
  0.021,302.987,  0.000,  0.010
  0.021,302.981,  0.000,  0.440
  0.021,302.987,  0.000,  0.440
  0.021,302.992,  0.000,  0.440
  0.021,302.985,  0.000,  0.440
  0.021,302.996,  0.000,  0.000
  0.021,303.015,  0.000,  0.000
  0.021,302.995,  0.000,  0.000
  0.021,302.969,  0.000,  0.000
  0.021,302.983,  0.000,  0.000
  0.021,303.028,  0.000,  0.000
  0.021,303.028,  0.000,  0.000
  0.021,302.997,  0.000,  0.010
  0.021,302.978,  0.000,  0.010
  0.021,302.971,  0.000,  0.010
  0.021,302.966,  0.000,  0.010
  0.021,302.962,  0.000,  0.010
  0.021,302.954,  0.000,  0.010
  0.021,302.955,  0.000,  0.010
  0.021,302.964,  0.000,  1.130
  0.021,302.981,  0.000,  1.130
  0.021,303.010,  0.000,  1.130
  0.021,303.029,  0.000,  1.170
  0.021,303.041,  0.000,  1.170
  0.021,302.989,  0.000,  0.000
  0.021,302.990,  0.000,  0.000
  0.021,302.998,  0.000,  0.450
  0.021,303.000,  0.000,  0.450
  0.021,302.988,  0.000,  0.450
  0.021,302.984,  0.000,  0.450
  0.021,303.002,  0.000,  0.000
  0.021,303.011,  0.000,  0.000
  0.021,302.990,  0.000,  0.000
  0.021,302.957,  0.000,  0.000
  0.021,302.961,  0.000,  0.000
  0.021,303.013,  0.000,  0.000
  0.021,303.034,  0.000,  0.000
  0.021,303.008,  0.000,  0.310
  0.021,302.986,  0.000,  0.310
  0.021,302.970,  0.000,  0.310
  0.021,302.961,  0.000,  0.040
  0.021,302.963,  0.000,  0.040
  0.021,302.958,  0.000,  0.040
  0.021,302.953,  0.000,  0.040
  0.021,302.962,  0.000,  1.050
  0.021,302.980,  0.000,  1.050
  0.021,303.003,  0.000,  1.050
  0.021,303.026,  0.000,  1.100
  0.021,303.033,  0.000,  1.100
  0.021,302.982,  0.000,  0.000
  0.021,302.992,  0.000,  0.000
  0.021,302.998,  0.000,  0.450
  0.021,302.993,  0.000,  0.450
  0.021,302.989,  0.000,  0.450
  0.021,303.003,  0.000,  0.450
  0.021,303.008,  0.000,  0.000
  0.021,302.996,  0.000,  0.000
  0.021,302.985,  0.000,  0.000
  0.021,302.960,  0.000,  0.000
  0.021,302.955,  0.000,  0.000
  0.021,302.995,  0.000,  0.000
  0.021,303.039,  0.000,  0.000
  0.021,303.031,  0.000,  0.310
  0.021,302.998,  0.000,  0.310
  0.021,302.974,  0.000,  0.310
  0.021,302.968,  0.000,  0.040
  0.021,302.965,  0.000,  0.040
  0.021,302.963,  0.000,  0.040
  0.021,302.961,  0.000,  0.040
  0.021,302.968,  0.000,  1.050
  0.021,302.982,  0.000,  1.050
  0.021,303.001,  0.000,  1.050
  0.021,303.019,  0.000,  1.100
  0.021,303.031,  0.000,  1.100
  0.021,302.989,  0.000,  0.000
  0.021,302.989,  0.000,  0.000
  0.021,302.997,  0.000,  0.450
  0.021,302.993,  0.000,  0.450
  0.021,302.999,  0.000,  0.450
  0.021,303.009,  0.000,  0.450
  0.021,303.005,  0.000,  0.000
  0.021,303.001,  0.000,  0.000
  0.021,302.998,  0.000,  0.000
  0.021,302.973,  0.000,  0.000
  0.021,302.946,  0.000,  0.000
  0.021,302.955,  0.000,  0.000
  0.021,303.010,  0.000,  0.000
  0.021,303.041,  0.000,  0.310
  0.021,303.013,  0.000,  0.310
  0.021,302.981,  0.000,  0.310
  0.021,302.964,  0.000,  0.040
  0.021,302.960,  0.000,  0.040
  0.021,302.964,  0.000,  0.040
  0.021,302.961,  0.000,  0.040
  0.021,302.963,  0.000,  1.050
  0.021,302.972,  0.000,  1.050
  0.021,302.986,  0.000,  1.050
  0.021,303.003,  0.000,  1.100
  0.021,303.018,  0.000,  1.100
  0.021,303.006,  0.000,  0.000
  0.021,303.000,  0.000,  0.000
  0.021,303.010,  0.000,  0.450
  0.021,303.004,  0.000,  0.450
  0.021,303.004,  0.000,  0.450
  0.021,303.002,  0.000,  0.450
  0.021,303.007,  0.000,  0.000
  0.021,303.023,  0.000,  0.000
  0.021,303.014,  0.000,  0.000
  0.021,302.975,  0.000,  0.000
  0.021,302.924,  0.000,  0.000
  0.021,302.906,  0.000,  0.000
  0.021,302.968,  0.000,  0.000
  0.021,303.029,  0.000,  0.310
  0.021,303.027,  0.000,  0.310
  0.021,302.991,  0.000,  0.310
  0.021,302.963,  0.000,  0.040
  0.021,302.958,  0.000,  0.040
  0.021,302.964,  0.000,  0.040
  0.021,302.964,  0.000,  0.040
  0.021,302.962,  0.000,  1.050
  0.021,302.964,  0.000,  1.050
  0.021,302.972,  0.000,  1.050
  0.021,302.987,  0.000,  1.100
  0.021,303.003,  0.000,  1.100
  0.021,303.047,  0.000,  0.000
  0.021,303.043,  0.000,  0.000
  0.021,303.040,  0.000,  0.000
  0.021,303.023,  0.000,  0.000
  0.021,303.014,  0.000,  0.000
  0.021,303.009,  0.000,  0.000
  0.021,303.017,  0.000,  0.000
  0.021,303.037,  0.000,  0.000
  0.021,303.022,  0.000,  0.000
  0.021,302.980,  0.000,  0.430
  0.021,302.917,  0.000,  0.430
  0.021,302.891,  0.000,  0.430
  0.021,302.934,  0.000,  0.430
  0.021,302.987,  0.000,  0.320
  0.021,303.020,  0.000,  0.320
  0.021,303.001,  0.000,  0.320
  0.021,302.969,  0.000,  0.000
  0.021,302.954,  0.000,  0.000
  0.021,302.958,  0.000,  0.000
  0.021,302.966,  0.000,  0.000
  0.021,302.962,  0.000,  0.230
  0.021,302.958,  0.000,  0.230
  0.021,302.962,  0.000,  0.230
  0.021,302.973,  0.000,  0.070
  0.021,302.989,  0.000,  0.070
  0.021,303.107,  0.000,  0.000
  0.021,303.093,  0.000,  0.000
  0.021,303.072,  0.000,  0.000
  0.021,303.056,  0.000,  0.000
  0.021,303.046,  0.000,  0.000
  0.021,303.033,  0.000,  0.000
  0.021,303.031,  0.000,  0.000
  0.021,303.035,  0.000,  0.000
  0.021,303.020,  0.000,  0.000
  0.021,302.990,  0.000,  0.430
  0.021,302.940,  0.000,  0.430
  0.021,302.902,  0.000,  0.430
  0.021,302.896,  0.000,  0.430
  0.021,302.918,  0.000,  0.320
  0.021,302.975,  0.000,  0.320
  0.021,303.001,  0.000,  0.320
  0.021,302.982,  0.000,  0.000
  0.021,302.956,  0.000,  0.000
  0.021,302.949,  0.000,  0.000
  0.021,302.958,  0.000,  0.000
  0.021,302.958,  0.000,  0.230
  0.021,302.954,  0.000,  0.230
  0.021,302.955,  0.000,  0.230
  0.021,302.963,  0.000,  0.070
  0.021,302.977,  0.000,  0.070
