  0.019,300.639,  1.878,  6.130
  0.020,300.637,  1.467,  6.130
  0.020,300.647,  1.435,  3.540
  0.020,300.635,  1.175,  3.540
  0.020,300.594,  0.626,  3.540
  0.020,300.543,  0.072,  3.540
  0.020,300.508,  0.045,  1.400
  0.020,300.494,  0.039,  1.400
  0.020,300.488,  0.081,  1.400
  0.020,300.469,  0.104,  0.520
  0.020,300.449,  0.129,  0.520
  0.020,300.527,  0.188,  0.520
  0.020,300.528,  0.274,  0.520
  0.020,300.532,  0.379,  0.000
  0.020,300.530,  0.430,  0.000
  0.020,300.525,  0.666,  0.000
  0.020,300.719,  0.722,  0.000
  0.020,300.729,  1.741,  0.000
  0.020,300.723,  3.131,  0.000
  0.020,300.704,  1.425,  0.000
  0.021,300.727,  0.662,  0.000
  0.020,300.801,  1.256,  0.000
  0.020,300.846,  3.156,  0.000
  0.020,300.810,  6.427,  0.000
  0.021,300.543,  6.635,  0.000
  0.019,300.646,  0.591,  4.510
  0.019,300.632,  0.145,  4.510
  0.019,300.630,  0.066,  5.640
  0.019,300.615,  0.115,  5.640
  0.020,300.573,  0.323,  5.640
  0.020,300.527,  0.646,  5.640
  0.020,300.507,  1.183,  3.370
  0.020,300.511,  1.658,  3.370
  0.020,300.504,  1.513,  3.370
  0.020,300.475,  0.581,  0.360
  0.020,300.458,  0.158,  0.360
  0.020,300.549,  0.382,  0.360
  0.020,300.507,  1.157,  0.360
  0.020,300.493,  2.043,  0.000
  0.020,300.462,  3.321,  0.000
  0.020,300.475,  5.290,  0.000
  0.020,300.768,  5.758,  0.000
  0.020,300.819,  5.062,  0.000
  0.020,300.786,  4.809,  0.000
  0.021,300.766,  5.138,  0.000
  0.020,300.796,  4.228,  0.000
  0.020,300.836,  2.013,  0.000
  0.020,300.828,  0.751,  0.000
  0.020,300.776,  0.755,  0.000
  0.020,300.598,  0.412,  0.000
  0.019,300.645,  0.005,  4.510
  0.019,300.634,  0.008,  4.510
  0.019,300.636,  0.032,  5.640
  0.019,300.617,  0.464,  5.640
  0.020,300.574,  2.350,  5.640
  0.020,300.543,  5.193,  5.640
  0.020,300.540,  6.682,  3.370
  0.020,300.541,  9.067,  3.370
  0.020,300.510, 10.050,  3.370
  0.020,300.466,  5.817,  0.360
  0.020,300.519,  1.327,  0.360
  0.020,300.665,  0.353,  0.360
  0.020,300.674,  0.331,  0.360
  0.021,300.607,  0.368,  0.000
  0.020,300.274,  0.393,  0.000
  0.020,300.389,  0.430,  0.000
  0.020,300.638,  0.419,  0.000
  0.020,300.704,  0.441,  0.000
  0.020,300.647,  0.349,  0.000
  0.020,300.836,  0.246,  0.000
  0.020,300.876,  0.268,  0.000
  0.020,300.874,  0.149,  0.000
  0.020,300.822,  0.027,  0.000
  0.020,300.767,  0.022,  0.000
  0.020,300.669,  0.019,  0.000
  0.020,300.645,  0.004,  4.510
  0.019,300.634,  0.003,  4.510
  0.019,300.633,  0.024,  5.640
  0.019,300.618,  0.175,  5.640
  0.019,300.592,  0.604,  5.640
  0.019,300.579,  1.015,  5.640
  0.019,300.577,  0.879,  3.370
  0.020,300.555,  0.638,  3.370
  0.020,300.498,  0.505,  3.370
  0.020,300.446,  0.445,  0.360
  0.021,300.644,  0.122,  0.360
  0.020,300.673,  0.020,  0.360
  0.020,300.672,  0.012,  0.360
  0.021,300.573,  0.002,  0.000
  0.021,300.521,  0.005,  0.000
  0.021,300.696,  0.041,  0.000
  0.020,300.664,  0.192,  0.000
  0.020,300.649,  0.344,  0.000
  0.020,300.653,  0.133,  0.000
  0.019,300.715,  0.027,  0.000
  0.019,300.763,  0.024,  0.000
  0.020,300.888,  0.015,  0.000
  0.020,300.819,  0.007,  0.000
  0.020,300.764,  0.006,  0.000
  0.020,300.697,  0.005,  0.000
  0.020,300.659,  0.000,  4.510
  0.020,300.631,  0.000,  4.510
  0.020,300.608,  0.001,  5.640
  0.020,300.600,  0.005,  5.640
  0.020,300.596,  0.011,  5.640
  0.019,300.587,  0.015,  5.640
  0.019,300.570,  0.028,  3.370
  0.020,300.536,  0.051,  3.370
  0.020,300.484,  0.052,  3.370
  0.020,300.450,  0.019,  0.360
  0.021,300.668,  0.005,  0.360
  0.020,300.701,  0.001,  0.360
  0.020,300.707,  0.002,  0.360
  0.020,300.707,  0.003,  0.000
  0.021,300.783,  0.006,  0.000
  0.020,300.654,  0.019,  0.000
  0.020,300.629,  0.046,  0.000
  0.020,300.611,  0.050,  0.000
  0.019,300.661,  0.023,  0.000
  0.019,300.727,  0.003,  0.000
  0.020,300.906,  0.003,  0.000
  0.020,300.863,  0.001,  0.000
  0.020,300.814,  0.001,  0.000
  0.020,300.789,  0.004,  0.000
  0.021,300.674,  0.004,  0.000
  0.020,300.681,  0.000,  1.950
  0.020,300.635,  0.000,  1.950
  0.020,300.601,  0.000,  1.270
  0.020,300.596,  0.001,  1.270
  0.020,300.598,  0.004,  1.270
  0.020,300.583,  0.007,  1.270
  0.020,300.558,  0.007,  0.000
  0.020,300.529,  0.008,  0.000
  0.020,300.502,  0.008,  0.000
  0.020,300.505,  0.004,  0.000
  0.020,300.601,  0.001,  0.000
  0.020,300.736,  0.000,  0.000
  0.020,300.730,  0.000,  0.000
  0.020,300.738,  0.000,  0.000
  0.021,300.785,  0.001,  0.000
  0.020,300.631,  0.002,  0.000
  0.020,300.619,  0.003,  0.000
  0.020,300.615,  0.002,  0.000
  0.019,300.691,  0.002,  0.000
  0.019,300.773,  0.002,  0.000
  0.020,300.898,  0.003,  0.000
  0.020,300.834,  0.001,  0.000
  0.020,300.821,  0.000,  0.000
  0.020,300.845,  0.000,  0.000
  0.020,300.664,  0.000,  0.000
  0.020,300.674,  0.000,  1.950
  0.020,300.632,  0.000,  1.950
  0.020,300.618,  0.000,  1.270
  0.020,300.625,  0.000,  1.270
  0.020,300.622,  0.001,  1.270
  0.020,300.608,  0.002,  1.270
  0.020,300.583,  0.004,  0.000
  0.020,300.545,  0.006,  0.000
  0.020,300.522,  0.008,  0.000
  0.020,300.525,  0.004,  0.000
  0.021,300.727,  0.001,  0.000
  0.020,300.705,  0.000,  0.000
  0.020,300.705,  0.000,  0.000
  0.021,300.751,  0.000,  0.000
  0.021,300.824,  0.000,  0.000
  0.020,300.653,  0.000,  0.000
  0.020,300.598,  0.000,  0.000
  0.019,300.615,  0.000,  0.000
  0.019,300.748,  0.000,  0.000
  0.019,300.793,  0.000,  0.000
  0.020,300.882,  0.000,  0.000
  0.020,300.835,  0.000,  0.000
  0.020,300.866,  0.000,  0.000
  0.020,300.915,  0.000,  0.000
  0.020,300.760,  0.000,  0.000
  0.020,300.657,  0.000,  1.950
  0.020,300.627,  0.000,  1.950
  0.020,300.616,  0.000,  1.270
  0.020,300.603,  0.000,  1.270
  0.020,300.762,  0.000,  1.270
  0.021,300.753,  0.000,  1.270
  0.021,300.739,  0.000,  0.000
  0.021,300.734,  0.000,  0.000
  0.020,300.541,  0.000,  0.000
  0.020,300.718,  0.000,  0.000
  0.020,300.705,  0.000,  0.000
  0.020,300.707,  0.000,  0.000
  0.020,300.740,  0.000,  0.000
  0.021,300.810,  0.000,  0.000
  0.021,300.841,  0.000,  0.000
  0.020,300.617,  0.000,  0.000
  0.020,300.684,  0.000,  0.000
  0.019,300.644,  0.000,  0.000
  0.020,300.947,  0.000,  0.000
  0.019,300.773,  0.000,  0.000
  0.019,300.680,  0.000,  0.000
  0.020,300.852,  0.000,  0.000
  0.020,300.903,  0.000,  0.000
  0.020,300.935,  0.000,  0.000
  0.020,300.887,  0.000,  0.000
  0.020,300.654,  0.000,  1.950
  0.021,300.810,  0.000,  1.950
  0.020,300.618,  0.000,  1.270
  0.020,300.579,  0.000,  1.270
  0.020,300.523,  0.000,  1.270
  0.020,300.483,  0.000,  1.270
  0.020,300.464,  0.000,  0.000
  0.020,300.483,  0.000,  0.000
  0.020,300.567,  0.000,  0.000
  0.021,300.720,  0.000,  0.000
  0.021,300.735,  0.000,  0.000
  0.020,300.763,  0.000,  0.000
  0.020,300.793,  0.000,  0.000
  0.021,300.813,  0.000,  0.000
  0.020,300.814,  0.000,  0.000
  0.020,300.790,  0.000,  0.000
  0.020,300.769,  0.000,  0.000
  0.020,300.857,  0.000,  0.000
  0.019,300.788,  0.000,  0.000
  0.020,300.860,  0.000,  0.000
  0.019,300.686,  0.000,  0.000
  0.019,300.708,  0.000,  0.000
  0.020,300.914,  0.000,  0.000
  0.020,300.918,  0.000,  0.000
  0.021,300.898,  0.000,  0.000
  0.020,300.646,  0.000,  0.400
  0.020,300.651,  0.000,  0.400
  0.020,300.661,  0.000,  0.000
  0.020,300.632,  0.000,  0.000
  0.020,300.578,  0.000,  0.000
  0.020,300.536,  0.000,  0.000
  0.020,300.510,  0.000,  0.000
  0.021,300.711,  0.000,  0.000
  0.021,300.739,  0.000,  0.000
  0.021,300.795,  0.000,  0.000
  0.020,300.847,  0.000,  0.000
  0.020,300.852,  0.000,  0.000
  0.020,300.827,  0.000,  0.000
  0.020,300.809,  0.000,  0.000
  0.020,300.806,  0.000,  0.000
  0.020,300.798,  0.000,  0.000
  0.020,300.800,  0.000,  0.000
  0.020,300.861,  0.000,  0.000
  0.020,300.892,  0.000,  0.000
  0.020,300.868,  0.000,  0.000
  0.019,300.684,  0.000,  0.000
  0.019,300.728,  0.000,  0.000
  0.020,300.915,  0.000,  0.000
  0.020,300.712,  0.000,  0.000
  0.020,300.640,  0.000,  0.000
  0.021,300.804,  0.000,  0.400
  0.020,300.621,  0.000,  0.400
  0.020,300.667,  0.000,  0.000
  0.020,300.691,  0.000,  0.000
  0.020,300.669,  0.000,  0.000
  0.020,300.639,  0.000,  0.000
  0.020,300.588,  0.000,  0.000
  0.021,300.690,  0.000,  0.000
  0.021,300.659,  0.000,  0.000
  0.020,300.783,  0.000,  0.000
  0.020,300.880,  0.000,  0.000
  0.020,300.836,  0.000,  0.000
  0.020,300.806,  0.000,  0.000
  0.020,300.819,  0.000,  0.000
  0.020,300.805,  0.000,  0.000
  0.020,300.785,  0.000,  0.000
  0.020,300.805,  0.000,  0.000
  0.020,300.844,  0.000,  0.000
  0.020,300.849,  0.000,  0.000
  0.020,300.856,  0.000,  0.000
  0.020,300.886,  0.000,  0.000
  0.020,300.920,  0.000,  0.000
  0.020,300.922,  0.000,  0.000
  0.020,300.681,  0.000,  0.000
  0.020,300.590,  0.000,  0.000
  0.021,300.800,  0.000,  0.400
  0.021,300.772,  0.000,  0.400
  0.021,300.782,  0.000,  0.000
  0.020,300.624,  0.000,  0.000
  0.020,300.647,  0.000,  0.000
  0.021,300.820,  0.000,  0.000
  0.021,300.797,  0.000,  0.000
  0.021,300.754,  0.000,  0.000
  0.021,300.784,  0.000,  0.000
  0.021,300.881,  0.000,  0.000
  0.020,300.862,  0.000,  0.000
  0.020,300.821,  0.000,  0.000
  0.020,300.812,  0.000,  0.000
  0.021,300.818,  0.000,  0.000
  0.020,300.791,  0.000,  0.000
  0.020,300.773,  0.000,  0.000
  0.020,300.791,  0.000,  0.000
  0.020,300.809,  0.000,  0.000
  0.020,300.823,  0.000,  0.000
  0.020,300.849,  0.000,  0.000
  0.020,300.879,  0.000,  0.000
  0.020,300.923,  0.000,  0.000
  0.020,300.933,  0.000,  0.000
  0.020,300.663,  0.000,  0.000
  0.020,300.562,  0.000,  0.000
  0.021,300.805,  0.000,  0.400
  0.021,300.773,  0.000,  0.400
  0.021,300.751,  0.000,  0.000
  0.021,300.748,  0.000,  0.000
  0.021,300.776,  0.000,  0.000
  0.021,300.807,  0.000,  0.000
  0.021,300.809,  0.000,  0.000
  0.021,300.800,  0.000,  0.000
  0.021,300.847,  0.000,  0.000
  0.021,300.886,  0.000,  0.000
  0.020,300.856,  0.000,  0.000
  0.020,300.816,  0.000,  0.000
  0.021,300.808,  0.000,  0.000
  0.020,300.795,  0.000,  0.000
  0.020,300.772,  0.000,  0.000
  0.020,300.761,  0.000,  0.000
  0.020,300.764,  0.000,  0.000
  0.020,300.780,  0.000,  0.000
  0.020,300.799,  0.000,  0.000
  0.021,300.781,  0.000,  0.000
  0.020,300.571,  0.000,  0.000
  0.019,300.676,  0.000,  0.000
  0.020,300.936,  0.000,  0.000
  0.020,300.666,  0.000,  0.000
  0.019,300.579,  0.000,  0.000
  0.021,300.814,  0.000,  0.000
  0.021,300.782,  0.000,  0.000
  0.021,300.762,  0.000,  0.010
  0.021,300.760,  0.000,  0.010
  0.021,300.789,  0.000,  0.010
  0.021,300.819,  0.000,  0.010
  0.021,300.819,  0.000,  0.020
  0.021,300.825,  0.000,  0.020
  0.021,300.867,  0.000,  0.020
  0.020,300.884,  0.000,  0.000
  0.020,300.833,  0.000,  0.000
  0.021,300.800,  0.000,  0.000
  0.020,300.595,  0.000,  0.000
  0.020,300.761,  0.000,  0.000
  0.021,300.737,  0.000,  0.000
  0.020,300.736,  0.000,  0.000
  0.020,300.742,  0.000,  0.000
  0.020,300.778,  0.000,  0.000
  0.020,300.764,  0.000,  0.000
  0.021,300.662,  0.000,  0.000
  0.020,300.363,  0.000,  0.000
  0.020,300.763,  0.000,  0.000
  0.020,300.744,  0.000,  0.000
  0.020,300.678,  0.000,  0.000
  0.019,300.602,  0.000,  0.000
  0.021,300.840,  0.000,  0.000
  0.021,300.793,  0.000,  0.000
  0.021,300.775,  0.000,  0.010
  0.021,300.784,  0.000,  0.010
  0.021,300.810,  0.000,  0.010
  0.021,300.818,  0.000,  0.010
  0.021,300.805,  0.000,  0.020
  0.021,300.825,  0.000,  0.020
  0.021,300.875,  0.000,  0.020
  0.020,300.864,  0.000,  0.000
  0.020,300.807,  0.000,  0.000
  0.020,300.793,  0.000,  0.000
  0.020,300.775,  0.000,  0.000
  0.021,300.726,  0.000,  0.000
  0.021,300.716,  0.000,  0.000
  0.020,300.743,  0.000,  0.000
  0.020,300.765,  0.000,  0.000
  0.020,300.790,  0.000,  0.000
  0.020,300.766,  0.000,  0.000
  0.020,300.641,  0.000,  0.000
  0.020,300.568,  0.000,  0.000
  0.020,300.724,  0.000,  0.000
  0.021,300.910,  0.000,  0.000
  0.020,300.684,  0.000,  0.000
  0.020,300.597,  0.000,  0.000
