  0.020,302.096,  0.000,  0.000
  0.020,302.091,  0.000,  0.000
  0.020,302.084,  0.000,  0.000
  0.020,302.077,  0.000,  0.000
  0.020,302.069,  0.000,  0.000
  0.020,302.061,  0.000,  0.000
  0.020,302.052,  0.000,  0.000
  0.020,302.043,  0.000,  0.000
  0.020,302.034,  0.000,  0.000
  0.020,302.026,  0.000,  0.000
  0.020,302.017,  0.000,  0.000
  0.020,302.011,  0.000,  0.000
  0.020,302.006,  0.000,  0.000
  0.020,302.001,  0.000,  0.000
  0.020,301.996,  0.000,  0.000
  0.020,301.992,  0.000,  0.000
  0.020,301.989,  0.000,  0.000
  0.020,301.986,  0.000,  0.000
  0.020,301.984,  0.000,  0.000
  0.020,301.982,  0.000,  0.000
  0.020,301.980,  0.000,  0.000
  0.020,301.980,  0.000,  0.000
  0.020,301.981,  0.000,  0.000
  0.021,302.005,  0.000,  0.000
  0.021,302.004,  0.000,  0.000
  0.020,302.104,  0.000,  0.000
  0.020,302.098,  0.000,  0.000
  0.020,302.092,  0.000,  0.000
  0.020,302.085,  0.000,  0.000
  0.020,302.077,  0.000,  0.000
  0.020,302.068,  0.000,  0.000
  0.020,302.059,  0.000,  0.000
  0.020,302.049,  0.000,  0.000
  0.020,302.039,  0.000,  0.000
  0.020,302.030,  0.000,  0.000
  0.020,302.021,  0.000,  0.000
  0.020,302.012,  0.000,  0.000
  0.020,302.006,  0.000,  0.000
  0.020,302.000,  0.000,  0.000
  0.020,301.995,  0.000,  0.000
  0.020,301.991,  0.000,  0.000
  0.020,301.986,  0.000,  0.000
  0.020,301.983,  0.000,  0.000
  0.020,301.980,  0.000,  0.000
  0.020,301.978,  0.000,  0.000
  0.020,301.976,  0.000,  0.000
  0.020,301.976,  0.000,  0.000
  0.020,301.975,  0.000,  0.000
  0.021,301.997,  0.000,  0.010
  0.021,301.996,  0.000,  0.010
  0.020,302.112,  0.000,  0.000
  0.020,302.106,  0.000,  0.000
  0.020,302.100,  0.000,  0.000
  0.020,302.092,  0.000,  0.000
  0.020,302.084,  0.000,  0.000
  0.020,302.076,  0.000,  0.000
  0.020,302.066,  0.000,  0.000
  0.020,302.056,  0.000,  0.000
  0.020,302.045,  0.000,  0.000
  0.020,302.035,  0.000,  0.000
  0.020,302.025,  0.000,  0.000
  0.020,302.015,  0.000,  0.000
  0.020,302.006,  0.000,  0.000
  0.020,302.000,  0.000,  0.000
  0.020,301.994,  0.000,  0.000
  0.020,301.989,  0.000,  0.000
  0.020,301.984,  0.000,  0.000
  0.020,301.980,  0.000,  0.000
  0.020,301.977,  0.000,  0.000
  0.020,301.974,  0.000,  0.000
  0.020,301.972,  0.000,  0.000
  0.020,301.971,  0.000,  0.000
  0.020,301.971,  0.000,  0.000
  0.020,301.989,  0.000,  0.010
  0.020,301.988,  0.000,  0.010
  0.020,302.121,  0.000,  0.000
  0.020,302.115,  0.000,  0.000
  0.020,302.108,  0.000,  0.000
  0.020,302.101,  0.000,  0.000
  0.020,302.092,  0.000,  0.000
  0.020,302.084,  0.000,  0.000
  0.020,302.074,  0.000,  0.000
  0.020,302.063,  0.000,  0.000
  0.020,302.052,  0.000,  0.000
  0.020,302.040,  0.000,  0.000
  0.020,302.030,  0.000,  0.000
  0.020,302.020,  0.000,  0.000
  0.020,302.009,  0.000,  0.000
  0.020,302.000,  0.000,  0.000
  0.020,301.994,  0.000,  0.000
  0.020,301.988,  0.000,  0.000
  0.020,301.983,  0.000,  0.000
  0.020,301.979,  0.000,  0.000
  0.020,301.975,  0.000,  0.000
  0.020,301.971,  0.000,  0.000
  0.020,301.969,  0.000,  0.000
  0.020,301.968,  0.000,  0.000
  0.020,301.967,  0.000,  0.000
  0.020,301.982,  0.000,  0.010
  0.020,301.981,  0.000,  0.010
  0.020,302.131,  0.000,  0.000
  0.020,302.124,  0.000,  0.000
  0.020,302.117,  0.000,  0.000
  0.020,302.110,  0.000,  0.000
  0.020,302.101,  0.000,  0.000
  0.020,302.092,  0.000,  0.000
  0.020,302.082,  0.000,  0.000
  0.020,302.071,  0.000,  0.000
  0.020,302.059,  0.000,  0.000
  0.020,302.047,  0.000,  0.000
  0.020,302.035,  0.000,  0.000
  0.020,302.024,  0.000,  0.000
  0.020,302.014,  0.000,  0.000
  0.020,302.003,  0.000,  0.000
  0.020,301.994,  0.000,  0.000
  0.020,301.988,  0.000,  0.000
  0.020,301.982,  0.000,  0.000
  0.020,301.977,  0.000,  0.000
  0.020,301.973,  0.000,  0.000
  0.020,301.969,  0.000,  0.000
  0.020,301.966,  0.000,  0.000
  0.020,301.964,  0.000,  0.000
  0.020,301.963,  0.000,  0.000
  0.020,301.975,  0.000,  0.010
  0.020,301.974,  0.000,  0.010
  0.020,302.145,  0.000,  0.000
  0.020,302.138,  0.000,  0.000
  0.020,302.130,  0.000,  0.000
  0.020,302.122,  0.000,  0.000
  0.020,302.113,  0.000,  0.000
  0.020,302.104,  0.000,  0.000
  0.020,302.092,  0.000,  0.000
  0.020,302.079,  0.000,  0.000
  0.020,302.067,  0.000,  0.000
  0.020,302.055,  0.000,  0.000
  0.020,302.042,  0.000,  0.000
  0.020,302.030,  0.000,  0.000
  0.020,302.018,  0.000,  0.000
  0.020,302.008,  0.000,  0.000
  0.020,301.997,  0.000,  0.000
  0.020,301.988,  0.000,  0.000
  0.020,301.982,  0.000,  0.000
  0.020,301.976,  0.000,  0.000
  0.020,301.971,  0.000,  0.000
  0.020,301.967,  0.000,  0.000
  0.020,301.964,  0.000,  0.000
  0.020,301.962,  0.000,  0.000
  0.020,301.960,  0.000,  0.000
  0.020,301.969,  0.000,  0.010
  0.020,301.967,  0.000,  0.010
  0.020,302.165,  0.000,  0.000
  0.020,302.159,  0.000,  0.000
  0.020,302.152,  0.000,  0.000
  0.020,302.145,  0.000,  0.000
  0.020,302.135,  0.000,  0.000
  0.020,302.122,  0.000,  0.000
  0.020,302.104,  0.000,  0.000
  0.020,302.090,  0.000,  0.000
  0.020,302.078,  0.000,  0.000
  0.020,302.064,  0.000,  0.000
  0.020,302.049,  0.000,  0.000
  0.020,302.036,  0.000,  0.000
  0.020,302.024,  0.000,  0.000
  0.020,302.012,  0.000,  0.000
  0.020,302.001,  0.000,  0.000
  0.020,301.990,  0.000,  0.000
  0.020,301.981,  0.000,  0.000
  0.020,301.975,  0.000,  0.000
  0.020,301.970,  0.000,  0.000
  0.020,301.966,  0.000,  0.000
  0.020,301.962,  0.000,  0.000
  0.020,301.959,  0.000,  0.000
  0.020,301.957,  0.000,  0.000
  0.020,301.962,  0.000,  0.010
  0.020,301.962,  0.000,  0.010
  0.020,302.166,  0.000,  0.000
  0.020,302.160,  0.000,  0.000
  0.020,302.153,  0.000,  0.000
  0.020,302.147,  0.000,  0.000
  0.020,302.139,  0.000,  0.000
  0.020,302.132,  0.000,  0.000
  0.020,302.123,  0.000,  0.000
  0.020,302.111,  0.000,  0.000
  0.020,302.094,  0.000,  0.000
  0.020,302.075,  0.000,  0.000
  0.020,302.058,  0.000,  0.000
  0.020,302.045,  0.000,  0.000
  0.020,302.031,  0.000,  0.000
  0.020,302.016,  0.000,  0.000
  0.020,302.005,  0.000,  0.000
  0.020,301.994,  0.000,  0.000
  0.020,301.984,  0.000,  0.000
  0.020,301.975,  0.000,  0.000
  0.020,301.969,  0.000,  0.000
  0.020,301.964,  0.000,  0.000
  0.020,301.960,  0.000,  0.000
  0.020,301.957,  0.000,  0.000
  0.020,301.954,  0.000,  0.000
  0.020,301.957,  0.000,  0.010
  0.020,301.956,  0.000,  0.010
  0.020,302.168,  0.000,  0.000
  0.020,302.163,  0.000,  0.000
  0.020,302.157,  0.000,  0.000
  0.020,302.150,  0.000,  0.000
  0.020,302.143,  0.000,  0.000
  0.020,302.135,  0.000,  0.000
  0.020,302.124,  0.000,  0.000
  0.020,302.113,  0.000,  0.000
  0.020,302.102,  0.000,  0.000
  0.020,302.091,  0.000,  0.000
  0.020,302.076,  0.000,  0.000
  0.020,302.057,  0.000,  0.000
  0.020,302.039,  0.000,  0.000
  0.020,302.024,  0.000,  0.000
  0.020,302.010,  0.000,  0.000
  0.020,301.998,  0.000,  0.000
  0.020,301.988,  0.000,  0.000
  0.020,301.977,  0.000,  0.000
  0.020,301.969,  0.000,  0.000
  0.020,301.963,  0.000,  0.000
  0.020,301.959,  0.000,  0.000
  0.020,301.955,  0.000,  0.000
  0.020,301.952,  0.000,  0.000
  0.020,301.952,  0.000,  0.010
  0.020,301.951,  0.000,  0.010
  0.020,302.172,  0.000,  0.000
  0.020,302.166,  0.000,  0.000
  0.020,302.160,  0.000,  0.000
  0.020,302.154,  0.000,  0.000
  0.020,302.147,  0.000,  0.000
  0.020,302.140,  0.000,  0.000
  0.020,302.130,  0.000,  0.000
  0.020,302.119,  0.000,  0.000
  0.020,302.106,  0.000,  0.000
  0.020,302.094,  0.000,  0.000
  0.020,302.083,  0.000,  0.000
  0.020,302.072,  0.000,  0.000
  0.020,302.058,  0.000,  0.000
  0.020,302.038,  0.000,  0.000
  0.020,302.019,  0.000,  0.000
  0.020,302.004,  0.000,  0.000
  0.020,301.993,  0.000,  0.000
  0.020,301.982,  0.000,  0.000
  0.020,301.973,  0.000,  0.000
  0.020,301.964,  0.000,  0.000
  0.020,301.959,  0.000,  0.000
  0.020,301.955,  0.000,  0.000
  0.020,301.952,  0.000,  0.000
  0.020,301.950,  0.000,  0.000
  0.020,301.949,  0.000,  0.000
  0.020,302.177,  0.000,  0.000
  0.020,302.172,  0.000,  0.000
  0.020,302.167,  0.000,  0.000
  0.020,302.160,  0.000,  0.000
  0.020,302.153,  0.000,  0.000
  0.020,302.145,  0.000,  0.000
  0.020,302.136,  0.000,  0.000
  0.020,302.126,  0.000,  0.000
  0.020,302.115,  0.000,  0.000
  0.020,302.104,  0.000,  0.000
  0.020,302.092,  0.000,  0.000
  0.020,302.079,  0.000,  0.000
  0.020,302.068,  0.000,  0.000
  0.020,302.056,  0.000,  0.000
  0.020,302.039,  0.000,  0.000
  0.020,302.018,  0.000,  0.000
  0.020,302.000,  0.000,  0.000
  0.020,301.988,  0.000,  0.000
  0.020,301.977,  0.000,  0.000
  0.020,301.968,  0.000,  0.000
  0.020,301.960,  0.000,  0.000
  0.020,301.956,  0.000,  0.000
  0.020,301.952,  0.000,  0.000
  0.020,301.950,  0.000,  0.000
  0.020,301.948,  0.000,  0.000
  0.020,302.178,  0.000,  0.000
  0.020,302.173,  0.000,  0.000
  0.020,302.167,  0.000,  0.000
  0.020,302.161,  0.000,  0.000
  0.020,302.154,  0.000,  0.000
  0.020,302.146,  0.000,  0.000
  0.020,302.137,  0.000,  0.000
  0.020,302.128,  0.000,  0.000
  0.020,302.117,  0.000,  0.000
  0.020,302.106,  0.000,  0.000
  0.020,302.095,  0.000,  0.000
  0.020,302.083,  0.000,  0.000
  0.020,302.071,  0.000,  0.000
  0.020,302.059,  0.000,  0.000
  0.020,302.048,  0.000,  0.000
  0.020,302.034,  0.000,  0.000
  0.020,302.014,  0.000,  0.000
  0.020,301.994,  0.000,  0.000
  0.020,301.982,  0.000,  0.000
  0.020,301.973,  0.000,  0.000
  0.020,301.964,  0.000,  0.000
  0.020,301.957,  0.000,  0.000
  0.020,301.954,  0.000,  0.000
  0.020,301.951,  0.000,  0.000
  0.020,301.949,  0.000,  0.000
  0.020,302.180,  0.000,  0.000
  0.020,302.175,  0.000,  0.000
  0.020,302.169,  0.000,  0.000
  0.020,302.163,  0.000,  0.000
  0.020,302.156,  0.000,  0.000
  0.020,302.148,  0.000,  0.000
  0.020,302.139,  0.000,  0.000
  0.020,302.129,  0.000,  0.000
  0.020,302.119,  0.000,  0.000
  0.020,302.109,  0.000,  0.000
  0.020,302.098,  0.000,  0.000
  0.020,302.086,  0.000,  0.000
  0.020,302.075,  0.000,  0.000
  0.020,302.063,  0.000,  0.000
  0.020,302.051,  0.000,  0.000
  0.020,302.040,  0.000,  0.000
  0.020,302.027,  0.000,  0.000
  0.020,302.010,  0.000,  0.000
  0.020,301.990,  0.000,  0.000
  0.020,301.979,  0.000,  0.000
  0.020,301.971,  0.000,  0.000
  0.020,301.963,  0.000,  0.000
  0.020,301.957,  0.000,  0.000
  0.020,301.953,  0.000,  0.000
  0.020,301.951,  0.000,  0.000
  0.020,302.182,  0.000,  0.000
  0.020,302.176,  0.000,  0.000
  0.020,302.171,  0.000,  0.000
  0.020,302.164,  0.000,  0.000
  0.020,302.157,  0.000,  0.000
  0.020,302.149,  0.000,  0.000
  0.020,302.140,  0.000,  0.000
  0.020,302.131,  0.000,  0.000
  0.020,302.121,  0.000,  0.000
  0.020,302.111,  0.000,  0.000
  0.020,302.100,  0.000,  0.000
  0.020,302.089,  0.000,  0.000
  0.020,302.078,  0.000,  0.000
  0.020,302.067,  0.000,  0.000
  0.020,302.056,  0.000,  0.000
  0.020,302.045,  0.000,  0.000
  0.020,302.034,  0.000,  0.000
  0.020,302.023,  0.000,  0.000
  0.020,302.009,  0.000,  0.000
  0.020,301.990,  0.000,  0.000
  0.020,301.977,  0.000,  0.000
  0.020,301.970,  0.000,  0.000
  0.020,301.963,  0.000,  0.000
  0.020,301.958,  0.000,  0.000
  0.020,301.954,  0.000,  0.000
  0.020,302.183,  0.000,  0.000
  0.020,302.178,  0.000,  0.000
  0.020,302.172,  0.000,  0.000
  0.020,302.165,  0.000,  0.000
  0.020,302.158,  0.000,  0.000
  0.020,302.150,  0.000,  0.000
  0.020,302.142,  0.000,  0.000
  0.020,302.133,  0.000,  0.000
  0.020,302.123,  0.000,  0.000
  0.020,302.113,  0.000,  0.000
  0.020,302.103,  0.000,  0.000
  0.020,302.092,  0.000,  0.000
  0.020,302.082,  0.000,  0.000
  0.020,302.071,  0.000,  0.000
  0.020,302.060,  0.000,  0.000
  0.020,302.050,  0.000,  0.000
  0.020,302.039,  0.000,  0.000
  0.020,302.029,  0.000,  0.000
  0.020,302.019,  0.000,  0.000
  0.020,302.010,  0.000,  0.000
  0.020,301.996,  0.000,  0.000
  0.020,301.980,  0.000,  0.000
  0.020,301.970,  0.000,  0.000
  0.020,301.965,  0.000,  0.000
  0.020,301.959,  0.000,  0.000
