  0.021,301.839,  0.009,  1.970
  0.021,301.830,  0.007,  1.970
  0.021,301.832,  0.002,  2.860
  0.021,301.828,  0.010,  2.860
  0.021,301.838,  0.024,  2.860
  0.021,301.871,  0.036,  2.860
  0.021,301.902,  0.042,  5.350
  0.021,301.902,  0.028,  5.350
  0.021,301.882,  0.003,  5.350
  0.021,301.896,  0.003,  3.310
  0.021,301.956,  0.001,  3.310
  0.021,302.015,  0.001,  3.310
  0.021,302.023,  0.002,  3.310
  0.021,301.978,  0.003,  0.230
  0.021,301.905,  0.004,  0.230
  0.021,301.850,  0.001,  0.230
  0.021,301.855,  0.001,  0.000
  0.021,301.901,  0.001,  0.000
  0.021,301.909,  0.001,  0.000
  0.021,301.866,  0.001,  0.000
  0.021,301.838,  0.000,  0.000
  0.021,301.866,  0.000,  0.000
  0.021,301.910,  0.000,  0.000
  0.021,301.942,  0.000,  0.000
  0.021,301.927,  0.000,  0.000
  0.021,301.800,  0.001,  0.920
  0.021,301.839,  0.000,  0.920
  0.021,301.886,  0.001,  0.650
  0.021,301.898,  0.002,  0.650
  0.021,301.891,  0.003,  0.650
  0.021,301.890,  0.003,  0.650
  0.021,301.889,  0.005,  0.000
  0.021,301.874,  0.001,  0.000
  0.021,301.873,  0.000,  0.000
  0.021,301.903,  0.002,  0.000
  0.021,301.945,  0.000,  0.000
  0.021,301.957,  0.000,  0.000
  0.021,301.945,  0.001,  0.000
  0.021,301.930,  0.001,  0.000
  0.021,301.912,  0.001,  0.000
  0.021,301.884,  0.001,  0.000
  0.021,301.868,  0.001,  0.000
  0.021,301.870,  0.001,  0.000
  0.021,301.857,  0.000,  0.000
  0.021,301.834,  0.000,  0.000
  0.021,301.837,  0.000,  0.000
  0.021,301.862,  0.000,  0.000
  0.021,301.880,  0.000,  0.000
  0.021,301.898,  0.000,  0.000
  0.021,301.902,  0.000,  0.000
  0.021,301.836,  0.001,  0.920
  0.021,301.836,  0.000,  0.920
  0.021,301.854,  0.000,  0.650
  0.021,301.881,  0.000,  0.650
  0.021,301.915,  0.001,  0.650
  0.021,301.938,  0.002,  0.650
  0.021,301.909,  0.001,  0.000
  0.021,301.857,  0.001,  0.000
  0.021,301.836,  0.000,  0.000
  0.021,301.852,  0.000,  0.000
  0.021,301.876,  0.000,  0.000
  0.021,301.898,  0.000,  0.000
  0.021,301.927,  0.000,  0.000
  0.021,301.938,  0.000,  0.000
  0.021,301.918,  0.000,  0.000
  0.021,301.882,  0.000,  0.000
  0.021,301.853,  0.000,  0.000
  0.021,301.837,  0.000,  0.000
  0.021,301.833,  0.000,  0.000
  0.021,301.838,  0.000,  0.000
  0.021,301.846,  0.000,  0.000
  0.021,301.850,  0.000,  0.000
  0.021,301.853,  0.000,  0.000
  0.021,301.884,  0.000,  0.000
  0.021,301.908,  0.000,  0.000
  0.021,301.895,  0.000,  0.920
  0.021,301.860,  0.000,  0.920
  0.021,301.854,  0.000,  0.650
  0.021,301.885,  0.000,  0.650
  0.021,301.921,  0.000,  0.650
  0.021,301.930,  0.000,  0.650
  0.021,301.891,  0.000,  0.000
  0.021,301.838,  0.000,  0.000
  0.021,301.817,  0.000,  0.000
  0.021,301.820,  0.000,  0.000
  0.021,301.832,  0.000,  0.000
  0.021,301.853,  0.000,  0.000
  0.021,301.876,  0.000,  0.000
  0.021,301.880,  0.000,  0.000
  0.021,301.864,  0.000,  0.000
  0.021,301.847,  0.000,  0.000
  0.021,301.842,  0.000,  0.000
  0.021,301.848,  0.000,  0.000
  0.021,301.853,  0.000,  0.000
  0.021,301.851,  0.000,  0.000
  0.021,301.844,  0.000,  0.000
  0.021,301.837,  0.000,  0.000
  0.021,301.841,  0.000,  0.000
  0.021,301.878,  0.000,  0.000
  0.021,301.908,  0.000,  0.000
  0.021,301.891,  0.000,  0.920
  0.021,301.886,  0.000,  0.920
  0.021,301.902,  0.000,  0.650
  0.021,301.924,  0.000,  0.650
  0.021,301.932,  0.000,  0.650
  0.021,301.905,  0.000,  0.650
  0.021,301.839,  0.000,  0.000
  0.021,301.791,  0.000,  0.000
  0.021,301.800,  0.000,  0.000
  0.021,301.834,  0.000,  0.000
  0.021,301.869,  0.000,  0.000
  0.021,301.885,  0.000,  0.000
  0.021,301.875,  0.000,  0.000
  0.021,301.851,  0.000,  0.000
  0.021,301.833,  0.000,  0.000
  0.021,301.833,  0.000,  0.000
  0.021,301.847,  0.000,  0.000
  0.021,301.863,  0.000,  0.000
  0.021,301.865,  0.000,  0.000
  0.021,301.861,  0.000,  0.000
  0.021,301.855,  0.000,  0.000
  0.021,301.850,  0.000,  0.000
  0.021,301.851,  0.000,  0.000
  0.021,301.875,  0.000,  0.000
  0.021,301.896,  0.000,  0.000
  0.021,301.842,  0.000,  0.000
  0.021,301.877,  0.000,  0.000
  0.021,301.934,  0.000,  0.000
  0.021,301.971,  0.000,  0.000
  0.021,301.960,  0.000,  0.000
  0.021,301.910,  0.000,  0.000
  0.021,301.841,  0.000,  0.000
  0.022,301.788,  0.000,  0.000
  0.021,301.792,  0.000,  0.000
  0.021,301.838,  0.000,  0.000
  0.021,301.871,  0.000,  0.000
  0.021,301.872,  0.000,  0.000
  0.021,301.845,  0.000,  0.000
  0.021,301.809,  0.000,  0.000
  0.021,301.795,  0.000,  0.000
  0.021,301.805,  0.000,  0.000
  0.021,301.821,  0.000,  0.000
  0.021,301.838,  0.000,  0.000
  0.021,301.853,  0.000,  0.000
  0.021,301.861,  0.000,  0.000
  0.021,301.860,  0.000,  0.000
  0.021,301.858,  0.000,  0.000
  0.021,301.858,  0.000,  0.000
  0.021,301.872,  0.000,  0.000
  0.021,301.888,  0.000,  0.000
  0.021,301.817,  0.000,  0.000
  0.021,301.831,  0.000,  0.000
  0.021,301.879,  0.000,  0.000
  0.021,301.922,  0.000,  0.000
  0.021,301.941,  0.000,  0.000
  0.021,301.943,  0.000,  0.000
  0.021,301.923,  0.000,  0.000
  0.021,301.873,  0.000,  0.000
  0.021,301.831,  0.000,  0.000
  0.021,301.823,  0.000,  0.000
  0.021,301.829,  0.000,  0.000
  0.021,301.829,  0.000,  0.000
  0.021,301.826,  0.000,  0.000
  0.021,301.820,  0.000,  0.000
  0.021,301.803,  0.000,  0.000
  0.021,301.792,  0.000,  0.000
  0.021,301.801,  0.000,  0.000
  0.021,301.822,  0.000,  0.000
  0.021,301.841,  0.000,  0.000
  0.021,301.851,  0.000,  0.000
  0.021,301.853,  0.000,  0.000
  0.021,301.853,  0.000,  0.000
  0.021,301.859,  0.000,  0.000
  0.021,301.879,  0.000,  0.000
  0.021,301.894,  0.000,  0.000
  0.021,301.856,  0.000,  0.000
  0.021,301.848,  0.000,  0.000
  0.021,301.856,  0.000,  0.000
  0.021,301.872,  0.000,  0.000
  0.021,301.889,  0.000,  0.000
  0.021,301.897,  0.000,  0.000
  0.021,301.886,  0.000,  0.000
  0.021,301.859,  0.000,  0.000
  0.021,301.833,  0.000,  0.000
  0.021,301.813,  0.000,  0.000
  0.021,301.801,  0.000,  0.000
  0.021,301.807,  0.000,  0.000
  0.021,301.832,  0.000,  0.000
  0.021,301.851,  0.000,  0.000
  0.021,301.847,  0.000,  0.000
  0.021,301.825,  0.000,  0.000
  0.021,301.812,  0.000,  0.000
  0.021,301.822,  0.000,  0.000
  0.021,301.840,  0.000,  0.000
  0.021,301.851,  0.000,  0.000
  0.021,301.854,  0.000,  0.000
  0.021,301.859,  0.000,  0.000
  0.021,301.872,  0.000,  0.000
  0.021,301.887,  0.000,  0.000
  0.021,301.883,  0.000,  0.000
  0.021,301.893,  0.000,  0.000
  0.021,301.904,  0.000,  0.000
  0.021,301.908,  0.000,  0.000
  0.021,301.904,  0.000,  0.000
  0.021,301.896,  0.000,  0.000
  0.021,301.881,  0.000,  0.000
  0.021,301.860,  0.000,  0.000
  0.021,301.842,  0.000,  0.000
  0.021,301.835,  0.000,  0.000
  0.021,301.832,  0.000,  0.000
  0.021,301.824,  0.000,  0.000
  0.021,301.821,  0.000,  0.000
  0.021,301.832,  0.000,  0.000
  0.021,301.854,  0.000,  0.000
  0.021,301.877,  0.000,  0.000
  0.021,301.879,  0.000,  0.000
  0.021,301.855,  0.000,  0.000
  0.021,301.839,  0.000,  0.000
  0.021,301.850,  0.000,  0.000
  0.021,301.868,  0.000,  0.000
  0.021,301.876,  0.000,  0.000
  0.021,301.876,  0.000,  0.000
  0.021,301.877,  0.000,  0.000
  0.021,301.879,  0.000,  0.000
  0.021,301.872,  0.000,  0.000
  0.021,301.871,  0.000,  0.060
  0.021,301.912,  0.000,  0.060
  0.021,301.929,  0.000,  0.080
  0.021,301.920,  0.000,  0.080
  0.021,301.908,  0.000,  0.080
  0.021,301.902,  0.000,  0.080
  0.021,301.890,  0.000,  0.060
  0.021,301.865,  0.000,  0.060
  0.021,301.838,  0.000,  0.060
  0.021,301.827,  0.000,  0.000
  0.021,301.834,  0.000,  0.000
  0.021,301.838,  0.000,  0.000
  0.021,301.841,  0.000,  0.000
  0.021,301.851,  0.000,  0.000
  0.021,301.874,  0.000,  0.000
  0.021,301.893,  0.000,  0.000
  0.021,301.889,  0.000,  0.000
  0.021,301.866,  0.000,  0.000
  0.021,301.855,  0.000,  0.000
  0.021,301.863,  0.000,  0.000
  0.021,301.873,  0.000,  0.000
  0.021,301.878,  0.000,  0.000
  0.021,301.870,  0.000,  0.000
  0.021,301.859,  0.000,  0.000
  0.021,301.858,  0.000,  0.000
  0.021,301.863,  0.000,  0.060
  0.021,301.910,  0.000,  0.060
  0.021,301.938,  0.000,  0.080
  0.021,301.940,  0.000,  0.080
  0.021,301.925,  0.000,  0.080
  0.021,301.906,  0.000,  0.080
  0.021,301.894,  0.000,  0.060
  0.021,301.887,  0.000,  0.060
  0.021,301.871,  0.000,  0.060
  0.021,301.839,  0.000,  0.000
  0.021,301.814,  0.000,  0.000
  0.021,301.814,  0.000,  0.000
  0.021,301.833,  0.000,  0.000
  0.021,301.854,  0.000,  0.000
  0.021,301.873,  0.000,  0.000
  0.021,301.880,  0.000,  0.000
  0.021,301.869,  0.000,  0.000
  0.021,301.860,  0.000,  0.000
  0.021,301.876,  0.000,  0.000
  0.021,301.906,  0.000,  0.000
  0.021,301.920,  0.000,  0.000
  0.021,301.907,  0.000,  0.000
  0.021,301.882,  0.000,  0.000
  0.021,301.863,  0.000,  0.000
  0.021,301.863,  0.000,  0.000
  0.021,301.852,  0.000,  0.060
  0.021,301.896,  0.000,  0.060
  0.021,301.936,  0.000,  0.080
  0.021,301.939,  0.000,  0.080
  0.021,301.915,  0.000,  0.080
  0.021,301.890,  0.000,  0.080
  0.021,301.874,  0.000,  0.060
  0.021,301.870,  0.000,  0.060
  0.021,301.870,  0.000,  0.060
  0.021,301.857,  0.000,  0.000
  0.021,301.834,  0.000,  0.000
  0.021,301.818,  0.000,  0.000
  0.021,301.822,  0.000,  0.000
  0.021,301.841,  0.000,  0.000
  0.021,301.860,  0.000,  0.000
  0.021,301.864,  0.000,  0.000
  0.021,301.854,  0.000,  0.000
  0.021,301.860,  0.000,  0.000
  0.021,301.898,  0.000,  0.000
  0.021,301.944,  0.000,  0.000
  0.021,301.962,  0.000,  0.000
  0.021,301.934,  0.000,  0.000
  0.021,301.889,  0.000,  0.000
  0.021,301.861,  0.000,  0.000
  0.021,301.859,  0.000,  0.000
  0.021,301.874,  0.000,  0.060
  0.021,301.871,  0.000,  0.060
  0.021,301.870,  0.000,  0.080
  0.021,301.867,  0.000,  0.080
  0.021,301.880,  0.000,  0.080
  0.021,301.899,  0.000,  0.080
  0.021,301.900,  0.000,  0.060
  0.021,301.878,  0.000,  0.060
  0.021,301.857,  0.000,  0.060
  0.021,301.858,  0.000,  0.000
  0.021,301.866,  0.000,  0.000
  0.021,301.861,  0.000,  0.000
  0.021,301.853,  0.000,  0.000
  0.021,301.856,  0.000,  0.000
  0.021,301.867,  0.000,  0.000
  0.021,301.869,  0.000,  0.000
  0.021,301.866,  0.000,  0.000
  0.021,301.862,  0.000,  0.000
  0.021,301.881,  0.000,  0.000
  0.021,301.905,  0.000,  0.000
  0.021,301.913,  0.000,  0.000
  0.021,301.903,  0.000,  0.000
  0.021,301.879,  0.000,  0.000
  0.021,301.858,  0.000,  0.000
  0.021,301.855,  0.000,  0.000
  0.021,301.883,  0.000,  0.000
  0.021,301.876,  0.000,  0.000
  0.021,301.858,  0.000,  0.000
  0.021,301.841,  0.000,  0.000
  0.021,301.841,  0.000,  0.000
  0.021,301.857,  0.000,  0.000
  0.021,301.865,  0.000,  0.000
  0.021,301.856,  0.000,  0.000
  0.021,301.847,  0.000,  0.000
  0.021,301.855,  0.000,  0.000
  0.021,301.874,  0.000,  0.000
  0.021,301.882,  0.000,  0.000
  0.021,301.875,  0.000,  0.000
  0.021,301.867,  0.000,  0.000
  0.021,301.871,  0.000,  0.000
  0.021,301.879,  0.000,  0.000
  0.021,301.880,  0.000,  0.000
  0.021,301.870,  0.000,  0.000
  0.021,301.858,  0.000,  0.000
  0.021,301.858,  0.000,  0.000
  0.021,301.873,  0.000,  0.000
  0.021,301.894,  0.000,  0.000
  0.021,301.897,  0.000,  0.000
  0.021,301.872,  0.000,  0.000
  0.021,301.843,  0.000,  0.000
  0.021,301.878,  0.000,  0.000
  0.021,301.885,  0.000,  0.000
  0.021,301.869,  0.000,  0.000
  0.021,301.839,  0.000,  0.000
  0.021,301.819,  0.000,  0.000
  0.021,301.818,  0.000,  0.000
  0.021,301.829,  0.000,  0.000
  0.021,301.847,  0.000,  0.000
  0.021,301.860,  0.000,  0.000
  0.021,301.861,  0.000,  0.000
  0.021,301.858,  0.000,  0.000
  0.021,301.856,  0.000,  0.000
  0.021,301.858,  0.000,  0.000
  0.021,301.872,  0.000,  0.000
  0.021,301.890,  0.000,  0.000
  0.021,301.893,  0.000,  0.000
  0.021,301.874,  0.000,  0.000
  0.021,301.858,  0.000,  0.000
  0.021,301.870,  0.000,  0.000
  0.021,301.911,  0.000,  0.000
  0.021,301.931,  0.000,  0.000
  0.021,301.924,  0.000,  0.000
  0.021,301.895,  0.000,  0.000
  0.021,301.868,  0.000,  0.000
  0.021,301.864,  0.000,  0.000
