  0.020,300.344,  0.000,  0.000
  0.020,300.236,  0.000,  0.000
  0.020,300.224,  0.000,  0.020
  0.020,300.289,  0.000,  0.020
  0.020,300.400,  0.000,  0.020
  0.020,300.505,  0.000,  0.020
  0.020,300.518,  0.000,  0.000
  0.020,300.485,  0.000,  0.000
  0.020,300.505,  0.000,  0.000
  0.020,300.522,  0.000,  0.030
  0.020,300.507,  0.000,  0.030
  0.020,300.439,  0.000,  0.030
  0.020,300.366,  0.000,  0.030
  0.020,300.252,  0.000,  0.010
  0.020,300.085,  0.000,  0.010
  0.020,299.928,  0.000,  0.010
  0.020,299.902,  0.000,  0.010
  0.020,300.005,  0.000,  0.010
  0.020,300.097,  0.000,  0.010
  0.020,300.147,  0.000,  0.010
  0.020,300.203,  0.006,  0.070
  0.019,300.283,  0.027,  0.070
  0.020,300.636,  0.044,  0.070
  0.019,300.526,  0.015,  0.070
  0.019,300.583,  0.002,  0.070
  0.020,300.343,  0.000,  0.010
  0.020,300.228, -0.000,  0.010
  0.020,300.196,  0.000,  0.000
  0.020,300.260,  0.000,  0.000
  0.020,300.356,  0.000,  0.000
  0.020,300.385,  0.000,  0.000
  0.020,300.280,  0.000,  0.000
  0.020,300.203,  0.000,  0.000
  0.020,300.359,  0.000,  0.000
  0.020,300.475,  0.000,  0.000
  0.020,300.458,  0.000,  0.000
  0.020,300.385,  0.000,  0.000
  0.020,300.346,  0.000,  0.000
  0.020,300.265,  0.000,  0.000
  0.020,300.151,  0.000,  0.000
  0.020,300.038,  0.000,  0.000
  0.020,299.989,  0.000,  0.030
  0.020,300.023,  0.001,  0.030
  0.020,300.102,  0.034,  0.030
  0.020,300.188,  0.132,  0.030
  0.020,300.262,  0.158,  0.040
  0.019,300.344,  0.064,  0.040
  0.020,300.701,  0.017,  0.040
  0.019,300.608,  0.003,  0.100
  0.019,300.644,  0.004,  0.100
  0.020,300.396,  0.000,  0.010
  0.020,300.301,  0.000,  0.010
  0.020,300.295,  0.000,  0.000
  0.020,300.331,  0.000,  0.000
  0.020,300.330,  0.000,  0.000
  0.020,300.281,  0.000,  0.000
  0.020,300.227,  0.000,  0.000
  0.020,300.238,  0.000,  0.000
  0.020,300.316,  0.000,  0.000
  0.020,300.374,  0.000,  0.000
  0.020,300.371, -0.000,  0.000
  0.020,300.355,  0.000,  0.000
  0.020,300.320,  0.000,  0.000
  0.020,300.253,  0.000,  0.000
  0.020,300.169,  0.000,  0.000
  0.020,300.102,  0.000,  0.000
  0.020,300.078,  0.000,  0.030
  0.020,300.120,  0.002,  0.030
  0.020,300.198,  0.079,  0.030
  0.020,300.262,  0.293,  0.030
  0.020,300.325,  0.260,  0.040
  0.019,300.413,  0.052,  0.040
  0.019,300.520,  0.005,  0.040
  0.019,300.635,  0.001,  0.100
  0.020,300.663,  0.002,  0.100
  0.020,300.403,  0.000,  0.010
  0.020,300.295,  0.000,  0.010
  0.020,300.263,  0.000,  0.000
  0.020,300.287,  0.000,  0.000
  0.020,300.278,  0.000,  0.000
  0.020,300.209,  0.000,  0.000
  0.020,300.136,  0.000,  0.000
  0.020,300.164,  0.000,  0.000
  0.020,300.261, -0.000,  0.000
  0.020,300.325,  0.000,  0.000
  0.020,300.341,  0.000,  0.000
  0.020,300.347,  0.000,  0.000
  0.020,300.329,  0.000,  0.000
  0.020,300.272,  0.000,  0.000
  0.020,300.211,  0.000,  0.000
  0.020,300.177,  0.000,  0.000
  0.020,300.172,  0.000,  0.030
  0.020,300.199,  0.000,  0.030
  0.020,300.243,  0.012,  0.030
  0.020,300.308,  0.071,  0.030
  0.020,300.371,  0.091,  0.040
  0.020,300.402,  0.013,  0.040
  0.019,300.488,  0.001,  0.040
  0.020,300.640,  0.000,  0.100
  0.020,300.690,  0.000,  0.100
  0.020,300.430,  0.000,  0.010
  0.020,300.368,  0.000,  0.010
  0.020,300.282,  0.000,  0.000
  0.020,300.192,  0.000,  0.000
  0.020,300.136,  0.000,  0.000
  0.020,300.087,  0.000,  0.000
  0.020,300.045,  0.000,  0.000
  0.020,300.081,  0.000,  0.000
  0.020,300.205,  0.000,  0.000
  0.020,300.284,  0.000,  0.000
  0.020,300.257,  0.000,  0.000
  0.020,300.225,  0.000,  0.000
  0.020,300.248,  0.000,  0.000
  0.020,300.270, -0.000,  0.000
  0.020,300.242, -0.000,  0.000
  0.020,300.201,  0.000,  0.000
  0.020,300.188, -0.000,  0.030
  0.020,300.214,  0.000,  0.030
  0.020,300.269,  0.000,  0.030
  0.020,300.287,  0.003,  0.030
  0.020,300.152,  0.005,  0.040
  0.020,300.012,  0.001,  0.040
  0.021,300.538,  0.000,  0.040
  0.020,300.673,  0.000,  0.100
  0.020,300.742,  0.000,  0.100
  0.020,300.410,  0.000,  0.000
  0.020,300.345,  0.000,  0.000
  0.020,300.251,  0.000,  0.000
  0.020,300.130,  0.000,  0.000
  0.020,300.047,  0.000,  0.000
  0.020,300.026,  0.000,  0.000
  0.020,300.043,  0.000,  0.000
  0.020,300.096,  0.000,  0.000
  0.020,300.188,  0.000,  0.000
  0.020,300.256,  0.000,  0.000
  0.020,300.235,  0.000,  0.000
  0.020,300.192,  0.000,  0.000
  0.020,300.189,  0.000,  0.000
  0.020,300.209,  0.000,  0.000
  0.020,300.206,  0.000,  0.000
  0.020,300.178,  0.000,  0.000
  0.020,300.164,  0.000,  0.000
  0.020,300.213,  0.000,  0.000
  0.020,300.243,  0.000,  0.000
  0.020,300.052,  0.000,  0.000
  0.020,299.633,  0.000,  0.000
  0.020,299.407,  0.000,  0.000
  0.021,300.220,  0.000,  0.000
  0.020,300.636,  0.000,  0.000
  0.020,300.772,  0.000,  0.000
  0.019,300.313,  0.000,  0.000
  0.019,300.273,  0.000,  0.000
  0.020,300.174,  0.000,  0.000
  0.020,300.062,  0.000,  0.000
  0.020,299.987,  0.000,  0.000
  0.020,299.990,  0.000,  0.000
  0.020,300.067,  0.000,  0.000
  0.020,300.136,  0.000,  0.000
  0.020,300.203,  0.000,  0.000
  0.020,300.264,  0.000,  0.000
  0.020,300.285,  0.000,  0.000
  0.020,300.257,  0.000,  0.000
  0.020,300.209,  0.000,  0.000
  0.020,300.178,  0.000,  0.000
  0.020,300.175,  0.000,  0.000
  0.020,300.169,  0.000,  0.000
  0.020,300.177,  0.000,  0.000
  0.020,300.229,  0.000,  0.000
  0.020,300.164,  0.000,  0.000
  0.021,299.808,  0.000,  0.000
  0.020,299.334,  0.000,  0.000
  0.020,299.441,  0.000,  0.000
  0.021,299.963,  0.000,  0.000
  0.021,300.695,  0.000,  0.000
  0.020,300.760,  0.000,  0.000
  0.020,300.319,  0.000,  0.000
  0.020,300.290,  0.000,  0.000
  0.020,300.185,  0.000,  0.000
  0.020,300.053,  0.000,  0.000
  0.020,299.948,  0.000,  0.000
  0.020,299.907,  0.000,  0.000
  0.020,299.962,  0.000,  0.000
  0.020,300.058,  0.000,  0.000
  0.020,300.171,  0.000,  0.000
  0.020,300.319,  0.000,  0.000
  0.020,300.428,  0.000,  0.000
  0.020,300.401,  0.000,  0.000
  0.020,300.290,  0.000,  0.000
  0.020,300.214,  0.000,  0.000
  0.020,300.209,  0.000,  0.000
  0.020,300.226,  0.000,  0.000
  0.020,300.279,  0.000,  0.000
  0.020,300.377,  0.000,  0.000
  0.020,300.273,  0.001,  0.000
  0.021,299.755,  0.002,  0.000
  0.020,299.290,  0.002,  0.000
  0.019,299.205,  0.001,  0.000
  0.020,300.099,  0.000,  0.000
  0.021,300.718,  0.000,  0.000
  0.020,300.768,  0.000,  0.000
  0.020,300.373,  0.000,  0.000
  0.020,300.379,  0.000,  0.000
  0.020,300.272,  0.000,  0.000
  0.020,300.100,  0.000,  0.000
  0.020,299.954,  0.000,  0.000
  0.020,299.867,  0.000,  0.000
  0.020,299.844,  0.000,  0.000
  0.020,299.892,  0.000,  0.000
  0.021,300.295,  0.000,  0.000
  0.020,300.282,  0.000,  0.000
  0.020,300.462,  0.000,  0.000
  0.020,300.471,  0.000,  0.000
  0.020,300.405,  0.000,  0.000
  0.020,300.337,  0.000,  0.000
  0.020,300.322,  0.000,  0.000
  0.020,300.374,  0.000,  0.000
  0.020,300.496,  0.000,  0.000
  0.020,300.653,  0.000,  0.000
  0.020,300.628,  0.008,  0.000
  0.020,300.190,  0.030,  0.000
  0.020,299.693,  0.035,  0.000
  0.020,299.712,  0.007,  0.000
  0.020,300.223,  0.001,  0.000
  0.020,300.690,  0.000,  0.000
  0.020,300.768,  0.000,  0.000
  0.020,300.427,  0.000,  0.000
  0.020,300.427,  0.000,  0.000
  0.020,300.387,  0.000,  0.000
  0.020,300.296,  0.000,  0.000
  0.020,300.147,  0.000,  0.000
  0.020,299.990,  0.000,  0.000
  0.020,299.890,  0.001,  0.000
  0.020,299.858,  0.001,  0.000
  0.021,300.272,  0.000,  0.000
  0.021,300.397,  0.000,  0.000
  0.020,300.241,  0.000,  0.000
  0.020,300.317,  0.000,  0.000
  0.020,300.306,  0.000,  0.000
  0.020,300.322,  0.000,  0.000
  0.020,300.397,  0.000,  0.000
  0.020,300.490,  0.000,  0.000
  0.020,300.606,  0.000,  0.000
  0.020,300.709,  0.000,  0.000
  0.020,300.757,  0.013,  0.000
  0.020,300.606,  0.043,  0.000
  0.020,300.252,  0.033,  0.000
  0.020,300.181,  0.002,  0.000
  0.020,300.522,  0.001,  0.000
  0.020,300.790,  0.000,  0.000
  0.020,300.782,  0.000,  0.000
  0.020,300.456,  0.000,  0.000
  0.020,300.397,  0.000,  0.000
  0.020,300.372,  0.000,  0.000
  0.020,300.438,  0.000,  0.000
  0.020,300.437,  0.000,  0.000
  0.020,300.309,  0.001,  0.000
  0.020,300.153,  0.003,  0.000
  0.020,300.010,  0.002,  0.000
  0.021,300.297,  0.000,  0.000
  0.021,300.373,  0.000,  0.000
  0.020,300.074,  0.000,  0.000
  0.020,299.911,  0.000,  0.000
  0.020,299.742,  0.000,  0.000
  0.021,300.160,  0.000,  0.000
  0.021,300.335,  0.000,  0.000
  0.021,300.549,  0.000,  0.000
  0.021,300.705,  0.000,  0.000
  0.021,300.803,  0.000,  0.000
  0.020,300.694,  0.001,  0.000
  0.020,300.778,  0.003,  0.000
  0.020,300.718,  0.002,  0.000
  0.020,300.609,  0.000,  0.000
  0.020,300.611,  0.000,  0.000
  0.020,300.668,  0.000,  0.000
  0.020,300.762,  0.000,  0.000
  0.020,300.437,  0.000,  0.000
  0.020,300.422,  0.000,  0.000
  0.021,300.470,  0.000,  0.000
  0.020,300.544,  0.000,  0.000
  0.020,300.578,  0.000,  0.000
  0.020,300.548,  0.000,  0.000
  0.020,300.464,  0.000,  0.000
  0.020,300.353,  0.000,  0.000
  0.020,300.237,  0.000,  0.000
  0.020,300.080,  0.000,  0.000
  0.020,299.751,  0.000,  0.000
  0.019,299.398,  0.000,  0.000
  0.020,299.755,  0.000,  0.000
  0.020,299.750,  0.000,  0.000
  0.020,299.866,  0.000,  0.000
  0.021,300.054,  0.000,  0.000
  0.021,300.315,  0.000,  0.000
  0.021,300.597,  0.000,  0.000
  0.020,300.522,  0.000,  0.000
  0.020,300.626,  0.000,  0.000
  0.020,300.667,  0.000,  0.000
  0.020,300.584,  0.000,  0.000
  0.020,300.502,  0.000,  0.000
  0.020,300.563,  0.000,  0.000
  0.020,300.725,  0.000,  0.000
  0.020,300.502,  0.000,  0.000
  0.020,300.501,  0.000,  0.000
  0.021,300.523,  0.000,  0.000
  0.021,300.590,  0.000,  0.000
  0.020,300.671,  0.000,  0.000
  0.020,300.704,  0.000,  0.000
  0.020,300.678,  0.000,  0.000
  0.020,300.546,  0.000,  0.000
  0.020,300.132,  0.000,  0.000
  0.020,299.751,  0.000,  0.000
  0.020,299.488,  0.000,  0.000
  0.021,299.884,  0.000,  0.000
  0.020,299.676,  0.000,  0.000
  0.021,299.710,  0.000,  0.000
  0.020,299.713,  0.000,  0.000
  0.020,299.783,  0.000,  0.000
  0.021,300.002,  0.000,  0.000
  0.021,300.385,  0.000,  0.000
  0.020,300.355,  0.000,  0.000
  0.020,300.448,  0.000,  0.000
  0.021,300.506,  0.000,  0.000
  0.021,300.488,  0.000,  0.000
  0.021,300.427,  0.000,  0.000
  0.020,300.499,  0.000,  0.000
  0.020,300.679,  0.000,  0.000
  0.020,300.470,  0.000,  0.000
  0.020,300.469,  0.000,  0.000
  0.021,300.472,  0.000,  0.000
  0.021,300.498,  0.000,  0.000
  0.021,300.578,  0.000,  0.000
  0.020,300.714,  0.000,  0.000
  0.020,300.758,  0.000,  0.000
  0.020,300.437,  0.000,  0.000
  0.021,299.769,  0.000,  0.000
  0.020,299.356,  0.000,  0.000
  0.021,299.850,  0.000,  0.000
  0.020,299.650,  0.000,  0.000
  0.020,299.646,  0.000,  0.000
  0.020,299.479,  0.000,  0.000
  0.020,299.382,  0.000,  0.000
  0.021,299.852,  0.000,  0.000
  0.021,300.049,  0.000,  0.000
  0.021,300.405,  0.000,  0.000
  0.020,300.344,  0.000,  0.000
  0.021,300.419,  0.000,  0.000
  0.021,300.452,  0.000,  0.000
  0.021,300.417,  0.000,  0.000
  0.021,300.365,  0.000,  0.000
  0.021,300.412,  0.000,  0.000
  0.020,300.547,  0.000,  0.000
  0.020,300.441,  0.000,  0.000
  0.020,300.461,  0.000,  0.000
  0.020,300.482,  0.000,  0.000
  0.021,300.467,  0.000,  0.000
  0.021,300.462,  0.000,  0.000
  0.021,300.573,  0.000,  0.000
  0.020,300.655,  0.000,  0.000
  0.021,300.272,  0.000,  0.000
  0.021,299.576,  0.000,  0.000
  0.020,299.193,  0.000,  0.000
  0.021,299.740,  0.000,  0.000
  0.021,300.108,  0.000,  0.000
  0.020,299.834,  0.000,  0.000
  0.020,299.731,  0.000,  0.000
  0.020,299.599,  0.000,  0.000
  0.021,299.984,  0.000,  0.000
  0.021,300.158,  0.000,  0.000
  0.020,300.180,  0.000,  0.000
  0.020,300.450,  0.000,  0.000
  0.021,300.504,  0.000,  0.000
  0.021,300.476,  0.000,  0.000
  0.021,300.407,  0.000,  0.000
  0.021,300.332,  0.000,  0.000
  0.021,300.317,  0.000,  0.000
  0.021,300.380,  0.000,  0.000
