  0.017,299.203,  0.000,  0.000
  0.017,299.203,  0.000,  0.000
  0.017,299.204,  0.000,  0.000
  0.017,299.209,  0.000,  0.000
  0.017,299.220,  0.000,  0.000
  0.017,299.230,  0.000,  0.000
  0.017,299.238,  0.000,  0.000
  0.017,299.243,  0.000,  0.000
  0.017,299.245,  0.000,  0.000
  0.017,299.249,  0.000,  0.000
  0.017,299.258,  0.000,  0.000
  0.017,299.269,  0.000,  0.000
  0.017,299.278,  0.000,  0.000
  0.017,299.286,  0.000,  0.000
  0.017,299.294,  0.000,  0.000
  0.017,299.304,  0.000,  0.000
  0.017,299.315,  0.000,  0.000
  0.017,299.325,  0.000,  0.000
  0.017,299.336,  0.000,  0.000
  0.017,299.347,  0.000,  0.000
  0.017,299.359,  0.000,  0.000
  0.017,299.371,  0.000,  0.000
  0.017,299.383,  0.000,  0.000
  0.017,299.422,  0.000,  0.000
  0.017,299.433,  0.000,  0.000
  0.017,299.210,  0.000,  0.000
  0.017,299.215,  0.000,  0.000
  0.017,299.216,  0.000,  0.000
  0.017,299.216,  0.000,  0.000
  0.017,299.219,  0.000,  0.000
  0.017,299.228,  0.000,  0.000
  0.017,299.240,  0.000,  0.000
  0.017,299.250,  0.000,  0.000
  0.017,299.256,  0.000,  0.000
  0.017,299.258,  0.000,  0.000
  0.017,299.261,  0.000,  0.000
  0.017,299.268,  0.000,  0.000
  0.017,299.278,  0.000,  0.000
  0.017,299.289,  0.000,  0.000
  0.017,299.298,  0.000,  0.000
  0.017,299.307,  0.000,  0.000
  0.017,299.317,  0.000,  0.000
  0.017,299.327,  0.000,  0.000
  0.017,299.338,  0.000,  0.000
  0.017,299.349,  0.000,  0.000
  0.017,299.361,  0.000,  0.000
  0.017,299.373,  0.000,  0.000
  0.017,299.385,  0.000,  0.000
  0.017,299.421,  0.000,  0.000
  0.017,299.432,  0.000,  0.000
  0.017,299.213,  0.000,  0.000
  0.017,299.219,  0.000,  0.000
  0.017,299.225,  0.000,  0.000
  0.017,299.228,  0.000,  0.000
  0.017,299.229,  0.000,  0.000
  0.017,299.231,  0.000,  0.000
  0.017,299.237,  0.000,  0.000
  0.017,299.246,  0.000,  0.000
  0.017,299.257,  0.000,  0.000
  0.017,299.265,  0.000,  0.000
  0.017,299.270,  0.000,  0.000
  0.017,299.274,  0.000,  0.000
  0.017,299.279,  0.000,  0.000
  0.017,299.288,  0.000,  0.000
  0.017,299.298,  0.000,  0.000
  0.017,299.308,  0.000,  0.000
  0.017,299.318,  0.000,  0.000
  0.017,299.328,  0.000,  0.000
  0.017,299.339,  0.000,  0.000
  0.017,299.350,  0.000,  0.000
  0.017,299.362,  0.000,  0.000
  0.017,299.373,  0.000,  0.000
  0.017,299.385,  0.000,  0.000
  0.017,299.419,  0.000,  0.000
  0.017,299.428,  0.000,  0.000
  0.017,299.218,  0.000,  0.000
  0.017,299.220,  0.000,  0.000
  0.017,299.225,  0.000,  0.000
  0.017,299.232,  0.000,  0.000
  0.017,299.238,  0.000,  0.000
  0.017,299.241,  0.000,  0.000
  0.017,299.243,  0.000,  0.000
  0.017,299.247,  0.000,  0.000
  0.017,299.252,  0.000,  0.000
  0.017,299.261,  0.000,  0.000
  0.017,299.272,  0.000,  0.000
  0.017,299.279,  0.000,  0.000
  0.017,299.284,  0.000,  0.000
  0.017,299.290,  0.000,  0.000
  0.017,299.297,  0.000,  0.000
  0.017,299.307,  0.000,  0.000
  0.017,299.317,  0.000,  0.000
  0.017,299.328,  0.000,  0.000
  0.017,299.339,  0.000,  0.000
  0.017,299.350,  0.000,  0.000
  0.017,299.362,  0.000,  0.000
  0.017,299.372,  0.000,  0.000
  0.017,299.383,  0.000,  0.000
  0.017,299.414,  0.000,  0.000
  0.017,299.424,  0.000,  0.000
  0.017,299.229,  0.000,  0.000
  0.017,299.227,  0.000,  0.000
  0.017,299.227,  0.000,  0.000
  0.017,299.230,  0.000,  0.000
  0.017,299.235,  0.000,  0.000
  0.017,299.243,  0.000,  0.000
  0.017,299.251,  0.000,  0.000
  0.017,299.255,  0.000,  0.000
  0.017,299.257,  0.000,  0.000
  0.017,299.260,  0.000,  0.000
  0.017,299.267,  0.000,  0.000
  0.017,299.277,  0.000,  0.000
  0.017,299.287,  0.000,  0.000
  0.017,299.294,  0.000,  0.000
  0.017,299.300,  0.000,  0.000
  0.017,299.307,  0.000,  0.000
  0.017,299.316,  0.000,  0.000
  0.017,299.326,  0.000,  0.000
  0.017,299.337,  0.000,  0.000
  0.017,299.348,  0.000,  0.000
  0.017,299.360,  0.000,  0.000
  0.017,299.371,  0.000,  0.000
  0.017,299.381,  0.000,  0.000
  0.017,299.408,  0.000,  0.000
  0.017,299.417,  0.000,  0.000
  0.017,299.233,  0.000,  0.000
  0.017,299.238,  0.000,  0.000
  0.017,299.239,  0.000,  0.000
  0.017,299.236,  0.000,  0.000
  0.017,299.236,  0.000,  0.000
  0.017,299.239,  0.000,  0.000
  0.017,299.246,  0.000,  0.000
  0.017,299.257,  0.000,  0.000
  0.017,299.264,  0.000,  0.000
  0.017,299.266,  0.000,  0.000
  0.017,299.269,  0.000,  0.000
  0.017,299.274,  0.000,  0.000
  0.017,299.284,  0.000,  0.000
  0.017,299.295,  0.000,  0.000
  0.017,299.302,  0.000,  0.000
  0.017,299.308,  0.000,  0.000
  0.017,299.315,  0.000,  0.000
  0.017,299.325,  0.000,  0.000
  0.017,299.335,  0.000,  0.000
  0.017,299.345,  0.000,  0.000
  0.017,299.356,  0.000,  0.000
  0.017,299.368,  0.000,  0.000
  0.017,299.379,  0.000,  0.000
  0.017,299.402,  0.000,  0.000
  0.017,299.410,  0.000,  0.000
  0.017,299.228,  0.000,  0.000
  0.017,299.233,  0.000,  0.000
  0.017,299.241,  0.000,  0.000
  0.017,299.248,  0.000,  0.000
  0.017,299.247,  0.000,  0.000
  0.017,299.245,  0.000,  0.000
  0.017,299.247,  0.000,  0.000
  0.017,299.251,  0.000,  0.000
  0.017,299.259,  0.000,  0.000
  0.017,299.268,  0.000,  0.000
  0.017,299.273,  0.000,  0.000
  0.017,299.276,  0.000,  0.000
  0.017,299.282,  0.000,  0.000
  0.017,299.290,  0.000,  0.000
  0.017,299.301,  0.000,  0.000
  0.017,299.309,  0.000,  0.000
  0.017,299.314,  0.000,  0.000
  0.017,299.322,  0.000,  0.000
  0.017,299.333,  0.000,  0.000
  0.017,299.343,  0.000,  0.000
  0.017,299.352,  0.000,  0.000
  0.017,299.362,  0.000,  0.000
  0.017,299.374,  0.000,  0.000
  0.017,299.395,  0.000,  0.000
  0.017,299.402,  0.000,  0.000
  0.017,299.234,  0.000,  0.000
  0.017,299.230,  0.000,  0.000
  0.017,299.233,  0.000,  0.000
  0.017,299.240,  0.000,  0.000
  0.017,299.250,  0.000,  0.000
  0.017,299.255,  0.000,  0.000
  0.017,299.254,  0.000,  0.000
  0.017,299.255,  0.000,  0.000
  0.017,299.258,  0.000,  0.000
  0.017,299.262,  0.000,  0.000
  0.017,299.272,  0.000,  0.000
  0.017,299.278,  0.000,  0.000
  0.017,299.281,  0.000,  0.000
  0.017,299.287,  0.000,  0.000
  0.017,299.295,  0.000,  0.000
  0.017,299.306,  0.000,  0.000
  0.017,299.314,  0.000,  0.000
  0.017,299.320,  0.000,  0.000
  0.017,299.327,  0.000,  0.000
  0.017,299.339,  0.000,  0.000
  0.017,299.350,  0.000,  0.000
  0.017,299.359,  0.000,  0.000
  0.017,299.368,  0.000,  0.000
  0.017,299.386,  0.000,  0.000
  0.017,299.394,  0.000,  0.000
  0.017,299.259,  0.000,  0.000
  0.017,299.251,  0.000,  0.000
  0.017,299.241,  0.000,  0.000
  0.017,299.240,  0.000,  0.000
  0.017,299.243,  0.000,  0.000
  0.017,299.250,  0.000,  0.000
  0.017,299.258,  0.000,  0.000
  0.017,299.261,  0.000,  0.000
  0.017,299.261,  0.000,  0.000
  0.017,299.264,  0.000,  0.000
  0.017,299.268,  0.000,  0.000
  0.017,299.275,  0.000,  0.000
  0.017,299.283,  0.000,  0.000
  0.017,299.287,  0.000,  0.000
  0.017,299.291,  0.000,  0.000
  0.017,299.300,  0.000,  0.000
  0.017,299.310,  0.000,  0.000
  0.017,299.319,  0.000,  0.000
  0.017,299.325,  0.000,  0.000
  0.017,299.333,  0.000,  0.000
  0.017,299.345,  0.000,  0.000
  0.017,299.356,  0.000,  0.000
  0.017,299.364,  0.000,  0.000
  0.017,299.376,  0.000,  0.000
  0.017,299.385,  0.000,  0.000
  0.017,299.251,  0.000,  0.000
  0.017,299.262,  0.000,  0.000
  0.017,299.263,  0.000,  0.000
  0.017,299.256,  0.000,  0.000
  0.017,299.251,  0.000,  0.000
  0.017,299.252,  0.000,  0.000
  0.017,299.254,  0.000,  0.000
  0.017,299.259,  0.000,  0.000
  0.017,299.265,  0.000,  0.000
  0.017,299.266,  0.000,  0.000
  0.017,299.269,  0.000,  0.000
  0.017,299.274,  0.000,  0.000
  0.017,299.279,  0.000,  0.000
  0.017,299.288,  0.000,  0.000
  0.017,299.294,  0.000,  0.000
  0.017,299.297,  0.000,  0.000
  0.017,299.304,  0.000,  0.000
  0.017,299.314,  0.000,  0.000
  0.017,299.324,  0.000,  0.000
  0.017,299.331,  0.000,  0.000
  0.017,299.338,  0.000,  0.000
  0.017,299.350,  0.000,  0.000
  0.017,299.361,  0.000,  0.000
  0.017,299.370,  0.000,  0.000
  0.017,299.377,  0.000,  0.000
  0.017,299.235,  0.000,  0.000
  0.017,299.243,  0.000,  0.000
  0.017,299.255,  0.000,  0.000
  0.017,299.264,  0.000,  0.000
  0.017,299.264,  0.000,  0.000
  0.017,299.260,  0.000,  0.000
  0.017,299.260,  0.000,  0.000
  0.017,299.260,  0.000,  0.000
  0.017,299.262,  0.000,  0.000
  0.017,299.267,  0.000,  0.000
  0.017,299.269,  0.000,  0.000
  0.017,299.270,  0.000,  0.000
  0.017,299.275,  0.000,  0.000
  0.017,299.282,  0.000,  0.000
  0.017,299.292,  0.000,  0.000
  0.017,299.301,  0.000,  0.000
  0.017,299.304,  0.000,  0.000
  0.017,299.308,  0.000,  0.000
  0.017,299.318,  0.000,  0.000
  0.017,299.328,  0.000,  0.000
  0.017,299.336,  0.000,  0.000
  0.017,299.344,  0.000,  0.000
  0.017,299.354,  0.000,  0.000
  0.017,299.364,  0.000,  0.000
  0.017,299.370,  0.000,  0.000
  0.017,299.242,  0.000,  0.000
  0.017,299.237,  0.000,  0.000
  0.017,299.241,  0.000,  0.000
  0.017,299.249,  0.000,  0.000
  0.017,299.258,  0.000,  0.000
  0.017,299.263,  0.000,  0.000
  0.017,299.261,  0.000,  0.000
  0.017,299.260,  0.000,  0.000
  0.017,299.263,  0.000,  0.000
  0.017,299.263,  0.000,  0.000
  0.017,299.266,  0.000,  0.000
  0.017,299.269,  0.000,  0.000
  0.017,299.269,  0.000,  0.000
  0.017,299.272,  0.000,  0.000
  0.017,299.281,  0.000,  0.000
  0.017,299.293,  0.000,  0.000
  0.017,299.306,  0.000,  0.000
  0.017,299.310,  0.000,  0.000
  0.017,299.312,  0.000,  0.000
  0.017,299.321,  0.000,  0.000
  0.017,299.331,  0.000,  0.000
  0.017,299.340,  0.000,  0.000
  0.017,299.346,  0.000,  0.000
  0.017,299.355,  0.000,  0.000
  0.017,299.363,  0.000,  0.000
  0.017,299.268,  0.000,  0.000
  0.017,299.259,  0.000,  0.000
  0.017,299.247,  0.000,  0.000
  0.017,299.245,  0.000,  0.000
  0.017,299.249,  0.000,  0.000
  0.017,299.253,  0.000,  0.000
  0.017,299.257,  0.000,  0.000
  0.017,299.258,  0.000,  0.000
  0.017,299.257,  0.000,  0.000
  0.017,299.261,  0.000,  0.000
  0.017,299.265,  0.000,  0.000
  0.017,299.266,  0.000,  0.000
  0.017,299.270,  0.000,  0.000
  0.017,299.270,  0.000,  0.000
  0.017,299.270,  0.000,  0.000
  0.017,299.279,  0.000,  0.000
  0.017,299.293,  0.000,  0.000
  0.017,299.308,  0.000,  0.000
  0.017,299.314,  0.000,  0.000
  0.017,299.316,  0.000,  0.000
  0.017,299.324,  0.000,  0.000
  0.017,299.333,  0.000,  0.000
  0.017,299.341,  0.000,  0.000
  0.017,299.347,  0.000,  0.000
  0.017,299.354,  0.000,  0.000
  0.018,299.257,  0.000,  0.000
  0.017,299.269,  0.000,  0.000
  0.017,299.269,  0.000,  0.000
  0.017,299.257,  0.000,  0.000
  0.017,299.249,  0.000,  0.000
  0.017,299.251,  0.000,  0.000
  0.017,299.251,  0.000,  0.000
  0.017,299.251,  0.000,  0.000
  0.017,299.253,  0.000,  0.000
  0.017,299.254,  0.000,  0.000
  0.017,299.257,  0.000,  0.000
  0.017,299.264,  0.000,  0.000
  0.017,299.267,  0.000,  0.000
  0.017,299.271,  0.000,  0.000
  0.017,299.272,  0.000,  0.000
  0.017,299.271,  0.000,  0.000
  0.017,299.277,  0.000,  0.000
  0.017,299.292,  0.000,  0.000
  0.017,299.307,  0.000,  0.000
  0.017,299.316,  0.000,  0.000
  0.017,299.318,  0.000,  0.000
  0.017,299.325,  0.000,  0.000
  0.017,299.333,  0.000,  0.000
  0.017,299.340,  0.000,  0.000
  0.017,299.346,  0.000,  0.000
  0.017,299.236,  0.000,  0.000
  0.018,299.245,  0.000,  0.000
  0.018,299.260,  0.000,  0.000
  0.017,299.267,  0.000,  0.000
  0.017,299.262,  0.000,  0.000
  0.017,299.252,  0.000,  0.000
  0.017,299.252,  0.000,  0.000
  0.017,299.251,  0.000,  0.000
  0.017,299.249,  0.000,  0.000
  0.017,299.250,  0.000,  0.000
  0.017,299.251,  0.000,  0.000
  0.017,299.252,  0.000,  0.000
  0.017,299.260,  0.000,  0.000
  0.017,299.267,  0.000,  0.000
  0.017,299.272,  0.000,  0.000
  0.017,299.276,  0.000,  0.000
  0.017,299.274,  0.000,  0.000
  0.017,299.278,  0.000,  0.000
  0.017,299.291,  0.000,  0.000
  0.017,299.306,  0.000,  0.000
  0.017,299.315,  0.000,  0.000
  0.017,299.318,  0.000,  0.000
  0.017,299.324,  0.000,  0.000
  0.017,299.333,  0.000,  0.000
  0.017,299.340,  0.000,  0.000
