  0.020,301.942,  0.000,  0.000
  0.021,302.001,  0.000,  0.000
  0.021,301.979,  0.000,  0.000
  0.020,301.900,  0.000,  0.000
  0.020,301.916,  0.000,  0.000
  0.020,301.916,  0.000,  0.000
  0.020,301.901,  0.000,  0.100
  0.020,301.905,  0.000,  0.100
  0.020,301.948,  0.000,  0.100
  0.020,302.087,  0.000,  0.110
  0.020,302.141,  0.000,  0.110
  0.020,302.083,  0.002,  0.110
  0.020,302.051,  0.003,  0.110
  0.019,302.062,  0.001,  0.090
  0.019,302.072,  0.001,  0.090
  0.019,302.022,  0.000,  0.090
  0.020,301.958,  0.000,  0.100
  0.020,301.956,  0.000,  0.100
  0.019,301.994,  0.000,  0.100
  0.020,302.091,  0.000,  0.100
  0.020,302.123,  0.000,  0.070
  0.019,302.101,  0.000,  0.070
  0.020,302.119,  0.000,  0.070
  0.019,302.158,  0.001,  0.070
  0.019,302.174,  0.002,  0.070
  0.020,301.915,  0.000,  0.120
  0.020,301.884,  0.000,  0.120
  0.020,301.873,  0.000,  0.120
  0.020,301.909,  0.000,  0.120
  0.019,301.930,  0.000,  0.120
  0.020,301.940,  0.000,  0.120
  0.020,301.925,  0.000,  0.090
  0.020,301.922,  0.000,  0.090
  0.019,301.955,  0.000,  0.090
  0.019,302.004,  0.002,  0.110
  0.021,302.098,  0.008,  0.110
  0.020,302.022,  0.014,  0.110
  0.019,302.028,  0.012,  0.110
  0.019,302.063,  0.003,  0.120
  0.019,302.061,  0.002,  0.120
  0.020,301.998,  0.002,  0.120
  0.020,301.959,  0.000,  0.100
  0.019,301.967,  0.000,  0.100
  0.020,302.045,  0.000,  0.100
  0.021,302.051,  0.000,  0.100
  0.020,302.003,  0.000,  0.100
  0.020,302.069,  0.000,  0.100
  0.019,302.131,  0.000,  0.100
  0.019,302.183,  0.002,  0.090
  0.019,302.187,  0.003,  0.090
  0.020,301.918,  0.000,  0.120
  0.020,301.882,  0.000,  0.120
  0.020,301.873,  0.000,  0.120
  0.020,301.896,  0.000,  0.120
  0.020,301.926,  0.000,  0.120
  0.020,301.945,  0.000,  0.120
  0.020,301.946,  0.000,  0.090
  0.020,301.935,  0.000,  0.090
  0.020,301.930,  0.000,  0.090
  0.020,301.932,  0.003,  0.110
  0.020,301.936,  0.045,  0.110
  0.020,301.951,  0.100,  0.110
  0.019,301.979,  0.098,  0.110
  0.020,301.999,  0.051,  0.120
  0.020,301.983,  0.023,  0.120
  0.020,301.959,  0.042,  0.120
  0.020,301.958,  0.066,  0.100
  0.020,302.024,  0.002,  0.100
  0.021,302.011,  0.000,  0.100
  0.020,301.930,  0.000,  0.100
  0.020,302.003,  0.000,  0.100
  0.019,302.087,  0.000,  0.100
  0.019,302.149,  0.001,  0.100
  0.019,302.188,  0.002,  0.090
  0.019,302.180,  0.002,  0.090
  0.020,301.884,  0.000,  0.120
  0.020,301.872,  0.000,  0.120
  0.020,301.878,  0.000,  0.120
  0.020,301.897,  0.000,  0.120
  0.020,301.915,  0.000,  0.120
  0.020,301.929,  0.000,  0.120
  0.020,301.936,  0.000,  0.090
  0.020,301.921,  0.001,  0.090
  0.020,301.894,  0.001,  0.090
  0.020,301.882,  0.042,  0.110
  0.020,301.887,  0.215,  0.110
  0.020,301.905,  0.479,  0.110
  0.020,301.927,  0.498,  0.110
  0.020,301.934,  0.179,  0.120
  0.020,301.932,  0.103,  0.120
  0.020,301.941,  0.260,  0.120
  0.021,302.021,  0.060,  0.100
  0.021,302.006,  0.001,  0.100
  0.020,301.912,  0.001,  0.100
  0.020,301.964,  0.001,  0.100
  0.019,302.025,  0.001,  0.100
  0.019,302.104,  0.001,  0.100
  0.019,302.131,  0.000,  0.100
  0.019,302.163,  0.001,  0.090
  0.019,302.171,  0.001,  0.090
  0.020,301.826,  0.000,  0.120
  0.020,301.847,  0.000,  0.120
  0.020,301.870,  0.000,  0.120
  0.020,301.892,  0.000,  0.120
  0.020,301.908,  0.000,  0.120
  0.020,301.922,  0.000,  0.120
  0.020,301.922,  0.001,  0.090
  0.020,301.906,  0.001,  0.090
  0.020,301.889,  0.002,  0.090
  0.020,301.885,  0.098,  0.110
  0.020,301.887,  0.445,  0.110
  0.020,301.894,  0.841,  0.110
  0.020,301.908,  0.807,  0.110
  0.020,301.925,  0.564,  0.120
  0.020,301.935,  1.009,  0.120
  0.020,301.928,  2.591,  0.120
  0.020,301.918,  0.085,  0.100
  0.020,301.923,  0.029,  0.100
  0.020,301.960,  0.001,  0.100
  0.019,301.983,  0.002,  0.100
  0.020,302.081,  0.002,  0.100
  0.020,302.117,  0.010,  0.100
  0.020,302.099,  0.025,  0.100
  0.019,302.152,  0.003,  0.090
  0.019,302.183,  0.001,  0.090
  0.020,301.814,  0.000,  1.540
  0.020,301.827,  0.000,  1.540
  0.020,301.858,  0.001,  3.050
  0.020,301.896,  0.005,  3.050
  0.020,301.929,  0.002,  3.050
  0.020,301.939,  0.000,  3.050
  0.020,301.926,  0.002,  1.660
  0.020,301.908,  0.005,  1.660
  0.020,301.900,  0.010,  1.660
  0.020,301.895,  0.094,  1.600
  0.020,301.894,  0.581,  1.600
  0.020,301.896,  1.263,  1.600
  0.020,301.911,  1.117,  1.600
  0.020,301.932,  1.027,  0.270
  0.020,301.938,  2.276,  0.270
  0.020,301.926,  5.601,  0.270
  0.020,301.922,  1.105,  3.380
  0.020,301.946,  0.065,  3.380
  0.020,302.048,  0.015,  3.380
  0.020,302.045,  0.010,  3.380
  0.021,302.065,  0.026,  2.140
  0.020,302.042,  0.064,  2.140
  0.019,302.105,  0.115,  2.140
  0.019,302.165,  0.107,  6.460
  0.019,302.187,  0.001,  6.460
  0.020,301.841,  0.001,  1.540
  0.020,301.841,  0.003,  1.540
  0.020,301.864,  0.009,  3.050
  0.020,301.908,  0.051,  3.050
  0.020,301.950,  0.003,  3.050
  0.020,301.959,  0.008,  3.050
  0.020,301.938,  0.020,  1.660
  0.020,301.910,  0.036,  1.660
  0.020,301.896,  0.114,  1.660
  0.020,301.885,  0.165,  1.600
  0.020,301.888,  0.443,  1.600
  0.020,301.900,  1.360,  1.600
  0.020,301.910,  1.012,  1.600
  0.020,301.920,  2.100,  0.270
  0.020,301.928, 11.268,  0.270
  0.020,301.931, 10.781,  0.270
  0.020,301.932,  1.030,  3.380
  0.021,302.024,  0.074,  3.380
  0.021,302.016,  0.042,  3.380
  0.021,302.033,  0.055,  3.380
  0.020,302.007,  0.167,  2.140
  0.019,302.073,  0.678,  2.140
  0.019,302.125,  1.408,  2.140
  0.019,302.156,  0.301,  6.460
  0.019,302.146,  0.013,  6.460
  0.020,301.865,  0.002,  1.540
  0.020,301.876,  0.010,  1.540
  0.020,301.892,  0.133,  3.050
  0.020,301.910,  0.689,  3.050
  0.020,301.936,  0.355,  3.050
  0.020,301.945,  0.105,  3.050
  0.020,301.937,  0.089,  1.660
  0.020,301.906,  0.364,  1.660
  0.020,301.881,  0.920,  1.660
  0.020,301.870,  1.565,  1.600
  0.020,301.874,  1.101,  1.600
  0.020,301.894,  1.139,  1.600
  0.020,301.905,  1.631,  1.600
  0.020,301.906,  4.597,  0.270
  0.020,301.912, 14.572,  0.270
  0.019,301.926, 10.570,  0.270
  0.020,301.936,  0.711,  3.380
  0.020,301.909,  0.072,  3.380
  0.020,301.924,  0.096,  3.380
  0.020,301.978,  0.262,  3.380
  0.019,302.046,  0.798,  2.140
  0.019,302.097,  4.062,  2.140
  0.019,302.116,  6.189,  2.140
  0.019,302.109,  0.267,  6.460
  0.020,302.100,  0.041,  6.460
  0.020,301.857,  0.019,  1.540
  0.020,301.891,  0.098,  1.540
  0.020,301.903,  1.093,  3.050
  0.020,301.901,  5.961,  3.050
  0.020,301.899,  1.611,  3.050
  0.020,301.902,  1.096,  3.050
  0.020,301.902,  0.543,  1.660
  0.020,301.883,  2.453,  1.660
  0.020,301.863, 10.345,  1.660
  0.020,301.861, 13.656,  1.600
  0.020,301.865,  0.990,  1.600
  0.020,301.874,  0.574,  1.600
  0.020,301.886,  3.034,  1.600
  0.020,301.892,  8.228,  0.270
  0.020,301.895, 10.270,  0.270
  0.019,301.902,  4.403,  0.270
  0.020,301.898,  0.380,  3.380
  0.020,301.894,  0.391,  3.380
  0.020,301.939,  1.163,  3.380
  0.019,302.000,  1.124,  3.380
  0.019,302.054,  5.294,  2.140
  0.019,302.075,  8.855,  2.140
  0.020,302.064,  7.336,  2.140
  0.020,302.072,  0.618,  6.460
  0.019,302.098,  0.035,  6.460
  0.020,301.810,  0.366,  1.290
  0.020,301.845,  1.557,  1.290
  0.020,301.870,  2.500,  3.120
  0.020,301.873,  6.837,  3.120
  0.020,301.872,  4.009,  3.120
  0.020,301.875,  0.721,  3.120
  0.020,301.865,  1.185,  3.520
  0.020,301.843,  3.882,  3.520
  0.020,301.834, 14.532,  3.520
  0.020,301.841, 12.770,  2.260
  0.020,301.849,  0.730,  2.260
  0.020,301.854,  0.141,  2.260
  0.020,301.861,  1.099,  2.260
  0.020,301.871,  4.210,  2.140
  0.020,301.875,  3.737,  2.140
  0.020,301.871,  1.091,  2.140
  0.020,301.867,  0.247,  8.560
  0.020,301.885,  1.117,  8.560
  0.019,301.929,  6.602,  8.560
  0.019,301.981,  8.610,  8.560
  0.019,302.018, 10.022,  8.610
  0.020,302.030,  6.750,  8.610
  0.020,302.042,  3.244,  8.610
  0.019,302.068,  0.209,  9.240
  0.019,302.088,  0.008,  9.240
  0.021,301.893,  0.880,  1.290
  0.020,301.786,  4.217,  1.290
  0.020,301.804,  3.570,  3.120
  0.020,301.824,  4.301,  3.120
  0.020,301.842,  0.966,  3.120
  0.020,301.850,  0.175,  3.120
  0.020,301.834,  1.300,  3.520
  0.020,301.807,  3.789,  3.520
  0.020,301.801,  7.093,  3.520
  0.020,301.808,  3.571,  2.260
  0.020,301.819,  0.901,  2.260
  0.020,301.830,  2.313,  2.260
  0.020,301.842,  1.162,  2.260
  0.020,301.852,  0.932,  2.140
  0.020,301.849,  0.613,  2.140
  0.020,301.837,  0.170,  2.140
  0.020,301.838,  0.154,  8.560
  0.020,301.858,  1.775,  8.560
  0.020,301.897,  8.457,  8.560
  0.020,301.938, 13.157,  8.560
  0.020,301.970,  7.626,  8.610
  0.020,302.000,  4.820,  8.610
  0.019,302.032,  0.563,  8.610
  0.019,302.046,  0.036,  9.240
  0.020,302.029,  0.004,  9.240
  0.020,301.745,  2.068,  1.290
  0.020,301.745,  6.023,  1.290
  0.020,301.742,  4.384,  3.120
  0.020,301.768,  1.429,  3.120
  0.020,301.805,  0.096,  3.120
  0.020,301.815,  0.045,  3.120
  0.020,301.801,  0.719,  3.520
  0.020,301.782,  2.355,  3.520
  0.020,301.775,  2.679,  3.520
  0.020,301.779,  0.469,  2.260
  0.020,301.790,  0.364,  2.260
  0.020,301.804,  3.734,  2.260
  0.020,301.817,  7.871,  2.260
  0.020,301.825,  2.165,  2.140
  0.020,301.820,  0.096,  2.140
  0.020,301.804,  0.033,  2.140
  0.020,301.804,  0.188,  8.560
  0.020,301.827,  2.123,  8.560
  0.020,301.856,  7.888,  8.560
  0.020,301.885, 11.547,  8.560
  0.020,301.928,  2.956,  8.610
  0.020,301.976,  1.139,  8.610
  0.020,302.005,  0.109,  8.610
  0.020,302.003,  0.015,  9.240
  0.020,301.996,  0.001,  9.240
  0.020,301.742,  4.224,  1.290
  0.020,301.726,  5.423,  1.290
  0.020,301.715,  2.696,  3.120
  0.020,301.740,  0.242,  3.120
  0.020,301.774,  0.015,  3.120
  0.020,301.788,  0.019,  3.120
  0.020,301.782,  0.269,  3.520
  0.020,301.768,  0.879,  3.520
  0.020,301.754,  0.765,  3.520
  0.020,301.756,  0.057,  2.260
  0.020,301.770,  0.369,  2.260
  0.020,301.781,  4.381,  2.260
  0.020,301.786, 10.875,  2.260
  0.020,301.793,  0.662,  2.140
  0.020,301.792,  0.127,  2.140
  0.020,301.780,  0.004,  2.140
  0.020,301.785,  0.291,  8.560
  0.020,301.804,  2.827,  8.560
  0.020,301.818,  7.928,  8.560
  0.020,301.849,  7.903,  8.560
  0.020,301.904,  1.077,  8.610
  0.020,301.959,  0.820,  8.610
  0.020,301.995,  0.467,  8.610
  0.019,302.011,  0.012,  9.240
  0.019,302.002,  0.015,  9.240
  0.020,301.723,  2.827,  0.000
  0.020,301.760,  2.643,  0.000
  0.020,301.718,  0.837,  0.720
  0.020,301.740,  0.047,  0.720
  0.020,301.757,  0.016,  0.720
  0.020,301.766,  0.006,  0.720
  0.020,301.765,  0.048,  1.130
  0.020,301.749,  0.146,  1.130
  0.020,301.736,  0.150,  1.130
  0.020,301.743,  0.043,  6.730
  0.020,301.755,  0.702,  6.730
  0.020,301.757,  3.745,  6.730
  0.020,301.765,  6.183,  6.730
  0.020,301.775,  0.021, 11.470
  0.020,301.771,  0.119, 11.470
  0.020,301.767,  0.006, 11.470
  0.020,301.777,  0.442, 10.380
  0.020,301.781,  3.618, 10.380
  0.020,301.792,  7.204, 10.380
  0.020,301.838,  4.845, 10.380
  0.020,301.905,  1.807, 19.730
  0.020,301.970,  3.101, 19.730
  0.019,302.013,  0.775, 19.730
  0.019,302.009,  0.009, 11.480
  0.020,301.967,  0.023, 11.480
  0.020,301.749,  0.629,  0.000
  0.020,301.707,  0.635,  0.000
  0.020,301.726,  0.120,  0.720
  0.020,301.741,  0.010,  0.720
  0.020,301.746,  0.004,  0.720
  0.020,301.750,  0.001,  0.720
  0.020,301.744,  0.003,  1.130
  0.020,301.731,  0.008,  1.130
  0.020,301.731,  0.012,  1.130
  0.020,301.740,  0.025,  6.730
  0.020,301.742,  0.367,  6.730
  0.020,301.748,  1.294,  6.730
  0.020,301.766,  1.408,  6.730
  0.020,301.770,  0.002, 11.470
  0.020,301.761,  0.039, 11.470
  0.020,301.766,  0.017, 11.470
  0.020,301.773,  0.437, 10.380
  0.020,301.770,  2.536, 10.380
  0.020,301.792,  4.982, 10.380
  0.020,301.845,  2.294, 10.380
  0.020,301.911,  1.582, 19.730
  0.019,301.965,  2.432, 19.730
  0.019,301.974,  0.490, 19.730
  0.020,301.934,  0.010, 11.480
  0.020,301.900,  0.012, 11.480
