  0.021,302.284,  0.000,  0.000
  0.022,302.242,  0.000,  0.000
  0.022,302.216,  0.000,  0.000
  0.021,302.224,  0.000,  0.000
  0.021,302.243,  0.000,  0.000
  0.021,302.254,  0.000,  0.000
  0.021,302.244,  0.000,  0.000
  0.022,302.210,  0.000,  0.000
  0.022,302.175,  0.000,  0.000
  0.021,302.186,  0.000,  0.000
  0.021,302.225,  0.000,  0.000
  0.021,302.251,  0.000,  0.000
  0.021,302.247,  0.000,  0.000
  0.021,302.221,  0.000,  0.000
  0.021,302.203,  0.000,  0.000
  0.021,302.191,  0.000,  0.000
  0.021,302.168,  0.000,  0.000
  0.021,302.139,  0.002,  0.000
  0.021,302.123,  0.038,  0.000
  0.021,302.126,  0.328,  0.000
  0.021,302.135,  0.832,  0.000
  0.021,302.158,  0.330,  0.000
  0.021,302.173,  0.003,  0.000
  0.021,302.201,  0.001,  0.000
  0.021,302.199,  0.000,  0.000
  0.021,302.345,  0.000,  0.020
  0.022,302.292,  0.000,  0.020
  0.022,302.256,  0.000,  0.000
  0.022,302.255,  0.000,  0.000
  0.021,302.264,  0.000,  0.000
  0.021,302.276,  0.000,  0.000
  0.021,302.269,  0.000,  0.000
  0.022,302.213,  0.000,  0.000
  0.022,302.153,  0.000,  0.000
  0.022,302.162,  0.000,  0.000
  0.021,302.231,  0.000,  0.000
  0.021,302.293,  0.000,  0.000
  0.021,302.301,  0.000,  0.000
  0.021,302.257,  0.000,  0.000
  0.021,302.210,  0.000,  0.000
  0.021,302.202,  0.000,  0.000
  0.021,302.203,  0.000,  0.000
  0.021,302.191,  0.000,  0.000
  0.021,302.157,  0.001,  0.000
  0.022,302.130,  0.001,  0.000
  0.021,302.125,  0.001,  0.000
  0.021,302.143,  0.001,  0.000
  0.021,302.162,  0.001,  0.000
  0.021,302.177,  0.001,  0.000
  0.021,302.160,  0.000,  0.000
  0.021,302.405,  0.001,  0.020
  0.021,302.361,  0.000,  0.020
  0.022,302.286,  0.000,  0.000
  0.022,302.240,  0.000,  0.000
  0.022,302.231,  0.000,  0.000
  0.021,302.245,  0.000,  0.000
  0.021,302.254,  0.000,  0.000
  0.022,302.231,  0.000,  0.000
  0.022,302.196,  0.000,  0.000
  0.022,302.190,  0.000,  0.000
  0.021,302.227,  0.000,  0.000
  0.021,302.270,  0.000,  0.000
  0.021,302.272,  0.000,  0.000
  0.021,302.221,  0.000,  0.000
  0.022,302.162,  0.000,  0.000
  0.022,302.149,  0.000,  0.000
  0.021,302.184,  0.000,  0.000
  0.021,302.212,  0.000,  0.000
  0.021,302.199,  0.001,  0.000
  0.021,302.161,  0.002,  0.000
  0.022,302.127,  0.004,  0.000
  0.022,302.121,  0.001,  0.000
  0.021,302.145,  0.000,  0.000
  0.021,302.177,  0.001,  0.000
  0.021,302.158,  0.001,  0.000
  0.021,302.354,  0.005,  0.020
  0.021,302.344,  0.001,  0.020
  0.021,302.298,  0.000,  0.000
  0.022,302.243,  0.000,  0.000
  0.022,302.210,  0.000,  0.000
  0.021,302.206,  0.000,  0.000
  0.021,302.220,  0.000,  0.000
  0.021,302.229,  0.000,  0.000
  0.022,302.222,  0.000,  0.000
  0.022,302.213,  0.000,  0.000
  0.022,302.216,  0.000,  0.000
  0.021,302.231,  0.000,  0.000
  0.021,302.232,  0.000,  0.000
  0.022,302.187,  0.000,  0.000
  0.022,302.122,  0.000,  0.000
  0.022,302.101,  0.000,  0.000
  0.022,302.148,  0.000,  0.000
  0.021,302.214,  0.000,  0.000
  0.021,302.252,  0.001,  0.000
  0.021,302.232,  0.000,  0.000
  0.021,302.182,  0.000,  0.000
  0.022,302.139,  0.000,  0.000
  0.021,302.140,  0.001,  0.000
  0.021,302.180,  0.001,  0.000
  0.021,302.171,  0.000,  0.000
  0.021,302.296,  0.006,  0.020
  0.021,302.302,  0.010,  0.020
  0.021,302.295,  0.000,  0.000
  0.021,302.267,  0.000,  0.000
  0.021,302.239,  0.000,  0.000
  0.021,302.220,  0.000,  0.000
  0.021,302.220,  0.000,  0.000
  0.021,302.224,  0.000,  0.000
  0.021,302.222,  0.000,  0.000
  0.021,302.219,  0.000,  0.000
  0.021,302.215,  0.000,  0.000
  0.022,302.222,  0.000,  0.000
  0.022,302.235,  0.001,  0.000
  0.022,302.231,  0.001,  0.000
  0.022,302.204,  0.001,  0.000
  0.022,302.178,  0.000,  0.000
  0.022,302.191,  0.001,  0.000
  0.022,302.233,  0.003,  0.000
  0.021,302.265,  0.002,  0.000
  0.021,302.274,  0.001,  0.000
  0.021,302.237,  0.000,  0.000
  0.022,302.168,  0.000,  0.000
  0.021,302.130,  0.001,  0.000
  0.021,302.175,  0.001,  0.000
  0.021,302.193,  0.001,  0.000
  0.021,302.319,  0.008,  0.020
  0.021,302.315,  0.013,  0.020
  0.021,302.306,  0.008,  0.000
  0.021,302.292,  0.001,  0.000
  0.021,302.289,  0.001,  0.000
  0.021,302.281,  0.000,  0.000
  0.021,302.265,  0.000,  0.080
  0.021,302.238,  0.000,  0.080
  0.021,302.234,  0.000,  0.080
  0.021,302.244,  0.001,  0.060
  0.021,302.249,  0.001,  0.060
  0.021,302.245,  0.000,  0.060
  0.022,302.250,  0.001,  0.060
  0.021,302.290,  0.005,  0.060
  0.021,302.286,  0.007,  0.060
  0.021,302.267,  0.004,  0.060
  0.022,302.260,  0.002,  0.050
  0.021,302.263,  0.004,  0.050
  0.021,302.261,  0.007,  0.050
  0.021,302.256,  0.004,  0.050
  0.021,302.219,  0.001,  0.000
  0.021,302.180,  0.000,  0.000
  0.021,302.154,  0.000,  0.000
  0.021,302.168,  0.000,  0.000
  0.021,302.174,  0.000,  0.000
  0.021,302.382,  1.052,  0.020
  0.021,302.373,  0.005,  0.020
  0.021,302.348,  0.032,  0.000
  0.021,302.317,  0.006,  0.000
  0.021,302.319,  0.010,  0.000
  0.021,302.334,  0.021,  0.000
  0.021,302.329,  0.013,  0.080
  0.021,302.293,  0.002,  0.080
  0.021,302.259,  0.000,  0.080
  0.021,302.263,  0.001,  0.060
  0.021,302.275,  0.001,  0.060
  0.021,302.269,  0.000,  0.060
  0.022,302.246,  0.002,  0.060
  0.022,302.232,  0.006,  0.060
  0.022,302.232,  0.015,  0.060
  0.021,302.242,  0.030,  0.060
  0.021,302.252,  0.051,  0.050
  0.021,302.262,  0.056,  0.050
  0.021,302.267,  0.036,  0.050
  0.021,302.239,  0.011,  0.050
  0.021,302.192,  0.006,  0.000
  0.021,302.211,  0.000,  0.000
  0.021,302.255,  0.000,  0.000
  0.021,302.246,  0.000,  0.000
  0.022,302.194,  0.000,  0.000
  0.021,302.389,  7.817,  0.020
  0.021,302.383,  0.951,  0.020
  0.021,302.359,  0.114,  0.000
  0.021,302.330,  0.041,  0.000
  0.021,302.323,  0.022,  0.000
  0.021,302.343,  0.056,  0.000
  0.021,302.355,  0.083,  0.080
  0.021,302.342,  0.048,  0.080
  0.021,302.299,  0.003,  0.080
  0.021,302.266,  0.001,  0.060
  0.021,302.271,  0.001,  0.060
  0.021,302.274,  0.000,  0.060
  0.021,302.270,  0.001,  0.060
  0.021,302.265,  0.001,  0.060
  0.021,302.264,  0.017,  0.060
  0.021,302.251,  0.132,  0.060
  0.021,302.237,  0.430,  0.050
  0.021,302.239,  0.645,  0.050
  0.021,302.250,  0.498,  0.050
  0.021,302.236,  0.132,  0.050
  0.021,302.205,  0.019,  0.000
  0.021,302.206,  0.005,  0.000
  0.021,302.241,  0.000,  0.000
  0.021,302.254,  0.000,  0.000
  0.021,302.216,  0.000,  0.000
  0.021,302.394, 15.786,  0.020
  0.021,302.404,  9.821,  0.020
  0.021,302.377,  0.540,  0.000
  0.021,302.341,  0.208,  0.000
  0.021,302.332,  0.028,  0.000
  0.021,302.345,  0.030,  0.000
  0.021,302.368,  0.128,  0.080
  0.021,302.376,  0.244,  0.080
  0.021,302.363,  0.156,  0.080
  0.021,302.322,  0.014,  0.060
  0.021,302.272,  0.002,  0.060
  0.021,302.249,  0.002,  0.060
  0.021,302.248,  0.069,  0.060
  0.021,302.271,  0.369,  0.060
  0.021,302.310,  0.478,  0.060
  0.021,302.321,  0.619,  0.060
  0.021,302.286,  1.785,  0.050
  0.021,302.234,  3.437,  0.050
  0.021,302.211,  3.286,  0.050
  0.021,302.226,  1.283,  0.050
  0.021,302.250,  0.146,  0.000
  0.021,302.255,  0.028,  0.000
  0.021,302.238,  0.004,  0.000
  0.021,302.218,  0.000,  0.000
  0.022,302.200,  0.000,  0.000
  0.021,302.384, 13.277,  0.010
  0.021,302.409, 19.615,  0.010
  0.021,302.395,  9.355,  0.000
  0.021,302.359,  0.705,  0.000
  0.021,302.323,  0.299,  0.000
  0.021,302.310,  0.011,  0.000
  0.021,302.316,  0.076,  0.030
  0.021,302.336,  0.377,  0.030
  0.021,302.346,  0.890,  0.030
  0.021,302.340,  0.651,  0.060
  0.021,302.316,  0.121,  0.060
  0.021,302.283,  0.020,  0.060
  0.021,302.248,  0.572,  0.060
  0.021,302.261,  2.738,  0.090
  0.021,302.312,  3.607,  0.090
  0.021,302.345,  2.438,  0.090
  0.021,302.322,  4.147,  0.070
  0.021,302.258,  9.456,  0.070
  0.022,302.210, 12.431,  0.070
  0.021,302.227,  7.697,  0.070
  0.021,302.274,  1.288,  0.020
  0.021,302.281,  0.101,  0.020
  0.021,302.262,  0.038,  0.020
  0.021,302.234,  0.002,  0.050
  0.022,302.216,  0.001,  0.050
  0.021,302.335,  6.915,  0.010
  0.021,302.375, 15.431,  0.010
  0.021,302.380, 18.529,  0.000
  0.021,302.356,  7.889,  0.000
  0.021,302.310,  0.930,  0.000
  0.021,302.261,  0.146,  0.000
  0.021,302.236,  0.026,  0.030
  0.021,302.245,  0.275,  0.030
  0.021,302.275,  1.283,  0.030
  0.021,302.312,  2.614,  0.060
  0.021,302.334,  1.274,  0.060
  0.021,302.327,  0.194,  0.060
  0.021,302.289,  0.743,  0.060
  0.021,302.256,  2.450,  0.090
  0.021,302.277,  3.845,  0.090
  0.021,302.326,  4.342,  0.090
  0.021,302.338,  5.659,  0.070
  0.021,302.310, 10.884,  0.070
  0.021,302.269, 17.515,  0.070
  0.022,302.245, 17.161,  0.070
  0.021,302.253,  7.391,  0.020
  0.021,302.270,  0.265,  0.020
  0.021,302.261,  0.257,  0.020
  0.021,302.233,  0.032,  0.050
  0.022,302.201,  0.007,  0.050
  0.021,302.306,  6.942,  0.010
  0.021,302.341, 11.239,  0.010
  0.021,302.357, 16.593,  0.000
  0.021,302.337, 14.806,  0.000
  0.021,302.290,  4.848,  0.000
  0.021,302.239,  0.371,  0.000
  0.021,302.213,  0.229,  0.030
  0.021,302.216,  0.110,  0.030
  0.021,302.240,  0.506,  0.030
  0.021,302.283,  1.591,  0.060
  0.021,302.325,  2.177,  0.060
  0.021,302.342,  0.713,  0.060
  0.021,302.324,  0.509,  0.060
  0.021,302.291,  1.486,  0.090
  0.021,302.258,  2.969,  0.090
  0.021,302.269,  3.763,  0.090
  0.021,302.310,  4.815,  0.070
  0.021,302.332,  9.823,  0.070
  0.021,302.314, 15.617,  0.070
  0.021,302.284, 13.417,  0.070
  0.021,302.260,  7.665,  0.020
  0.021,302.247,  1.514,  0.020
  0.021,302.245,  0.561,  0.020
  0.021,302.224,  0.294,  0.050
  0.021,302.195,  0.032,  0.050
  0.021,302.303,  8.725,  0.010
  0.021,302.315, 10.708,  0.010
  0.021,302.340, 14.014,  0.000
  0.021,302.330, 14.336,  0.000
  0.021,302.294,  8.263,  0.000
  0.022,302.252,  2.619,  0.000
  0.021,302.236,  1.998,  0.030
  0.021,302.241,  0.931,  0.030
  0.021,302.248,  0.164,  0.030
  0.021,302.256,  0.073,  0.060
  0.021,302.282,  0.187,  0.060
  0.021,302.311,  0.699,  0.060
  0.021,302.324,  1.251,  0.060
  0.021,302.314,  3.805,  0.090
  0.021,302.290,  8.628,  0.090
  0.021,302.255, 11.718,  0.090
  0.021,302.244,  9.820,  0.070
  0.021,302.277,  8.355,  0.070
  0.021,302.322,  8.637,  0.070
  0.021,302.339,  7.094,  0.070
  0.021,302.314,  3.755,  0.020
  0.021,302.278,  1.461,  0.020
  0.022,302.241,  0.432,  0.020
  0.022,302.217,  0.273,  0.050
  0.021,302.206,  0.105,  0.050
  0.021,302.288,  3.819,  0.000
  0.022,302.273,  5.972,  0.000
  0.021,302.290,  8.849,  0.000
  0.021,302.312, 10.895,  0.000
  0.021,302.305, 11.723,  0.000
  0.021,302.279,  9.222,  0.000
  0.022,302.263,  7.283,  0.000
  0.021,302.265,  4.647,  0.000
  0.021,302.267,  2.394,  0.000
  0.021,302.253,  1.279,  0.020
  0.021,302.249,  0.531,  0.020
  0.021,302.262,  1.094,  0.020
  0.021,302.281,  2.266,  0.020
  0.021,302.303,  3.490,  0.000
  0.021,302.320,  6.828,  0.000
  0.021,302.312, 12.721,  0.000
  0.021,302.279, 14.463,  0.000
  0.021,302.239, 10.073,  0.000
  0.021,302.253,  6.703,  0.000
  0.021,302.301,  3.664,  0.000
  0.021,302.332,  2.463,  0.020
  0.021,302.317,  1.601,  0.020
  0.021,302.272,  0.789,  0.020
  0.022,302.228,  0.324,  0.010
  0.022,302.200,  0.114,  0.010
  0.021,302.271,  0.007,  0.000
  0.022,302.243,  0.332,  0.000
  0.022,302.240,  2.886,  0.000
  0.021,302.269,  7.883,  0.000
  0.021,302.292, 12.254,  0.000
  0.021,302.293, 14.181,  0.000
  0.021,302.284, 12.774,  0.000
  0.021,302.277, 11.285,  0.000
  0.021,302.272,  9.859,  0.000
  0.021,302.262,  6.746,  0.020
  0.021,302.250,  3.525,  0.020
  0.021,302.236,  2.637,  0.020
  0.021,302.228,  4.088,  0.020
  0.021,302.241,  4.283,  0.000
  0.021,302.285,  1.244,  0.000
  0.021,302.322,  0.192,  0.000
  0.021,302.314,  0.335,  0.000
  0.021,302.273,  0.561,  0.000
  0.022,302.229,  1.136,  0.000
  0.022,302.234,  1.434,  0.000
  0.021,302.261,  1.246,  0.020
  0.021,302.265,  0.948,  0.020
  0.021,302.241,  0.403,  0.020
  0.022,302.210,  0.123,  0.010
  0.022,302.191,  0.042,  0.010
