  0.016,298.521,  0.000,  0.000
  0.016,298.565,  0.000,  0.000
  0.016,298.586,  0.000,  0.000
  0.016,298.582,  0.000,  0.000
  0.016,298.585,  0.000,  0.000
  0.016,298.613,  0.000,  0.000
  0.016,298.631,  0.000,  0.000
  0.016,298.611,  0.000,  0.000
  0.016,298.600,  0.000,  0.000
  0.016,298.605,  0.000,  0.000
  0.016,298.610,  0.000,  0.000
  0.016,298.610,  0.000,  0.000
  0.016,298.603,  0.000,  0.000
  0.016,298.611,  0.000,  0.000
  0.016,298.614,  0.000,  0.000
  0.016,298.593,  0.000,  0.000
  0.016,298.597,  0.000,  0.000
  0.016,298.608,  0.000,  0.000
  0.016,298.614,  0.000,  0.000
  0.016,298.613,  0.000,  0.000
  0.016,298.634,  0.000,  0.000
  0.016,298.679,  0.000,  0.000
  0.016,298.709,  0.000,  0.000
  0.016,298.756,  0.000,  0.000
  0.016,298.788,  0.000,  0.000
  0.016,298.525,  0.000,  0.000
  0.016,298.537,  0.000,  0.000
  0.016,298.549,  0.000,  0.000
  0.016,298.577,  0.000,  0.000
  0.016,298.601,  0.000,  0.000
  0.016,298.599,  0.000,  0.000
  0.016,298.612,  0.000,  0.000
  0.016,298.639,  0.000,  0.000
  0.016,298.628,  0.000,  0.000
  0.016,298.617,  0.000,  0.000
  0.016,298.614,  0.000,  0.000
  0.016,298.630,  0.000,  0.000
  0.016,298.646,  0.000,  0.000
  0.016,298.627,  0.000,  0.000
  0.016,298.605,  0.000,  0.000
  0.016,298.595,  0.000,  0.000
  0.016,298.608,  0.000,  0.000
  0.016,298.628,  0.000,  0.000
  0.016,298.609,  0.000,  0.000
  0.016,298.605,  0.000,  0.000
  0.016,298.639,  0.000,  0.000
  0.016,298.681,  0.000,  0.000
  0.016,298.709,  0.000,  0.000
  0.016,298.756,  0.000,  0.000
  0.016,298.791,  0.000,  0.000
  0.016,298.555,  0.000,  0.000
  0.016,298.524,  0.000,  0.000
  0.016,298.526,  0.000,  0.000
  0.016,298.562,  0.000,  0.000
  0.016,298.590,  0.000,  0.000
  0.016,298.590,  0.000,  0.000
  0.016,298.594,  0.000,  0.000
  0.016,298.630,  0.000,  0.000
  0.016,298.653,  0.000,  0.000
  0.016,298.638,  0.000,  0.000
  0.016,298.632,  0.000,  0.000
  0.016,298.640,  0.000,  0.000
  0.016,298.644,  0.000,  0.000
  0.016,298.633,  0.000,  0.000
  0.016,298.613,  0.000,  0.000
  0.016,298.624,  0.000,  0.000
  0.016,298.637,  0.000,  0.000
  0.016,298.626,  0.000,  0.000
  0.016,298.606,  0.000,  0.000
  0.016,298.613,  0.000,  0.000
  0.016,298.649,  0.000,  0.000
  0.016,298.677,  0.000,  0.000
  0.016,298.704,  0.000,  0.000
  0.016,298.757,  0.000,  0.000
  0.016,298.793,  0.000,  0.000
  0.016,298.587,  0.000,  0.000
  0.016,298.559,  0.000,  0.000
  0.016,298.540,  0.000,  0.000
  0.016,298.537,  0.000,  0.000
  0.016,298.559,  0.000,  0.000
  0.016,298.589,  0.000,  0.000
  0.016,298.601,  0.000,  0.000
  0.016,298.608,  0.000,  0.000
  0.016,298.640,  0.000,  0.000
  0.016,298.661,  0.000,  0.000
  0.016,298.655,  0.000,  0.000
  0.016,298.644,  0.000,  0.000
  0.016,298.628,  0.000,  0.000
  0.016,298.623,  0.000,  0.000
  0.016,298.642,  0.000,  0.000
  0.016,298.639,  0.000,  0.000
  0.016,298.636,  0.000,  0.000
  0.016,298.625,  0.000,  0.000
  0.016,298.623,  0.000,  0.000
  0.016,298.637,  0.000,  0.000
  0.016,298.648,  0.000,  0.000
  0.016,298.669,  0.000,  0.000
  0.016,298.703,  0.000,  0.000
  0.016,298.756,  0.000,  0.000
  0.016,298.791,  0.000,  0.000
  0.016,298.602,  0.000,  0.000
  0.016,298.604,  0.000,  0.000
  0.016,298.567,  0.000,  0.000
  0.016,298.528,  0.000,  0.000
  0.016,298.539,  0.000,  0.000
  0.016,298.579,  0.000,  0.000
  0.016,298.601,  0.000,  0.000
  0.016,298.610,  0.000,  0.000
  0.016,298.615,  0.000,  0.000
  0.016,298.653,  0.000,  0.000
  0.016,298.672,  0.000,  0.000
  0.016,298.652,  0.000,  0.000
  0.016,298.633,  0.000,  0.000
  0.016,298.638,  0.000,  0.000
  0.016,298.660,  0.000,  0.000
  0.016,298.650,  0.000,  0.000
  0.016,298.615,  0.000,  0.000
  0.016,298.625,  0.000,  0.000
  0.016,298.650,  0.000,  0.000
  0.016,298.653,  0.000,  0.000
  0.016,298.649,  0.000,  0.000
  0.016,298.669,  0.000,  0.000
  0.016,298.709,  0.000,  0.000
  0.016,298.756,  0.000,  0.000
  0.016,298.790,  0.000,  0.000
  0.016,298.578,  0.000,  0.000
  0.016,298.602,  0.000,  0.000
  0.016,298.588,  0.000,  0.000
  0.016,298.562,  0.000,  0.000
  0.016,298.553,  0.000,  0.000
  0.016,298.565,  0.000,  0.000
  0.016,298.585,  0.000,  0.000
  0.016,298.615,  0.000,  0.000
  0.016,298.621,  0.000,  0.000
  0.016,298.631,  0.000,  0.000
  0.016,298.649,  0.000,  0.000
  0.016,298.655,  0.000,  0.000
  0.016,298.651,  0.000,  0.000
  0.016,298.661,  0.000,  0.000
  0.016,298.664,  0.000,  0.000
  0.016,298.646,  0.000,  0.000
  0.016,298.622,  0.000,  0.000
  0.016,298.621,  0.000,  0.000
  0.016,298.647,  0.000,  0.000
  0.016,298.656,  0.000,  0.000
  0.016,298.657,  0.000,  0.000
  0.016,298.676,  0.000,  0.000
  0.016,298.712,  0.000,  0.000
  0.016,298.757,  0.000,  0.000
  0.016,298.789,  0.000,  0.000
  0.016,298.575,  0.000,  0.000
  0.016,298.580,  0.000,  0.000
  0.016,298.607,  0.000,  0.000
  0.016,298.605,  0.000,  0.000
  0.016,298.578,  0.000,  0.000
  0.016,298.559,  0.000,  0.000
  0.016,298.572,  0.000,  0.000
  0.016,298.606,  0.000,  0.000
  0.016,298.637,  0.000,  0.000
  0.016,298.627,  0.000,  0.000
  0.016,298.610,  0.000,  0.000
  0.016,298.637,  0.000,  0.000
  0.016,298.663,  0.000,  0.000
  0.016,298.660,  0.000,  0.000
  0.016,298.646,  0.000,  0.000
  0.016,298.639,  0.000,  0.000
  0.016,298.651,  0.000,  0.000
  0.016,298.639,  0.000,  0.000
  0.016,298.629,  0.000,  0.000
  0.016,298.651,  0.000,  0.000
  0.016,298.665,  0.000,  0.000
  0.016,298.682,  0.000,  0.000
  0.016,298.713,  0.000,  0.000
  0.016,298.754,  0.000,  0.000
  0.016,298.785,  0.000,  0.000
  0.016,298.622,  0.000,  0.000
  0.016,298.605,  0.000,  0.000
  0.016,298.605,  0.000,  0.000
  0.016,298.613,  0.000,  0.000
  0.016,298.606,  0.000,  0.000
  0.016,298.580,  0.000,  0.000
  0.016,298.567,  0.000,  0.000
  0.016,298.586,  0.000,  0.000
  0.016,298.629,  0.000,  0.000
  0.016,298.637,  0.000,  0.000
  0.016,298.617,  0.000,  0.000
  0.016,298.625,  0.000,  0.000
  0.016,298.648,  0.000,  0.000
  0.016,298.643,  0.000,  0.000
  0.016,298.632,  0.000,  0.000
  0.016,298.651,  0.000,  0.000
  0.016,298.676,  0.000,  0.000
  0.016,298.670,  0.000,  0.000
  0.016,298.638,  0.000,  0.000
  0.016,298.643,  0.000,  0.000
  0.016,298.663,  0.000,  0.000
  0.016,298.687,  0.000,  0.000
  0.016,298.713,  0.000,  0.000
  0.016,298.746,  0.000,  0.000
  0.016,298.778,  0.000,  0.000
  0.016,298.663,  0.000,  0.000
  0.016,298.652,  0.000,  0.000
  0.016,298.616,  0.000,  0.000
  0.016,298.606,  0.000,  0.000
  0.016,298.631,  0.000,  0.000
  0.016,298.610,  0.000,  0.000
  0.016,298.579,  0.000,  0.000
  0.016,298.580,  0.000,  0.000
  0.016,298.616,  0.000,  0.000
  0.016,298.648,  0.000,  0.000
  0.016,298.656,  0.000,  0.000
  0.016,298.642,  0.000,  0.000
  0.016,298.626,  0.000,  0.000
  0.016,298.618,  0.000,  0.000
  0.016,298.624,  0.000,  0.000
  0.016,298.658,  0.000,  0.000
  0.016,298.689,  0.000,  0.000
  0.016,298.686,  0.000,  0.000
  0.016,298.663,  0.000,  0.000
  0.016,298.650,  0.000,  0.000
  0.016,298.662,  0.000,  0.000
  0.016,298.684,  0.000,  0.000
  0.016,298.706,  0.000,  0.000
  0.016,298.737,  0.000,  0.000
  0.016,298.773,  0.000,  0.000
  0.016,298.653,  0.000,  0.000
  0.016,298.657,  0.000,  0.000
  0.016,298.654,  0.000,  0.000
  0.016,298.636,  0.000,  0.000
  0.016,298.625,  0.000,  0.000
  0.016,298.625,  0.000,  0.000
  0.016,298.611,  0.000,  0.000
  0.016,298.601,  0.000,  0.000
  0.016,298.619,  0.000,  0.000
  0.016,298.653,  0.000,  0.000
  0.016,298.667,  0.000,  0.000
  0.016,298.654,  0.000,  0.000
  0.016,298.626,  0.000,  0.000
  0.016,298.616,  0.000,  0.000
  0.016,298.631,  0.000,  0.000
  0.016,298.651,  0.000,  0.000
  0.016,298.680,  0.000,  0.000
  0.016,298.691,  0.000,  0.000
  0.016,298.681,  0.000,  0.000
  0.016,298.677,  0.000,  0.000
  0.016,298.667,  0.000,  0.000
  0.016,298.671,  0.000,  0.000
  0.016,298.695,  0.000,  0.000
  0.016,298.733,  0.000,  0.000
  0.016,298.770,  0.000,  0.000
  0.016,298.611,  0.000,  0.000
  0.016,298.634,  0.000,  0.000
  0.016,298.677,  0.000,  0.000
  0.016,298.663,  0.000,  0.000
  0.016,298.628,  0.000,  0.000
  0.016,298.623,  0.000,  0.000
  0.016,298.644,  0.000,  0.000
  0.016,298.629,  0.000,  0.000
  0.016,298.630,  0.000,  0.000
  0.016,298.650,  0.000,  0.000
  0.016,298.655,  0.000,  0.000
  0.016,298.657,  0.000,  0.000
  0.016,298.644,  0.000,  0.000
  0.016,298.632,  0.000,  0.000
  0.016,298.640,  0.000,  0.000
  0.016,298.645,  0.000,  0.000
  0.016,298.652,  0.000,  0.000
  0.016,298.681,  0.000,  0.000
  0.016,298.698,  0.000,  0.000
  0.016,298.695,  0.000,  0.000
  0.016,298.672,  0.000,  0.000
  0.016,298.668,  0.000,  0.000
  0.016,298.695,  0.000,  0.000
  0.016,298.728,  0.000,  0.000
  0.016,298.758,  0.000,  0.000
  0.016,298.623,  0.000,  0.000
  0.016,298.628,  0.000,  0.000
  0.016,298.654,  0.000,  0.000
  0.016,298.659,  0.000,  0.000
  0.016,298.655,  0.000,  0.000
  0.016,298.647,  0.000,  0.000
  0.016,298.651,  0.000,  0.000
  0.016,298.657,  0.000,  0.000
  0.016,298.639,  0.000,  0.000
  0.016,298.639,  0.000,  0.000
  0.016,298.645,  0.000,  0.000
  0.016,298.670,  0.000,  0.000
  0.016,298.666,  0.000,  0.000
  0.016,298.634,  0.000,  0.000
  0.016,298.624,  0.000,  0.000
  0.016,298.636,  0.000,  0.000
  0.016,298.650,  0.000,  0.000
  0.016,298.672,  0.000,  0.000
  0.016,298.702,  0.000,  0.000
  0.016,298.698,  0.000,  0.000
  0.016,298.687,  0.000,  0.000
  0.016,298.692,  0.000,  0.000
  0.016,298.699,  0.000,  0.000
  0.016,298.715,  0.000,  0.000
  0.016,298.745,  0.000,  0.000
  0.016,298.678,  0.000,  0.000
  0.016,298.648,  0.000,  0.000
  0.016,298.613,  0.000,  0.000
  0.016,298.635,  0.000,  0.000
  0.016,298.672,  0.000,  0.000
  0.016,298.668,  0.000,  0.000
  0.016,298.651,  0.000,  0.000
  0.016,298.650,  0.000,  0.000
  0.016,298.648,  0.000,  0.000
  0.016,298.628,  0.000,  0.000
  0.016,298.658,  0.000,  0.000
  0.016,298.689,  0.000,  0.000
  0.016,298.675,  0.000,  0.000
  0.016,298.635,  0.000,  0.000
  0.016,298.604,  0.000,  0.000
  0.016,298.620,  0.000,  0.000
  0.016,298.665,  0.000,  0.000
  0.016,298.672,  0.000,  0.000
  0.016,298.667,  0.000,  0.000
  0.016,298.684,  0.000,  0.000
  0.016,298.710,  0.000,  0.000
  0.016,298.712,  0.000,  0.000
  0.016,298.696,  0.000,  0.000
  0.016,298.704,  0.000,  0.000
  0.016,298.740,  0.000,  0.000
  0.016,298.686,  0.000,  0.000
  0.016,298.659,  0.000,  0.000
  0.016,298.628,  0.000,  0.000
  0.016,298.636,  0.000,  0.000
  0.016,298.665,  0.000,  0.000
  0.016,298.664,  0.000,  0.000
  0.016,298.650,  0.000,  0.000
  0.016,298.635,  0.000,  0.000
  0.016,298.635,  0.000,  0.000
  0.016,298.656,  0.000,  0.000
  0.016,298.675,  0.000,  0.000
  0.016,298.701,  0.000,  0.000
  0.016,298.673,  0.000,  0.000
  0.016,298.648,  0.000,  0.000
  0.016,298.629,  0.000,  0.000
  0.016,298.620,  0.000,  0.000
  0.016,298.650,  0.000,  0.000
  0.016,298.659,  0.000,  0.000
  0.016,298.640,  0.000,  0.000
  0.016,298.670,  0.000,  0.000
  0.016,298.718,  0.000,  0.000
  0.016,298.713,  0.000,  0.000
  0.016,298.697,  0.000,  0.000
  0.016,298.711,  0.000,  0.000
  0.016,298.737,  0.000,  0.000
  0.016,298.638,  0.000,  0.000
  0.016,298.664,  0.000,  0.000
  0.016,298.672,  0.000,  0.000
  0.016,298.650,  0.000,  0.000
  0.016,298.629,  0.000,  0.000
  0.016,298.642,  0.000,  0.000
  0.016,298.643,  0.000,  0.000
  0.016,298.625,  0.000,  0.000
  0.016,298.633,  0.000,  0.000
  0.016,298.676,  0.000,  0.000
  0.016,298.684,  0.000,  0.000
  0.016,298.680,  0.000,  0.000
  0.016,298.678,  0.000,  0.000
  0.016,298.663,  0.000,  0.000
  0.016,298.659,  0.000,  0.000
  0.016,298.629,  0.000,  0.000
  0.016,298.614,  0.000,  0.000
  0.016,298.637,  0.000,  0.000
  0.016,298.658,  0.000,  0.000
  0.016,298.668,  0.000,  0.000
  0.016,298.689,  0.000,  0.000
  0.016,298.704,  0.000,  0.000
  0.016,298.714,  0.000,  0.000
  0.016,298.722,  0.000,  0.000
  0.016,298.726,  0.000,  0.000
