  0.017,298.379,  0.000,  0.000
  0.017,298.430,  0.000,  0.000
  0.017,298.446,  0.000,  0.000
  0.017,298.401,  0.000,  0.000
  0.017,298.343,  0.000,  0.000
  0.017,298.310,  0.000,  0.000
  0.017,298.315,  0.000,  0.000
  0.017,298.335,  0.000,  0.000
  0.017,298.359,  0.000,  0.000
  0.017,298.381,  0.000,  0.000
  0.017,298.389,  0.000,  0.000
  0.017,298.400,  0.000,  0.000
  0.017,298.403,  0.000,  0.000
  0.017,298.379,  0.000,  0.000
  0.017,298.297,  0.000,  0.000
  0.017,298.155,  0.000,  0.000
  0.017,298.046,  0.000,  0.000
  0.017,298.141,  0.000,  0.000
  0.017,298.309,  0.000,  0.000
  0.017,298.319,  0.000,  0.000
  0.017,298.359,  0.000,  0.000
  0.017,298.543,  0.000,  0.000
  0.017,298.735,  0.000,  0.000
  0.017,298.735,  0.000,  0.000
  0.017,298.668,  0.000,  0.000
  0.017,298.463,  0.000,  0.000
  0.017,298.451,  0.000,  0.000
  0.017,298.420,  0.000,  0.000
  0.017,298.384,  0.000,  0.000
  0.017,298.357,  0.000,  0.000
  0.017,298.339,  0.000,  0.000
  0.017,298.346,  0.000,  0.000
  0.017,298.362,  0.000,  0.000
  0.017,298.368,  0.000,  0.000
  0.017,298.359,  0.000,  0.000
  0.017,298.360,  0.000,  0.000
  0.017,298.378,  0.000,  0.000
  0.017,298.406,  0.000,  0.000
  0.017,298.394,  0.000,  0.000
  0.017,298.184,  0.000,  0.000
  0.018,297.775,  0.000,  0.000
  0.018,297.604,  0.000,  0.000
  0.017,297.762,  0.000,  0.000
  0.017,298.028,  0.000,  0.000
  0.017,298.127,  0.000,  0.000
  0.017,298.356,  0.000,  0.000
  0.017,298.713,  0.000,  0.000
  0.017,298.763,  0.000,  0.000
  0.017,298.713,  0.000,  0.000
  0.017,298.703,  0.000,  0.000
  0.017,298.470,  0.000,  0.000
  0.017,298.427,  0.000,  0.000
  0.017,298.399,  0.000,  0.000
  0.017,298.391,  0.000,  0.000
  0.017,298.384,  0.000,  0.000
  0.017,298.379,  0.000,  0.000
  0.017,298.389,  0.000,  0.000
  0.017,298.398,  0.000,  0.000
  0.017,298.365,  0.000,  0.000
  0.017,298.310,  0.000,  0.000
  0.017,298.292,  0.000,  0.000
  0.017,298.338,  0.000,  0.000
  0.017,298.423,  0.000,  0.000
  0.017,298.399,  0.000,  0.000
  0.018,298.052,  0.000,  0.000
  0.018,297.656,  0.000,  0.000
  0.017,297.578,  0.000,  0.000
  0.017,297.672,  0.000,  0.000
  0.018,297.834,  0.000,  0.000
  0.017,298.127,  0.000,  0.000
  0.017,298.542,  0.000,  0.000
  0.017,298.752,  0.000,  0.000
  0.017,298.725,  0.000,  0.000
  0.017,298.713,  0.000,  0.000
  0.017,298.712,  0.000,  0.000
  0.017,298.429,  0.000,  0.000
  0.017,298.383,  0.000,  0.000
  0.017,298.382,  0.000,  0.000
  0.017,298.406,  0.000,  0.000
  0.017,298.424,  0.000,  0.000
  0.017,298.432,  0.000,  0.000
  0.017,298.432,  0.000,  0.000
  0.017,298.419,  0.000,  0.000
  0.017,298.352,  0.000,  0.000
  0.017,298.252,  0.000,  0.000
  0.017,298.224,  0.000,  0.000
  0.017,298.296,  0.000,  0.000
  0.017,298.387,  0.000,  0.000
  0.018,298.214,  0.000,  0.000
  0.018,297.824,  0.000,  0.000
  0.018,297.662,  0.000,  0.000
  0.017,297.762,  0.000,  0.000
  0.017,297.923,  0.000,  0.000
  0.017,298.211,  0.000,  0.000
  0.017,298.529,  0.000,  0.000
  0.017,298.698,  0.000,  0.000
  0.017,298.717,  0.000,  0.000
  0.017,298.700,  0.000,  0.000
  0.017,298.706,  0.000,  0.000
  0.017,298.684,  0.000,  0.000
  0.017,298.449,  0.000,  0.000
  0.017,298.410,  0.000,  0.000
  0.017,298.400,  0.000,  0.000
  0.017,298.429,  0.000,  0.000
  0.017,298.461,  0.000,  0.000
  0.017,298.485,  0.000,  0.000
  0.017,298.463,  0.000,  0.000
  0.017,298.385,  0.000,  0.000
  0.017,298.296,  0.000,  0.000
  0.017,298.241,  0.000,  0.000
  0.017,298.218,  0.000,  0.000
  0.017,298.247,  0.000,  0.000
  0.017,298.243,  0.000,  0.000
  0.018,298.013,  0.000,  0.000
  0.018,297.825,  0.000,  0.000
  0.018,297.919,  0.000,  0.000
  0.017,298.168,  0.000,  0.000
  0.017,298.463,  0.000,  0.000
  0.017,298.677,  0.000,  0.000
  0.017,298.740,  0.000,  0.000
  0.017,298.725,  0.000,  0.000
  0.017,298.712,  0.000,  0.000
  0.017,298.700,  0.000,  0.000
  0.017,298.683,  0.000,  0.000
  0.017,298.638,  0.000,  0.000
  0.017,298.492,  0.000,  0.000
  0.017,298.481,  0.000,  0.000
  0.017,298.466,  0.000,  0.000
  0.017,298.469,  0.000,  0.000
  0.017,298.495,  0.000,  0.000
  0.017,298.528,  0.000,  0.000
  0.017,298.505,  0.000,  0.000
  0.017,298.376,  0.000,  0.000
  0.017,298.271,  0.000,  0.000
  0.017,298.234,  0.000,  0.000
  0.017,298.195,  0.000,  0.000
  0.017,298.167,  0.000,  0.000
  0.017,298.186,  0.000,  0.000
  0.018,298.244,  0.000,  0.000
  0.018,298.342,  0.000,  0.000
  0.017,298.470,  0.000,  0.000
  0.017,298.638,  0.000,  0.000
  0.017,298.757,  0.000,  0.000
  0.017,298.779,  0.000,  0.000
  0.017,298.755,  0.000,  0.000
  0.017,298.729,  0.000,  0.000
  0.017,298.711,  0.000,  0.000
  0.017,298.679,  0.000,  0.000
  0.017,298.642,  0.000,  0.000
  0.017,298.594,  0.000,  0.000
  0.017,298.453,  0.000,  0.000
  0.017,298.477,  0.000,  0.000
  0.017,298.504,  0.000,  0.000
  0.017,298.524,  0.000,  0.000
  0.017,298.550,  0.000,  0.000
  0.017,298.537,  0.000,  0.000
  0.017,298.423,  0.000,  0.000
  0.017,298.261,  0.000,  0.000
  0.017,298.188,  0.000,  0.000
  0.017,298.205,  0.000,  0.000
  0.017,298.216,  0.000,  0.000
  0.017,298.294,  0.000,  0.000
  0.017,298.510,  0.000,  0.000
  0.017,298.717,  0.000,  0.000
  0.017,298.798,  0.000,  0.000
  0.017,298.811,  0.000,  0.000
  0.017,298.810,  0.000,  0.000
  0.017,298.800,  0.000,  0.000
  0.017,298.776,  0.000,  0.000
  0.017,298.747,  0.000,  0.000
  0.017,298.705,  0.000,  0.000
  0.017,298.661,  0.000,  0.000
  0.017,298.616,  0.000,  0.000
  0.017,298.596,  0.000,  0.000
  0.017,298.600,  0.000,  0.000
  0.017,298.397,  0.000,  0.000
  0.017,298.428,  0.000,  0.000
  0.017,298.514,  0.000,  0.000
  0.017,298.572, -0.000,  0.000
  0.017,298.566,  0.000,  0.000
  0.017,298.497,  0.000,  0.000
  0.018,298.289,  0.000,  0.000
  0.018,298.043,  0.000,  0.000
  0.017,297.968,  0.000,  0.000
  0.017,298.135,  0.000,  0.000
  0.017,298.437,  0.000,  0.000
  0.017,298.735,  0.000,  0.000
  0.017,298.867,  0.000,  0.000
  0.017,298.874,  0.000,  0.000
  0.017,298.883,  0.000,  0.000
  0.017,298.865,  0.000,  0.000
  0.017,298.826,  0.000,  0.000
  0.017,298.805,  0.000,  0.000
  0.017,298.776,  0.000,  0.000
  0.017,298.724,  0.000,  0.000
  0.017,298.663,  0.000,  0.000
  0.017,298.611,  0.000,  0.000
  0.017,298.574,  0.000,  0.000
  0.017,298.584,  0.000,  0.000
  0.017,298.631,  0.000,  0.000
  0.017,298.416,  0.000,  0.000
  0.017,298.440,  0.000,  0.000
  0.017,298.512,  0.000,  0.000
  0.017,298.506,  0.000,  0.000
  0.017,298.477,  0.000,  0.000
  0.017,298.481,  0.000,  0.000
  0.017,298.345,  0.000,  0.000
  0.018,298.050,  0.000,  0.000
  0.018,297.955,  0.000,  0.000
  0.017,298.236,  0.000,  0.000
  0.017,298.726,  0.000,  0.000
  0.017,298.984,  0.000,  0.000
  0.017,298.916,  0.000,  0.000
  0.017,298.866,  0.000,  0.000
  0.017,298.865,  0.000,  0.000
  0.017,298.838,  0.000,  0.000
  0.017,298.807, -0.000,  0.000
  0.017,298.789,  0.000,  0.000
  0.017,298.750,  0.000,  0.000
  0.017,298.699,  0.000,  0.000
  0.017,298.662,  0.000,  0.000
  0.017,298.636,  0.000,  0.000
  0.017,298.626,  0.000,  0.000
  0.017,298.639,  0.000,  0.000
  0.017,298.669,  0.000,  0.000
  0.017,298.498,  0.000,  0.020
  0.017,298.464,  0.000,  0.020
  0.017,298.395,  0.000,  0.120
  0.017,298.336,  0.000,  0.120
  0.017,298.381,  0.000,  0.120
  0.017,298.477,  0.000,  0.120
  0.017,298.457,  0.000,  0.050
  0.018,298.274,  0.000,  0.050
  0.018,298.218,  0.000,  0.050
  0.017,298.535,  0.000,  0.000
  0.017,298.921,  0.000,  0.000
  0.017,298.958,  0.000,  0.000
  0.017,298.871,  0.000,  0.000
  0.017,298.854,  0.000,  0.000
  0.017,298.839,  0.000,  0.000
  0.017,298.803,  0.000,  0.000
  0.017,298.783,  0.000,  0.000
  0.017,298.758, -0.000,  0.000
  0.017,298.723,  0.000,  0.000
  0.017,298.695,  0.000,  0.000
  0.017,298.692,  0.000,  0.000
  0.017,298.696,  0.000,  0.000
  0.017,298.700,  0.000,  0.000
  0.017,298.684,  0.000,  0.000
  0.017,298.678,  0.000,  0.000
  0.017,298.526,  0.000,  0.020
  0.017,298.440,  0.000,  0.020
  0.017,298.328,  0.000,  0.120
  0.017,298.293,  0.000,  0.120
  0.017,298.324,  0.000,  0.120
  0.017,298.365,  0.000,  0.120
  0.018,298.408,  0.000,  0.050
  0.018,298.466,  0.000,  0.050
  0.017,298.625,  0.000,  0.050
  0.017,298.874,  0.000,  0.000
  0.017,298.969,  0.000,  0.000
  0.017,298.902,  0.000,  0.000
  0.017,298.869,  0.000,  0.000
  0.017,298.858,  0.000,  0.000
  0.017,298.818,  0.000,  0.000
  0.017,298.785,  0.000,  0.000
  0.017,298.761,  0.000,  0.000
  0.017,298.740,  0.000,  0.000
  0.017,298.718,  0.000,  0.000
  0.017,298.708,  0.000,  0.000
  0.017,298.710,  0.000,  0.000
  0.017,298.718,  0.000,  0.000
  0.017,298.713,  0.000,  0.000
  0.017,298.687,  0.000,  0.000
  0.017,298.667,  0.000,  0.000
  0.017,298.539,  0.000,  0.020
  0.017,298.502,  0.000,  0.020
  0.017,298.406,  0.000,  0.120
  0.017,298.295,  0.000,  0.120
  0.017,298.257,  0.000,  0.120
  0.017,298.340,  0.000,  0.120
  0.018,298.491,  0.000,  0.050
  0.017,298.726,  0.000,  0.050
  0.017,298.927,  0.000,  0.050
  0.017,298.984,  0.000,  0.000
  0.017,298.925,  0.000,  0.000
  0.017,298.874,  0.000,  0.000
  0.017,298.858,  0.000,  0.000
  0.017,298.835,  0.000,  0.000
  0.017,298.806,  0.000,  0.000
  0.017,298.777,  0.000,  0.000
  0.017,298.752,  0.000,  0.000
  0.017,298.731,  0.000,  0.000
  0.017,298.727,  0.000,  0.000
  0.017,298.721,  0.000,  0.000
  0.017,298.709,  0.000,  0.000
  0.017,298.716,  0.000,  0.000
  0.017,298.718,  0.000,  0.000
  0.017,298.699,  0.000,  0.000
  0.017,298.681,  0.000,  0.000
  0.017,298.584,  0.000,  0.020
  0.017,298.455,  0.000,  0.020
  0.017,298.274,  0.000,  0.120
  0.017,298.237,  0.000,  0.120
  0.017,298.322,  0.000,  0.120
  0.017,298.516,  0.000,  0.120
  0.017,298.780,  0.000,  0.050
  0.017,298.958,  0.000,  0.050
  0.017,298.996,  0.000,  0.050
  0.017,298.943,  0.000,  0.000
  0.017,298.891,  0.000,  0.000
  0.017,298.854,  0.000,  0.000
  0.017,298.823,  0.000,  0.000
  0.017,298.805,  0.000,  0.000
  0.017,298.798,  0.000,  0.000
  0.017,298.777,  0.000,  0.000
  0.017,298.763,  0.000,  0.000
  0.017,298.756,  0.000,  0.000
  0.017,298.748,  0.000,  0.000
  0.017,298.731,  0.000,  0.000
  0.017,298.720,  0.000,  0.000
  0.017,298.731,  0.000,  0.000
  0.017,298.757,  0.000,  0.000
  0.017,298.746,  0.000,  0.000
  0.017,298.718,  0.000,  0.000
  0.017,298.445,  0.000,  0.000
  0.018,298.127,  0.000,  0.000
  0.018,298.003,  0.000,  0.000
  0.017,298.144,  0.000,  0.000
  0.017,298.404,  0.000,  0.000
  0.017,298.678,  0.000,  0.000
  0.017,298.917,  0.000,  0.000
  0.017,298.967,  0.000,  0.000
  0.017,298.915,  0.000,  0.000
  0.017,298.886,  0.000,  0.030
  0.017,298.880,  0.000,  0.030
  0.017,298.852,  0.000,  0.030
  0.017,298.815,  0.000,  0.030
  0.017,298.801,  0.000,  0.020
  0.017,298.796,  0.000,  0.020
  0.017,298.798,  0.000,  0.020
  0.017,298.803,  0.000,  0.000
  0.017,298.795,  0.000,  0.000
  0.017,298.768,  0.000,  0.000
  0.017,298.738,  0.000,  0.000
  0.017,298.736,  0.000,  0.000
  0.017,298.763,  0.000,  0.000
  0.017,298.788,  0.000,  0.000
  0.017,298.797,  0.000,  0.000
  0.017,298.768,  0.000,  0.000
  0.018,298.180,  0.000,  0.000
  0.018,297.895,  0.000,  0.000
  0.018,297.897,  0.000,  0.000
  0.018,298.069,  0.000,  0.000
  0.018,298.365,  0.000,  0.000
  0.018,298.704,  0.000,  0.000
  0.017,298.911,  0.000,  0.000
  0.017,298.900,  0.000,  0.000
  0.017,298.848,  0.000,  0.000
  0.017,298.852,  0.000,  0.030
  0.017,298.868,  0.000,  0.030
  0.017,298.854,  0.000,  0.030
  0.017,298.824,  0.000,  0.030
  0.017,298.807,  0.000,  0.020
  0.017,298.807,  0.000,  0.020
  0.017,298.831,  0.000,  0.020
  0.017,298.843,  0.000,  0.000
  0.016,298.826,  0.000,  0.000
  0.017,298.782,  0.000,  0.000
  0.017,298.747,  0.000,  0.000
  0.017,298.738,  0.000,  0.000
  0.017,298.775,  0.000,  0.000
  0.017,298.814,  0.000,  0.000
  0.017,298.828,  0.000,  0.000
  0.017,298.808,  0.000,  0.000
