  0.019,300.823,  0.131,  2.850
  0.019,300.847,  0.152,  2.850
  0.019,300.853,  0.177,  0.020
  0.019,300.840,  0.181,  0.020
  0.019,300.820,  0.175,  0.020
  0.019,300.804,  0.183,  0.020
  0.019,300.822,  0.214,  0.000
  0.019,300.905,  0.251,  0.000
  0.019,301.006,  0.281,  0.000
  0.018,301.008,  0.299,  0.690
  0.019,300.935,  0.310,  0.690
  0.019,300.904,  0.326,  0.690
  0.019,300.932,  0.349,  0.690
  0.019,300.971,  0.370,  0.630
  0.019,300.981,  0.379,  0.630
  0.019,300.960,  0.380,  0.630
  0.019,300.947,  0.377,  0.000
  0.019,300.948,  0.385,  0.000
  0.019,300.944,  0.402,  0.000
  0.019,300.944,  0.430,  0.000
  0.019,300.962,  0.452,  0.000
  0.019,300.985,  0.457,  0.000
  0.019,300.980,  0.447,  0.000
  0.019,300.972,  0.427,  0.000
  0.019,300.938,  0.400,  0.000
  0.019,300.790,  0.138,  2.580
  0.019,300.806,  0.183,  2.580
  0.019,300.835,  0.237,  1.560
  0.019,300.854,  0.275,  1.560
  0.019,300.853,  0.294,  1.560
  0.019,300.827,  0.312,  1.560
  0.019,300.822,  0.331,  0.000
  0.019,300.899,  0.340,  0.000
  0.019,301.012,  0.333,  0.000
  0.018,301.030,  0.314,  0.000
  0.018,300.959,  0.289,  0.000
  0.019,300.908,  0.269,  0.000
  0.019,300.878,  0.257,  0.000
  0.019,300.829,  0.252,  0.000
  0.019,300.831,  0.254,  0.000
  0.019,300.874,  0.262,  0.000
  0.019,300.923,  0.275,  0.000
  0.019,300.950,  0.297,  0.000
  0.019,300.949,  0.322,  0.000
  0.019,300.942,  0.346,  0.000
  0.019,300.948,  0.375,  0.000
  0.019,300.965,  0.399,  0.000
  0.019,300.961,  0.414,  0.000
  0.019,300.941,  0.421,  0.430
  0.018,300.816,  0.414,  0.430
  0.019,300.816,  0.202,  2.580
  0.019,300.836,  0.235,  2.580
  0.019,300.853,  0.283,  1.560
  0.019,300.862,  0.329,  1.560
  0.019,300.865,  0.352,  1.560
  0.019,300.859,  0.352,  1.560
  0.019,300.874,  0.342,  0.000
  0.019,300.935,  0.325,  0.000
  0.019,300.976,  0.299,  0.000
  0.019,300.985,  0.268,  0.000
  0.019,300.944,  0.238,  0.000
  0.019,300.832,  0.216,  0.000
  0.018,300.760,  0.202,  0.000
  0.019,300.767,  0.195,  0.000
  0.018,300.621,  0.200,  0.000
  0.018,300.613,  0.209,  0.000
  0.020,300.831,  0.229,  0.000
  0.019,300.924,  0.255,  0.000
  0.019,300.943,  0.277,  0.000
  0.019,300.930,  0.294,  0.000
  0.019,300.913,  0.320,  0.000
  0.019,300.906,  0.351,  0.000
  0.019,300.929,  0.372,  0.000
  0.019,300.895,  0.381,  0.430
  0.018,300.725,  0.376,  0.430
  0.019,300.836,  0.217,  2.580
  0.019,300.894,  0.222,  2.580
  0.019,300.922,  0.248,  1.560
  0.019,300.897,  0.298,  1.560
  0.019,300.855,  0.337,  1.560
  0.019,300.859,  0.336,  1.560
  0.019,300.929,  0.308,  0.000
  0.018,301.017,  0.273,  0.000
  0.018,301.024,  0.239,  0.000
  0.019,300.961,  0.209,  0.000
  0.019,300.833,  0.189,  0.000
  0.018,300.704,  0.179,  0.000
  0.018,300.702,  0.178,  0.000
  0.017,300.797,  0.182,  0.000
  0.018,300.729,  0.190,  0.000
  0.018,300.567,  0.203,  0.000
  0.018,300.619,  0.237,  0.000
  0.019,300.877,  0.270,  0.000
  0.019,300.931,  0.281,  0.000
  0.019,300.921,  0.291,  0.000
  0.019,300.907,  0.315,  0.000
  0.019,300.901,  0.347,  0.000
  0.019,300.919,  0.364,  0.000
  0.019,300.914,  0.354,  0.430
  0.019,300.818,  0.332,  0.430
  0.019,300.826,  0.158,  2.580
  0.019,300.908,  0.143,  2.580
  0.019,300.956,  0.152,  1.560
  0.019,300.926,  0.192,  1.560
  0.019,300.863,  0.238,  1.560
  0.019,300.850,  0.255,  1.560
  0.019,300.940,  0.240,  0.000
  0.018,301.039,  0.216,  0.000
  0.018,301.060,  0.196,  0.000
  0.019,300.945,  0.183,  0.000
  0.018,300.739,  0.177,  0.000
  0.017,300.699,  0.177,  0.000
  0.017,300.719,  0.184,  0.000
  0.017,300.758,  0.191,  0.000
  0.018,300.759,  0.203,  0.000
  0.017,300.589,  0.220,  0.000
  0.018,300.625,  0.257,  0.000
  0.019,300.873,  0.308,  0.000
  0.019,300.940,  0.340,  0.000
  0.019,300.941,  0.354,  0.000
  0.019,300.943,  0.352,  0.000
  0.019,300.938,  0.347,  0.000
  0.019,300.940,  0.338,  0.000
  0.019,300.958,  0.323,  0.430
  0.019,300.949,  0.303,  0.430
  0.019,300.831,  0.112,  1.930
  0.019,300.848,  0.087,  1.930
  0.019,300.885,  0.082,  2.030
  0.019,300.897,  0.101,  2.030
  0.019,300.880,  0.130,  2.030
  0.019,300.880,  0.149,  2.030
  0.019,300.899,  0.154,  0.440
  0.019,300.943,  0.158,  0.440
  0.019,300.982,  0.168,  0.440
  0.019,300.895,  0.182,  0.000
  0.018,300.718,  0.196,  0.000
  0.017,300.697,  0.205,  0.000
  0.017,300.752,  0.211,  0.000
  0.017,300.762,  0.213,  0.000
  0.018,300.739,  0.224,  0.000
  0.019,300.714,  0.243,  0.000
  0.019,300.792,  0.265,  0.000
  0.019,300.902,  0.310,  0.000
  0.019,300.956,  0.380,  0.000
  0.019,300.973,  0.444,  0.000
  0.019,300.973,  0.467,  0.000
  0.019,300.962,  0.442,  0.000
  0.019,300.964,  0.385,  0.000
  0.019,300.977,  0.322,  0.000
  0.019,300.976,  0.279,  0.000
  0.019,300.857,  0.087,  1.930
  0.019,300.808,  0.061,  1.930
  0.019,300.800,  0.050,  2.030
  0.019,300.845,  0.051,  2.030
  0.019,300.900,  0.059,  2.030
  0.019,300.942,  0.069,  2.030
  0.019,300.926,  0.079,  0.440
  0.019,300.893,  0.095,  0.440
  0.019,300.909,  0.118,  0.440
  0.019,300.895,  0.148,  0.000
  0.019,300.777,  0.179,  0.000
  0.018,300.692,  0.202,  0.000
  0.018,300.712,  0.213,  0.000
  0.018,300.724,  0.214,  0.000
  0.018,300.709,  0.224,  0.000
  0.019,300.772,  0.240,  0.000
  0.019,300.871,  0.255,  0.000
  0.019,300.919,  0.280,  0.000
  0.019,300.941,  0.326,  0.000
  0.019,300.962,  0.382,  0.000
  0.019,300.973,  0.429,  0.000
  0.019,300.968,  0.460,  0.000
  0.019,300.968,  0.448,  0.000
  0.019,300.971,  0.393,  0.000
  0.019,300.961,  0.325,  0.000
  0.019,300.860,  0.056,  1.930
  0.019,300.810,  0.042,  1.930
  0.019,300.782,  0.033,  2.030
  0.019,300.815,  0.029,  2.030
  0.019,300.917,  0.029,  2.030
  0.018,300.991,  0.030,  2.030
  0.019,300.982,  0.037,  0.440
  0.019,300.931,  0.049,  0.440
  0.019,300.921,  0.066,  0.440
  0.019,300.931,  0.093,  0.000
  0.019,300.880,  0.124,  0.000
  0.019,300.784,  0.152,  0.000
  0.019,300.728,  0.173,  0.000
  0.019,300.742,  0.184,  0.000
  0.019,300.809,  0.193,  0.000
  0.019,300.893,  0.200,  0.000
  0.019,300.917,  0.209,  0.000
  0.019,300.926,  0.219,  0.000
  0.019,300.941,  0.236,  0.000
  0.019,300.940,  0.259,  0.000
  0.019,300.947,  0.284,  0.000
  0.019,300.949,  0.332,  0.000
  0.019,300.954,  0.386,  0.000
  0.019,300.972,  0.418,  0.000
  0.019,300.976,  0.415,  0.000
  0.019,300.855,  0.028,  1.930
  0.019,300.822,  0.026,  1.930
  0.019,300.806,  0.024,  2.030
  0.019,300.830,  0.022,  2.030
  0.019,300.901,  0.020,  2.030
  0.019,300.973,  0.019,  2.030
  0.019,300.973,  0.023,  0.440
  0.019,300.943,  0.030,  0.440
  0.019,300.928,  0.039,  0.440
  0.019,300.945,  0.052,  0.000
  0.019,300.940,  0.071,  0.000
  0.019,300.910,  0.094,  0.000
  0.019,300.885,  0.120,  0.000
  0.019,300.900,  0.144,  0.000
  0.019,300.921,  0.161,  0.000
  0.019,300.929,  0.171,  0.000
  0.019,300.942,  0.182,  0.000
  0.019,300.953,  0.191,  0.000
  0.019,300.962,  0.199,  0.000
  0.019,300.938,  0.205,  0.000
  0.019,300.946,  0.205,  0.000
  0.019,300.937,  0.227,  0.000
  0.019,300.936,  0.302,  0.000
  0.019,300.965,  0.417,  0.000
  0.019,300.974,  0.499,  0.000
  0.019,300.849,  0.028,  0.000
  0.019,300.855,  0.023,  0.000
  0.019,300.866,  0.019,  0.180
  0.019,300.888,  0.017,  0.180
  0.019,300.888,  0.017,  0.180
  0.019,300.905,  0.017,  0.180
  0.019,300.923,  0.021,  0.190
  0.019,300.913,  0.025,  0.190
  0.019,300.902,  0.028,  0.190
  0.019,300.928,  0.033,  0.420
  0.019,300.958,  0.041,  0.420
  0.019,300.945,  0.053,  0.420
  0.019,300.916,  0.073,  0.420
  0.019,300.914,  0.095,  0.600
  0.019,300.932,  0.116,  0.600
  0.019,300.958,  0.137,  0.600
  0.019,300.995,  0.158,  1.270
  0.019,300.998,  0.176,  1.270
  0.019,300.972,  0.189,  1.270
  0.019,300.955,  0.196,  1.270
  0.019,300.964,  0.195,  0.020
  0.019,300.949,  0.195,  0.020
  0.019,300.921,  0.240,  0.020
  0.019,300.926,  0.339,  0.000
  0.019,300.954,  0.422,  0.000
  0.019,300.837,  0.149,  0.000
  0.019,300.883,  0.108,  0.000
  0.019,300.929,  0.076,  0.180
  0.018,300.941,  0.054,  0.180
  0.019,300.904,  0.038,  0.180
  0.019,300.897,  0.028,  0.180
  0.019,300.936,  0.023,  0.190
  0.019,300.935,  0.021,  0.190
  0.019,300.900,  0.022,  0.190
  0.019,300.916,  0.023,  0.420
  0.019,300.969,  0.026,  0.420
  0.019,300.963,  0.031,  0.420
  0.019,300.930,  0.040,  0.420
  0.019,300.941,  0.052,  0.600
  0.019,300.973,  0.068,  0.600
  0.019,300.996,  0.089,  0.600
  0.019,301.010,  0.113,  1.270
  0.019,301.005,  0.134,  1.270
  0.019,300.982,  0.152,  1.270
  0.019,300.965,  0.169,  1.270
  0.019,300.960,  0.178,  0.020
  0.019,300.960,  0.178,  0.020
  0.019,300.958,  0.192,  0.020
  0.019,300.950,  0.226,  0.000
  0.019,300.959,  0.254,  0.000
  0.019,300.829,  0.239,  0.000
  0.019,300.887,  0.195,  0.000
  0.019,300.958,  0.158,  0.180
  0.018,300.966,  0.123,  0.180
  0.019,300.918,  0.088,  0.180
  0.019,300.906,  0.059,  0.180
  0.019,300.958,  0.037,  0.190
  0.019,300.978,  0.024,  0.190
  0.019,300.932,  0.020,  0.190
  0.019,300.908,  0.018,  0.420
  0.019,300.929,  0.019,  0.420
  0.019,300.935,  0.020,  0.420
  0.019,300.936,  0.024,  0.420
  0.019,300.954,  0.029,  0.600
  0.019,300.990,  0.039,  0.600
  0.019,300.998,  0.054,  0.600
  0.019,300.983,  0.074,  1.270
  0.019,300.976,  0.091,  1.270
  0.019,300.965,  0.108,  1.270
  0.019,300.957,  0.126,  1.270
  0.019,300.957,  0.140,  0.020
  0.019,300.955,  0.148,  0.020
  0.019,300.937,  0.155,  0.020
  0.019,300.937,  0.159,  0.000
  0.019,300.960,  0.153,  0.000
  0.019,300.840,  0.221,  0.000
  0.019,300.859,  0.183,  0.000
  0.019,300.889,  0.153,  0.180
  0.019,300.910,  0.124,  0.180
  0.019,300.896,  0.096,  0.180
  0.019,300.897,  0.069,  0.180
  0.019,300.931,  0.047,  0.190
  0.019,300.958,  0.029,  0.190
  0.019,300.943,  0.020,  0.190
  0.019,300.909,  0.016,  0.420
  0.019,300.904,  0.014,  0.420
  0.019,300.921,  0.015,  0.420
  0.019,300.937,  0.015,  0.420
  0.019,300.947,  0.019,  0.600
  0.019,300.960,  0.025,  0.600
  0.019,300.958,  0.036,  0.600
  0.019,300.943,  0.049,  1.270
  0.019,300.946,  0.064,  1.270
  0.019,300.951,  0.078,  1.270
  0.019,300.953,  0.094,  1.270
  0.019,300.950,  0.105,  0.020
  0.019,300.959,  0.114,  0.020
  0.019,300.944,  0.123,  0.020
  0.019,300.931,  0.129,  0.000
  0.019,300.944,  0.125,  0.000
  0.019,300.838,  0.245,  0.000
  0.019,300.822,  0.169,  0.000
  0.019,300.809,  0.127,  0.000
  0.019,300.829,  0.097,  0.000
  0.019,300.861,  0.073,  0.000
  0.019,300.884,  0.051,  0.000
  0.019,300.885,  0.035,  0.260
  0.019,300.879,  0.023,  0.260
  0.019,300.894,  0.016,  0.260
  0.019,300.913,  0.013,  0.000
  0.019,300.934,  0.010,  0.000
  0.019,300.943,  0.011,  0.000
  0.019,300.933,  0.011,  0.000
  0.019,300.947,  0.013,  0.000
  0.019,300.961,  0.017,  0.000
  0.019,300.950,  0.024,  0.000
  0.019,300.937,  0.034,  0.000
  0.019,300.945,  0.045,  0.000
  0.019,300.958,  0.058,  0.000
  0.019,300.952,  0.069,  0.000
  0.019,300.941,  0.079,  0.320
  0.019,300.943,  0.087,  0.320
  0.019,300.944,  0.096,  0.320
  0.019,300.939,  0.104,  0.170
  0.019,300.923,  0.107,  0.170
  0.019,300.826,  0.465,  0.000
  0.019,300.810,  0.282,  0.000
  0.019,300.803,  0.168,  0.000
  0.019,300.819,  0.101,  0.000
  0.019,300.853,  0.060,  0.000
  0.019,300.879,  0.036,  0.000
  0.019,300.867,  0.021,  0.260
  0.019,300.831,  0.013,  0.260
  0.019,300.840,  0.010,  0.260
  0.019,300.903,  0.007,  0.000
  0.019,300.950,  0.006,  0.000
  0.019,300.900,  0.007,  0.000
  0.019,300.827,  0.007,  0.000
  0.019,300.852,  0.008,  0.000
  0.019,300.943,  0.011,  0.000
  0.019,300.968,  0.015,  0.000
  0.019,300.955,  0.021,  0.000
  0.019,300.952,  0.030,  0.000
  0.019,300.960,  0.040,  0.000
  0.019,300.956,  0.050,  0.000
  0.019,300.936,  0.060,  0.320
  0.019,300.921,  0.068,  0.320
  0.019,300.930,  0.077,  0.320
  0.019,300.944,  0.085,  0.170
  0.019,300.922,  0.091,  0.170
