  0.020,301.660,  0.000,  0.000
  0.020,301.664,  0.000,  0.000
  0.020,301.681,  0.000,  0.000
  0.020,301.691,  0.000,  0.000
  0.020,301.697,  0.000,  0.000
  0.020,301.707,  0.000,  0.000
  0.020,301.722,  0.000,  0.000
  0.020,301.740,  0.000,  0.000
  0.020,301.762,  0.000,  0.000
  0.020,301.786,  0.000,  0.000
  0.020,301.811,  0.000,  0.000
  0.020,301.839,  0.000,  0.000
  0.020,301.871,  0.000,  0.000
  0.020,301.892,  0.000,  0.000
  0.020,301.877,  0.000,  0.000
  0.020,301.818,  0.000,  0.000
  0.020,301.757,  0.000,  0.000
  0.021,301.726,  0.000,  0.000
  0.021,301.714,  0.000,  0.000
  0.021,301.708,  0.000,  0.000
  0.021,301.710,  0.000,  0.000
  0.021,301.714,  0.000,  0.000
  0.020,301.716,  0.000,  0.000
  0.020,301.745,  0.000,  0.000
  0.020,301.751,  0.000,  0.000
  0.020,301.667,  0.000,  0.000
  0.020,301.676,  0.000,  0.000
  0.020,301.684,  0.000,  0.000
  0.020,301.689,  0.000,  0.000
  0.020,301.697,  0.000,  0.000
  0.020,301.708,  0.000,  0.000
  0.020,301.723,  0.000,  0.000
  0.020,301.742,  0.000,  0.000
  0.020,301.761,  0.000,  0.000
  0.020,301.779,  0.000,  0.000
  0.020,301.795,  0.000,  0.000
  0.020,301.821,  0.000,  0.000
  0.020,301.862,  0.000,  0.000
  0.020,301.897,  0.000,  0.000
  0.020,301.880,  0.000,  0.000
  0.020,301.815,  0.000,  0.000
  0.021,301.764,  0.000,  0.000
  0.021,301.752,  0.000,  0.000
  0.020,301.739,  0.000,  0.000
  0.020,301.718,  0.000,  0.000
  0.021,301.701,  0.000,  0.000
  0.021,301.706,  0.000,  0.000
  0.020,301.722,  0.000,  0.000
  0.020,301.746,  0.000,  0.010
  0.020,301.740,  0.000,  0.010
  0.020,301.684,  0.000,  0.000
  0.020,301.690,  0.000,  0.000
  0.020,301.688,  0.000,  0.000
  0.020,301.688,  0.000,  0.000
  0.020,301.698,  0.000,  0.000
  0.020,301.709,  0.000,  0.000
  0.020,301.721,  0.000,  0.000
  0.020,301.737,  0.000,  0.000
  0.020,301.754,  0.000,  0.000
  0.020,301.771,  0.000,  0.000
  0.020,301.791,  0.000,  0.000
  0.020,301.821,  0.000,  0.000
  0.020,301.864,  0.000,  0.000
  0.020,301.903,  0.000,  0.000
  0.020,301.904,  0.000,  0.000
  0.020,301.855,  0.000,  0.000
  0.020,301.804,  0.000,  0.000
  0.020,301.784,  0.000,  0.000
  0.020,301.752,  0.000,  0.000
  0.021,301.717,  0.000,  0.000
  0.021,301.697,  0.000,  0.000
  0.021,301.703,  0.000,  0.000
  0.020,301.721,  0.000,  0.000
  0.020,301.746,  0.000,  0.010
  0.020,301.743,  0.000,  0.010
  0.021,301.687,  0.000,  0.000
  0.021,301.691,  0.000,  0.000
  0.020,301.691,  0.000,  0.000
  0.020,301.690,  0.000,  0.000
  0.020,301.698,  0.000,  0.000
  0.020,301.707,  0.000,  0.000
  0.020,301.719,  0.000,  0.000
  0.020,301.734,  0.000,  0.000
  0.020,301.752,  0.000,  0.000
  0.020,301.773,  0.000,  0.000
  0.020,301.795,  0.000,  0.000
  0.020,301.820,  0.000,  0.000
  0.020,301.854,  0.000,  0.000
  0.020,301.894,  0.000,  0.000
  0.020,301.917,  0.000,  0.000
  0.020,301.897,  0.000,  0.000
  0.020,301.832,  0.000,  0.000
  0.021,301.769,  0.000,  0.000
  0.021,301.743,  0.000,  0.000
  0.020,301.732,  0.000,  0.000
  0.021,301.709,  0.000,  0.000
  0.021,301.708,  0.000,  0.000
  0.020,301.725,  0.000,  0.000
  0.020,301.745,  0.000,  0.010
  0.020,301.742,  0.000,  0.010
  0.021,301.686,  0.000,  0.000
  0.021,301.687,  0.000,  0.000
  0.021,301.688,  0.000,  0.000
  0.020,301.686,  0.000,  0.000
  0.020,301.691,  0.000,  0.000
  0.020,301.701,  0.000,  0.000
  0.020,301.720,  0.000,  0.000
  0.020,301.734,  0.000,  0.000
  0.020,301.752,  0.000,  0.000
  0.020,301.773,  0.000,  0.000
  0.020,301.793,  0.000,  0.000
  0.020,301.812,  0.000,  0.000
  0.020,301.835,  0.000,  0.000
  0.020,301.872,  0.000,  0.000
  0.020,301.913,  0.000,  0.000
  0.020,301.919,  0.000,  0.000
  0.020,301.854,  0.000,  0.000
  0.021,301.765,  0.000,  0.000
  0.021,301.735,  0.000,  0.000
  0.020,301.744,  0.000,  0.000
  0.021,301.727,  0.000,  0.000
  0.021,301.705,  0.000,  0.000
  0.021,301.715,  0.000,  0.000
  0.020,301.746,  0.000,  0.010
  0.020,301.744,  0.000,  0.010
  0.021,301.686,  0.000,  0.000
  0.021,301.693,  0.000,  0.000
  0.021,301.693,  0.000,  0.000
  0.020,301.690,  0.000,  0.000
  0.020,301.694,  0.000,  0.000
  0.020,301.702,  0.000,  0.000
  0.020,301.719,  0.000,  0.000
  0.020,301.733,  0.000,  0.000
  0.020,301.749,  0.000,  0.000
  0.020,301.768,  0.000,  0.000
  0.020,301.787,  0.000,  0.000
  0.020,301.805,  0.000,  0.000
  0.020,301.827,  0.000,  0.000
  0.020,301.861,  0.000,  0.000
  0.020,301.905,  0.000,  0.000
  0.020,301.929,  0.000,  0.000
  0.020,301.895,  0.000,  0.000
  0.020,301.808,  0.000,  0.000
  0.021,301.745,  0.000,  0.000
  0.021,301.744,  0.000,  0.000
  0.021,301.739,  0.000,  0.000
  0.021,301.714,  0.000,  0.000
  0.021,301.713,  0.000,  0.000
  0.021,301.741,  0.000,  0.010
  0.020,301.744,  0.000,  0.010
  0.021,301.685,  0.000,  0.000
  0.021,301.697,  0.000,  0.000
  0.021,301.696,  0.000,  0.000
  0.021,301.688,  0.000,  0.000
  0.020,301.692,  0.000,  0.000
  0.020,301.700,  0.000,  0.000
  0.020,301.712,  0.000,  0.000
  0.020,301.732,  0.000,  0.000
  0.020,301.745,  0.000,  0.000
  0.020,301.764,  0.000,  0.000
  0.020,301.784,  0.000,  0.000
  0.020,301.804,  0.000,  0.000
  0.020,301.824,  0.000,  0.000
  0.020,301.850,  0.000,  0.000
  0.020,301.888,  0.000,  0.000
  0.020,301.915,  0.000,  0.000
  0.020,301.895,  0.000,  0.000
  0.020,301.833,  0.000,  0.000
  0.021,301.782,  0.000,  0.000
  0.021,301.762,  0.000,  0.000
  0.020,301.745,  0.000,  0.000
  0.021,301.728,  0.000,  0.000
  0.021,301.711,  0.000,  0.000
  0.021,301.722,  0.000,  0.010
  0.020,301.737,  0.000,  0.010
  0.021,301.676,  0.000,  0.000
  0.021,301.687,  0.000,  0.000
  0.021,301.694,  0.000,  0.000
  0.021,301.689,  0.000,  0.000
  0.021,301.690,  0.000,  0.000
  0.020,301.700,  0.000,  0.000
  0.020,301.714,  0.000,  0.000
  0.020,301.731,  0.000,  0.000
  0.020,301.744,  0.000,  0.000
  0.020,301.762,  0.000,  0.000
  0.020,301.781,  0.000,  0.000
  0.020,301.801,  0.000,  0.000
  0.020,301.820,  0.000,  0.000
  0.020,301.843,  0.000,  0.000
  0.020,301.878,  0.000,  0.000
  0.020,301.916,  0.000,  0.000
  0.020,301.927,  0.000,  0.000
  0.020,301.890,  0.000,  0.000
  0.020,301.826,  0.000,  0.000
  0.020,301.778,  0.000,  0.000
  0.020,301.749,  0.000,  0.000
  0.021,301.736,  0.000,  0.000
  0.021,301.711,  0.000,  0.000
  0.021,301.708,  0.000,  0.010
  0.021,301.724,  0.000,  0.010
  0.021,301.678,  0.000,  0.000
  0.021,301.673,  0.000,  0.000
  0.021,301.682,  0.000,  0.000
  0.021,301.692,  0.000,  0.000
  0.021,301.695,  0.000,  0.000
  0.020,301.702,  0.000,  0.000
  0.020,301.714,  0.000,  0.000
  0.020,301.731,  0.000,  0.000
  0.020,301.742,  0.000,  0.000
  0.020,301.758,  0.000,  0.000
  0.020,301.776,  0.000,  0.000
  0.020,301.797,  0.000,  0.000
  0.020,301.818,  0.000,  0.000
  0.020,301.839,  0.000,  0.000
  0.020,301.863,  0.000,  0.000
  0.020,301.893,  0.000,  0.000
  0.020,301.921,  0.000,  0.000
  0.020,301.909,  0.000,  0.000
  0.020,301.839,  0.000,  0.000
  0.021,301.770,  0.000,  0.000
  0.021,301.748,  0.000,  0.000
  0.021,301.746,  0.000,  0.000
  0.021,301.731,  0.000,  0.000
  0.021,301.723,  0.000,  0.010
  0.021,301.725,  0.000,  0.010
  0.021,301.686,  0.000,  0.000
  0.021,301.677,  0.000,  0.000
  0.021,301.677,  0.000,  0.000
  0.021,301.692,  0.000,  0.000
  0.021,301.701,  0.000,  0.000
  0.021,301.700,  0.000,  0.000
  0.020,301.712,  0.000,  0.000
  0.020,301.730,  0.000,  0.000
  0.020,301.741,  0.000,  0.000
  0.020,301.755,  0.000,  0.010
  0.020,301.773,  0.000,  0.010
  0.020,301.794,  0.000,  0.010
  0.020,301.814,  0.000,  0.010
  0.020,301.829,  0.000,  0.020
  0.020,301.845,  0.000,  0.020
  0.020,301.872,  0.001,  0.020
  0.020,301.908,  0.001,  0.000
  0.020,301.919,  0.001,  0.000
  0.020,301.884,  0.002,  0.000
  0.021,301.822,  0.001,  0.000
  0.021,301.771,  0.002,  0.000
  0.021,301.749,  0.001,  0.000
  0.020,301.742,  0.000,  0.000
  0.021,301.728,  0.000,  0.000
  0.021,301.706,  0.000,  0.000
  0.021,301.673,  0.000,  0.000
  0.021,301.680,  0.000,  0.000
  0.021,301.684,  0.000,  0.000
  0.021,301.684,  0.000,  0.000
  0.021,301.690,  0.000,  0.000
  0.021,301.703,  0.000,  0.000
  0.020,301.719,  0.000,  0.000
  0.020,301.729,  0.000,  0.000
  0.020,301.739,  0.000,  0.000
  0.020,301.753,  0.000,  0.010
  0.020,301.769,  0.001,  0.010
  0.020,301.787,  0.001,  0.010
  0.020,301.805,  0.002,  0.010
  0.020,301.823,  0.002,  0.020
  0.020,301.843,  0.002,  0.020
  0.020,301.870,  0.004,  0.020
  0.020,301.904,  0.005,  0.000
  0.020,301.933,  0.007,  0.000
  0.020,301.931,  0.008,  0.000
  0.020,301.882,  0.008,  0.000
  0.020,301.810,  0.008,  0.000
  0.021,301.763,  0.008,  0.000
  0.021,301.751,  0.005,  0.000
  0.021,301.734,  0.002,  0.000
  0.021,301.707,  0.002,  0.000
  0.021,301.680,  0.000,  0.000
  0.021,301.677,  0.000,  0.000
  0.021,301.678,  0.000,  0.000
  0.021,301.682,  0.000,  0.000
  0.021,301.689,  0.000,  0.000
  0.021,301.702,  0.000,  0.000
  0.020,301.714,  0.000,  0.000
  0.020,301.723,  0.001,  0.000
  0.020,301.734,  0.000,  0.000
  0.020,301.746,  0.001,  0.010
  0.020,301.759,  0.001,  0.010
  0.020,301.776,  0.002,  0.010
  0.020,301.797,  0.003,  0.010
  0.020,301.819,  0.004,  0.020
  0.020,301.839,  0.006,  0.020
  0.020,301.855,  0.007,  0.020
  0.020,301.875,  0.010,  0.000
  0.020,301.904,  0.012,  0.000
  0.020,301.920,  0.014,  0.000
  0.020,301.889,  0.015,  0.000
  0.020,301.823,  0.015,  0.000
  0.021,301.771,  0.016,  0.000
  0.021,301.751,  0.016,  0.000
  0.021,301.741,  0.014,  0.000
  0.021,301.727,  0.011,  0.000
  0.021,301.687,  0.000,  0.000
  0.021,301.677,  0.000,  0.000
  0.021,301.673,  0.000,  0.000
  0.021,301.681,  0.000,  0.000
  0.021,301.692,  0.000,  0.000
  0.021,301.697,  0.000,  0.000
  0.021,301.703,  0.001,  0.000
  0.020,301.716,  0.000,  0.000
  0.020,301.728,  0.001,  0.000
  0.020,301.738,  0.001,  0.010
  0.020,301.752,  0.002,  0.010
  0.020,301.768,  0.002,  0.010
  0.020,301.787,  0.004,  0.010
  0.020,301.806,  0.006,  0.020
  0.020,301.822,  0.007,  0.020
  0.020,301.837,  0.009,  0.020
  0.020,301.855,  0.011,  0.000
  0.020,301.883,  0.012,  0.000
  0.020,301.914,  0.014,  0.000
  0.020,301.920,  0.015,  0.000
  0.020,301.885,  0.017,  0.000
  0.020,301.819,  0.021,  0.000
  0.021,301.761,  0.022,  0.000
  0.021,301.740,  0.022,  0.000
  0.021,301.731,  0.021,  0.000
  0.021,301.674,  0.000,  0.000
  0.021,301.676,  0.000,  0.000
  0.021,301.681,  0.000,  0.000
  0.021,301.682,  0.000,  0.000
  0.021,301.686,  0.000,  0.000
  0.021,301.695,  0.000,  0.000
  0.021,301.703,  0.001,  0.000
  0.020,301.709,  0.001,  0.000
  0.020,301.720,  0.001,  0.000
  0.020,301.732,  0.002,  0.000
  0.020,301.743,  0.002,  0.000
  0.020,301.757,  0.003,  0.000
  0.020,301.772,  0.005,  0.000
  0.020,301.789,  0.006,  0.000
  0.020,301.808,  0.006,  0.000
  0.020,301.827,  0.008,  0.000
  0.020,301.846,  0.010,  0.000
  0.020,301.865,  0.011,  0.000
  0.020,301.889,  0.012,  0.000
  0.020,301.916,  0.014,  0.000
  0.020,301.911,  0.017,  0.000
  0.020,301.852,  0.019,  0.000
  0.021,301.781,  0.021,  0.000
  0.021,301.742,  0.023,  0.000
  0.021,301.732,  0.024,  0.000
  0.021,301.686,  0.000,  0.000
  0.021,301.683,  0.000,  0.000
  0.021,301.683,  0.000,  0.000
  0.021,301.684,  0.000,  0.000
  0.021,301.684,  0.000,  0.000
  0.021,301.688,  0.000,  0.000
  0.021,301.697,  0.001,  0.000
  0.020,301.706,  0.001,  0.000
  0.020,301.713,  0.000,  0.000
  0.020,301.723,  0.001,  0.000
  0.020,301.733,  0.001,  0.000
  0.020,301.746,  0.002,  0.000
  0.020,301.760,  0.003,  0.000
  0.020,301.778,  0.004,  0.000
  0.020,301.798,  0.006,  0.000
  0.020,301.816,  0.006,  0.000
  0.020,301.830,  0.008,  0.000
  0.020,301.843,  0.009,  0.000
  0.020,301.861,  0.010,  0.000
  0.020,301.889,  0.012,  0.000
  0.020,301.907,  0.014,  0.000
  0.020,301.887,  0.016,  0.000
  0.020,301.830,  0.018,  0.000
  0.021,301.765,  0.020,  0.000
  0.021,301.735,  0.021,  0.000
