  0.019,300.928,  0.000,  0.000
  0.019,300.938,  0.000,  0.000
  0.019,300.934,  0.000,  0.000
  0.019,300.917,  0.000,  0.000
  0.019,300.898,  0.000,  0.000
  0.019,300.885,  0.000,  0.000
  0.019,300.877,  0.000,  0.000
  0.019,300.870,  0.000,  0.000
  0.019,300.863,  0.000,  0.000
  0.019,300.867,  0.000,  0.000
  0.019,300.881,  0.000,  0.000
  0.019,300.906,  0.000,  0.000
  0.019,300.927,  0.000,  0.000
  0.019,300.930,  0.000,  0.000
  0.019,300.926,  0.000,  0.000
  0.019,300.931,  0.000,  0.000
  0.019,300.943,  0.000,  0.000
  0.019,300.951,  0.002,  0.000
  0.019,300.954,  0.015,  0.000
  0.019,300.957,  0.059,  0.000
  0.019,300.962,  0.136,  0.000
  0.019,300.968,  0.203,  0.000
  0.019,300.976,  0.219,  0.000
  0.019,301.001,  0.173,  0.000
  0.019,301.008,  0.080,  0.000
  0.019,300.949,  0.000,  0.160
  0.019,300.955,  0.000,  0.160
  0.019,300.951,  0.000,  0.000
  0.019,300.941,  0.000,  0.000
  0.019,300.927,  0.000,  0.000
  0.019,300.913,  0.000,  0.000
  0.019,300.903,  0.000,  0.000
  0.019,300.897,  0.000,  0.000
  0.019,300.892,  0.000,  0.000
  0.019,300.894,  0.000,  0.000
  0.019,300.909,  0.000,  0.000
  0.019,300.938,  0.001,  0.000
  0.019,300.963,  0.000,  0.000
  0.019,300.967,  0.000,  0.000
  0.019,300.964,  0.000,  0.000
  0.019,300.969,  0.000,  0.000
  0.019,300.980,  0.000,  0.000
  0.019,300.989,  0.000,  0.000
  0.019,300.993,  0.001,  0.000
  0.019,300.997,  0.000,  0.000
  0.019,301.002,  0.016,  0.000
  0.019,301.009,  0.093,  0.000
  0.019,301.017,  0.255,  0.000
  0.019,301.042,  0.424,  0.000
  0.019,301.048,  0.455,  0.000
  0.019,300.963,  0.000,  0.160
  0.019,300.968,  0.000,  0.160
  0.019,300.967,  0.000,  0.000
  0.019,300.960,  0.000,  0.000
  0.019,300.950,  0.000,  0.000
  0.019,300.937,  0.000,  0.000
  0.019,300.926,  0.000,  0.000
  0.019,300.921,  0.000,  0.000
  0.019,300.919,  0.000,  0.000
  0.019,300.923,  0.000,  0.000
  0.019,300.937,  0.000,  0.000
  0.019,300.963,  0.001,  0.000
  0.019,300.987,  0.000,  0.000
  0.019,300.997,  0.000,  0.000
  0.019,300.998,  0.000,  0.000
  0.019,301.000,  0.000,  0.000
  0.019,301.009,  0.000,  0.000
  0.019,301.017,  0.000,  0.000
  0.019,301.023,  0.001,  0.000
  0.019,301.028,  0.000,  0.000
  0.019,301.034,  0.001,  0.000
  0.019,301.040,  0.000,  0.000
  0.019,301.048,  0.032,  0.000
  0.019,301.071,  0.206,  0.000
  0.019,301.077,  0.584,  0.000
  0.019,300.974,  0.000,  0.160
  0.019,300.981,  0.001,  0.160
  0.019,300.982,  0.000,  0.000
  0.019,300.977,  0.000,  0.000
  0.019,300.968,  0.000,  0.000
  0.019,300.955,  0.000,  0.000
  0.019,300.945,  0.000,  0.000
  0.019,300.942,  0.000,  0.000
  0.019,300.943,  0.000,  0.000
  0.019,300.949,  0.000,  0.000
  0.019,300.963,  0.000,  0.000
  0.019,300.984,  0.000,  0.000
  0.019,301.006,  0.000,  0.000
  0.019,301.018,  0.000,  0.000
  0.019,301.022,  0.000,  0.000
  0.019,301.023,  0.000,  0.000
  0.019,301.028,  0.000,  0.000
  0.019,301.037,  0.000,  0.000
  0.019,301.044,  0.000,  0.000
  0.019,301.051,  0.000,  0.000
  0.019,301.056,  0.001,  0.000
  0.019,301.062,  0.002,  0.000
  0.019,301.069,  0.001,  0.000
  0.019,301.092,  0.000,  0.000
  0.019,301.098,  0.063,  0.000
  0.019,300.983,  0.001,  0.160
  0.019,300.992,  0.000,  0.160
  0.019,300.994,  0.001,  0.000
  0.019,300.990,  0.000,  0.000
  0.019,300.982,  0.000,  0.000
  0.019,300.970,  0.000,  0.000
  0.019,300.961,  0.000,  0.000
  0.019,300.959,  0.000,  0.000
  0.019,300.962,  0.000,  0.000
  0.019,300.969,  0.000,  0.000
  0.019,300.983,  0.000,  0.000
  0.019,301.002,  0.000,  0.000
  0.019,301.021,  0.000,  0.000
  0.019,301.034,  0.000,  0.000
  0.019,301.039,  0.000,  0.000
  0.019,301.040,  0.000,  0.000
  0.019,301.044,  0.000,  0.000
  0.019,301.052,  0.000,  0.000
  0.019,301.060,  0.000,  0.000
  0.019,301.068,  0.000,  0.000
  0.019,301.074,  0.000,  0.000
  0.019,301.080,  0.000,  0.000
  0.019,301.087,  0.001,  0.000
  0.019,301.109,  0.003,  0.000
  0.019,301.117,  0.002,  0.000
  0.019,300.992,  0.001,  0.560
  0.019,301.000,  0.001,  0.560
  0.019,301.002,  0.001,  0.330
  0.019,300.999,  0.001,  0.330
  0.019,300.991,  0.000,  0.330
  0.019,300.982,  0.000,  0.330
  0.019,300.976,  0.000,  0.310
  0.019,300.975,  0.000,  0.310
  0.019,300.977,  0.000,  0.310
  0.019,300.985,  0.000,  0.630
  0.019,301.000,  0.000,  0.630
  0.019,301.019,  0.000,  0.630
  0.019,301.036,  0.000,  0.630
  0.019,301.047,  0.000,  0.000
  0.019,301.053,  0.000,  0.000
  0.019,301.054,  0.000,  0.000
  0.019,301.058,  0.000,  0.000
  0.019,301.066,  0.000,  0.000
  0.019,301.075,  0.000,  0.000
  0.019,301.083,  0.000,  0.000
  0.019,301.090,  0.000,  0.000
  0.019,301.097,  0.000,  0.000
  0.019,301.105,  0.000,  0.000
  0.019,301.125,  0.001,  0.000
  0.019,301.133,  0.002,  0.000
  0.019,301.001,  0.003,  0.560
  0.019,301.007,  0.004,  0.560
  0.019,301.009,  0.001,  0.330
  0.019,301.005,  0.001,  0.330
  0.019,300.999,  0.000,  0.330
  0.019,300.994,  0.000,  0.330
  0.019,300.992,  0.000,  0.310
  0.019,300.991,  0.000,  0.310
  0.019,300.992,  0.000,  0.310
  0.019,300.999,  0.000,  0.630
  0.019,301.015,  0.000,  0.630
  0.019,301.033,  0.000,  0.630
  0.019,301.049,  0.000,  0.630
  0.019,301.059,  0.000,  0.000
  0.019,301.064,  0.000,  0.000
  0.019,301.067,  0.000,  0.000
  0.019,301.072,  0.000,  0.000
  0.019,301.081,  0.000,  0.000
  0.019,301.089,  0.000,  0.000
  0.019,301.097,  0.000,  0.000
  0.019,301.105,  0.001,  0.000
  0.019,301.113,  0.001,  0.000
  0.019,301.122,  0.001,  0.000
  0.019,301.141,  0.000,  0.000
  0.019,301.149,  0.000,  0.000
  0.019,301.008,  0.003,  0.560
  0.019,301.013,  0.004,  0.560
  0.019,301.015,  0.004,  0.330
  0.019,301.013,  0.002,  0.330
  0.019,301.009,  0.000,  0.330
  0.019,301.006,  0.000,  0.330
  0.019,301.005,  0.000,  0.310
  0.019,301.006,  0.000,  0.310
  0.019,301.008,  0.000,  0.310
  0.019,301.016,  0.000,  0.630
  0.019,301.030,  0.000,  0.630
  0.019,301.047,  0.000,  0.630
  0.019,301.062,  0.000,  0.630
  0.019,301.071,  0.000,  0.000
  0.019,301.075,  0.000,  0.000
  0.019,301.078,  0.000,  0.000
  0.019,301.084,  0.000,  0.000
  0.019,301.093,  0.000,  0.000
  0.019,301.102,  0.000,  0.000
  0.019,301.109,  0.000,  0.000
  0.019,301.117,  0.001,  0.000
  0.019,301.127,  0.003,  0.000
  0.019,301.136,  0.006,  0.000
  0.019,301.152,  0.010,  0.000
  0.019,301.164,  0.007,  0.000
  0.019,301.014,  0.005,  0.560
  0.019,301.019,  0.001,  0.560
  0.019,301.022,  0.005,  0.330
  0.019,301.023,  0.005,  0.330
  0.019,301.021,  0.002,  0.330
  0.019,301.019,  0.000,  0.330
  0.019,301.020,  0.001,  0.310
  0.019,301.023,  0.001,  0.310
  0.019,301.025,  0.000,  0.310
  0.020,301.247,  0.000,  0.630
  0.020,301.257,  0.000,  0.630
  0.020,301.268,  0.000,  0.630
  0.020,301.279,  0.000,  0.630
  0.020,301.286,  0.000,  0.000
  0.020,301.290,  0.000,  0.000
  0.019,301.090,  0.000,  0.000
  0.019,301.096,  0.000,  0.000
  0.019,301.106,  0.000,  0.000
  0.019,301.114,  0.000,  0.000
  0.019,301.122,  0.000,  0.000
  0.019,301.130,  0.000,  0.000
  0.019,301.139,  0.004,  0.000
  0.019,301.149,  0.018,  0.000
  0.019,301.166,  0.050,  0.000
  0.019,301.183,  0.075,  0.000
  0.019,301.021,  0.341,  1.110
  0.019,301.026,  0.205,  1.110
  0.019,301.030,  0.040,  2.690
  0.019,301.032,  0.020,  2.690
  0.019,301.033,  0.019,  2.690
  0.019,301.034,  0.006,  2.690
  0.019,301.035,  0.003,  2.040
  0.020,301.252,  0.002,  2.040
  0.020,301.255,  0.001,  2.040
  0.020,301.260,  0.001,  2.790
  0.020,301.270,  0.000,  2.790
  0.020,301.278,  0.001,  2.790
  0.020,301.287,  0.000,  2.790
  0.020,301.293,  0.000,  6.390
  0.020,301.298,  0.000,  6.390
  0.020,301.303,  0.000,  6.390
  0.020,301.308,  0.000,  6.430
  0.020,301.316,  0.001,  6.430
  0.020,301.323,  0.000,  6.430
  0.020,301.329,  0.000,  6.430
  0.020,301.336,  0.000,  5.200
  0.020,301.342,  0.001,  5.200
  0.020,301.352,  0.015,  5.200
  0.020,301.369,  0.087,  0.000
  0.020,301.388,  0.225,  0.000
  0.019,301.029,  3.359,  1.110
  0.019,301.033,  3.125,  1.110
  0.019,301.037,  1.053,  2.690
  0.019,301.042,  0.165,  2.690
  0.019,301.045,  0.093,  2.690
  0.019,301.046,  0.085,  2.690
  0.020,301.263,  0.041,  2.040
  0.019,301.047,  0.012,  2.040
  0.019,301.051,  0.003,  2.040
  0.019,301.058,  0.002,  2.790
  0.020,301.279,  0.001,  2.790
  0.020,301.288,  0.001,  2.790
  0.020,301.296,  0.000,  2.790
  0.020,301.303,  0.000,  6.390
  0.020,301.309,  0.000,  6.390
  0.020,301.314,  0.000,  6.390
  0.020,301.319,  0.000,  6.430
  0.020,301.327,  0.000,  6.430
  0.020,301.334,  0.000,  6.430
  0.020,301.340,  0.000,  6.430
  0.020,301.345,  0.000,  5.200
  0.020,301.353,  0.000,  5.200
  0.020,301.366,  0.004,  5.200
  0.020,301.386,  0.063,  0.000
  0.020,301.409,  0.283,  0.000
  0.019,301.038,  7.697,  1.110
  0.019,301.041,  9.056,  1.110
  0.019,301.046,  6.042,  2.690
  0.019,301.050,  1.661,  2.690
  0.019,301.053,  0.327,  2.690
  0.019,301.054,  0.324,  2.690
  0.019,301.055,  0.285,  2.040
  0.019,301.061,  0.166,  2.040
  0.019,301.065,  0.095,  2.040
  0.019,301.071,  0.039,  2.790
  0.019,301.077,  0.006,  2.790
  0.020,301.294,  0.004,  2.790
  0.020,301.302,  0.002,  2.790
  0.020,301.308,  0.000,  6.390
  0.020,301.313,  0.000,  6.390
  0.020,301.318,  0.000,  6.390
  0.020,301.325,  0.000,  6.430
  0.020,301.331,  0.000,  6.430
  0.020,301.338,  0.000,  6.430
  0.020,301.344,  0.000,  6.430
  0.020,301.352,  0.000,  5.200
  0.020,301.364,  0.001,  5.200
  0.020,301.382,  0.001,  5.200
  0.020,301.403,  0.027,  0.000
  0.020,301.422,  0.199,  0.000
  0.019,301.048,  5.647,  1.110
  0.019,301.053,  7.260,  1.110
  0.019,301.057,  8.113,  2.690
  0.019,301.060,  5.448,  2.690
  0.019,301.061,  1.344,  2.690
  0.019,301.063,  0.546,  2.690
  0.019,301.068,  0.668,  2.040
  0.019,301.071,  0.680,  2.040
  0.020,301.287,  0.631,  2.040
  0.019,301.081,  0.400,  2.790
  0.020,301.293,  0.118,  2.790
  0.020,301.299,  0.040,  2.790
  0.020,301.306,  0.023,  2.790
  0.020,301.312,  0.019,  6.390
  0.020,301.317,  0.007,  6.390
  0.020,301.324,  0.001,  6.390
  0.020,301.330,  0.000,  6.430
  0.020,301.336,  0.000,  6.430
  0.020,301.342,  0.000,  6.430
  0.020,301.349,  0.001,  6.430
  0.020,301.361,  0.002,  5.200
  0.020,301.378,  0.002,  5.200
  0.020,301.398,  0.001,  5.200
  0.020,301.415,  0.000,  0.000
  0.020,301.424,  0.005,  0.000
  0.019,301.061,  3.120,  2.070
  0.019,301.065,  3.662,  2.070
  0.019,301.068,  3.230,  2.480
  0.019,301.069,  4.173,  2.480
  0.019,301.071,  3.690,  2.480
  0.019,301.075,  1.230,  2.480
  0.019,301.079,  0.543,  2.120
  0.019,301.082,  0.789,  2.120
  0.019,301.085,  1.255,  2.120
  0.019,301.090,  1.265,  1.780
  0.019,301.092,  0.579,  1.780
  0.019,301.101,  0.163,  1.780
  0.019,301.108,  0.065,  1.780
  0.019,301.115,  0.107,  1.210
  0.019,301.122,  0.111,  1.210
  0.020,301.327,  0.058,  1.210
  0.020,301.333,  0.011,  1.950
  0.020,301.339,  0.001,  1.950
  0.020,301.345,  0.000,  1.950
  0.020,301.355,  0.002,  1.950
  0.020,301.371,  0.007,  0.150
  0.020,301.390,  0.014,  0.150
  0.020,301.407,  0.012,  0.150
  0.020,301.415,  0.003,  0.020
  0.020,301.418,  0.002,  0.020
  0.019,301.075,  1.988,  2.070
  0.019,301.077,  1.948,  2.070
  0.019,301.079,  1.139,  2.480
  0.019,301.080,  1.584,  2.480
  0.019,301.084,  3.816,  2.480
  0.019,301.087,  3.910,  2.480
  0.019,301.090,  1.498,  2.120
  0.019,301.093,  0.309,  2.120
  0.019,301.096,  0.472,  2.120
  0.019,301.100,  0.893,  1.780
  0.019,301.106,  0.733,  1.780
  0.019,301.114,  0.203,  1.780
  0.019,301.121,  0.047,  1.780
  0.019,301.126,  0.162,  1.210
  0.019,301.131,  0.342,  1.210
  0.019,301.136,  0.335,  1.210
  0.019,301.144,  0.094,  1.950
  0.019,301.151,  0.002,  1.950
  0.019,301.162,  0.002,  1.950
  0.019,301.179,  0.000,  1.950
  0.019,301.202,  0.006,  0.150
  0.019,301.223,  0.023,  0.150
  0.020,301.410,  0.035,  0.150
  0.019,301.244,  0.018,  0.020
  0.019,301.249,  0.003,  0.020
