  0.019,299.636,  0.000,  0.000
  0.019,299.656,  0.000,  0.000
  0.019,299.871,  0.000,  0.000
  0.020,300.252,  0.000,  0.000
  0.020,300.426,  0.000,  0.000
  0.020,300.530,  0.000,  0.000
  0.020,300.552,  0.000,  0.000
  0.020,300.595,  0.000,  0.000
  0.020,300.998,  0.000,  0.000
  0.020,301.335,  0.000,  0.000
  0.019,301.229,  0.000,  0.000
  0.020,301.297,  0.000,  0.000
  0.019,301.297,  0.000,  0.000
  0.019,301.345,  0.000,  0.000
  0.019,301.392,  0.000,  0.000
  0.019,301.337,  0.000,  0.000
  0.019,301.163,  0.000,  0.000
  0.020,301.007,  0.000,  0.000
  0.020,300.999,  0.000,  0.000
  0.020,301.006,  0.000,  0.000
  0.020,300.892,  0.000,  0.000
  0.020,300.734,  0.000,  0.000
  0.020,300.659,  0.000,  0.000
  0.020,300.657,  0.000,  0.000
  0.020,300.647,  0.000,  0.000
  0.019,299.666,  0.000,  0.000
  0.020,300.012,  0.000,  0.000
  0.020,300.004,  0.000,  0.000
  0.020,300.256,  0.000,  0.000
  0.020,300.337,  0.000,  0.000
  0.020,300.492,  0.000,  0.000
  0.020,300.548,  0.000,  0.000
  0.020,300.624,  0.000,  0.000
  0.020,301.019,  0.000,  0.000
  0.020,301.321,  0.000,  0.000
  0.019,301.218,  0.000,  0.000
  0.020,301.265,  0.000,  0.000
  0.019,301.285,  0.000,  0.000
  0.019,301.330,  0.000,  0.000
  0.019,301.380,  0.000,  0.000
  0.019,301.331,  0.000,  0.000
  0.020,301.205,  0.000,  0.000
  0.020,301.105,  0.000,  0.000
  0.020,301.074,  0.000,  0.000
  0.020,300.992,  0.000,  0.000
  0.020,300.827,  0.000,  0.000
  0.020,300.713,  0.000,  0.000
  0.020,300.674,  0.000,  0.000
  0.020,300.687,  0.000,  0.000
  0.020,300.686,  0.000,  0.000
  0.019,299.729,  0.000,  0.000
  0.019,299.743,  0.000,  0.000
  0.020,300.160,  0.000,  0.000
  0.020,300.289,  0.000,  0.000
  0.019,300.116,  0.000,  0.000
  0.020,300.457,  0.000,  0.000
  0.020,300.543,  0.000,  0.000
  0.020,300.700,  0.000,  0.000
  0.020,301.095,  0.000,  0.000
  0.020,301.320,  0.000,  0.000
  0.019,301.254,  0.000,  0.000
  0.019,301.292,  0.000,  0.000
  0.019,301.309,  0.000,  0.000
  0.019,301.335,  0.000,  0.000
  0.019,301.362,  0.000,  0.000
  0.019,301.350,  0.000,  0.000
  0.019,301.331,  0.000,  0.000
  0.019,301.267,  0.000,  0.000
  0.020,301.125,  0.000,  0.000
  0.020,300.939,  0.000,  0.000
  0.020,300.796,  0.000,  0.000
  0.020,300.735,  0.000,  0.000
  0.020,300.724,  0.000,  0.000
  0.020,300.736,  0.000,  0.000
  0.020,300.715,  0.000,  0.000
  0.020,299.864,  0.000,  0.000
  0.020,300.171,  0.000,  0.000
  0.020,300.247,  0.000,  0.000
  0.019,300.009,  0.000,  0.000
  0.019,300.139,  0.000,  0.000
  0.020,300.507,  0.000,  0.000
  0.020,300.605,  0.000,  0.000
  0.020,300.814,  0.000,  0.000
  0.020,301.169,  0.000,  0.000
  0.020,301.339,  0.000,  0.000
  0.019,301.297,  0.000,  0.000
  0.019,301.309,  0.000,  0.000
  0.019,301.323,  0.000,  0.000
  0.019,301.335,  0.000,  0.000
  0.019,301.352,  0.000,  0.000
  0.019,301.383,  0.000,  0.000
  0.019,301.403,  0.000,  0.000
  0.019,301.328,  0.000,  0.000
  0.020,301.118,  0.000,  0.000
  0.020,300.904,  0.000,  0.000
  0.020,300.802,  0.000,  0.000
  0.020,300.765,  0.000,  0.000
  0.020,300.731,  0.000,  0.000
  0.020,300.721,  0.000,  0.000
  0.020,300.716,  0.000,  0.000
  0.020,300.547,  0.000,  0.000
  0.020,300.389,  0.000,  0.000
  0.020,300.334,  0.000,  0.000
  0.020,300.368,  0.000,  0.000
  0.020,300.500,  0.000,  0.000
  0.020,300.614,  0.000,  0.000
  0.020,300.727,  0.000,  0.000
  0.020,300.936,  0.000,  0.000
  0.020,301.231,  0.000,  0.000
  0.020,301.371,  0.000,  0.000
  0.019,301.318,  0.000,  0.000
  0.020,301.299,  0.000,  0.000
  0.020,301.319,  0.000,  0.000
  0.019,301.336,  0.000,  0.000
  0.019,301.360,  0.000,  0.000
  0.019,301.387,  0.000,  0.000
  0.019,301.376,  0.000,  0.000
  0.020,301.290,  0.000,  0.000
  0.020,301.126,  0.000,  0.000
  0.020,300.946,  0.000,  0.000
  0.020,300.823,  0.000,  0.000
  0.020,300.748,  0.000,  0.000
  0.020,300.693,  0.000,  0.000
  0.020,300.692,  0.000,  0.000
  0.020,300.694,  0.000,  0.000
  0.020,301.056,  0.000,  0.000
  0.020,300.894,  0.000,  0.000
  0.021,300.666,  0.000,  0.000
  0.020,300.581,  0.000,  0.000
  0.020,300.596,  0.000,  0.000
  0.020,300.673,  0.000,  0.000
  0.020,300.797,  0.000,  0.000
  0.020,301.016,  0.000,  0.000
  0.020,301.305,  0.000,  0.000
  0.019,301.377,  0.000,  0.000
  0.019,301.336,  0.000,  0.000
  0.019,301.323,  0.000,  0.000
  0.019,301.329,  0.000,  0.000
  0.019,301.350,  0.000,  0.000
  0.019,301.372,  0.000,  0.000
  0.019,301.368,  0.000,  0.000
  0.019,301.338,  0.000,  0.000
  0.020,301.295,  0.000,  0.000
  0.020,301.203,  0.000,  0.000
  0.020,301.017,  0.000,  0.000
  0.020,300.813,  0.000,  0.000
  0.020,300.703,  0.000,  0.000
  0.020,300.689,  0.000,  0.000
  0.020,300.718,  0.000,  0.000
  0.020,300.698,  0.000,  0.000
  0.020,301.008,  0.000,  0.000
  0.020,301.058,  0.000,  0.000
  0.020,300.942,  0.000,  0.000
  0.020,300.655,  0.000,  0.000
  0.020,300.684,  0.000,  0.000
  0.020,300.710,  0.000,  0.000
  0.020,300.850,  0.000,  0.000
  0.020,301.111,  0.000,  0.000
  0.020,301.330,  0.000,  0.000
  0.019,301.384,  0.000,  0.000
  0.019,301.373,  0.000,  0.000
  0.019,301.374,  0.000,  0.000
  0.019,301.356,  0.000,  0.000
  0.019,301.356,  0.000,  0.000
  0.020,301.367,  0.000,  0.000
  0.019,301.361,  0.000,  0.000
  0.019,301.359,  0.000,  0.000
  0.019,301.351,  0.000,  0.000
  0.019,301.271,  0.000,  0.000
  0.020,301.049,  0.000,  0.000
  0.020,300.796,  0.000,  0.000
  0.020,300.707,  0.000,  0.000
  0.020,300.743,  0.000,  0.000
  0.020,300.770,  0.000,  0.000
  0.020,300.720,  0.000,  0.000
  0.020,300.952,  0.000,  0.000
  0.020,300.971,  0.000,  0.000
  0.019,300.999,  0.000,  0.000
  0.020,301.023,  0.000,  0.000
  0.020,300.872,  0.000,  0.000
  0.020,300.863,  0.000,  0.000
  0.020,301.014,  0.000,  0.000
  0.020,301.144,  0.000,  0.000
  0.019,301.308,  0.000,  0.000
  0.019,301.367,  0.000,  0.000
  0.019,301.413,  0.000,  0.000
  0.019,301.403,  0.000,  0.000
  0.019,301.361,  0.000,  0.000
  0.019,301.349,  0.000,  0.000
  0.020,301.372,  0.000,  0.000
  0.019,301.399,  0.000,  0.000
  0.019,301.405,  0.000,  0.000
  0.019,301.380,  0.000,  0.000
  0.020,301.287,  0.000,  0.000
  0.020,301.102,  0.000,  0.000
  0.020,300.894,  0.000,  0.000
  0.020,300.788,  0.000,  0.000
  0.020,300.793,  0.000,  0.000
  0.020,300.791,  0.000,  0.000
  0.020,300.743,  0.000,  0.000
  0.020,300.994,  0.000,  0.000
  0.020,300.989,  0.000,  0.000
  0.020,301.111,  0.000,  0.000
  0.020,301.125,  0.000,  0.000
  0.020,301.108,  0.000,  0.000
  0.020,301.105,  0.000,  0.000
  0.020,301.067,  0.000,  0.000
  0.020,301.161,  0.000,  0.000
  0.019,301.235,  0.000,  0.000
  0.019,301.343,  0.000,  0.000
  0.019,301.403,  0.000,  0.000
  0.019,301.368,  0.000,  0.000
  0.019,301.337,  0.000,  0.000
  0.019,301.351,  0.000,  0.000
  0.019,301.395,  0.000,  0.000
  0.019,301.423,  0.000,  0.000
  0.019,301.411,  0.000,  0.000
  0.019,301.352,  0.000,  0.000
  0.020,301.292,  0.000,  0.000
  0.020,301.242,  0.000,  0.000
  0.020,301.121,  0.000,  0.000
  0.020,300.938,  0.000,  0.000
  0.020,300.823,  0.000,  0.000
  0.020,300.789,  0.000,  0.000
  0.020,300.789,  0.000,  0.000
  0.019,300.998,  0.000,  0.000
  0.019,301.022,  0.000,  0.000
  0.020,301.142,  0.000,  0.000
  0.020,301.148,  0.000,  0.000
  0.020,301.164,  0.000,  0.000
  0.020,301.091,  0.000,  0.000
  0.020,301.098,  0.000,  0.000
  0.019,301.122,  0.000,  0.000
  0.019,301.212,  0.000,  0.000
  0.019,301.312,  0.000,  0.000
  0.019,301.338,  0.000,  0.000
  0.019,301.315,  0.000,  0.000
  0.019,301.324,  0.000,  0.000
  0.019,301.362,  0.000,  0.000
  0.019,301.399,  0.000,  0.000
  0.019,301.395,  0.000,  0.000
  0.020,301.343,  0.000,  0.000
  0.020,301.285,  0.000,  0.000
  0.020,301.298,  0.000,  0.000
  0.019,301.354,  0.000,  0.000
  0.019,301.306,  0.000,  0.000
  0.020,301.120,  0.000,  0.000
  0.020,300.929,  0.000,  0.000
  0.020,300.881,  0.000,  0.000
  0.020,300.910,  0.000,  0.000
  0.019,301.043,  0.000,  0.000
  0.019,301.028,  0.000,  0.000
  0.020,301.025,  0.000,  0.000
  0.020,301.031,  0.000,  0.000
  0.019,301.048,  0.000,  0.000
  0.019,301.071,  0.000,  0.000
  0.019,301.097,  0.000,  0.000
  0.019,301.142,  0.000,  0.000
  0.019,301.208,  0.000,  0.000
  0.019,301.252,  0.000,  0.000
  0.019,301.269,  0.000,  0.000
  0.019,301.290,  0.000,  0.000
  0.019,301.324,  0.000,  0.000
  0.019,301.361,  0.000,  0.000
  0.019,301.369,  0.000,  0.000
  0.020,301.328,  0.000,  0.000
  0.020,301.274,  0.000,  0.000
  0.020,301.243,  0.000,  0.000
  0.020,301.272,  0.000,  0.000
  0.019,301.344,  0.000,  0.000
  0.019,301.320,  0.000,  0.000
  0.020,301.209,  0.000,  0.000
  0.020,301.138,  0.000,  0.000
  0.020,301.109,  0.000,  0.000
  0.020,301.104,  0.000,  0.000
  0.020,301.068,  0.000,  0.000
  0.020,301.034,  0.000,  0.000
  0.020,301.029,  0.000,  0.000
  0.019,301.054,  0.000,  0.000
  0.019,301.081,  0.000,  0.000
  0.019,301.100,  0.000,  0.000
  0.019,301.123,  0.000,  0.000
  0.020,301.145,  0.000,  0.000
  0.020,301.151,  0.000,  0.000
  0.020,301.163,  0.000,  0.000
  0.019,301.205,  0.000,  0.000
  0.019,301.261,  0.000,  0.000
  0.019,301.305,  0.000,  0.000
  0.020,301.325,  0.000,  0.000
  0.020,301.322,  0.000,  0.000
  0.020,301.304,  0.000,  0.000
  0.020,301.266,  0.000,  0.000
  0.020,301.235,  0.000,  0.000
  0.020,301.236,  0.000,  0.000
  0.020,301.158,  0.000,  0.000
  0.020,300.930,  0.000,  0.000
  0.020,300.899,  0.000,  0.000
  0.019,301.153,  0.000,  0.000
  0.019,301.259,  0.000,  0.000
  0.020,301.227,  0.000,  0.000
  0.020,301.008,  0.000,  0.000
  0.020,301.022,  0.000,  0.000
  0.019,301.041,  0.000,  0.000
  0.019,301.078,  0.000,  0.000
  0.019,301.107,  0.000,  0.000
  0.019,301.103,  0.000,  0.000
  0.020,301.083,  0.000,  0.000
  0.020,301.071,  0.000,  0.000
  0.020,301.073,  0.000,  0.000
  0.020,301.093,  0.000,  0.000
  0.020,301.145,  0.000,  0.000
  0.019,301.208,  0.000,  0.000
  0.020,301.251,  0.000,  0.000
  0.020,301.276,  0.000,  0.000
  0.020,301.311,  0.000,  0.000
  0.019,301.326,  0.000,  0.000
  0.019,301.297,  0.000,  0.000
  0.020,301.269,  0.000,  0.000
  0.020,301.186,  0.000,  0.000
  0.020,300.781,  0.000,  0.000
  0.020,300.320,  0.000,  0.000
  0.019,300.380,  0.000,  0.000
  0.019,300.783,  0.000,  0.000
  0.019,301.119,  0.000,  0.000
  0.020,301.200,  0.000,  0.000
  0.019,300.870,  0.000,  0.000
  0.019,301.006,  0.000,  0.000
  0.019,301.074,  0.000,  0.000
  0.019,301.085,  0.000,  0.000
  0.019,301.074,  0.000,  0.000
  0.020,301.039,  0.000,  0.000
  0.020,301.013,  0.000,  0.000
  0.020,301.026,  0.000,  0.000
  0.020,301.055,  0.000,  0.000
  0.020,301.076,  0.000,  0.000
  0.020,301.111,  0.000,  0.000
  0.020,301.152,  0.000,  0.000
  0.020,301.190,  0.000,  0.000
  0.020,301.243,  0.000,  0.000
  0.019,301.315,  0.000,  0.000
  0.019,301.346,  0.000,  0.000
  0.019,301.336,  0.000,  0.000
  0.020,301.316,  0.000,  0.000
  0.020,301.150,  0.000,  0.000
  0.020,300.608,  0.000,  0.000
  0.020,300.136,  0.000,  0.060
  0.019,300.129,  0.000,  0.060
  0.019,300.457,  0.000,  0.060
  0.019,300.865,  0.000,  0.000
  0.020,301.157,  0.000,  0.000
  0.019,300.676,  0.000,  0.000
  0.019,300.944,  0.000,  0.000
  0.019,301.107,  0.000,  0.000
  0.020,301.070,  0.000,  0.000
  0.020,301.017,  0.000,  0.000
  0.020,301.012,  0.000,  0.000
  0.020,301.016,  0.000,  0.000
  0.019,301.039,  0.000,  0.000
  0.019,301.068,  0.000,  0.000
  0.020,301.086,  0.000,  0.000
  0.020,301.102,  0.000,  0.000
  0.020,301.120,  0.000,  0.000
  0.020,301.157,  0.000,  0.000
  0.019,301.226,  0.000,  0.000
  0.019,301.297,  0.000,  0.000
  0.019,301.340,  0.000,  0.000
  0.020,301.336,  0.000,  0.000
  0.020,301.328,  0.000,  0.000
  0.020,301.243,  0.000,  0.000
  0.020,300.887,  0.000,  0.000
  0.020,300.434,  0.000,  0.060
  0.019,300.319,  0.000,  0.060
  0.019,300.536,  0.000,  0.060
  0.019,300.874,  0.000,  0.000
  0.020,301.148,  0.000,  0.000
