  0.022,302.663,  0.000,  0.000
  0.022,302.675,  0.000,  0.000
  0.021,302.693,  0.000,  0.000
  0.021,302.686,  0.000,  0.000
  0.022,302.671,  0.000,  0.000
  0.022,302.690,  0.000,  0.000
  0.021,302.739,  0.000,  0.000
  0.021,302.766,  0.000,  0.000
  0.021,302.742,  0.000,  0.000
  0.022,302.679,  0.000,  0.000
  0.022,302.640,  0.000,  0.000
  0.022,302.668,  0.000,  0.000
  0.021,302.705,  0.000,  0.000
  0.021,302.695,  0.000,  0.000
  0.021,302.676,  0.000,  0.000
  0.022,302.673,  0.000,  0.000
  0.022,302.674,  0.000,  0.000
  0.021,302.676,  0.000,  0.000
  0.021,302.688,  0.000,  0.000
  0.021,302.701,  0.000,  0.000
  0.020,302.547,  0.000,  0.000
  0.020,302.516,  0.000,  0.000
  0.020,302.528,  0.000,  0.000
  0.020,302.562,  0.000,  0.000
  0.020,302.558,  0.000,  0.000
  0.021,302.687,  0.000,  0.000
  0.021,302.676,  0.000,  0.000
  0.021,302.661,  0.000,  0.000
  0.022,302.662,  0.000,  0.000
  0.022,302.703,  0.000,  0.000
  0.021,302.766,  0.000,  0.000
  0.020,302.752,  0.000,  0.000
  0.021,302.751,  0.000,  0.000
  0.022,302.688,  0.000,  0.000
  0.022,302.647,  0.000,  0.000
  0.022,302.672,  0.000,  0.000
  0.021,302.711,  0.000,  0.000
  0.021,302.707,  0.000,  0.000
  0.021,302.684,  0.000,  0.000
  0.022,302.666,  0.000,  0.000
  0.022,302.667,  0.000,  0.000
  0.021,302.675,  0.000,  0.000
  0.021,302.677,  0.000,  0.000
  0.021,302.687,  0.000,  0.000
  0.022,302.688,  0.000,  0.000
  0.020,302.526,  0.000,  0.000
  0.020,302.532,  0.000,  0.000
  0.020,302.563,  0.000,  0.000
  0.020,302.582,  0.000,  0.000
  0.020,302.555,  0.000,  0.000
  0.021,302.728,  0.000,  0.000
  0.021,302.678,  0.000,  0.000
  0.022,302.642,  0.000,  0.000
  0.022,302.671,  0.000,  0.000
  0.021,302.766,  0.000,  0.000
  0.021,302.824,  0.000,  0.000
  0.021,302.790,  0.000,  0.000
  0.021,302.698,  0.000,  0.000
  0.022,302.639,  0.000,  0.000
  0.022,302.676,  0.000,  0.000
  0.021,302.730,  0.000,  0.000
  0.021,302.723,  0.000,  0.000
  0.021,302.688,  0.000,  0.000
  0.022,302.657,  0.000,  0.000
  0.022,302.654,  0.000,  0.000
  0.021,302.669,  0.000,  0.000
  0.021,302.670,  0.000,  0.000
  0.021,302.676,  0.000,  0.000
  0.022,302.684,  0.000,  0.000
  0.022,302.680,  0.000,  0.000
  0.021,302.679,  0.000,  0.000
  0.021,302.606,  0.000,  0.000
  0.020,302.574,  0.000,  0.000
  0.020,302.574,  0.000,  0.000
  0.020,302.536,  0.000,  0.000
  0.021,302.713,  0.000,  0.000
  0.021,302.676,  0.000,  0.000
  0.022,302.655,  0.000,  0.000
  0.021,302.708,  0.000,  0.000
  0.021,302.788,  0.000,  0.000
  0.021,302.799,  0.000,  0.000
  0.021,302.716,  0.000,  0.000
  0.022,302.647,  0.000,  0.000
  0.022,302.668,  0.000,  0.000
  0.021,302.737,  0.000,  0.000
  0.021,302.751,  0.000,  0.000
  0.021,302.708,  0.000,  0.000
  0.022,302.658,  0.000,  0.000
  0.022,302.636,  0.000,  0.000
  0.021,302.651,  0.000,  0.000
  0.021,302.657,  0.000,  0.000
  0.021,302.660,  0.000,  0.000
  0.022,302.685,  0.000,  0.000
  0.021,302.704,  0.000,  0.000
  0.021,302.706,  0.000,  0.000
  0.021,302.696,  0.000,  0.000
  0.021,302.693,  0.000,  0.000
  0.022,302.688,  0.000,  0.000
  0.020,302.537,  0.000,  0.000
  0.020,302.522,  0.000,  0.000
  0.021,302.655,  0.000,  0.000
  0.021,302.669,  0.000,  0.000
  0.021,302.708,  0.000,  0.000
  0.021,302.731,  0.000,  0.000
  0.021,302.722,  0.000,  0.000
  0.021,302.684,  0.000,  0.000
  0.022,302.660,  0.000,  0.000
  0.021,302.694,  0.000,  0.000
  0.021,302.742,  0.000,  0.000
  0.021,302.747,  0.000,  0.000
  0.021,302.717,  0.000,  0.000
  0.021,302.667,  0.000,  0.000
  0.022,302.638,  0.000,  0.000
  0.022,302.641,  0.000,  0.000
  0.021,302.644,  0.000,  0.000
  0.021,302.648,  0.000,  0.000
  0.021,302.682,  0.000,  0.000
  0.021,302.727,  0.000,  0.000
  0.021,302.741,  0.000,  0.000
  0.021,302.721,  0.000,  0.000
  0.021,302.690,  0.000,  0.000
  0.022,302.664,  0.000,  0.000
  0.022,302.649,  0.000,  0.000
  0.022,302.668,  0.000,  0.000
  0.020,302.552,  0.000,  0.000
  0.022,302.645,  0.000,  0.000
  0.021,302.704,  0.000,  0.000
  0.021,302.731,  0.000,  0.000
  0.021,302.694,  0.000,  0.000
  0.022,302.636,  0.000,  0.000
  0.022,302.637,  0.000,  0.000
  0.021,302.705,  0.000,  0.000
  0.021,302.767,  0.000,  0.000
  0.021,302.766,  0.000,  0.000
  0.021,302.716,  0.000,  0.000
  0.022,302.656,  0.000,  0.000
  0.022,302.639,  0.000,  0.000
  0.021,302.660,  0.000,  0.000
  0.021,302.661,  0.000,  0.000
  0.021,302.647,  0.000,  0.000
  0.022,302.668,  0.000,  0.000
  0.021,302.719,  0.000,  0.000
  0.021,302.752,  0.000,  0.000
  0.021,302.734,  0.000,  0.000
  0.021,302.684,  0.000,  0.000
  0.022,302.638,  0.000,  0.000
  0.022,302.626,  0.000,  0.000
  0.022,302.641,  0.000,  0.000
  0.021,302.684,  0.000,  0.000
  0.021,302.719,  0.000,  0.000
  0.020,302.575,  0.000,  0.000
  0.021,302.696,  0.000,  0.000
  0.021,302.669,  0.000,  0.000
  0.022,302.637,  0.000,  0.000
  0.022,302.652,  0.000,  0.000
  0.021,302.703,  0.000,  0.000
  0.021,302.745,  0.000,  0.000
  0.021,302.753,  0.000,  0.000
  0.021,302.719,  0.000,  0.000
  0.022,302.669,  0.000,  0.000
  0.022,302.653,  0.000,  0.000
  0.021,302.674,  0.000,  0.000
  0.021,302.686,  0.000,  0.000
  0.021,302.669,  0.000,  0.000
  0.021,302.653,  0.000,  0.000
  0.021,302.669,  0.000,  0.000
  0.021,302.703,  0.000,  0.000
  0.021,302.711,  0.000,  0.000
  0.021,302.666,  0.000,  0.000
  0.022,302.626,  0.000,  0.000
  0.022,302.627,  0.000,  0.000
  0.021,302.646,  0.000,  0.000
  0.021,302.661,  0.000,  0.000
  0.021,302.691,  0.000,  0.000
  0.021,302.724,  0.000,  0.000
  0.021,302.662,  0.000,  0.000
  0.022,302.621,  0.000,  0.000
  0.022,302.620,  0.000,  0.000
  0.021,302.681,  0.000,  0.000
  0.021,302.733,  0.000,  0.000
  0.021,302.717,  0.000,  0.000
  0.021,302.676,  0.000,  0.000
  0.021,302.659,  0.000,  0.000
  0.022,302.665,  0.000,  0.000
  0.021,302.704,  0.000,  0.000
  0.021,302.720,  0.000,  0.000
  0.021,302.694,  0.000,  0.000
  0.021,302.667,  0.000,  0.000
  0.021,302.664,  0.000,  0.000
  0.020,302.555,  0.000,  0.000
  0.021,302.667,  0.000,  0.000
  0.021,302.639,  0.000,  0.000
  0.022,302.617,  0.000,  0.000
  0.022,302.626,  0.000,  0.000
  0.021,302.665,  0.000,  0.000
  0.021,302.682,  0.000,  0.000
  0.020,302.550,  0.000,  0.000
  0.021,302.667,  0.000,  0.000
  0.021,302.683,  0.000,  0.000
  0.020,302.563,  0.000,  0.000
  0.022,302.617,  0.000,  0.000
  0.022,302.632,  0.000,  0.000
  0.021,302.676,  0.000,  0.000
  0.021,302.712,  0.000,  0.000
  0.021,302.713,  0.000,  0.000
  0.021,302.664,  0.000,  0.000
  0.022,302.614,  0.000,  0.000
  0.022,302.622,  0.000,  0.000
  0.021,302.697,  0.000,  0.000
  0.021,302.763,  0.000,  0.000
  0.021,302.737,  0.000,  0.000
  0.021,302.660,  0.000,  0.000
  0.022,302.615,  0.000,  0.000
  0.021,302.662,  0.000,  0.000
  0.021,302.714,  0.000,  0.000
  0.021,302.685,  0.000,  0.000
  0.022,302.621,  0.000,  0.000
  0.022,302.629,  0.000,  0.000
  0.020,302.586,  0.000,  0.000
  0.020,302.631,  0.000,  0.000
  0.020,302.630,  0.000,  0.000
  0.021,302.660,  0.000,  0.000
  0.021,302.633,  0.000,  0.000
  0.021,302.619,  0.000,  0.000
  0.021,302.468,  0.000,  0.000
  0.021,302.632,  0.000,  0.000
  0.020,302.555,  0.000,  0.000
  0.021,302.660,  0.000,  0.000
  0.021,302.629,  0.000,  0.000
  0.022,302.607,  0.000,  0.000
  0.021,302.474,  0.000,  0.000
  0.020,302.516,  0.000,  0.000
  0.020,302.559,  0.000,  0.000
  0.020,302.582,  0.000,  0.000
  0.020,302.607,  0.000,  0.000
  0.020,302.521,  0.000,  0.000
  0.021,302.483,  0.000,  0.000
  0.022,302.640,  0.000,  0.000
  0.021,302.667,  0.000,  0.000
  0.021,302.655,  0.000,  0.000
  0.021,302.628,  0.000,  0.000
  0.021,302.655,  0.000,  0.000
  0.021,302.714,  0.000,  0.000
  0.021,302.731,  0.000,  0.000
  0.021,302.706,  0.000,  0.000
  0.021,302.655,  0.000,  0.000
  0.022,302.603,  0.000,  0.000
  0.022,302.566,  0.000,  0.000
  0.022,302.551,  0.000,  0.000
  0.022,302.567,  0.000,  0.000
  0.021,302.607,  0.000,  0.000
  0.021,302.610,  0.000,  0.000
  0.022,302.587,  0.000,  0.000
  0.022,302.583,  0.000,  0.000
  0.022,302.604,  0.000,  0.000
  0.021,302.646,  0.000,  0.000
  0.021,302.681,  0.000,  0.000
  0.021,302.680,  0.000,  0.000
  0.020,302.523,  0.000,  0.000
  0.022,302.603,  0.000,  0.000
  0.021,302.473,  0.000,  0.000
  0.020,302.541,  0.000,  0.000
  0.020,302.587,  0.000,  0.000
  0.020,302.582,  0.000,  0.000
  0.022,302.596,  0.000,  0.000
  0.021,302.460,  0.000,  0.000
  0.020,302.546,  0.000,  0.000
  0.021,302.682,  0.000,  0.000
  0.020,302.552,  0.000,  0.000
  0.021,302.481,  0.000,  0.000
  0.021,302.476,  0.000,  0.000
  0.020,302.499,  0.000,  0.000
  0.021,302.520,  0.000,  0.000
  0.022,302.565,  0.000,  0.000
  0.022,302.576,  0.000,  0.000
  0.021,302.431,  0.000,  0.000
  0.021,302.438,  0.000,  0.000
  0.020,302.481,  0.000,  0.000
  0.020,302.517,  0.000,  0.000
  0.021,302.637,  0.000,  0.000
  0.021,302.609,  0.000,  0.000
  0.020,302.482,  0.000,  0.000
  0.020,302.486,  0.000,  0.000
  0.020,302.501,  0.000,  0.000
  0.020,302.524,  0.000,  0.000
  0.020,302.532,  0.000,  0.000
  0.020,302.535,  0.000,  0.000
  0.020,302.525,  0.000,  0.000
  0.020,302.496,  0.000,  0.000
  0.020,302.478,  0.000,  0.000
  0.021,302.604,  0.000,  0.000
  0.021,302.597,  0.000,  0.000
  0.022,302.600,  0.000,  0.000
  0.022,302.596,  0.000,  0.000
  0.020,302.491,  0.000,  0.000
  0.020,302.552,  0.000,  0.000
  0.021,302.694,  0.000,  0.000
  0.021,302.658,  0.000,  0.000
  0.021,302.614,  0.000,  0.000
  0.021,302.606,  0.000,  0.000
  0.021,302.441,  0.000,  0.000
  0.020,302.473,  0.000,  0.000
  0.020,302.485,  0.000,  0.000
  0.020,302.483,  0.000,  0.000
  0.021,302.446,  0.000,  0.000
  0.021,302.417,  0.000,  0.000
  0.021,302.421,  0.000,  0.000
  0.020,302.477,  0.000,  0.000
  0.020,302.557,  0.000,  0.000
  0.021,302.656,  0.000,  0.000
  0.021,302.629,  0.000,  0.000
  0.022,302.581,  0.000,  0.000
  0.022,302.581,  0.000,  0.000
  0.021,302.619,  0.000,  0.000
  0.021,302.645,  0.000,  0.000
  0.021,302.599,  0.000,  0.000
  0.022,302.572,  0.000,  0.000
  0.022,302.604,  0.000,  0.000
  0.021,302.654,  0.000,  0.000
  0.021,302.667,  0.000,  0.000
  0.021,302.641,  0.000,  0.000
  0.021,302.627,  0.000,  0.000
  0.021,302.621,  0.000,  0.000
  0.021,302.593,  0.000,  0.000
  0.021,302.619,  0.000,  0.000
  0.021,302.475,  0.000,  0.000
  0.021,302.439,  0.000,  0.000
  0.021,302.384,  0.000,  0.000
  0.021,302.377,  0.000,  0.000
  0.021,302.398,  0.000,  0.000
  0.020,302.446,  0.000,  0.000
  0.020,302.490,  0.000,  0.000
  0.020,302.526,  0.000,  0.000
  0.021,302.558,  0.000,  0.000
  0.021,302.451,  0.000,  0.000
  0.021,302.447,  0.000,  0.000
  0.020,302.484,  0.000,  0.000
  0.020,302.497,  0.000,  0.000
  0.021,302.506,  0.000,  0.000
  0.021,302.426,  0.000,  0.000
  0.021,302.445,  0.000,  0.000
  0.020,302.517,  0.000,  0.060
  0.020,302.563,  0.000,  0.060
  0.020,302.545,  0.000,  0.060
  0.020,302.497,  0.000,  0.060
  0.022,302.582,  0.000,  0.000
  0.022,302.576,  0.000,  0.000
  0.021,302.585,  0.000,  0.000
  0.021,302.588,  0.000,  0.000
  0.021,302.576,  0.000,  0.000
  0.021,302.383,  0.000,  0.000
  0.021,302.393,  0.000,  0.000
  0.021,302.406,  0.000,  0.000
  0.021,302.412,  0.000,  0.000
  0.020,302.423,  0.000,  0.000
  0.020,302.446,  0.000,  0.000
  0.020,302.452,  0.000,  0.000
  0.021,302.425,  0.000,  0.000
  0.021,302.406,  0.000,  0.000
  0.021,302.421,  0.000,  0.000
  0.020,302.472,  0.000,  0.000
  0.020,302.509,  0.000,  0.000
  0.020,302.492,  0.000,  0.000
  0.021,302.410,  0.000,  0.000
  0.021,302.406,  0.000,  0.000
  0.021,302.583,  0.000,  0.000
  0.021,302.617,  0.000,  0.060
  0.021,302.600,  0.000,  0.060
  0.021,302.424,  0.000,  0.060
  0.022,302.548,  0.000,  0.060
  0.020,302.465,  0.000,  0.000
  0.020,302.512,  0.000,  0.000
  0.021,302.605,  0.000,  0.000
  0.021,302.554,  0.000,  0.000
  0.022,302.558,  0.000,  0.000
