  0.018,300.231,  0.001,  0.000
  0.018,300.195,  0.000,  0.000
  0.018,300.176,  0.003,  0.000
  0.018,300.171,  0.144,  0.000
  0.019,300.136,  0.671,  0.000
  0.019,300.066,  0.865,  0.000
  0.019,300.012,  0.643,  0.000
  0.019,299.998,  0.029,  0.000
  0.019,299.998,  0.075,  0.000
  0.019,300.005,  0.004,  0.000
  0.019,300.036,  0.000,  0.000
  0.019,300.092,  0.001,  0.000
  0.018,300.150,  0.000,  0.000
  0.018,300.175,  0.001,  0.000
  0.018,300.163,  0.001,  0.000
  0.019,300.141,  0.000,  0.000
  0.018,300.131,  0.000,  0.000
  0.018,300.145,  0.000,  0.000
  0.018,300.168,  0.000,  0.000
  0.018,300.172,  0.000,  0.000
  0.018,300.174,  0.000,  0.000
  0.018,300.160,  0.000,  0.000
  0.018,300.131,  0.000,  0.000
  0.019,300.144,  0.000,  0.000
  0.019,300.157,  0.000,  0.000
  0.018,300.206,  0.000,  0.000
  0.018,300.173,  0.000,  0.000
  0.018,300.154,  0.007,  0.000
  0.018,300.153,  0.154,  0.000
  0.019,300.141,  0.473,  0.000
  0.019,300.092,  0.103,  0.000
  0.019,300.047,  0.054,  0.000
  0.019,300.040,  0.001,  0.000
  0.019,300.048,  0.002,  0.000
  0.019,300.057,  0.001,  0.000
  0.019,300.077,  0.000,  0.000
  0.019,300.111,  0.000,  0.000
  0.018,300.139,  0.000,  0.000
  0.019,300.130,  0.002,  0.000
  0.019,300.110,  0.002,  0.000
  0.019,300.135,  0.000,  0.000
  0.019,300.142,  0.000,  0.000
  0.018,300.123,  0.000,  0.000
  0.018,300.109,  0.000,  0.000
  0.018,300.145,  0.000,  0.000
  0.018,300.182,  0.000,  0.000
  0.018,300.181,  0.000,  0.000
  0.018,300.165,  0.000,  0.000
  0.019,300.171,  0.000,  0.000
  0.019,300.144,  0.000,  0.000
  0.018,300.194,  0.000,  0.000
  0.018,300.176,  0.001,  0.000
  0.018,300.158,  0.004,  0.000
  0.018,300.142,  0.014,  0.000
  0.018,300.132,  0.023,  0.000
  0.019,300.107,  0.006,  0.000
  0.019,300.074,  0.002,  0.000
  0.019,300.067,  0.001,  0.000
  0.019,300.078,  0.000,  0.000
  0.019,300.086,  0.000,  0.000
  0.019,300.098,  0.000,  0.000
  0.019,300.135,  0.001,  0.000
  0.019,300.142,  0.000,  0.000
  0.019,300.093,  0.001,  0.000
  0.019,300.053,  0.001,  0.000
  0.019,300.087,  0.000,  0.000
  0.019,300.155,  0.000,  0.000
  0.019,300.144,  0.000,  0.000
  0.019,300.106,  0.000,  0.000
  0.019,300.146,  0.000,  0.000
  0.018,300.198,  0.000,  0.000
  0.018,300.199,  0.000,  0.000
  0.018,300.179,  0.000,  0.000
  0.019,300.182,  0.000,  0.000
  0.019,300.143,  0.000,  0.000
  0.018,300.190,  0.000,  0.000
  0.018,300.184,  0.000,  0.000
  0.018,300.167,  0.001,  0.000
  0.018,300.143,  0.002,  0.000
  0.018,300.122,  0.002,  0.000
  0.019,300.097,  0.001,  0.000
  0.019,300.060,  0.001,  0.000
  0.019,300.050,  0.000,  0.000
  0.019,300.042,  0.000,  0.000
  0.019,300.031,  0.000,  0.000
  0.019,300.056,  0.000,  0.000
  0.019,300.108,  0.001,  0.000
  0.019,300.127,  0.001,  0.000
  0.019,300.091,  0.000,  0.000
  0.019,300.042,  0.000,  0.000
  0.019,300.055,  0.000,  0.000
  0.019,300.119,  0.000,  0.000
  0.019,300.144,  0.000,  0.000
  0.019,300.133,  0.000,  0.000
  0.019,300.168,  0.000,  0.000
  0.019,300.190,  0.000,  0.000
  0.019,300.185,  0.000,  0.000
  0.018,300.188,  0.000,  0.000
  0.019,300.214,  0.000,  0.000
  0.019,300.195,  0.000,  0.000
  0.018,300.199,  0.000,  0.000
  0.018,300.172,  0.000,  0.000
  0.018,300.172,  0.000,  0.000
  0.018,300.148,  0.000,  0.000
  0.018,300.119,  0.000,  0.000
  0.019,300.084,  0.000,  0.000
  0.019,300.042,  0.000,  0.000
  0.019,300.025,  0.000,  0.000
  0.019,300.007,  0.000,  0.000
  0.019,299.993,  0.000,  0.000
  0.019,300.010,  0.000,  0.000
  0.019,300.051,  0.000,  0.000
  0.019,300.075,  0.000,  0.000
  0.019,300.051,  0.000,  0.000
  0.019,300.004,  0.000,  0.000
  0.019,299.977,  0.000,  0.000
  0.019,300.001,  0.000,  0.000
  0.019,300.050,  0.000,  0.000
  0.019,300.100,  0.000,  0.000
  0.019,300.142,  0.000,  0.000
  0.019,300.188,  0.000,  0.000
  0.019,300.185,  0.000,  0.000
  0.019,300.201,  0.000,  0.000
  0.019,300.231,  0.000,  0.000
  0.019,300.217,  0.000,  0.000
  0.018,300.218,  0.000,  0.000
  0.018,300.174,  0.000,  0.000
  0.018,300.171,  0.000,  0.000
  0.018,300.157,  0.000,  0.000
  0.019,300.121,  0.000,  0.000
  0.019,300.084,  0.000,  0.000
  0.019,300.052,  0.000,  0.000
  0.019,300.029,  0.000,  0.000
  0.019,300.011,  0.000,  0.000
  0.019,300.004,  0.000,  0.000
  0.019,300.012,  0.000,  0.000
  0.019,300.023,  0.000,  0.000
  0.019,300.021,  0.000,  0.000
  0.019,299.989,  0.000,  0.000
  0.019,299.957,  0.000,  0.000
  0.019,299.934,  0.000,  0.000
  0.019,299.907,  0.000,  0.000
  0.019,299.935,  0.000,  0.000
  0.019,300.027,  0.000,  0.000
  0.019,300.162,  0.000,  0.000
  0.019,300.230,  0.000,  0.000
  0.019,300.212,  0.000,  0.000
  0.019,300.207,  0.000,  0.000
  0.019,300.217,  0.000,  0.000
  0.018,300.207,  0.000,  0.000
  0.018,300.219,  0.000,  0.000
  0.018,300.183,  0.000,  0.000
  0.018,300.163,  0.000,  0.000
  0.018,300.159,  0.000,  0.000
  0.019,300.133,  0.000,  0.000
  0.019,300.096,  0.000,  0.000
  0.019,300.058,  0.000,  0.000
  0.019,300.042,  0.000,  0.000
  0.019,300.031,  0.000,  0.000
  0.019,300.026,  0.000,  0.000
  0.019,300.030,  0.000,  0.000
  0.019,300.022,  0.000,  0.000
  0.019,299.993,  0.000,  0.000
  0.019,299.955,  0.000,  0.000
  0.019,299.934,  0.000,  0.000
  0.019,299.936,  0.000,  0.000
  0.019,299.930,  0.000,  0.000
  0.019,299.911,  0.000,  0.000
  0.019,299.963,  0.000,  0.000
  0.019,300.113,  0.000,  0.000
  0.019,300.243,  0.000,  0.000
  0.019,300.238,  0.000,  0.000
  0.019,300.204,  0.000,  0.000
  0.019,300.204,  0.000,  0.000
  0.018,300.192,  0.000,  0.000
  0.018,300.197,  0.000,  0.000
  0.018,300.161,  0.000,  0.000
  0.018,300.150,  0.000,  0.000
  0.018,300.149,  0.000,  0.000
  0.019,300.135,  0.000,  0.000
  0.019,300.116,  0.000,  0.000
  0.019,300.090,  0.000,  0.000
  0.019,300.063,  0.000,  0.000
  0.019,300.044,  0.000,  0.000
  0.019,300.022,  0.000,  0.000
  0.019,300.020,  0.000,  0.000
  0.019,300.019,  0.000,  0.000
  0.019,299.990,  0.000,  0.000
  0.019,299.955,  0.000,  0.000
  0.019,299.938,  0.000,  0.000
  0.019,299.943,  0.000,  0.000
  0.019,299.958,  0.000,  0.000
  0.019,299.964,  0.000,  0.000
  0.019,299.990,  0.000,  0.000
  0.019,300.079,  0.000,  0.000
  0.019,300.230,  0.000,  0.000
  0.019,300.270,  0.000,  0.000
  0.019,300.218,  0.000,  0.000
  0.019,300.215,  0.000,  0.000
  0.019,300.201,  0.000,  0.000
  0.019,300.192,  0.000,  0.000
  0.019,300.154,  0.000,  0.000
  0.018,300.142,  0.000,  0.000
  0.018,300.140,  0.000,  0.000
  0.019,300.128,  0.000,  0.000
  0.019,300.109,  0.000,  0.000
  0.019,300.089,  0.000,  0.000
  0.019,300.075,  0.000,  0.000
  0.019,300.046,  0.000,  0.000
  0.019,300.012,  0.000,  0.000
  0.019,300.001,  0.000,  0.000
  0.019,300.003,  0.000,  0.000
  0.019,299.990,  0.000,  0.000
  0.019,299.966,  0.000,  0.000
  0.019,299.964,  0.000,  0.000
  0.019,299.965,  0.000,  0.000
  0.019,299.961,  0.000,  0.000
  0.019,299.982,  0.000,  0.000
  0.019,300.043,  0.000,  0.000
  0.019,300.160,  0.000,  0.000
  0.018,300.238,  0.000,  0.000
  0.019,300.248,  0.000,  0.000
  0.019,300.249,  0.000,  0.000
  0.019,300.239,  0.000,  0.000
  0.019,300.219,  0.000,  0.000
  0.019,300.205,  0.000,  0.000
  0.019,300.164,  0.000,  0.000
  0.018,300.145,  0.000,  0.000
  0.018,300.132,  0.000,  0.000
  0.019,300.119,  0.000,  0.000
  0.019,300.099,  0.000,  0.000
  0.019,300.085,  0.000,  0.030
  0.019,300.072,  0.000,  0.030
  0.019,300.051,  0.000,  0.030
  0.019,300.030,  0.000,  0.000
  0.019,300.014,  0.000,  0.000
  0.019,299.995,  0.000,  0.000
  0.019,299.983,  0.000,  0.000
  0.019,299.984,  0.000,  0.000
  0.019,299.985,  0.000,  0.000
  0.019,299.980,  0.000,  0.000
  0.019,299.969,  0.000,  0.000
  0.019,299.992,  0.000,  0.000
  0.019,300.098,  0.000,  0.000
  0.019,300.242,  0.000,  0.000
  0.018,300.249,  0.000,  0.000
  0.019,300.232,  0.000,  0.000
  0.019,300.268,  0.000,  0.000
  0.019,300.269,  0.000,  0.000
  0.019,300.270,  0.000,  0.000
  0.019,300.219,  0.000,  0.000
  0.019,300.173,  0.000,  0.000
  0.019,300.147,  0.000,  0.000
  0.018,300.129,  0.000,  0.000
  0.018,300.112,  0.000,  0.000
  0.019,300.091,  0.000,  0.000
  0.019,300.077,  0.000,  0.030
  0.019,300.068,  0.000,  0.030
  0.019,300.068,  0.000,  0.030
  0.019,300.075,  0.000,  0.000
  0.019,300.065,  0.000,  0.000
  0.019,300.007,  0.000,  0.000
  0.019,299.974,  0.000,  0.000
  0.019,299.972,  0.000,  0.000
  0.019,299.984,  0.000,  0.000
  0.019,299.982,  0.000,  0.000
  0.019,299.995,  0.000,  0.000
  0.019,300.067,  0.000,  0.000
  0.019,300.198,  0.000,  0.000
  0.018,300.265,  0.000,  0.000
  0.019,300.254,  0.000,  0.000
  0.019,300.248,  0.000,  0.000
  0.019,300.268,  0.000,  0.000
  0.019,300.261,  0.000,  0.000
  0.019,300.270,  0.000,  0.000
  0.019,300.235,  0.000,  0.000
  0.019,300.189,  0.000,  0.000
  0.019,300.154,  0.000,  0.000
  0.019,300.130,  0.000,  0.000
  0.019,300.106,  0.000,  0.000
  0.019,300.090,  0.000,  0.000
  0.019,300.078,  0.000,  0.030
  0.019,300.089,  0.000,  0.030
  0.019,300.113,  0.000,  0.030
  0.019,300.131,  0.000,  0.000
  0.019,300.099,  0.000,  0.000
  0.019,300.035,  0.000,  0.000
  0.019,299.982,  0.000,  0.000
  0.019,299.943,  0.000,  0.000
  0.019,299.962,  0.000,  0.000
  0.019,299.978,  0.000,  0.000
  0.019,300.049,  0.000,  0.000
  0.019,300.177,  0.000,  0.000
  0.019,300.266,  0.000,  0.000
  0.019,300.260,  0.000,  0.000
  0.019,300.243,  0.000,  0.000
  0.019,300.256,  0.000,  0.000
  0.019,300.253,  0.000,  0.000
  0.019,300.245,  0.000,  0.000
  0.019,300.244,  0.000,  0.000
  0.019,300.276,  0.000,  0.000
  0.019,300.226,  0.000,  0.000
  0.019,300.187,  0.000,  0.000
  0.019,300.154,  0.000,  0.000
  0.019,300.125,  0.000,  0.000
  0.019,300.104,  0.000,  0.000
  0.019,300.102,  0.000,  0.030
  0.019,300.131,  0.000,  0.030
  0.019,300.173,  0.000,  0.030
  0.019,300.170,  0.000,  0.000
  0.019,300.111,  0.000,  0.000
  0.019,300.044,  0.000,  0.000
  0.019,300.014,  0.000,  0.000
  0.019,299.982,  0.000,  0.000
  0.019,299.994,  0.000,  0.000
  0.019,300.032,  0.000,  0.000
  0.019,300.116,  0.000,  0.000
  0.019,300.232,  0.000,  0.000
  0.019,300.267,  0.000,  0.000
  0.019,300.233,  0.000,  0.000
  0.019,300.236,  0.000,  0.000
  0.019,300.249,  0.000,  0.000
  0.019,300.257,  0.000,  0.000
  0.019,300.279,  0.000,  0.000
  0.019,300.298,  0.000,  0.000
  0.019,300.311,  0.000,  0.000
  0.019,300.259,  0.000,  0.000
  0.019,300.221,  0.000,  0.000
  0.019,300.201,  0.000,  0.000
  0.019,300.164,  0.000,  0.000
  0.019,300.145,  0.000,  0.000
  0.019,300.156,  0.000,  0.000
  0.019,300.187,  0.000,  0.000
  0.019,300.204,  0.000,  0.000
  0.019,300.175,  0.000,  0.000
  0.019,300.108,  0.000,  0.000
  0.019,300.052,  0.000,  0.000
  0.019,300.043,  0.000,  0.000
  0.019,300.044,  0.000,  0.020
  0.019,300.069,  0.000,  0.020
  0.019,300.112,  0.000,  0.020
  0.019,300.173,  0.000,  0.000
  0.019,300.231,  0.000,  0.000
  0.019,300.226,  0.000,  0.000
  0.019,300.207,  0.000,  0.000
  0.019,300.238,  0.000,  0.010
  0.019,300.263,  0.000,  0.010
  0.019,300.277,  0.000,  0.010
  0.019,300.272,  0.000,  0.000
  0.019,300.187,  0.000,  0.000
  0.019,300.295,  0.000,  0.000
  0.019,300.254,  0.000,  0.000
  0.019,300.237,  0.000,  0.000
  0.019,300.233,  0.000,  0.000
  0.019,300.211,  0.000,  0.000
  0.019,300.193,  0.000,  0.000
  0.019,300.211,  0.000,  0.000
  0.019,300.239,  0.000,  0.000
  0.019,300.217,  0.000,  0.000
  0.019,300.167,  0.000,  0.000
  0.019,300.104,  0.000,  0.000
  0.019,300.072,  0.000,  0.000
  0.019,300.072,  0.000,  0.000
  0.019,300.082,  0.000,  0.020
  0.019,300.106,  0.000,  0.020
  0.019,300.140,  0.000,  0.020
  0.019,300.178,  0.000,  0.000
  0.019,300.198,  0.000,  0.000
  0.019,300.194,  0.000,  0.000
  0.019,300.205,  0.000,  0.000
  0.019,300.252,  0.000,  0.010
  0.019,300.274,  0.000,  0.010
  0.019,300.251,  0.000,  0.010
  0.019,300.151,  0.000,  0.000
  0.019,299.964,  0.000,  0.000
