  0.013,295.840,  0.000,  0.000
  0.013,296.035,  0.000,  0.000
  0.013,296.196,  0.000,  0.000
  0.014,296.186,  0.000,  0.000
  0.013,295.967,  0.000,  0.000
  0.013,295.871,  0.000,  0.000
  0.013,295.962,  0.000,  0.000
  0.013,296.061,  0.000,  0.000
  0.014,295.975,  0.000,  0.000
  0.013,295.783,  0.000,  0.000
  0.013,295.773,  0.000,  0.000
  0.013,295.842,  0.000,  0.000
  0.013,295.846,  0.000,  0.000
  0.013,295.763,  0.000,  0.000
  0.013,295.775,  0.000,  0.000
  0.013,295.862,  0.000,  0.000
  0.013,295.709,  0.000,  0.000
  0.013,295.625,  0.000,  0.000
  0.013,295.786,  0.000,  0.000
  0.014,295.830,  0.000,  0.000
  0.013,295.746,  0.000,  0.000
  0.013,295.747,  0.000,  0.000
  0.013,295.768,  0.000,  0.000
  0.013,295.780,  0.000,  0.000
  0.013,295.793,  0.000,  0.000
  0.013,296.046,  0.000,  0.000
  0.013,296.143,  0.000,  0.000
  0.013,296.182,  0.000,  0.000
  0.013,296.097,  0.000,  0.000
  0.013,295.934,  0.000,  0.000
  0.013,295.872,  0.000,  0.000
  0.013,295.945,  0.000,  0.000
  0.013,296.029,  0.000,  0.000
  0.013,295.930,  0.000,  0.000
  0.013,295.791,  0.000,  0.000
  0.013,295.776,  0.000,  0.000
  0.013,295.829,  0.000,  0.000
  0.013,295.819,  0.000,  0.000
  0.013,295.789,  0.000,  0.000
  0.013,295.852,  0.000,  0.000
  0.013,295.854,  0.000,  0.000
  0.013,295.679,  0.000,  0.000
  0.013,295.664,  0.000,  0.000
  0.013,295.832,  0.000,  0.000
  0.013,295.854,  0.000,  0.000
  0.013,295.746,  0.000,  0.000
  0.013,295.760,  0.000,  0.000
  0.013,295.787,  0.000,  0.000
  0.013,295.803,  0.000,  0.000
  0.013,295.814,  0.000,  0.000
  0.013,296.135,  0.000,  0.000
  0.013,296.194,  0.000,  0.000
  0.013,296.173,  0.000,  0.000
  0.013,296.000,  0.000,  0.000
  0.013,295.836,  0.000,  0.000
  0.013,295.846,  0.000,  0.000
  0.013,295.963,  0.000,  0.000
  0.013,296.010,  0.000,  0.000
  0.013,295.876,  0.000,  0.000
  0.013,295.794,  0.000,  0.000
  0.013,295.825,  0.000,  0.000
  0.013,295.845,  0.000,  0.000
  0.013,295.821,  0.000,  0.000
  0.013,295.836,  0.000,  0.000
  0.013,295.915,  0.000,  0.000
  0.013,295.841,  0.000,  0.000
  0.013,295.679,  0.000,  0.000
  0.013,295.733,  0.000,  0.000
  0.013,295.898,  0.000,  0.000
  0.013,295.877,  0.000,  0.000
  0.013,295.764,  0.000,  0.000
  0.013,295.784,  0.000,  0.000
  0.013,295.806,  0.000,  0.000
  0.013,295.829,  0.000,  0.000
  0.013,295.844,  0.000,  0.000
  0.013,296.078,  0.000,  0.000
  0.013,296.201,  0.000,  0.000
  0.013,296.222,  0.000,  0.000
  0.013,296.014,  0.000,  0.000
  0.013,295.798,  0.000,  0.000
  0.013,295.846,  0.000,  0.000
  0.013,296.013,  0.000,  0.000
  0.013,296.046,  0.000,  0.000
  0.013,295.892,  0.000,  0.000
  0.013,295.835,  0.000,  0.000
  0.013,295.918,  0.000,  0.000
  0.013,295.908,  0.000,  0.000
  0.013,295.892,  0.000,  0.000
  0.013,295.936,  0.000,  0.000
  0.013,295.939,  0.000,  0.000
  0.013,295.814,  0.000,  0.000
  0.013,295.715,  0.000,  0.000
  0.013,295.827,  0.000,  0.000
  0.014,295.967,  0.000,  0.000
  0.013,295.898,  0.000,  0.000
  0.013,295.780,  0.000,  0.000
  0.013,295.812,  0.000,  0.000
  0.013,295.837,  0.000,  0.000
  0.013,295.850,  0.000,  0.000
  0.013,295.866,  0.000,  0.000
  0.013,296.059,  0.000,  0.000
  0.013,296.231,  0.000,  0.000
  0.014,296.306,  0.000,  0.000
  0.014,296.133,  0.000,  0.000
  0.013,295.909,  0.000,  0.000
  0.013,295.926,  0.000,  0.000
  0.013,296.052,  0.000,  0.000
  0.013,296.107,  0.000,  0.000
  0.013,295.981,  0.000,  0.000
  0.013,295.897,  0.000,  0.000
  0.013,296.003,  0.000,  0.000
  0.013,296.027,  0.000,  0.000
  0.013,295.995,  0.000,  0.000
  0.013,295.996,  0.000,  0.000
  0.013,295.945,  0.000,  0.000
  0.013,295.815,  0.000,  0.000
  0.013,295.750,  0.000,  0.000
  0.013,295.901,  0.000,  0.000
  0.014,296.019,  0.000,  0.000
  0.013,295.913,  0.000,  0.000
  0.013,295.790,  0.000,  0.000
  0.013,295.839,  0.000,  0.000
  0.013,295.877,  0.000,  0.000
  0.013,295.878,  0.000,  0.000
  0.013,295.877,  0.000,  0.000
  0.013,296.125,  0.000,  0.000
  0.013,296.255,  0.000,  0.000
  0.014,296.361,  0.000,  0.000
  0.014,296.285,  0.000,  0.000
  0.014,296.102,  0.000,  0.000
  0.013,296.048,  0.000,  0.000
  0.013,296.104,  0.000,  0.000
  0.013,296.154,  0.000,  0.000
  0.013,296.040,  0.000,  0.000
  0.013,295.925,  0.000,  0.000
  0.013,296.039,  0.000,  0.000
  0.013,296.144,  0.000,  0.000
  0.013,296.047,  0.000,  0.000
  0.013,295.922,  0.000,  0.000
  0.013,295.935,  0.000,  0.000
  0.013,295.904,  0.000,  0.000
  0.013,295.802,  0.000,  0.000
  0.013,295.924,  0.000,  0.000
  0.014,296.051,  0.000,  0.000
  0.013,295.914,  0.000,  0.000
  0.013,295.812,  0.000,  0.000
  0.013,295.887,  0.000,  0.000
  0.013,295.918,  0.000,  0.000
  0.013,295.904,  0.000,  0.000
  0.013,295.902,  0.000,  0.000
  0.014,296.159,  0.000,  0.000
  0.013,296.218,  0.000,  0.000
  0.013,296.330,  0.000,  0.000
  0.014,296.333,  0.000,  0.000
  0.013,296.216,  0.000,  0.000
  0.013,296.161,  0.000,  0.000
  0.013,296.207,  0.000,  0.000
  0.013,296.204,  0.000,  0.000
  0.013,296.054,  0.000,  0.000
  0.013,295.939,  0.000,  0.000
  0.013,296.051,  0.000,  0.000
  0.014,296.209,  0.000,  0.000
  0.013,296.050,  0.000,  0.000
  0.013,295.815,  0.000,  0.000
  0.013,295.903,  0.000,  0.000
  0.013,296.024,  0.000,  0.000
  0.013,295.904,  0.000,  0.000
  0.013,295.948,  0.000,  0.000
  0.013,296.068,  0.000,  0.000
  0.013,295.903,  0.000,  0.000
  0.013,295.834,  0.000,  0.000
  0.014,295.953,  0.000,  0.000
  0.013,295.959,  0.000,  0.000
  0.013,295.924,  0.000,  0.000
  0.014,295.940,  0.000,  0.000
  0.014,296.158,  0.000,  0.000
  0.013,296.165,  0.000,  0.000
  0.013,296.274,  0.000,  0.000
  0.013,296.323,  0.000,  0.000
  0.013,296.271,  0.000,  0.000
  0.013,296.266,  0.000,  0.000
  0.013,296.306,  0.000,  0.000
  0.013,296.202,  0.000,  0.000
  0.013,296.039,  0.000,  0.000
  0.013,295.994,  0.000,  0.000
  0.013,296.097,  0.000,  0.000
  0.014,296.208,  0.000,  0.000
  0.013,296.070,  0.000,  0.000
  0.013,295.871,  0.000,  0.000
  0.013,295.923,  0.000,  0.000
  0.014,296.049,  0.000,  0.000
  0.013,296.001,  0.000,  0.000
  0.013,296.029,  0.000,  0.000
  0.013,296.088,  0.000,  0.000
  0.013,295.896,  0.000,  0.000
  0.013,295.843,  0.000,  0.000
  0.014,295.998,  0.000,  0.000
  0.014,296.005,  0.000,  0.000
  0.013,295.954,  0.000,  0.000
  0.014,295.972,  0.000,  0.000
  0.014,296.202,  0.000,  0.000
  0.014,296.151,  0.000,  0.000
  0.013,296.252,  0.000,  0.000
  0.013,296.380,  0.000,  0.000
  0.013,296.388,  0.000,  0.000
  0.013,296.371,  0.000,  0.000
  0.014,296.321,  0.000,  0.000
  0.013,296.139,  0.000,  0.000
  0.013,296.026,  0.000,  0.000
  0.013,296.080,  0.000,  0.000
  0.013,296.181,  0.000,  0.000
  0.013,296.179,  0.000,  0.000
  0.013,296.083,  0.000,  0.000
  0.013,296.046,  0.000,  0.000
  0.013,296.005,  0.000,  0.000
  0.013,295.960,  0.000,  0.000
  0.013,296.031,  0.000,  0.000
  0.013,296.130,  0.000,  0.000
  0.013,296.090,  0.000,  0.000
  0.013,295.896,  0.000,  0.000
  0.013,295.875,  0.000,  0.000
  0.014,296.030,  0.000,  0.000
  0.014,296.051,  0.000,  0.000
  0.013,296.004,  0.000,  0.000
  0.013,295.997,  0.000,  0.000
  0.014,296.310,  0.000,  0.000
  0.014,296.204,  0.000,  0.000
  0.014,296.256,  0.000,  0.000
  0.013,296.440,  0.000,  0.000
  0.013,296.492,  0.000,  0.000
  0.013,296.395,  0.000,  0.000
  0.014,296.254,  0.000,  0.000
  0.013,296.104,  0.000,  0.000
  0.013,296.043,  0.000,  0.000
  0.013,296.142,  0.000,  0.000
  0.013,296.247,  0.000,  0.000
  0.013,296.154,  0.000,  0.000
  0.013,296.035,  0.000,  0.000
  0.014,296.123,  0.000,  0.000
  0.013,296.085,  0.000,  0.000
  0.013,295.911,  0.000,  0.000
  0.013,296.028,  0.000,  0.000
  0.013,296.208,  0.000,  0.000
  0.013,296.072,  0.000,  0.000
  0.013,295.892,  0.000,  0.000
  0.013,295.944,  0.000,  0.000
  0.013,296.097,  0.000,  0.000
  0.013,296.105,  0.000,  0.000
  0.013,296.047,  0.000,  0.000
  0.013,296.027,  0.000,  0.000
  0.014,296.424,  0.000,  0.000
  0.014,296.335,  0.000,  0.000
  0.014,296.301,  0.000,  0.000
  0.013,296.390,  0.000,  0.000
  0.014,296.434,  0.000,  0.000
  0.014,296.299,  0.000,  0.000
  0.014,296.187,  0.000,  0.000
  0.013,296.146,  0.000,  0.000
  0.013,296.100,  0.000,  0.000
  0.013,296.160,  0.000,  0.000
  0.013,296.281,  0.000,  0.000
  0.013,296.176,  0.000,  0.000
  0.013,295.978,  0.000,  0.000
  0.013,296.040,  0.000,  0.000
  0.013,296.118,  0.000,  0.000
  0.013,296.009,  0.000,  0.000
  0.013,296.090,  0.000,  0.000
  0.014,296.233,  0.000,  0.000
  0.013,296.046,  0.000,  0.000
  0.013,295.894,  0.000,  0.000
  0.014,296.019,  0.000,  0.000
  0.013,296.190,  0.000,  0.000
  0.013,296.174,  0.000,  0.000
  0.013,296.078,  0.000,  0.000
  0.013,296.043,  0.000,  0.000
  0.013,296.458,  0.000,  0.000
  0.014,296.451,  0.000,  0.000
  0.014,296.352,  0.000,  0.000
  0.013,296.285,  0.000,  0.000
  0.014,296.295,  0.000,  0.000
  0.014,296.240,  0.000,  0.000
  0.014,296.203,  0.000,  0.000
  0.013,296.225,  0.000,  0.000
  0.013,296.174,  0.000,  0.000
  0.013,296.158,  0.000,  0.000
  0.013,296.283,  0.000,  0.000
  0.014,296.254,  0.000,  0.000
  0.013,295.999,  0.000,  0.000
  0.013,295.941,  0.000,  0.000
  0.014,296.118,  0.000,  0.000
  0.013,296.168,  0.000,  0.000
  0.013,296.192,  0.000,  0.000
  0.014,296.201,  0.000,  0.000
  0.013,296.030,  0.000,  0.000
  0.013,295.941,  0.000,  0.000
  0.013,296.092,  0.000,  0.000
  0.014,296.252,  0.000,  0.000
  0.013,296.206,  0.000,  0.000
  0.013,296.106,  0.000,  0.000
  0.013,296.059,  0.000,  0.000
  0.013,296.413,  0.000,  0.000
  0.013,296.454,  0.000,  0.000
  0.014,296.392,  0.000,  0.000
  0.013,296.247,  0.000,  0.000
  0.014,296.234,  0.000,  0.000
  0.014,296.309,  0.000,  0.000
  0.014,296.328,  0.000,  0.000
  0.013,296.313,  0.000,  0.000
  0.013,296.235,  0.000,  0.000
  0.013,296.158,  0.000,  0.000
  0.013,296.242,  0.000,  0.000
  0.014,296.314,  0.000,  0.000
  0.013,296.115,  0.000,  0.000
  0.013,295.969,  0.000,  0.000
  0.013,296.127,  0.000,  0.000
  0.014,296.285,  0.000,  0.000
  0.013,296.250,  0.000,  0.000
  0.013,296.113,  0.000,  0.000
  0.013,296.032,  0.000,  0.000
  0.013,296.052,  0.000,  0.000
  0.013,296.183,  0.000,  0.000
  0.013,296.244,  0.000,  0.000
  0.013,296.146,  0.000,  0.000
  0.013,296.117,  0.000,  0.000
  0.013,296.107,  0.000,  0.000
  0.013,296.382,  0.000,  0.000
  0.013,296.414,  0.000,  0.000
  0.013,296.437,  0.000,  0.000
  0.013,296.303,  0.000,  0.000
  0.013,296.215,  0.000,  0.000
  0.014,296.328,  0.000,  0.000
  0.014,296.445,  0.000,  0.000
  0.013,296.415,  0.000,  0.000
  0.013,296.303,  0.000,  0.000
  0.013,296.187,  0.000,  0.000
  0.013,296.203,  0.000,  0.000
  0.014,296.310,  0.000,  0.000
  0.013,296.221,  0.000,  0.000
  0.013,296.046,  0.000,  0.000
  0.013,296.132,  0.000,  0.000
  0.014,296.321,  0.000,  0.000
  0.013,296.278,  0.000,  0.000
  0.013,296.061,  0.000,  0.000
  0.013,296.048,  0.000,  0.000
  0.014,296.169,  0.000,  0.000
  0.014,296.281,  0.000,  0.000
  0.013,296.210,  0.000,  0.000
  0.013,296.066,  0.000,  0.000
  0.013,296.122,  0.000,  0.000
  0.013,296.157,  0.000,  0.000
  0.014,296.423,  0.000,  0.000
  0.013,296.428,  0.000,  0.000
  0.013,296.511,  0.000,  0.000
  0.013,296.416,  0.000,  0.000
  0.013,296.210,  0.000,  0.000
  0.013,296.195,  0.000,  0.000
  0.014,296.393,  0.000,  0.000
  0.014,296.498,  0.000,  0.000
  0.013,296.407,  0.000,  0.000
  0.013,296.267,  0.000,  0.000
  0.013,296.233,  0.000,  0.000
  0.013,296.313,  0.000,  0.000
  0.013,296.254,  0.000,  0.000
  0.013,296.068,  0.000,  0.000
  0.013,296.083,  0.000,  0.000
  0.013,296.266,  0.000,  0.000
  0.013,296.313,  0.000,  0.000
  0.013,296.116,  0.000,  0.000
  0.013,296.086,  0.000,  0.000
  0.014,296.242,  0.000,  0.000
  0.014,296.336,  0.000,  0.000
  0.013,296.215,  0.000,  0.000
  0.013,296.101, -0.000,  0.000
  0.013,296.174,  0.000,  0.000
  0.013,296.159,  0.000,  0.000
