  0.015,298.715,  0.000,  0.000
  0.015,298.748,  0.000,  0.000
  0.015,298.770,  0.000,  0.000
  0.015,298.775,  0.000,  0.000
  0.015,298.769,  0.000,  0.000
  0.015,298.754,  0.000,  0.000
  0.015,298.731,  0.000,  0.000
  0.015,298.721,  0.000,  0.000
  0.015,298.730,  0.000,  0.000
  0.015,298.746,  0.000,  0.000
  0.015,298.759,  0.000,  0.000
  0.015,298.770,  0.000,  0.000
  0.015,298.774,  0.000,  0.000
  0.015,298.760,  0.000,  0.000
  0.015,298.732,  0.000,  0.000
  0.015,298.701,  0.000,  0.000
  0.015,298.684,  0.000,  0.000
  0.015,298.679,  0.000,  0.000
  0.015,298.680,  0.000,  0.000
  0.015,298.668,  0.000,  0.000
  0.015,298.643,  0.000,  0.000
  0.015,298.626,  0.000,  0.000
  0.015,298.625,  0.000,  0.000
  0.015,298.654,  0.000,  0.000
  0.015,298.668,  0.000,  0.000
  0.015,298.724,  0.000,  0.000
  0.015,298.770,  0.000,  0.000
  0.015,298.806,  0.000,  0.000
  0.015,298.824,  0.000,  0.000
  0.014,298.649,  0.000,  0.000
  0.014,298.704,  0.000,  0.000
  0.015,298.702,  0.000,  0.000
  0.015,298.756,  0.000,  0.000
  0.015,298.762,  0.000,  0.000
  0.015,298.777,  0.000,  0.000
  0.015,298.786,  0.000,  0.000
  0.015,298.797,  0.000,  0.000
  0.015,298.805,  0.000,  0.000
  0.015,298.803,  0.000,  0.000
  0.015,298.785,  0.000,  0.000
  0.015,298.748,  0.000,  0.000
  0.015,298.711,  0.000,  0.000
  0.015,298.691,  0.000,  0.000
  0.015,298.687,  0.000,  0.000
  0.015,298.684,  0.000,  0.000
  0.015,298.669,  0.000,  0.000
  0.015,298.641,  0.000,  0.000
  0.015,298.624,  0.000,  0.000
  0.015,298.648,  0.000,  0.000
  0.015,298.663,  0.000,  0.000
  0.015,298.752,  0.000,  0.000
  0.015,298.794,  0.000,  0.000
  0.013,298.545,  0.000,  0.000
  0.013,298.569,  0.000,  0.000
  0.014,298.677,  0.000,  0.000
  0.013,298.598,  0.000,  0.000
  0.013,298.560,  0.000,  0.000
  0.014,298.590,  0.000,  0.000
  0.015,298.790,  0.000,  0.000
  0.015,298.806,  0.000,  0.000
  0.015,298.821,  0.000,  0.000
  0.015,298.830,  0.000,  0.000
  0.015,298.834,  0.000,  0.000
  0.015,298.835,  0.000,  0.000
  0.015,298.828,  0.000,  0.000
  0.015,298.803,  0.000,  0.000
  0.015,298.765,  0.000,  0.000
  0.015,298.729,  0.000,  0.000
  0.015,298.712,  0.000,  0.000
  0.015,298.709,  0.000,  0.000
  0.015,298.709,  0.000,  0.000
  0.015,298.692,  0.000,  0.000
  0.015,298.662,  0.000,  0.000
  0.015,298.662,  0.000,  0.000
  0.015,298.663,  0.000,  0.000
  0.015,298.718,  0.000,  0.000
  0.014,298.548,  0.000,  0.000
  0.014,298.579,  0.000,  0.000
  0.013,298.592,  0.000,  0.000
  0.013,298.662,  0.000,  0.000
  0.013,298.669,  0.000,  0.000
  0.013,298.641,  0.000,  0.000
  0.013,298.593,  0.000,  0.000
  0.013,298.551,  0.000,  0.000
  0.015,298.827,  0.000,  0.000
  0.015,298.843,  0.000,  0.000
  0.015,298.861,  0.000,  0.000
  0.015,298.865,  0.000,  0.000
  0.015,298.863,  0.000,  0.000
  0.015,298.859,  0.000,  0.000
  0.015,298.851,  0.000,  0.000
  0.015,298.828,  0.000,  0.000
  0.015,298.794,  0.000,  0.000
  0.015,298.761,  0.000,  0.000
  0.015,298.742,  0.000,  0.000
  0.015,298.742,  0.000,  0.000
  0.015,298.741,  0.000,  0.000
  0.015,298.719,  0.000,  0.000
  0.015,298.703,  0.000,  0.000
  0.015,298.676,  0.000,  0.000
  0.014,298.725,  0.000,  0.000
  0.013,298.601,  0.000,  0.000
  0.014,298.641,  0.000,  0.000
  0.014,298.640,  0.000,  0.000
  0.013,298.641,  0.000,  0.000
  0.014,298.754,  0.000,  0.000
  0.013,298.693,  0.000,  0.000
  0.013,298.673,  0.000,  0.000
  0.014,298.625,  0.000,  0.000
  0.014,298.584,  0.000,  0.000
  0.014,298.680,  0.000,  0.000
  0.015,298.870,  0.000,  0.000
  0.015,298.883,  0.000,  0.000
  0.015,298.887,  0.000,  0.000
  0.015,298.884,  0.000,  0.000
  0.015,298.879,  0.000,  0.000
  0.015,298.867,  0.000,  0.000
  0.015,298.843,  0.000,  0.000
  0.015,298.811,  0.000,  0.000
  0.015,298.781,  0.000,  0.000
  0.015,298.763,  0.000,  0.000
  0.015,298.761,  0.000,  0.000
  0.015,298.755,  0.000,  0.000
  0.016,298.746,  0.000,  0.000
  0.016,298.714,  0.000,  0.000
  0.013,298.575,  0.000,  0.000
  0.014,298.724,  0.000,  0.000
  0.013,298.685,  0.000,  0.000
  0.014,298.705,  0.000,  0.000
  0.014,298.680,  0.000,  0.000
  0.013,298.668,  0.000,  0.000
  0.013,298.695,  0.000,  0.000
  0.014,298.844,  0.000,  0.000
  0.013,298.689,  0.000,  0.000
  0.014,298.652,  0.000,  0.000
  0.014,298.610,  0.000,  0.000
  0.014,298.599,  0.000,  0.000
  0.015,298.818,  0.000,  0.000
  0.015,298.899,  0.000,  0.000
  0.015,298.900,  0.000,  0.000
  0.015,298.885,  0.000,  0.000
  0.015,298.866,  0.000,  0.000
  0.015,298.851,  0.000,  0.000
  0.015,298.834,  0.000,  0.000
  0.015,298.811,  0.000,  0.000
  0.015,298.785,  0.000,  0.000
  0.015,298.767,  0.000,  0.000
  0.015,298.763,  0.000,  0.000
  0.016,298.770,  0.000,  0.000
  0.016,298.752,  0.000,  0.000
  0.014,298.612,  0.000,  0.000
  0.013,298.631,  0.000,  0.000
  0.014,298.880,  0.000,  0.000
  0.013,298.739,  0.000,  0.000
  0.014,298.743,  0.000,  0.000
  0.014,298.700,  0.000,  0.000
  0.014,298.672,  0.000,  0.000
  0.013,298.671,  0.000,  0.000
  0.014,298.782,  0.000,  0.000
  0.013,298.700,  0.000,  0.000
  0.014,298.679,  0.000,  0.000
  0.014,298.637,  0.000,  0.000
  0.014,298.619,  0.000,  0.000
  0.014,298.714,  0.000,  0.000
  0.013,298.636,  0.000,  0.000
  0.014,298.606,  0.000,  0.000
  0.014,298.606,  0.000,  0.000
  0.015,298.822,  0.000,  0.000
  0.015,298.820,  0.000,  0.000
  0.015,298.817,  0.000,  0.000
  0.015,298.800,  0.000,  0.000
  0.015,298.782,  0.000,  0.000
  0.016,298.772,  0.000,  0.000
  0.016,298.784,  0.000,  0.000
  0.016,298.781,  0.000,  0.000
  0.014,298.655,  0.000,  0.000
  0.014,298.663,  0.000,  0.000
  0.013,298.676,  0.000,  0.000
  0.014,298.811,  0.000,  0.000
  0.013,298.767,  0.000,  0.000
  0.014,298.769,  0.000,  0.000
  0.014,298.719,  0.000,  0.000
  0.014,298.680,  0.000,  0.000
  0.013,298.677,  0.000,  0.000
  0.014,298.896,  0.000,  0.000
  0.013,298.724,  0.000,  0.000
  0.013,298.713,  0.000,  0.000
  0.014,298.670,  0.000,  0.000
  0.014,298.641,  0.000,  0.000
  0.014,298.630,  0.000,  0.000
  0.014,298.599,  0.000,  0.000
  0.014,298.539,  0.000,  0.000
  0.016,298.806,  0.000,  0.000
  0.015,298.791,  0.000,  0.000
  0.015,298.804,  0.000,  0.000
  0.016,298.804,  0.000,  0.000
  0.016,298.793,  0.000,  0.000
  0.016,298.785,  0.000,  0.000
  0.016,298.796,  0.000,  0.000
  0.016,298.800,  0.000,  0.000
  0.015,298.968,  0.000,  0.000
  0.014,298.711,  0.000,  0.000
  0.014,298.700,  0.000,  0.000
  0.013,298.702,  0.000,  0.000
  0.014,298.828,  0.000,  0.000
  0.013,298.783,  0.000,  0.000
  0.014,298.790,  0.000,  0.000
  0.014,298.739,  0.000,  0.000
  0.014,298.698,  0.000,  0.000
  0.013,298.703,  0.000,  0.000
  0.014,298.812,  0.000,  0.000
  0.013,298.756,  0.000,  0.000
  0.013,298.742,  0.000,  0.000
  0.014,298.689,  0.000,  0.000
  0.014,298.636,  0.000,  0.000
  0.014,298.590,  0.000,  0.000
  0.014,298.546,  0.000,  0.000
  0.014,298.504,  0.000,  0.000
  0.015,298.597,  0.000,  0.000
  0.016,298.807,  0.000,  0.000
  0.015,298.602,  0.000,  0.000
  0.016,298.791,  0.000,  0.000
  0.016,298.789,  0.000,  0.000
  0.016,298.800,  0.000,  0.000
  0.016,298.809,  0.000,  0.000
  0.013,298.693,  0.000,  0.000
  0.013,298.738,  0.000,  0.000
  0.014,298.737,  0.000,  0.000
  0.014,298.717,  0.000,  0.000
  0.013,298.717,  0.000,  0.000
  0.013,298.783,  0.000,  0.000
  0.013,298.779,  0.000,  0.000
  0.013,298.786,  0.000,  0.000
  0.014,298.741,  0.000,  0.000
  0.014,298.709,  0.000,  0.000
  0.013,298.729,  0.000,  0.000
  0.014,298.919,  0.000,  0.000
  0.013,298.765,  0.000,  0.000
  0.013,298.731,  0.000,  0.000
  0.014,298.653,  0.000,  0.000
  0.014,298.580,  0.000,  0.000
  0.014,298.545,  0.000,  0.000
  0.014,298.537,  0.000,  0.000
  0.014,298.528,  0.000,  0.000
  0.014,298.510,  0.000,  0.000
  0.014,298.493,  0.000,  0.000
  0.015,298.680,  0.000,  0.000
  0.015,298.786,  0.000,  0.000
  0.015,298.792,  0.000,  0.000
  0.016,298.807,  0.000,  0.000
  0.013,298.682,  0.000,  0.000
  0.013,298.709,  0.000,  0.000
  0.013,298.738,  0.000,  0.000
  0.014,298.738,  0.000,  0.000
  0.014,298.719,  0.000,  0.000
  0.013,298.711,  0.000,  0.000
  0.013,298.720,  0.000,  0.000
  0.013,298.745,  0.000,  0.000
  0.013,298.757,  0.000,  0.000
  0.014,298.730,  0.000,  0.000
  0.014,298.711,  0.000,  0.000
  0.013,298.724,  0.000,  0.000
  0.013,298.727,  0.000,  0.000
  0.013,298.712,  0.000,  0.000
  0.014,298.662,  0.000,  0.000
  0.014,298.595,  0.000,  0.000
  0.014,298.558,  0.000,  0.000
  0.014,298.566,  0.000,  0.000
  0.014,298.583,  0.000,  0.000
  0.014,298.574,  0.000,  0.000
  0.014,298.547,  0.000,  0.000
  0.014,298.524,  0.000,  0.000
  0.014,298.507,  0.000,  0.000
  0.015,298.610,  0.000,  0.000
  0.015,298.808,  0.000,  0.000
  0.014,298.673,  0.000,  0.000
  0.013,298.679,  0.000,  0.000
  0.015,298.982,  0.000,  0.000
  0.015,298.986,  0.000,  0.000
  0.014,298.721,  0.000,  0.000
  0.014,298.702,  0.000,  0.000
  0.014,298.692,  0.000,  0.000
  0.013,298.704,  0.000,  0.000
  0.013,298.720,  0.000,  0.000
  0.013,298.721,  0.000,  0.000
  0.014,298.697,  0.000,  0.000
  0.014,298.675,  0.000,  0.000
  0.014,298.658,  0.000,  0.000
  0.014,298.635,  0.000,  0.000
  0.014,298.622,  0.000,  0.000
  0.014,298.608,  0.000,  0.000
  0.014,298.592,  0.000,  0.000
  0.014,298.596,  0.000,  0.000
  0.014,298.616,  0.000,  0.000
  0.014,298.620,  0.000,  0.000
  0.014,298.601,  0.000,  0.000
  0.014,298.576,  0.000,  0.000
  0.014,298.558,  0.000,  0.000
  0.014,298.546,  0.000,  0.000
  0.015,298.734,  0.000,  0.000
  0.014,298.704,  0.000,  0.000
  0.014,298.662,  0.000,  0.000
  0.013,298.667,  0.000,  0.000
  0.015,298.955,  0.000,  0.000
  0.015,298.983,  0.000,  0.000
  0.014,298.728,  0.000,  0.000
  0.014,298.705,  0.000,  0.000
  0.014,298.689,  0.000,  0.000
  0.014,298.686,  0.000,  0.000
  0.013,298.677,  0.000,  0.000
  0.014,298.662,  0.000,  0.000
  0.014,298.625,  0.000,  0.000
  0.014,298.571,  0.000,  0.000
  0.014,298.532,  0.000,  0.000
  0.014,298.541,  0.000,  0.000
  0.014,298.570,  0.000,  0.000
  0.014,298.574,  0.000,  0.000
  0.015,298.878,  0.000,  0.000
  0.015,298.899,  0.000,  0.000
  0.015,298.924,  0.000,  0.000
  0.015,298.923,  0.000,  0.000
  0.015,298.903,  0.000,  0.000
  0.015,298.887,  0.000,  0.000
  0.016,298.882,  0.000,  0.000
  0.014,298.585,  0.000,  0.000
  0.013,298.776,  0.000,  0.000
  0.014,298.702,  0.000,  0.000
  0.014,298.663,  0.000,  0.000
  0.013,298.683,  0.000,  0.000
  0.015,298.978,  0.000,  0.000
  0.015,299.002,  0.000,  0.000
  0.014,298.747,  0.000,  0.000
  0.014,298.713,  0.000,  0.000
  0.014,298.680,  0.000,  0.000
  0.014,298.661,  0.000,  0.000
  0.014,298.630,  0.000,  0.000
  0.014,298.566,  0.000,  0.000
  0.014,298.496,  0.000,  0.000
  0.015,298.659,  0.000,  0.000
  0.015,298.788,  0.000,  0.000
  0.015,298.825,  0.000,  0.000
  0.016,298.837,  0.000,  0.000
  0.016,298.826,  0.000,  0.000
  0.015,298.836,  0.000,  0.000
  0.015,298.885,  0.000,  0.000
  0.015,298.929,  0.000,  0.000
  0.015,298.932,  0.000,  0.000
  0.015,298.909,  0.000,  0.000
  0.015,298.898,  0.000,  0.000
  0.015,298.900,  0.000,  0.000
  0.013,298.818,  0.000,  0.000
  0.013,298.796,  0.000,  0.000
  0.014,298.717,  0.000,  0.000
  0.014,298.681,  0.000,  0.000
  0.013,298.702,  0.000,  0.000
  0.013,298.723,  0.000,  0.000
  0.013,298.747,  0.000,  0.000
  0.013,298.750,  0.000,  0.000
  0.013,298.725,  0.000,  0.000
  0.013,298.699,  0.000,  0.000
  0.014,298.668,  0.000,  0.000
  0.014,298.597,  0.000,  0.000
  0.014,298.511,  0.000,  0.000
  0.014,298.465,  0.000,  0.000
  0.015,298.783,  0.000,  0.000
  0.015,298.804,  0.000,  0.000
  0.015,298.821,  0.000,  0.000
  0.016,298.800,  0.000,  0.000
  0.016,298.775,  0.000,  0.000
  0.015,298.798,  0.000,  0.000
  0.015,298.871,  0.000,  0.000
  0.015,298.934,  0.000,  0.000
  0.015,298.943,  0.000,  0.000
  0.015,298.921,  0.000,  0.000
  0.015,298.908,  0.000,  0.000
