  0.019,301.519,  0.000,  0.090
  0.019,301.509,  0.000,  0.090
  0.019,301.497,  0.000,  0.060
  0.019,301.491,  0.000,  0.060
  0.019,301.493,  0.000,  0.060
  0.019,301.495,  0.000,  0.060
  0.019,301.494,  0.000,  0.060
  0.019,301.490,  0.000,  0.060
  0.019,301.486,  0.000,  0.060
  0.019,301.483,  0.000,  0.010
  0.019,301.480,  0.000,  0.010
  0.019,301.480,  0.000,  0.010
  0.019,301.482,  0.000,  0.010
  0.019,301.485,  0.000,  0.010
  0.019,301.488,  0.000,  0.010
  0.019,301.492,  0.000,  0.010
  0.019,301.495,  0.000,  0.010
  0.019,301.498,  0.000,  0.010
  0.019,301.502,  0.000,  0.010
  0.019,301.507,  0.000,  0.010
  0.019,301.512,  0.000,  0.010
  0.019,301.517,  0.000,  0.010
  0.019,301.523,  0.000,  0.010
  0.019,301.542,  0.000,  0.000
  0.019,301.547,  0.000,  0.000
  0.019,301.521,  0.000,  0.000
  0.019,301.510,  0.000,  0.000
  0.020,301.500,  0.000,  0.010
  0.020,301.493,  0.000,  0.010
  0.020,301.489,  0.000,  0.010
  0.019,301.490,  0.000,  0.010
  0.019,301.491,  0.000,  0.010
  0.019,301.489,  0.000,  0.010
  0.019,301.486,  0.000,  0.010
  0.019,301.483,  0.000,  0.000
  0.019,301.480,  0.000,  0.000
  0.019,301.477,  0.000,  0.000
  0.019,301.478,  0.000,  0.000
  0.019,301.480,  0.000,  0.000
  0.019,301.483,  0.000,  0.000
  0.019,301.485,  0.000,  0.000
  0.019,301.488,  0.000,  0.000
  0.019,301.491,  0.000,  0.000
  0.019,301.495,  0.000,  0.000
  0.019,301.500,  0.000,  0.000
  0.019,301.505,  0.000,  0.000
  0.019,301.511,  0.000,  0.000
  0.019,301.516,  0.000,  0.000
  0.019,301.534,  0.000,  0.000
  0.019,301.537,  0.000,  0.000
  0.020,301.525,  0.000,  0.000
  0.020,301.506,  0.000,  0.000
  0.020,301.502,  0.000,  0.010
  0.020,301.499,  0.000,  0.010
  0.020,301.490,  0.000,  0.010
  0.020,301.485,  0.000,  0.010
  0.020,301.485,  0.000,  0.010
  0.019,301.486,  0.000,  0.010
  0.019,301.487,  0.000,  0.010
  0.019,301.484,  0.000,  0.000
  0.019,301.479,  0.000,  0.000
  0.019,301.476,  0.000,  0.000
  0.019,301.475,  0.000,  0.000
  0.019,301.475,  0.000,  0.000
  0.019,301.477,  0.000,  0.000
  0.019,301.479,  0.000,  0.000
  0.019,301.482,  0.000,  0.000
  0.019,301.486,  0.000,  0.000
  0.019,301.490,  0.000,  0.000
  0.019,301.495,  0.000,  0.000
  0.019,301.500,  0.000,  0.000
  0.019,301.504,  0.000,  0.000
  0.019,301.508,  0.000,  0.000
  0.019,301.524,  0.000,  0.000
  0.019,301.526,  0.000,  0.000
  0.019,301.543,  0.000,  0.000
  0.020,301.516,  0.000,  0.000
  0.020,301.504,  0.000,  0.010
  0.020,301.500,  0.000,  0.010
  0.020,301.493,  0.000,  0.010
  0.020,301.484,  0.000,  0.010
  0.020,301.483,  0.000,  0.010
  0.020,301.484,  0.000,  0.010
  0.020,301.486,  0.000,  0.010
  0.019,301.483,  0.000,  0.000
  0.019,301.477,  0.000,  0.000
  0.019,301.474,  0.000,  0.000
  0.019,301.472,  0.000,  0.000
  0.019,301.471,  0.000,  0.000
  0.019,301.472,  0.000,  0.000
  0.019,301.475,  0.000,  0.000
  0.019,301.478,  0.000,  0.000
  0.019,301.482,  0.000,  0.000
  0.019,301.486,  0.000,  0.000
  0.019,301.490,  0.000,  0.000
  0.019,301.493,  0.000,  0.000
  0.019,301.496,  0.000,  0.000
  0.019,301.499,  0.000,  0.000
  0.019,301.514,  0.000,  0.000
  0.019,301.515,  0.000,  0.000
  0.019,301.547,  0.000,  0.000
  0.020,301.527,  0.000,  0.000
  0.020,301.505,  0.000,  0.010
  0.020,301.494,  0.000,  0.010
  0.020,301.492,  0.000,  0.010
  0.020,301.485,  0.000,  0.010
  0.020,301.483,  0.000,  0.010
  0.020,301.482,  0.000,  0.010
  0.020,301.481,  0.000,  0.010
  0.020,301.479,  0.000,  0.000
  0.019,301.475,  0.000,  0.000
  0.019,301.472,  0.000,  0.000
  0.019,301.470,  0.000,  0.000
  0.019,301.468,  0.000,  0.000
  0.019,301.469,  0.000,  0.000
  0.019,301.471,  0.000,  0.000
  0.019,301.474,  0.000,  0.000
  0.019,301.478,  0.000,  0.000
  0.019,301.480,  0.000,  0.000
  0.019,301.483,  0.000,  0.000
  0.019,301.485,  0.000,  0.000
  0.019,301.487,  0.000,  0.000
  0.019,301.490,  0.000,  0.000
  0.019,301.504,  0.000,  0.000
  0.019,301.505,  0.000,  0.000
  0.019,301.538,  0.000,  0.000
  0.020,301.530,  0.000,  0.000
  0.020,301.508,  0.000,  0.020
  0.020,301.491,  0.000,  0.020
  0.020,301.491,  0.000,  0.020
  0.020,301.485,  0.000,  0.020
  0.020,301.479,  0.000,  0.000
  0.020,301.480,  0.000,  0.000
  0.020,301.478,  0.000,  0.000
  0.020,301.477,  0.000,  0.000
  0.020,301.474,  0.000,  0.000
  0.019,301.470,  0.000,  0.000
  0.019,301.466,  0.000,  0.000
  0.019,301.465,  0.000,  0.000
  0.019,301.464,  0.000,  0.000
  0.019,301.466,  0.000,  0.000
  0.019,301.468,  0.000,  0.000
  0.019,301.471,  0.000,  0.000
  0.019,301.473,  0.000,  0.000
  0.019,301.476,  0.000,  0.000
  0.019,301.477,  0.000,  0.000
  0.019,301.480,  0.000,  0.000
  0.019,301.482,  0.000,  0.000
  0.019,301.493,  0.000,  0.000
  0.019,301.493,  0.000,  0.000
  0.019,301.540,  0.000,  0.000
  0.020,301.530,  0.000,  0.000
  0.020,301.505,  0.000,  0.020
  0.020,301.488,  0.000,  0.020
  0.020,301.487,  0.000,  0.020
  0.020,301.482,  0.000,  0.020
  0.020,301.476,  0.000,  0.000
  0.020,301.476,  0.000,  0.000
  0.020,301.476,  0.000,  0.000
  0.020,301.476,  0.000,  0.000
  0.020,301.473,  0.000,  0.000
  0.020,301.467,  0.000,  0.000
  0.020,301.462,  0.000,  0.000
  0.019,301.460,  0.000,  0.000
  0.019,301.460,  0.000,  0.000
  0.019,301.461,  0.000,  0.000
  0.019,301.463,  0.000,  0.000
  0.019,301.465,  0.000,  0.000
  0.019,301.468,  0.000,  0.000
  0.019,301.471,  0.000,  0.000
  0.019,301.472,  0.000,  0.000
  0.019,301.473,  0.000,  0.000
  0.019,301.474,  0.000,  0.000
  0.019,301.481,  0.000,  0.000
  0.019,301.481,  0.000,  0.000
  0.019,301.534,  0.000,  0.000
  0.020,301.519,  0.000,  0.000
  0.020,301.498,  0.000,  0.020
  0.020,301.486,  0.000,  0.020
  0.020,301.486,  0.000,  0.020
  0.020,301.478,  0.000,  0.020
  0.020,301.474,  0.000,  0.000
  0.020,301.474,  0.000,  0.000
  0.020,301.475,  0.000,  0.000
  0.020,301.475,  0.000,  0.000
  0.020,301.471,  0.000,  0.000
  0.020,301.464,  0.000,  0.000
  0.020,301.458,  0.000,  0.000
  0.020,301.455,  0.000,  0.000
  0.020,301.455,  0.000,  0.000
  0.020,301.456,  0.000,  0.000
  0.019,301.459,  0.000,  0.000
  0.019,301.461,  0.000,  0.000
  0.019,301.464,  0.000,  0.000
  0.019,301.465,  0.000,  0.000
  0.019,301.466,  0.000,  0.000
  0.019,301.466,  0.000,  0.000
  0.019,301.465,  0.000,  0.000
  0.019,301.471,  0.000,  0.000
  0.019,301.470,  0.000,  0.000
  0.020,301.526,  0.000,  0.000
  0.020,301.505,  0.000,  0.000
  0.020,301.487,  0.000,  0.020
  0.020,301.484,  0.000,  0.020
  0.020,301.484,  0.000,  0.020
  0.020,301.475,  0.000,  0.020
  0.020,301.475,  0.000,  0.000
  0.020,301.472,  0.000,  0.000
  0.020,301.473,  0.000,  0.000
  0.020,301.473,  0.000,  0.000
  0.020,301.469,  0.000,  0.000
  0.020,301.461,  0.000,  0.000
  0.020,301.455,  0.000,  0.000
  0.020,301.452,  0.000,  0.000
  0.020,301.451,  0.000,  0.000
  0.020,301.453,  0.000,  0.000
  0.019,301.454,  0.000,  0.000
  0.019,301.456,  0.000,  0.000
  0.019,301.457,  0.000,  0.000
  0.019,301.458,  0.000,  0.000
  0.019,301.458,  0.000,  0.000
  0.019,301.458,  0.000,  0.000
  0.019,301.458,  0.000,  0.000
  0.019,301.461,  0.000,  0.000
  0.019,301.460,  0.000,  0.000
  0.020,301.521,  0.000,  0.000
  0.020,301.497,  0.000,  0.000
  0.020,301.480,  0.000,  0.030
  0.020,301.482,  0.000,  0.030
  0.020,301.478,  0.000,  0.030
  0.020,301.475,  0.000,  0.030
  0.020,301.475,  0.000,  0.000
  0.020,301.471,  0.000,  0.000
  0.020,301.469,  0.000,  0.000
  0.020,301.468,  0.000,  0.010
  0.020,301.464,  0.000,  0.010
  0.020,301.457,  0.000,  0.010
  0.020,301.451,  0.000,  0.010
  0.020,301.448,  0.000,  0.020
  0.020,301.447,  0.000,  0.020
  0.020,301.448,  0.000,  0.020
  0.020,301.449,  0.000,  0.030
  0.019,301.449,  0.000,  0.030
  0.019,301.449,  0.000,  0.030
  0.019,301.449,  0.000,  0.030
  0.019,301.450,  0.000,  0.040
  0.019,301.451,  0.000,  0.040
  0.019,301.451,  0.000,  0.040
  0.019,301.451,  0.000,  0.000
  0.019,301.450,  0.000,  0.000
  0.020,301.506,  0.000,  0.000
  0.020,301.488,  0.000,  0.000
  0.020,301.479,  0.000,  0.030
  0.020,301.476,  0.000,  0.030
  0.020,301.471,  0.000,  0.030
  0.020,301.471,  0.000,  0.030
  0.020,301.470,  0.000,  0.000
  0.020,301.469,  0.000,  0.000
  0.020,301.467,  0.000,  0.000
  0.020,301.464,  0.000,  0.010
  0.020,301.459,  0.000,  0.010
  0.020,301.454,  0.000,  0.010
  0.020,301.449,  0.000,  0.010
  0.020,301.446,  0.000,  0.020
  0.020,301.445,  0.000,  0.020
  0.020,301.446,  0.000,  0.020
  0.020,301.446,  0.000,  0.030
  0.020,301.446,  0.000,  0.030
  0.020,301.444,  0.000,  0.030
  0.019,301.443,  0.000,  0.030
  0.019,301.444,  0.000,  0.040
  0.019,301.445,  0.000,  0.040
  0.019,301.444,  0.000,  0.040
  0.019,301.441,  0.000,  0.000
  0.019,301.438,  0.000,  0.000
  0.020,301.483,  0.000,  0.000
  0.020,301.474,  0.000,  0.000
  0.020,301.472,  0.000,  0.030
  0.020,301.467,  0.000,  0.030
  0.020,301.464,  0.000,  0.030
  0.020,301.464,  0.000,  0.030
  0.020,301.463,  0.000,  0.000
  0.020,301.462,  0.000,  0.000
  0.020,301.459,  0.000,  0.000
  0.020,301.455,  0.000,  0.010
  0.020,301.449,  0.000,  0.010
  0.020,301.444,  0.000,  0.010
  0.020,301.441,  0.000,  0.010
  0.020,301.439,  0.000,  0.020
  0.020,301.438,  0.000,  0.020
  0.020,301.438,  0.000,  0.020
  0.020,301.440,  0.000,  0.030
  0.019,301.441,  0.000,  0.030
  0.019,301.439,  0.000,  0.030
  0.019,301.436,  0.000,  0.030
  0.019,301.436,  0.000,  0.040
  0.019,301.437,  0.000,  0.040
  0.019,301.436,  0.000,  0.040
  0.019,301.433,  0.000,  0.000
  0.019,301.428,  0.000,  0.000
  0.020,301.469,  0.000,  0.000
  0.020,301.468,  0.000,  0.000
  0.020,301.460,  0.000,  0.030
  0.020,301.459,  0.000,  0.030
  0.020,301.459,  0.000,  0.030
  0.020,301.459,  0.000,  0.030
  0.020,301.458,  0.000,  0.000
  0.020,301.454,  0.000,  0.000
  0.020,301.451,  0.000,  0.000
  0.020,301.446,  0.000,  0.010
  0.020,301.440,  0.000,  0.010
  0.020,301.436,  0.000,  0.010
  0.020,301.433,  0.000,  0.010
  0.020,301.432,  0.000,  0.020
  0.020,301.431,  0.000,  0.020
  0.020,301.432,  0.000,  0.020
  0.020,301.434,  0.000,  0.030
  0.019,301.435,  0.000,  0.030
  0.019,301.434,  0.000,  0.030
  0.019,301.431,  0.000,  0.030
  0.019,301.429,  0.000,  0.040
  0.019,301.429,  0.000,  0.040
  0.019,301.429,  0.000,  0.040
  0.019,301.425,  0.000,  0.000
  0.019,301.419,  0.000,  0.000
  0.020,301.461,  0.000,  0.000
  0.020,301.456,  0.000,  0.000
  0.020,301.454,  0.000,  0.000
  0.020,301.454,  0.000,  0.000
  0.020,301.454,  0.000,  0.000
  0.020,301.453,  0.000,  0.000
  0.020,301.451,  0.000,  0.000
  0.020,301.447,  0.000,  0.000
  0.020,301.443,  0.000,  0.000
  0.020,301.438,  0.000,  0.020
  0.020,301.432,  0.000,  0.020
  0.020,301.429,  0.000,  0.020
  0.020,301.426,  0.000,  0.020
  0.020,301.425,  0.000,  0.020
  0.020,301.424,  0.000,  0.020
  0.020,301.425,  0.000,  0.020
  0.020,301.426,  0.000,  0.050
  0.019,301.428,  0.000,  0.050
  0.019,301.428,  0.000,  0.050
  0.019,301.425,  0.000,  0.050
  0.019,301.422,  0.000,  0.080
  0.019,301.420,  0.000,  0.080
  0.019,301.419,  0.000,  0.080
  0.019,301.415,  0.000,  0.000
  0.019,301.410,  0.000,  0.000
  0.020,301.450,  0.000,  0.000
  0.020,301.449,  0.000,  0.000
  0.020,301.449,  0.000,  0.000
  0.020,301.447,  0.000,  0.000
  0.020,301.446,  0.000,  0.000
  0.020,301.443,  0.000,  0.000
  0.020,301.440,  0.000,  0.000
  0.020,301.437,  0.000,  0.000
  0.020,301.433,  0.000,  0.000
  0.020,301.428,  0.000,  0.020
  0.020,301.424,  0.000,  0.020
  0.020,301.421,  0.000,  0.020
  0.020,301.419,  0.000,  0.020
  0.020,301.419,  0.000,  0.020
  0.020,301.418,  0.000,  0.020
  0.020,301.417,  0.000,  0.020
  0.020,301.418,  0.000,  0.050
  0.019,301.420,  0.000,  0.050
  0.019,301.422,  0.000,  0.050
  0.019,301.420,  0.000,  0.050
  0.019,301.415,  0.000,  0.080
  0.019,301.410,  0.000,  0.080
  0.019,301.407,  0.000,  0.080
  0.019,301.405,  0.000,  0.000
  0.019,301.402,  0.000,  0.000
