  0.022,302.789,  0.000,  0.000
  0.022,302.816,  0.000,  0.000
  0.022,302.855,  0.000,  0.000
  0.022,302.883,  0.000,  0.000
  0.022,302.893,  0.000,  0.000
  0.022,302.905,  0.000,  0.000
  0.022,302.924,  0.000,  0.000
  0.022,302.920,  0.000,  0.000
  0.022,302.889,  0.000,  0.000
  0.022,302.863,  0.000,  0.000
  0.022,302.864,  0.000,  0.000
  0.022,302.898,  0.000,  0.000
  0.022,302.954,  0.000,  0.000
  0.022,302.992,  0.000,  0.000
  0.022,302.986,  0.000,  0.000
  0.022,302.977,  0.000,  0.000
  0.022,302.978,  0.000,  0.000
  0.022,302.967,  0.000,  0.000
  0.022,302.947,  0.000,  0.000
  0.022,302.939,  0.000,  0.000
  0.022,302.941,  0.000,  0.000
  0.022,302.933,  0.000,  0.000
  0.022,302.921,  0.000,  0.000
  0.022,302.946,  0.000,  0.000
  0.022,302.968,  0.004,  0.000
  0.022,302.782,  0.000,  0.000
  0.022,302.811,  0.000,  0.000
  0.022,302.845,  0.000,  0.000
  0.022,302.861,  0.000,  0.000
  0.022,302.865,  0.000,  0.000
  0.022,302.885,  0.000,  0.000
  0.022,302.921,  0.000,  0.000
  0.022,302.929,  0.000,  0.000
  0.022,302.895,  0.000,  0.000
  0.022,302.863,  0.000,  0.000
  0.022,302.870,  0.000,  0.000
  0.022,302.911, -0.000,  0.000
  0.022,302.956,  0.000,  0.000
  0.022,302.967,  0.000,  0.000
  0.022,302.964,  0.000,  0.000
  0.022,302.968,  0.000,  0.000
  0.022,302.970,  0.000,  0.000
  0.022,302.954,  0.000,  0.000
  0.022,302.926,  0.000,  0.000
  0.022,302.919,  0.000,  0.000
  0.022,302.922,  0.000,  0.000
  0.022,302.916,  0.000,  0.000
  0.022,302.903,  0.004,  0.000
  0.022,302.920,  0.000,  0.000
  0.022,302.932,  0.004,  0.000
  0.022,302.781,  0.000,  0.000
  0.022,302.810,  0.000,  0.000
  0.022,302.843,  0.000,  0.000
  0.022,302.852,  0.000,  0.000
  0.022,302.844,  0.000,  0.000
  0.022,302.859,  0.000,  0.000
  0.022,302.898,  0.000,  0.000
  0.022,302.911,  0.000,  0.000
  0.022,302.879,  0.000,  0.000
  0.022,302.858,  0.000,  0.000
  0.022,302.889,  0.000,  0.000
  0.022,302.934,  0.000,  0.000
  0.022,302.945,  0.000,  0.000
  0.022,302.948,  0.000,  0.000
  0.022,302.967,  0.000,  0.000
  0.022,302.978,  0.000,  0.000
  0.022,302.957,  0.000,  0.000
  0.022,302.920,  0.000,  0.000
  0.022,302.889,  0.000,  0.000
  0.022,302.889,  0.000,  0.000
  0.022,302.902,  0.000,  0.000
  0.022,302.901,  0.001,  0.000
  0.022,302.884,  0.071,  0.000
  0.022,302.878,  0.018,  0.000
  0.022,302.875,  1.700,  0.000
  0.022,302.786,  0.000,  0.000
  0.022,302.829,  0.000,  0.000
  0.022,302.857,  0.000,  0.000
  0.022,302.846,  0.000,  0.000
  0.022,302.829,  0.000,  0.000
  0.022,302.845,  0.000,  0.000
  0.022,302.879,  0.000,  0.000
  0.022,302.883,  0.000,  0.000
  0.022,302.849, -0.000,  0.000
  0.022,302.847, -0.000,  0.000
  0.022,302.899,  0.000,  0.000
  0.022,302.937,  0.000,  0.000
  0.022,302.924,  0.000,  0.000
  0.022,302.921,  0.000,  0.000
  0.022,302.949,  0.000,  0.000
  0.022,302.955,  0.000,  0.000
  0.022,302.920,  0.000,  0.000
  0.022,302.880,  0.000,  0.000
  0.022,302.867,  0.000,  0.000
  0.022,302.876,  0.000,  0.000
  0.022,302.890,  0.000,  0.000
  0.022,302.896,  0.221,  0.000
  0.022,302.886,  1.796,  0.000
  0.021,302.751,  0.023,  0.000
  0.022,302.854,  0.024,  0.000
  0.022,302.794,  0.000,  0.000
  0.022,302.841,  0.000,  0.000
  0.022,302.864,  0.000,  0.000
  0.022,302.843,  0.000,  0.000
  0.022,302.819,  0.000,  0.000
  0.022,302.830,  0.000,  0.000
  0.022,302.851,  0.000,  0.000
  0.022,302.845,  0.000,  0.000
  0.022,302.814,  0.000,  0.000
  0.022,302.828,  0.000,  0.000
  0.022,302.894,  0.000,  0.000
  0.022,302.928,  0.000,  0.000
  0.022,302.907,  0.000,  0.000
  0.022,302.902,  0.000,  0.000
  0.022,302.923,  0.000,  0.000
  0.022,302.928,  0.000,  0.000
  0.022,302.902, -0.000,  0.000
  0.022,302.874,  0.000,  0.000
  0.022,302.866,  0.000,  0.000
  0.022,302.869,  0.000,  0.000
  0.022,302.883, -0.000,  0.000
  0.022,302.901,  0.001,  0.000
  0.021,302.793,  0.066,  0.000
  0.021,302.764,  0.000,  0.000
  0.022,302.861,  0.003,  0.000
  0.022,302.814,  0.000,  0.000
  0.022,302.840,  0.000,  0.000
  0.022,302.850,  0.000,  0.000
  0.022,302.834,  0.000,  0.000
  0.022,302.811,  0.000,  0.000
  0.022,302.808,  0.000,  0.000
  0.022,302.816,  0.000,  0.000
  0.022,302.812,  0.000,  0.000
  0.022,302.827,  0.000,  0.000
  0.022,302.859,  0.000,  0.000
  0.022,302.902,  0.000,  0.000
  0.022,302.916,  0.000,  0.000
  0.022,302.900,  0.000,  0.000
  0.022,302.899,  0.000,  0.000
  0.022,302.919,  0.000,  0.000
  0.022,302.927,  0.000,  0.000
  0.022,302.910,  0.000,  0.000
  0.022,302.886,  0.000,  0.000
  0.022,302.868,  0.000,  0.000
  0.022,302.863,  0.000,  0.000
  0.022,302.851,  0.000,  0.000
  0.021,302.794,  0.000,  0.000
  0.021,302.787,  0.002,  0.000
  0.021,302.751,  0.000,  0.000
  0.022,302.801,  0.000,  0.000
  0.022,302.856,  0.000,  0.000
  0.022,302.862,  0.000,  0.000
  0.022,302.847,  0.000,  0.000
  0.022,302.831,  0.000,  0.000
  0.022,302.813,  0.000,  0.000
  0.022,302.799,  0.000,  0.000
  0.022,302.799,  0.000,  0.000
  0.022,302.819,  0.000,  0.000
  0.022,302.879,  0.000,  0.000
  0.022,302.929,  0.000,  0.000
  0.022,302.946,  0.000,  0.000
  0.022,302.925,  0.000,  0.000
  0.022,302.897,  0.000,  0.000
  0.022,302.894,  0.000,  0.000
  0.022,302.921,  0.000,  0.000
  0.022,302.941,  0.000,  0.000
  0.022,302.925,  0.000,  0.000
  0.022,302.894, -0.000,  0.000
  0.022,302.873,  0.000,  0.000
  0.022,302.862,  0.000,  0.000
  0.022,302.860,  0.000,  0.000
  0.021,302.761,  0.000,  0.000
  0.021,302.752,  0.001,  0.000
  0.021,302.735,  0.000,  0.000
  0.021,302.714,  0.000,  0.000
  0.021,302.891,  0.000,  0.000
  0.022,302.891,  0.000,  0.000
  0.022,302.858,  0.000,  0.000
  0.022,302.833,  0.000,  0.000
  0.022,302.820,  0.000,  0.000
  0.022,302.806, -0.000,  0.000
  0.022,302.805,  0.000,  0.000
  0.022,302.838,  0.000,  0.000
  0.022,302.905,  0.001,  0.000
  0.022,302.966,  0.000,  0.000
  0.022,302.985,  0.000,  0.000
  0.022,302.946, -0.000,  0.000
  0.022,302.892, -0.000,  0.000
  0.022,302.885,  0.000,  0.000
  0.022,302.916,  0.000,  0.000
  0.022,302.932, -0.000,  0.000
  0.022,302.915,  0.000,  0.000
  0.022,302.889,  0.000,  0.000
  0.022,302.872,  0.000,  0.000
  0.022,302.863,  0.000,  0.000
  0.021,302.746,  0.000,  0.000
  0.021,302.734,  0.000,  0.000
  0.021,302.735,  0.000,  0.000
  0.021,302.743,  0.000,  0.000
  0.021,302.725,  0.000,  0.000
  0.021,302.898,  0.000,  0.000
  0.021,302.895,  0.000,  0.000
  0.022,302.872,  0.000,  0.000
  0.022,302.864,  0.000,  0.000
  0.022,302.857,  0.000,  0.000
  0.022,302.834, -0.000,  0.000
  0.022,302.819,  0.000,  0.000
  0.022,302.839,  0.000,  0.000
  0.022,302.901,  0.005,  0.000
  0.022,302.955,  0.001,  0.000
  0.022,302.971,  0.000,  0.000
  0.022,302.953,  0.000,  0.000
  0.022,302.921,  0.000,  0.000
  0.022,302.903,  0.000,  0.000
  0.022,302.911,  0.000,  0.000
  0.022,302.916,  0.000,  0.000
  0.022,302.905,  0.000,  0.000
  0.022,302.882,  0.000,  0.000
  0.022,302.867,  0.000,  0.000
  0.021,302.758,  0.000,  0.000
  0.021,302.735,  0.000,  0.000
  0.021,302.720,  0.000,  0.000
  0.021,302.729,  0.000,  0.000
  0.021,302.751,  0.000,  0.000
  0.021,302.739,  0.000,  0.000
  0.022,302.871,  0.000,  0.000
  0.022,302.877,  0.000,  0.000
  0.022,302.884,  0.000,  0.000
  0.022,302.902,  0.000,  0.000
  0.022,302.898,  0.000,  0.000
  0.022,302.864,  0.000,  0.000
  0.022,302.847,  0.000,  0.000
  0.022,302.882,  0.000,  0.000
  0.022,302.931,  0.002,  0.000
  0.022,302.941,  0.009,  0.000
  0.022,302.938,  0.000,  0.000
  0.022,302.960,  0.000,  0.000
  0.022,302.971,  0.000,  0.000
  0.022,302.921,  0.000,  0.000
  0.022,302.882,  0.000,  0.000
  0.022,302.884,  0.000,  0.000
  0.022,302.892,  0.000,  0.000
  0.021,302.778,  0.000,  0.000
  0.021,302.740,  0.000,  0.000
  0.021,302.727,  0.000,  0.000
  0.021,302.719,  0.000,  0.000
  0.021,302.713,  0.000,  0.000
  0.021,302.726,  0.000,  0.000
  0.021,302.739,  0.000,  0.000
  0.021,302.716,  0.000,  0.000
  0.022,302.843,  0.000,  0.000
  0.022,302.857,  0.000,  0.000
  0.022,302.886,  0.000,  0.000
  0.022,302.911,  0.000,  0.000
  0.022,302.895,  0.000,  0.000
  0.022,302.863,  0.000,  0.000
  0.022,302.885,  0.000,  0.000
  0.022,302.944,  0.001,  0.000
  0.022,302.969,  0.009,  0.000
  0.022,302.920,  0.000,  0.000
  0.022,302.894,  0.000,  0.000
  0.022,302.952,  0.000,  0.000
  0.022,302.972,  0.000,  0.000
  0.022,302.903,  0.000,  0.000
  0.022,302.849,  0.000,  0.000
  0.022,302.863,  0.000,  0.000
  0.022,302.865,  0.000,  0.000
  0.021,302.778,  0.000,  0.000
  0.022,302.839,  0.000,  0.000
  0.021,302.712,  0.000,  0.000
  0.021,302.705,  0.000,  0.000
  0.021,302.713,  0.000,  0.000
  0.021,302.727,  0.000,  0.000
  0.021,302.726,  0.000,  0.000
  0.021,302.688,  0.000,  0.000
  0.022,302.845,  0.000,  0.000
  0.022,302.847,  0.000,  0.000
  0.022,302.851,  0.000,  0.000
  0.022,302.856,  0.000,  0.000
  0.022,302.848,  0.000,  0.000
  0.022,302.853,  0.000,  0.000
  0.022,302.903,  0.000,  0.000
  0.022,302.940,  0.000,  0.000
  0.022,302.926,  0.000,  0.000
  0.022,302.865,  0.000,  0.000
  0.022,302.858,  0.000,  0.000
  0.022,302.917,  0.000,  0.000
  0.022,302.919,  0.000,  0.000
  0.022,302.877,  0.000,  0.000
  0.022,302.846,  0.000,  0.000
  0.022,302.848,  0.000,  0.000
  0.021,302.775,  0.000,  0.000
  0.021,302.775,  0.000,  0.000
  0.021,302.744,  0.000,  0.000
  0.021,302.718,  0.000,  0.000
  0.021,302.710,  0.000,  0.000
  0.021,302.712,  0.000,  0.000
  0.021,302.720,  0.000,  0.000
  0.021,302.725,  0.000,  0.000
  0.021,302.699,  0.000,  0.000
  0.022,302.866,  0.000,  0.000
  0.022,302.845,  0.000,  0.000
  0.022,302.807,  0.000,  0.000
  0.022,302.790,  0.000,  0.000
  0.022,302.801,  0.000,  0.000
  0.022,302.836,  0.000,  0.000
  0.022,302.884,  0.000,  0.000
  0.022,302.872,  0.000,  0.000
  0.022,302.829,  0.000,  0.000
  0.022,302.815,  0.000,  0.000
  0.022,302.837,  0.000,  0.000
  0.022,302.865,  0.000,  0.000
  0.022,302.861,  0.000,  0.000
  0.022,302.849,  0.000,  0.000
  0.022,302.851,  0.000,  0.000
  0.021,302.763,  0.000,  0.000
  0.021,302.762,  0.000,  0.000
  0.021,302.755,  0.000,  0.000
  0.021,302.742,  0.000,  0.000
  0.021,302.737,  0.000,  0.000
  0.021,302.736,  0.000,  0.000
  0.021,302.723,  0.000,  0.000
  0.021,302.710,  0.000,  0.000
  0.021,302.716,  0.000,  0.000
  0.021,302.720,  0.000,  0.000
  0.022,302.888,  0.000,  0.000
  0.022,302.849,  0.000,  0.000
  0.022,302.797,  0.000,  0.000
  0.022,302.788,  0.000,  0.000
  0.022,302.821,  0.000,  0.000
  0.022,302.840,  0.000,  0.000
  0.022,302.832,  0.000,  0.000
  0.022,302.799,  0.000,  0.000
  0.022,302.776,  0.000,  0.000
  0.022,302.816,  0.000,  0.260
  0.022,302.849,  0.000,  0.260
  0.022,302.842,  0.000,  0.260
  0.022,302.831,  0.000,  0.260
  0.022,302.828,  0.000,  0.180
  0.022,302.844,  0.000,  0.180
  0.021,302.782,  0.000,  0.180
  0.021,302.769,  0.000,  0.000
  0.021,302.741,  0.000,  0.000
  0.021,302.726,  0.000,  0.000
  0.021,302.739,  0.000,  0.000
  0.021,302.755,  0.000,  0.000
  0.022,302.841,  0.000,  0.000
  0.021,302.724,  0.000,  0.000
  0.021,302.719,  0.000,  0.000
  0.021,302.737,  0.000,  0.000
  0.021,302.924,  0.000,  0.000
  0.022,302.874,  0.000,  0.000
  0.022,302.828,  0.000,  0.000
  0.022,302.858,  0.000,  0.000
  0.022,302.917,  0.000,  0.000
  0.022,302.907,  0.000,  0.000
  0.022,302.821,  0.000,  0.000
  0.022,302.763,  0.000,  0.000
  0.022,302.777,  0.000,  0.000
  0.022,302.829,  0.000,  0.260
  0.022,302.850,  0.000,  0.260
  0.022,302.836,  0.000,  0.260
  0.022,302.816,  0.000,  0.260
  0.022,302.816,  0.000,  0.180
  0.022,302.803,  0.000,  0.180
  0.021,302.804,  0.000,  0.180
  0.021,302.780,  0.000,  0.000
  0.021,302.744,  0.000,  0.000
  0.021,302.714,  0.000,  0.000
  0.022,302.818,  0.000,  0.000
  0.022,302.844,  0.000,  0.000
  0.021,302.802,  0.000,  0.000
  0.021,302.751,  0.000,  0.000
  0.021,302.733,  0.000,  0.000
  0.021,302.746,  0.000,  0.000
