  0.017,298.990,  0.000,  0.000
  0.017,298.984,  0.000,  0.000
  0.017,298.974,  0.000,  0.000
  0.017,298.963,  0.000,  0.000
  0.017,298.949,  0.000,  0.000
  0.017,298.939,  0.000,  0.000
  0.017,298.937,  0.000,  0.000
  0.017,298.930,  0.000,  0.000
  0.017,298.919,  0.000,  0.000
  0.017,298.890,  0.000,  0.000
  0.017,298.859,  0.000,  0.000
  0.017,298.833,  0.000,  0.000
  0.017,298.813,  0.000,  0.000
  0.017,298.791,  0.000,  0.000
  0.017,298.768,  0.000,  0.000
  0.017,298.749,  0.000,  0.000
  0.017,298.736,  0.000,  0.000
  0.017,298.718,  0.000,  0.000
  0.017,298.700,  0.000,  0.000
  0.017,298.684,  0.000,  0.000
  0.017,298.669,  0.000,  0.000
  0.017,298.655,  0.000,  0.000
  0.017,298.648,  0.000,  0.000
  0.017,298.666,  0.000,  0.000
  0.017,298.666,  0.000,  0.000
  0.017,299.047,  0.000,  0.000
  0.017,299.017,  0.000,  0.000
  0.017,298.997,  0.000,  0.000
  0.017,299.011,  0.000,  0.000
  0.017,299.008,  0.000,  0.000
  0.017,298.996,  0.000,  0.000
  0.017,298.986,  0.000,  0.000
  0.017,298.973,  0.000,  0.000
  0.017,298.945,  0.000,  0.000
  0.017,298.924,  0.000,  0.000
  0.017,298.902,  0.000,  0.000
  0.017,298.880,  0.000,  0.000
  0.017,298.857,  0.000,  0.000
  0.017,298.827,  0.000,  0.000
  0.017,298.799,  0.000,  0.000
  0.017,298.779,  0.000,  0.000
  0.017,298.766,  0.000,  0.000
  0.017,298.754,  0.000,  0.000
  0.017,298.744,  0.000,  0.000
  0.017,298.732,  0.000,  0.000
  0.017,298.712,  0.000,  0.000
  0.017,298.687,  0.000,  0.000
  0.017,298.662,  0.000,  0.000
  0.017,298.666,  0.000,  0.000
  0.017,298.668,  0.000,  0.000
  0.018,298.026,  0.000,  0.000
  0.018,298.223,  0.000,  0.000
  0.017,298.778,  0.000,  0.000
  0.017,299.065,  0.000,  0.000
  0.017,299.038,  0.000,  0.000
  0.017,299.065,  0.000,  0.000
  0.017,299.036,  0.000,  0.000
  0.017,298.997,  0.000,  0.000
  0.017,298.984,  0.000,  0.000
  0.017,298.957,  0.000,  0.000
  0.017,298.933,  0.000,  0.000
  0.017,298.914,  0.000,  0.000
  0.017,298.887,  0.000,  0.000
  0.017,298.859,  0.000,  0.000
  0.017,298.835,  0.000,  0.000
  0.017,298.814,  0.000,  0.000
  0.017,298.803,  0.000,  0.000
  0.017,298.795,  0.000,  0.000
  0.017,298.782,  0.000,  0.000
  0.017,298.765,  0.000,  0.000
  0.017,298.746,  0.000,  0.000
  0.017,298.720,  0.000,  0.000
  0.017,298.695,  0.000,  0.000
  0.017,298.691,  0.000,  0.000
  0.017,298.677,  0.000,  0.000
  0.017,297.187,  0.000,  0.000
  0.017,297.231,  0.000,  0.000
  0.018,298.087,  0.000,  0.000
  0.017,298.728,  0.000,  0.000
  0.017,299.127,  0.000,  0.000
  0.017,299.062,  0.000,  0.000
  0.017,299.060,  0.000,  0.000
  0.017,299.054,  0.000,  0.000
  0.017,299.003,  0.000,  0.000
  0.017,298.988,  0.000,  0.000
  0.017,298.960,  0.000,  0.000
  0.017,298.942,  0.000,  0.000
  0.017,298.918,  0.000,  0.000
  0.017,298.889,  0.000,  0.000
  0.017,298.861,  0.000,  0.000
  0.017,298.836,  0.000,  0.000
  0.017,298.815,  0.000,  0.000
  0.017,298.791,  0.000,  0.000
  0.017,298.772,  0.000,  0.000
  0.017,298.763,  0.000,  0.000
  0.017,298.755,  0.000,  0.000
  0.017,298.745,  0.000,  0.000
  0.017,298.734,  0.000,  0.000
  0.017,298.732,  0.000,  0.000
  0.017,298.711,  0.000,  0.000
  0.017,297.499,  0.000,  0.000
  0.017,297.650,  0.000,  0.000
  0.018,298.280,  0.000,  0.000
  0.018,298.597,  0.000,  0.000
  0.017,299.027,  0.000,  0.000
  0.017,299.170,  0.000,  0.000
  0.017,299.072,  0.000,  0.000
  0.017,299.068,  0.000,  0.000
  0.017,299.045,  0.000,  0.000
  0.017,299.000,  0.000,  0.000
  0.017,298.993,  0.000,  0.000
  0.017,298.972,  0.000,  0.000
  0.017,298.951,  0.000,  0.000
  0.017,298.925,  0.000,  0.000
  0.017,298.896,  0.000,  0.000
  0.017,298.865,  0.000,  0.000
  0.017,298.832,  0.000,  0.000
  0.017,298.800,  0.000,  0.000
  0.017,298.775,  0.000,  0.000
  0.017,298.761,  0.000,  0.000
  0.017,298.753,  0.000,  0.000
  0.017,298.747,  0.000,  0.000
  0.017,298.744,  0.000,  0.000
  0.017,298.747,  0.000,  0.000
  0.017,298.730,  0.000,  0.000
  0.017,297.761,  0.000,  0.000
  0.017,297.931,  0.000,  0.000
  0.017,298.155,  0.000,  0.000
  0.017,298.554,  0.000,  0.000
  0.017,299.030,  0.000,  0.000
  0.017,299.189,  0.000,  0.000
  0.017,299.116,  0.000,  0.000
  0.017,299.088,  0.000,  0.000
  0.017,299.072,  0.000,  0.000
  0.017,299.038,  0.000,  0.000
  0.017,299.018,  0.000,  0.000
  0.017,298.996,  0.000,  0.000
  0.017,298.967,  0.000,  0.000
  0.017,298.939,  0.000,  0.000
  0.017,298.911,  0.000,  0.000
  0.017,298.883,  0.000,  0.000
  0.017,298.859,  0.000,  0.000
  0.017,298.837,  0.000,  0.000
  0.017,298.811,  0.000,  0.000
  0.017,298.785,  0.000,  0.000
  0.017,298.767,  0.000,  0.000
  0.017,298.749,  0.000,  0.000
  0.017,298.737,  0.000,  0.000
  0.017,298.737,  0.000,  0.000
  0.017,298.731,  0.000,  0.000
  0.017,298.036,  0.000,  0.000
  0.018,298.245,  0.000,  0.000
  0.018,298.494,  0.000,  0.000
  0.018,298.797,  0.000,  0.000
  0.017,299.085,  0.000,  0.000
  0.017,299.185,  0.000,  0.000
  0.017,299.133,  0.000,  0.000
  0.017,299.090,  0.000,  0.000
  0.017,299.077,  0.000,  0.000
  0.017,299.057,  0.000,  0.000
  0.017,299.034,  0.000,  0.000
  0.017,299.014,  0.000,  0.000
  0.017,298.988,  0.000,  0.000
  0.017,298.956,  0.000,  0.000
  0.017,298.925,  0.000,  0.000
  0.017,298.895,  0.000,  0.000
  0.017,298.872,  0.000,  0.000
  0.017,298.855,  0.000,  0.000
  0.017,298.838,  0.000,  0.000
  0.017,298.815,  0.000,  0.000
  0.017,298.794,  0.000,  0.000
  0.017,298.774,  0.000,  0.000
  0.017,298.761,  0.000,  0.000
  0.017,298.762,  0.000,  0.000
  0.017,298.761,  0.000,  0.000
  0.018,298.321,  0.000,  0.000
  0.018,298.566,  0.000,  0.000
  0.018,298.808,  0.000,  0.000
  0.018,299.012,  0.000,  0.000
  0.017,299.154,  0.000,  0.000
  0.017,299.200,  0.000,  0.000
  0.017,299.175,  0.000,  0.000
  0.017,299.133,  0.000,  0.000
  0.017,299.102,  0.000,  0.000
  0.017,299.068,  0.000,  0.000
  0.017,299.037,  0.000,  0.000
  0.017,299.018,  0.000,  0.000
  0.017,298.998,  0.000,  0.000
  0.017,298.974,  0.000,  0.000
  0.017,298.950,  0.000,  0.000
  0.017,298.924,  0.000,  0.000
  0.017,298.897,  0.000,  0.000
  0.017,298.875,  0.000,  0.000
  0.017,298.853,  0.000,  0.000
  0.017,298.830,  0.000,  0.000
  0.017,298.812,  0.000,  0.000
  0.017,298.798,  0.000,  0.000
  0.017,298.791,  0.000,  0.000
  0.017,298.796,  0.000,  0.000
  0.017,298.802,  0.000,  0.000
  0.018,298.594,  0.000,  0.000
  0.017,298.733,  0.000,  0.000
  0.018,298.912,  0.000,  0.000
  0.018,299.108,  0.000,  0.000
  0.017,299.227,  0.000,  0.000
  0.017,299.222,  0.000,  0.000
  0.017,299.183,  0.000,  0.000
  0.017,299.162,  0.000,  0.000
  0.017,299.145,  0.000,  0.000
  0.017,299.115,  0.000,  0.000
  0.017,299.069,  0.000,  0.000
  0.017,299.033,  0.000,  0.000
  0.017,299.014,  0.000,  0.000
  0.017,298.995,  0.000,  0.000
  0.017,298.972,  0.000,  0.000
  0.017,298.949,  0.000,  0.000
  0.017,298.925,  0.000,  0.000
  0.017,298.901,  0.000,  0.000
  0.017,298.877,  0.000,  0.000
  0.017,298.856,  0.000,  0.000
  0.017,298.840,  0.000,  0.000
  0.017,298.834,  0.000,  0.000
  0.017,298.830,  0.000,  0.000
  0.017,298.831,  0.000,  0.000
  0.017,298.831,  0.000,  0.000
  0.017,298.923,  0.000,  0.000
  0.017,298.939,  0.000,  0.000
  0.017,299.006,  0.000,  0.000
  0.018,299.137,  0.000,  0.000
  0.017,299.240,  0.000,  0.000
  0.017,299.231,  0.000,  0.000
  0.017,299.186,  0.000,  0.000
  0.017,299.145,  0.000,  0.000
  0.017,299.133,  0.000,  0.000
  0.017,299.120,  0.000,  0.000
  0.017,299.088,  0.000,  0.000
  0.017,299.054,  0.000,  0.000
  0.017,299.033,  0.000,  0.000
  0.017,299.015,  0.000,  0.000
  0.017,298.994,  0.000,  0.000
  0.017,298.967,  0.000,  0.000
  0.017,298.941,  0.000,  0.000
  0.017,298.916,  0.000,  0.000
  0.017,298.897,  0.000,  0.000
  0.017,298.877,  0.000,  0.000
  0.017,298.871,  0.000,  0.000
  0.017,298.871,  0.000,  0.000
  0.017,298.870,  0.000,  0.000
  0.017,298.866,  0.000,  0.000
  0.017,298.854,  0.000,  0.000
  0.017,299.024,  0.000,  0.000
  0.017,299.022,  0.000,  0.000
  0.017,299.031,  0.000,  0.000
  0.018,299.104,  0.000,  0.000
  0.017,299.207,  0.000,  0.000
  0.017,299.239,  0.000,  0.000
  0.017,299.185,  0.000,  0.000
  0.017,299.132,  0.000,  0.000
  0.017,299.128,  0.000,  0.000
  0.017,299.128,  0.000,  0.000
  0.017,299.103,  0.000,  0.000
  0.017,299.070,  0.000,  0.000
  0.017,299.050,  0.000,  0.000
  0.017,299.033,  0.000,  0.000
  0.017,299.013,  0.000,  0.000
  0.017,298.992,  0.000,  0.000
  0.017,298.965,  0.000,  0.000
  0.017,298.937,  0.000,  0.000
  0.017,298.912,  0.000,  0.000
  0.017,298.897,  0.000,  0.000
  0.017,298.888,  0.000,  0.000
  0.017,298.887,  0.000,  0.000
  0.017,298.892,  0.000,  0.000
  0.017,298.893,  0.000,  0.000
  0.017,298.886,  0.000,  0.000
  0.017,298.995,  0.000,  0.000
  0.017,298.995,  0.000,  0.000
  0.017,298.988,  0.000,  0.000
  0.018,299.047,  0.000,  0.000
  0.017,299.177,  0.000,  0.000
  0.017,299.254,  0.000,  0.000
  0.017,299.208,  0.000,  0.000
  0.017,299.150,  0.000,  0.000
  0.017,299.138,  0.000,  0.000
  0.017,299.126,  0.000,  0.000
  0.017,299.103,  0.000,  0.000
  0.017,299.091,  0.000,  0.000
  0.017,299.073,  0.000,  0.000
  0.017,299.040,  0.000,  0.000
  0.017,299.020,  0.000,  0.000
  0.017,299.008,  0.000,  0.000
  0.017,298.991,  0.000,  0.000
  0.017,298.966,  0.000,  0.000
  0.017,298.943,  0.000,  0.000
  0.017,298.926,  0.000,  0.000
  0.017,298.912,  0.000,  0.000
  0.017,298.898,  0.000,  0.000
  0.017,298.895,  0.000,  0.000
  0.017,298.898,  0.000,  0.000
  0.017,298.901,  0.000,  0.000
  0.017,298.955,  0.000,  0.000
  0.017,298.948,  0.000,  0.000
  0.017,298.961,  0.000,  0.000
  0.017,299.035,  0.000,  0.000
  0.017,299.169,  0.000,  0.000
  0.017,299.272,  0.000,  0.000
  0.017,299.246,  0.000,  0.000
  0.017,299.185,  0.000,  0.000
  0.017,299.175,  0.000,  0.000
  0.017,299.160,  0.000,  0.000
  0.017,299.114,  0.000,  0.000
  0.017,299.096,  0.000,  0.000
  0.017,299.097,  0.000,  0.000
  0.017,299.075,  0.000,  0.000
  0.017,299.037,  0.000,  0.000
  0.017,299.015,  0.000,  0.000
  0.017,299.002,  0.000,  0.000
  0.017,298.989,  0.000,  0.000
  0.017,298.977,  0.000,  0.000
  0.017,298.963,  0.000,  0.000
  0.017,298.947,  0.000,  0.000
  0.017,298.930,  0.000,  0.000
  0.017,298.914,  0.000,  0.000
  0.017,298.902,  0.000,  0.000
  0.017,298.896,  0.000,  0.000
  0.017,298.931,  0.000,  0.000
  0.017,298.907,  0.000,  0.000
  0.017,298.920,  0.000,  0.000
  0.018,299.028,  0.000,  0.000
  0.017,299.208,  0.000,  0.000
  0.017,299.302,  0.000,  0.000
  0.017,299.250,  0.000,  0.000
  0.017,299.197,  0.000,  0.000
  0.017,299.197,  0.000,  0.000
  0.017,299.172,  0.000,  0.000
  0.017,299.125,  0.000,  0.000
  0.017,299.106,  0.000,  0.000
  0.017,299.104,  0.000,  0.000
  0.017,299.079,  0.000,  0.000
  0.017,299.051,  0.000,  0.000
  0.017,299.028,  0.000,  0.000
  0.017,299.011,  0.000,  0.000
  0.017,299.001,  0.000,  0.000
  0.017,299.001,  0.000,  0.000
  0.017,298.991,  0.000,  0.000
  0.017,298.984,  0.000,  0.000
  0.017,298.970,  0.000,  0.000
  0.017,298.954,  0.000,  0.000
  0.017,298.933,  0.000,  0.000
  0.017,298.912,  0.000,  0.000
  0.018,298.884,  0.000,  0.000
  0.018,298.907,  0.000,  0.000
  0.018,298.953,  0.000,  0.000
  0.018,299.089,  0.000,  0.000
  0.017,299.276,  0.000,  0.000
  0.017,299.326,  0.000,  0.000
  0.017,299.233,  0.000,  0.000
  0.017,299.189,  0.000,  0.000
  0.017,299.187,  0.000,  0.000
  0.017,299.158,  0.000,  0.000
  0.017,299.126,  0.000,  0.000
  0.017,299.116,  0.000,  0.000
  0.017,299.106,  0.000,  0.000
  0.017,299.086,  0.000,  0.000
  0.017,299.064,  0.000,  0.000
  0.017,299.044,  0.000,  0.000
  0.017,299.025,  0.000,  0.000
  0.017,299.015,  0.000,  0.000
  0.017,299.009,  0.000,  0.000
  0.017,299.006,  0.000,  0.000
  0.017,299.005,  0.000,  0.000
  0.017,298.999,  0.000,  0.000
  0.017,298.989,  0.000,  0.000
  0.017,298.971,  0.000,  0.000
  0.017,298.947,  0.000,  0.000
