  0.017,299.334,  0.000,  0.000
  0.017,299.298,  0.000,  0.000
  0.017,299.254,  0.000,  0.000
  0.017,299.228,  0.000,  0.000
  0.017,299.222,  0.000,  0.000
  0.017,299.232,  0.000,  0.000
  0.017,299.240,  0.000,  0.000
  0.017,299.245,  0.000,  0.000
  0.018,299.251,  0.000,  0.000
  0.018,299.244,  0.000,  0.000
  0.017,299.229,  0.000,  0.000
  0.017,299.232,  0.000,  0.000
  0.017,299.266,  0.000,  0.000
  0.017,299.297,  0.000,  0.000
  0.017,299.314,  0.000,  0.000
  0.018,299.323,  0.000,  0.000
  0.018,299.323,  0.000,  0.000
  0.018,299.326,  0.000,  0.000
  0.018,299.319,  0.000,  0.000
  0.018,299.302,  0.000,  0.000
  0.018,299.296,  0.000,  0.000
  0.017,299.316,  0.000,  0.000
  0.017,299.324,  0.000,  0.000
  0.017,299.336,  0.000,  0.000
  0.017,299.333,  0.000,  0.000
  0.017,299.343,  0.000,  0.000
  0.017,299.297,  0.000,  0.000
  0.017,299.268,  0.000,  0.000
  0.017,299.269,  0.000,  0.000
  0.017,299.280,  0.000,  0.000
  0.017,299.296,  0.000,  0.000
  0.017,299.305,  0.000,  0.000
  0.018,299.301,  0.000,  0.000
  0.018,299.284,  0.000,  0.000
  0.018,299.265,  0.000,  0.000
  0.017,299.267,  0.000,  0.000
  0.017,299.295,  0.000,  0.000
  0.017,299.330,  0.000,  0.000
  0.018,299.353,  0.000,  0.000
  0.018,299.367,  0.000,  0.000
  0.018,299.373,  0.000,  0.000
  0.018,299.369,  0.000,  0.000
  0.018,299.358,  0.000,  0.000
  0.018,299.342,  0.000,  0.000
  0.018,299.330,  0.000,  0.000
  0.017,299.336,  0.000,  0.000
  0.017,299.351,  0.000,  0.000
  0.017,299.341,  0.000,  0.000
  0.017,299.351,  0.000,  0.000
  0.018,299.363,  0.000,  0.000
  0.017,299.365,  0.000,  0.000
  0.017,299.324,  0.000,  0.000
  0.017,299.308,  0.000,  0.000
  0.017,299.325,  0.000,  0.000
  0.017,299.347,  0.000,  0.000
  0.018,299.361,  0.000,  0.000
  0.018,299.363,  0.000,  0.000
  0.018,299.342,  0.000,  0.000
  0.018,299.310,  0.000,  0.000
  0.018,299.306,  0.000,  0.000
  0.017,299.341,  0.000,  0.000
  0.018,299.373,  0.000,  0.000
  0.018,299.386,  0.000,  0.000
  0.018,299.397,  0.000,  0.000
  0.018,299.408,  0.000,  0.000
  0.018,299.407,  0.000,  0.000
  0.018,299.391,  0.000,  0.000
  0.018,299.378,  0.000,  0.000
  0.018,299.373,  0.000,  0.000
  0.018,299.371,  0.000,  0.000
  0.017,299.368,  0.000,  0.000
  0.017,299.360,  0.000,  0.000
  0.017,299.356,  0.000,  0.000
  0.018,299.385,  0.000,  0.000
  0.018,299.402,  0.000,  0.000
  0.018,299.401,  0.000,  0.000
  0.018,299.368,  0.000,  0.000
  0.017,299.356,  0.000,  0.000
  0.017,299.370,  0.000,  0.000
  0.018,299.390,  0.000,  0.000
  0.018,299.411,  0.000,  0.000
  0.018,299.404,  0.000,  0.000
  0.018,299.366,  0.000,  0.000
  0.018,299.352,  0.000,  0.000
  0.018,299.387,  0.000,  0.000
  0.018,299.422,  0.000,  0.000
  0.018,299.423,  0.000,  0.000
  0.018,299.417,  0.000,  0.000
  0.018,299.432,  0.000,  0.000
  0.018,299.442,  0.000,  0.000
  0.018,299.428,  0.000,  0.000
  0.018,299.407,  0.000,  0.000
  0.018,299.402,  0.000,  0.000
  0.018,299.407,  0.000,  0.000
  0.018,299.400,  0.000,  0.000
  0.018,299.384,  0.000,  0.000
  0.018,299.385,  0.000,  0.000
  0.018,299.402,  0.000,  0.000
  0.018,299.429,  0.000,  0.000
  0.018,299.435,  0.000,  0.000
  0.018,299.437,  0.000,  0.000
  0.018,299.412,  0.000,  0.000
  0.018,299.400,  0.000,  0.000
  0.018,299.402,  0.000,  0.000
  0.018,299.423,  0.000,  0.000
  0.018,299.447,  0.000,  0.000
  0.018,299.433,  0.000,  0.000
  0.018,299.409,  0.000,  0.000
  0.018,299.428,  0.000,  0.000
  0.018,299.460,  0.000,  0.000
  0.018,299.454,  0.000,  0.000
  0.018,299.435,  0.000,  0.000
  0.018,299.442,  0.000,  0.000
  0.018,299.465,  0.000,  0.000
  0.018,299.468,  0.000,  0.000
  0.018,299.452,  0.000,  0.000
  0.018,299.439,  0.000,  0.000
  0.018,299.433,  0.000,  0.000
  0.018,299.426,  0.000,  0.000
  0.018,299.417,  0.000,  0.000
  0.018,299.423,  0.000,  0.000
  0.018,299.441,  0.000,  0.000
  0.018,299.456,  0.000,  0.000
  0.018,299.471,  0.000,  0.000
  0.018,299.456,  0.000,  0.000
  0.018,299.455,  0.000,  0.000
  0.018,299.444,  0.000,  0.000
  0.018,299.442,  0.000,  0.000
  0.018,299.448,  0.000,  0.000
  0.018,299.465,  0.000,  0.000
  0.018,299.474,  0.000,  0.000
  0.018,299.468,  0.000,  0.000
  0.018,299.478,  0.000,  0.000
  0.018,299.492,  0.000,  0.000
  0.018,299.470,  0.000,  0.000
  0.018,299.446,  0.000,  0.000
  0.018,299.455,  0.000,  0.000
  0.018,299.484,  0.000,  0.000
  0.018,299.497,  0.000,  0.000
  0.018,299.491,  0.000,  0.000
  0.018,299.481,  0.000,  0.000
  0.018,299.470,  0.000,  0.000
  0.018,299.453,  0.000,  0.000
  0.018,299.444,  0.000,  0.000
  0.018,299.457,  0.000,  0.000
  0.018,299.476,  0.000,  0.000
  0.018,299.488,  0.000,  0.000
  0.018,299.497,  0.000,  0.000
  0.018,299.503,  0.000,  0.000
  0.018,299.472,  0.000,  0.000
  0.018,299.470,  0.000,  0.000
  0.018,299.479,  0.000,  0.000
  0.018,299.493,  0.000,  0.000
  0.018,299.501,  0.000,  0.000
  0.018,299.509,  0.000,  0.000
  0.018,299.512,  0.000,  0.000
  0.018,299.517,  0.000,  0.000
  0.018,299.520,  0.000,  0.000
  0.018,299.494,  0.000,  0.000
  0.018,299.459,  0.000,  0.000
  0.018,299.468,  0.000,  0.000
  0.018,299.510,  0.000,  0.000
  0.018,299.530,  0.000,  0.000
  0.018,299.520,  0.000,  0.000
  0.018,299.510,  0.000,  0.000
  0.018,299.500,  0.000,  0.000
  0.018,299.486,  0.000,  0.000
  0.018,299.482,  0.000,  0.000
  0.018,299.488,  0.000,  0.000
  0.018,299.503,  0.000,  0.000
  0.018,299.507,  0.000,  0.000
  0.018,299.516,  0.000,  0.000
  0.018,299.533,  0.000,  0.000
  0.018,299.525,  0.000,  0.000
  0.018,299.492,  0.000,  0.000
  0.018,299.518,  0.000,  0.000
  0.018,299.534,  0.000,  0.000
  0.018,299.540,  0.000,  0.000
  0.018,299.540,  0.000,  0.000
  0.018,299.554,  0.000,  0.000
  0.018,299.563,  0.000,  0.000
  0.018,299.541,  0.000,  0.000
  0.018,299.511,  0.000,  0.000
  0.018,299.493,  0.000,  0.000
  0.018,299.496,  0.000,  0.000
  0.018,299.530,  0.000,  0.000
  0.018,299.554,  0.000,  0.000
  0.018,299.545,  0.000,  0.000
  0.018,299.530,  0.000,  0.000
  0.018,299.525,  0.000,  0.000
  0.018,299.522,  0.000,  0.000
  0.018,299.524,  0.000,  0.000
  0.018,299.531,  0.000,  0.000
  0.018,299.530,  0.000,  0.000
  0.018,299.526,  0.000,  0.000
  0.018,299.531,  0.000,  0.000
  0.018,299.551,  0.000,  0.000
  0.018,299.563,  0.000,  0.000
  0.018,299.546,  0.000,  0.000
  0.018,299.522,  0.000,  0.000
  0.018,299.580,  0.000,  0.000
  0.018,299.579,  0.000,  0.000
  0.018,299.571,  0.000,  0.000
  0.018,299.583,  0.000,  0.000
  0.018,299.602,  0.000,  0.000
  0.018,299.573,  0.000,  0.000
  0.018,299.526,  0.000,  0.000
  0.018,299.527,  0.000,  0.000
  0.018,299.551,  0.000,  0.000
  0.018,299.575,  0.000,  0.000
  0.018,299.582,  0.000,  0.000
  0.018,299.561,  0.000,  0.000
  0.018,299.541,  0.000,  0.000
  0.018,299.545,  0.000,  0.000
  0.018,299.562,  0.000,  0.000
  0.018,299.576,  0.000,  0.000
  0.018,299.577,  0.000,  0.000
  0.018,299.563,  0.000,  0.000
  0.018,299.547,  0.000,  0.000
  0.018,299.553,  0.000,  0.000
  0.018,299.577,  0.000,  0.000
  0.018,299.592,  0.000,  0.000
  0.018,299.587,  0.000,  0.000
  0.018,299.570,  0.000,  0.000
  0.018,299.557,  0.000,  0.000
  0.018,299.611,  0.000,  0.000
  0.018,299.609,  0.000,  0.000
  0.018,299.619,  0.000,  0.000
  0.018,299.629,  0.000,  0.000
  0.018,299.594,  0.000,  0.000
  0.018,299.546,  0.000,  0.000
  0.018,299.560,  0.000,  0.000
  0.018,299.607,  0.000,  0.000
  0.018,299.636,  0.000,  0.000
  0.018,299.634,  0.000,  0.000
  0.018,299.606,  0.000,  0.000
  0.018,299.571,  0.000,  0.000
  0.018,299.563,  0.000,  0.000
  0.018,299.591,  0.000,  0.000
  0.018,299.621,  0.000,  0.000
  0.018,299.621,  0.000,  0.000
  0.018,299.590,  0.000,  0.000
  0.018,299.566,  0.000,  0.000
  0.018,299.575,  0.000,  0.000
  0.018,299.601,  0.000,  0.000
  0.018,299.618,  0.000,  0.000
  0.018,299.617,  0.000,  0.000
  0.018,299.604,  0.000,  0.000
  0.018,299.593,  0.000,  0.000
  0.018,299.582,  0.000,  0.000
  0.018,299.653,  0.000,  0.000
  0.018,299.671,  0.000,  0.000
  0.018,299.665,  0.000,  0.000
  0.018,299.607,  0.000,  0.000
  0.018,299.551,  0.000,  0.000
  0.018,299.580,  0.000,  0.000
  0.018,299.649,  0.000,  0.000
  0.018,299.682,  0.000,  0.000
  0.018,299.676,  0.000,  0.000
  0.018,299.649,  0.000,  0.000
  0.018,299.623,  0.000,  0.000
  0.018,299.611,  0.000,  0.000
  0.018,299.625,  0.000,  0.000
  0.018,299.656,  0.000,  0.000
  0.018,299.653,  0.000,  0.000
  0.018,299.608,  0.000,  0.000
  0.018,299.579,  0.000,  0.000
  0.018,299.596,  0.000,  0.000
  0.018,299.628,  0.000,  0.000
  0.018,299.645,  0.000,  0.000
  0.018,299.643,  0.000,  0.000
  0.018,299.630,  0.000,  0.000
  0.018,299.619,  0.000,  0.000
  0.018,299.608,  0.000,  0.000
  0.018,299.599,  0.000,  0.000
  0.018,299.713,  0.000,  0.000
  0.018,299.700,  0.000,  0.000
  0.018,299.629,  0.000,  0.000
  0.018,299.558,  0.000,  0.000
  0.018,299.582,  0.000,  0.000
  0.018,299.674,  0.000,  0.000
  0.018,299.718,  0.000,  0.000
  0.018,299.701,  0.000,  0.000
  0.018,299.666,  0.000,  0.000
  0.018,299.643,  0.000,  0.000
  0.018,299.645,  0.000,  0.000
  0.018,299.667,  0.000,  0.000
  0.018,299.692,  0.000,  0.000
  0.018,299.679,  0.000,  0.000
  0.018,299.626,  0.000,  0.000
  0.018,299.597,  0.000,  0.000
  0.018,299.621,  0.000,  0.000
  0.018,299.653,  0.000,  0.000
  0.018,299.668,  0.000,  0.000
  0.018,299.673,  0.000,  0.000
  0.018,299.663,  0.000,  0.000
  0.018,299.647,  0.000,  0.000
  0.018,299.632,  0.000,  0.000
  0.018,299.624,  0.000,  0.000
  0.018,299.626,  0.000,  0.000
  0.018,299.699,  0.000,  0.000
  0.018,299.622,  0.000,  0.000
  0.018,299.565,  0.000,  0.000
  0.018,299.596,  0.000,  0.000
  0.018,299.690,  0.000,  0.000
  0.018,299.744,  0.000,  0.000
  0.018,299.735,  0.000,  0.000
  0.018,299.696,  0.000,  0.000
  0.018,299.661,  0.000,  0.000
  0.018,299.654,  0.000,  0.000
  0.018,299.683,  0.000,  0.000
  0.018,299.722,  0.000,  0.000
  0.018,299.712,  0.000,  0.000
  0.018,299.645,  0.000,  0.000
  0.018,299.620,  0.000,  0.000
  0.018,299.655,  0.000,  0.000
  0.018,299.689,  0.000,  0.000
  0.018,299.695,  0.000,  0.000
  0.018,299.697,  0.000,  0.000
  0.018,299.700,  0.000,  0.000
  0.018,299.688,  0.000,  0.000
  0.018,299.671,  0.000,  0.000
  0.018,299.654,  0.000,  0.000
  0.018,299.657,  0.000,  0.000
  0.018,299.674,  0.000,  0.000
  0.018,299.620,  0.000,  0.000
  0.018,299.544,  0.000,  0.000
  0.018,299.585,  0.000,  0.000
  0.018,299.716,  0.000,  0.000
  0.018,299.784,  0.000,  0.000
  0.018,299.763,  0.000,  0.000
  0.018,299.728,  0.000,  0.000
  0.018,299.702,  0.000,  0.000
  0.018,299.686,  0.000,  0.000
  0.018,299.701,  0.000,  0.000
  0.018,299.735,  0.000,  0.000
  0.018,299.731,  0.000,  0.000
  0.018,299.676,  0.000,  0.000
  0.018,299.653,  0.000,  0.000
  0.018,299.688,  0.000,  0.000
  0.018,299.717,  0.000,  0.000
  0.018,299.715,  0.000,  0.000
  0.018,299.714,  0.000,  0.000
  0.018,299.729,  0.000,  0.000
  0.018,299.727,  0.000,  0.000
  0.018,299.712,  0.000,  0.000
  0.018,299.698,  0.000,  0.000
  0.018,299.693,  0.000,  0.000
  0.018,299.708,  0.000,  0.000
  0.018,299.727,  0.000,  0.000
  0.018,299.584,  0.000,  0.000
  0.018,299.577,  0.000,  0.000
  0.018,299.695,  0.000,  0.000
  0.018,299.821,  0.000,  0.000
  0.018,299.817,  0.000,  0.000
  0.018,299.760,  0.000,  0.000
  0.018,299.735,  0.000,  0.000
  0.018,299.726,  0.000,  0.000
  0.018,299.732,  0.000,  0.000
  0.018,299.756,  0.000,  0.000
  0.018,299.748,  0.000,  0.000
  0.018,299.693,  0.000,  0.000
  0.018,299.683,  0.000,  0.000
  0.018,299.730,  0.000,  0.000
  0.018,299.755,  0.000,  0.000
  0.018,299.738,  0.000,  0.000
  0.018,299.724,  0.000,  0.000
  0.018,299.743,  0.000,  0.000
  0.018,299.761,  0.000,  0.000
  0.018,299.755,  0.000,  0.000
  0.018,299.742,  0.000,  0.000
  0.018,299.736,  0.000,  0.000
  0.018,299.741,  0.000,  0.000
  0.018,299.758,  0.000,  0.000
  0.018,299.772,  0.000,  0.000
