  0.016,299.240,  0.000,  0.000
  0.016,299.215,  0.000,  0.000
  0.016,299.197,  0.000,  0.000
  0.016,299.190,  0.000,  0.000
  0.016,299.189,  0.000,  0.000
  0.016,299.182,  0.000,  0.000
  0.016,299.170,  0.000,  0.000
  0.016,299.156,  0.000,  0.000
  0.016,299.139,  0.000,  0.000
  0.016,299.121,  0.000,  0.000
  0.016,299.108,  0.000,  0.000
  0.016,299.085,  0.000,  0.000
  0.016,299.047,  0.000,  0.000
  0.016,299.006,  0.000,  0.000
  0.016,298.975,  0.000,  0.000
  0.016,298.959,  0.000,  0.000
  0.016,298.952,  0.000,  0.000
  0.016,298.945,  0.000,  0.000
  0.016,298.935,  0.000,  0.000
  0.016,298.916,  0.000,  0.000
  0.016,298.888,  0.000,  0.000
  0.016,298.871,  0.000,  0.000
  0.016,298.868,  0.000,  0.000
  0.016,298.880,  0.000,  0.000
  0.016,298.861,  0.000,  0.000
  0.016,299.222,  0.000,  0.000
  0.016,299.216,  0.000,  0.000
  0.016,299.203,  0.000,  0.000
  0.016,299.186,  0.000,  0.000
  0.016,299.180,  0.000,  0.000
  0.016,299.182,  0.000,  0.000
  0.016,299.183,  0.000,  0.000
  0.016,299.168,  0.000,  0.000
  0.016,299.149,  0.000,  0.000
  0.016,299.131,  0.000,  0.000
  0.016,299.118,  0.000,  0.000
  0.016,299.095,  0.000,  0.000
  0.016,299.062,  0.000,  0.000
  0.016,299.027,  0.000,  0.000
  0.016,298.992,  0.000,  0.000
  0.016,298.966,  0.000,  0.000
  0.016,298.948,  0.000,  0.000
  0.016,298.939,  0.000,  0.000
  0.016,298.941,  0.000,  0.000
  0.016,298.934,  0.000,  0.000
  0.016,298.914,  0.000,  0.000
  0.016,298.893,  0.000,  0.000
  0.016,298.883,  0.000,  0.000
  0.016,298.899,  0.000,  0.000
  0.016,298.893,  0.000,  0.000
  0.016,299.215,  0.000,  0.000
  0.016,299.223,  0.000,  0.000
  0.016,299.218,  0.000,  0.000
  0.016,299.194,  0.000,  0.000
  0.016,299.166,  0.000,  0.000
  0.016,299.151,  0.000,  0.000
  0.016,299.163,  0.000,  0.000
  0.016,299.183,  0.000,  0.000
  0.016,299.178,  0.000,  0.000
  0.016,299.142,  0.000,  0.000
  0.016,299.121,  0.000,  0.000
  0.016,299.105,  0.000,  0.000
  0.016,299.078,  0.000,  0.000
  0.016,299.045,  0.000,  0.000
  0.016,299.013,  0.000,  0.000
  0.016,298.979,  0.000,  0.000
  0.016,298.959,  0.000,  0.000
  0.016,298.946,  0.000,  0.000
  0.016,298.946,  0.000,  0.000
  0.016,298.943,  0.000,  0.000
  0.016,298.930,  0.000,  0.000
  0.016,298.911,  0.000,  0.000
  0.016,298.900,  0.000,  0.000
  0.016,298.915,  0.000,  0.000
  0.016,298.918,  0.000,  0.000
  0.016,299.215,  0.000,  0.000
  0.017,299.230,  0.000,  0.000
  0.017,299.231,  0.000,  0.000
  0.017,299.215,  0.000,  0.000
  0.017,299.187,  0.000,  0.000
  0.016,299.176,  0.000,  0.000
  0.016,299.177,  0.000,  0.000
  0.016,299.185,  0.000,  0.000
  0.016,299.170,  0.000,  0.000
  0.016,299.139,  0.000,  0.000
  0.016,299.115,  0.000,  0.000
  0.016,299.103,  0.000,  0.000
  0.016,299.078,  0.000,  0.000
  0.016,299.054,  0.000,  0.000
  0.016,299.034,  0.000,  0.000
  0.016,299.008,  0.000,  0.000
  0.016,298.981,  0.000,  0.000
  0.016,298.965,  0.000,  0.000
  0.016,298.954,  0.000,  0.000
  0.016,298.950,  0.000,  0.000
  0.016,298.940,  0.000,  0.000
  0.016,298.925,  0.000,  0.000
  0.016,298.913,  0.000,  0.000
  0.016,298.920,  0.000,  0.000
  0.016,298.920,  0.000,  0.000
  0.017,299.234,  0.000,  0.000
  0.017,299.268,  0.000,  0.000
  0.017,299.284,  0.000,  0.000
  0.017,299.277,  0.000,  0.000
  0.016,299.261,  0.000,  0.000
  0.016,299.247,  0.000,  0.000
  0.016,299.221,  0.000,  0.000
  0.016,299.196,  0.000,  0.000
  0.016,299.177,  0.000,  0.000
  0.016,299.160,  0.000,  0.000
  0.016,299.144,  0.000,  0.000
  0.016,299.130,  0.000,  0.000
  0.017,299.111,  0.000,  0.000
  0.017,299.090,  0.000,  0.000
  0.016,299.068,  0.000,  0.000
  0.016,299.041,  0.000,  0.000
  0.016,299.013,  0.000,  0.000
  0.016,298.991,  0.000,  0.000
  0.016,298.976,  0.000,  0.000
  0.016,298.965,  0.000,  0.000
  0.016,298.953,  0.000,  0.000
  0.016,298.941,  0.000,  0.000
  0.016,298.927,  0.000,  0.000
  0.016,298.922,  0.000,  0.000
  0.016,298.910,  0.000,  0.000
  0.017,299.256,  0.000,  0.000
  0.017,299.304,  0.000,  0.000
  0.017,299.310,  0.000,  0.000
  0.017,299.300,  0.000,  0.000
  0.016,299.293,  0.000,  0.000
  0.016,299.282,  0.000,  0.000
  0.016,299.253,  0.000,  0.000
  0.016,299.225,  0.000,  0.000
  0.016,299.205,  0.000,  0.000
  0.016,299.187,  0.000,  0.000
  0.016,299.167,  0.000,  0.000
  0.016,299.149,  0.000,  0.000
  0.016,299.135,  0.000,  0.000
  0.016,299.123,  0.000,  0.000
  0.016,299.106,  0.000,  0.000
  0.016,299.082,  0.000,  0.000
  0.016,299.055,  0.000,  0.000
  0.016,299.033,  0.000,  0.000
  0.016,299.018,  0.000,  0.000
  0.016,299.000,  0.000,  0.000
  0.016,298.981,  0.000,  0.000
  0.016,298.962,  0.000,  0.000
  0.016,298.942,  0.000,  0.000
  0.016,298.932,  0.000,  0.000
  0.016,298.914,  0.000,  0.000
  0.017,299.292,  0.000,  0.000
  0.017,299.335,  0.000,  0.000
  0.017,299.320,  0.000,  0.000
  0.017,299.296,  0.000,  0.000
  0.017,299.286,  0.000,  0.000
  0.016,299.272,  0.000,  0.000
  0.016,299.250,  0.000,  0.000
  0.016,299.229,  0.000,  0.000
  0.016,299.209,  0.000,  0.000
  0.016,299.191,  0.000,  0.000
  0.016,299.176,  0.000,  0.000
  0.016,299.158,  0.000,  0.000
  0.016,299.155,  0.000,  0.000
  0.016,299.156,  0.000,  0.000
  0.016,299.147,  0.000,  0.000
  0.016,299.125,  0.000,  0.000
  0.016,299.101,  0.000,  0.000
  0.016,299.080,  0.000,  0.000
  0.016,299.063,  0.000,  0.000
  0.016,299.046,  0.000,  0.000
  0.016,299.027,  0.000,  0.000
  0.017,299.002,  0.000,  0.000
  0.017,298.972,  0.000,  0.000
  0.017,298.953,  0.000,  0.000
  0.017,298.935,  0.000,  0.000
  0.017,299.346,  0.000,  0.000
  0.017,299.356,  0.000,  0.000
  0.017,299.331,  0.000,  0.000
  0.017,299.309,  0.000,  0.000
  0.017,299.297,  0.000,  0.000
  0.017,299.286,  0.000,  0.000
  0.017,299.263,  0.000,  0.000
  0.017,299.237,  0.000,  0.000
  0.017,299.222,  0.000,  0.000
  0.017,299.213,  0.000,  0.000
  0.017,299.202,  0.000,  0.000
  0.017,299.183,  0.000,  0.000
  0.016,299.174,  0.000,  0.000
  0.016,299.173,  0.000,  0.000
  0.016,299.167,  0.000,  0.000
  0.016,299.149,  0.000,  0.000
  0.016,299.126,  0.000,  0.000
  0.016,299.102,  0.000,  0.000
  0.016,299.080,  0.000,  0.000
  0.016,299.069,  0.000,  0.000
  0.016,299.060,  0.000,  0.000
  0.016,299.044,  0.000,  0.000
  0.016,299.012,  0.000,  0.000
  0.017,298.985,  0.000,  0.000
  0.017,298.960,  0.000,  0.000
  0.017,299.367,  0.000,  0.000
  0.017,299.376,  0.000,  0.000
  0.017,299.355,  0.000,  0.000
  0.017,299.342,  0.000,  0.000
  0.017,299.334,  0.000,  0.000
  0.017,299.312,  0.000,  0.000
  0.017,299.284,  0.000,  0.000
  0.017,299.262,  0.000,  0.000
  0.017,299.249,  0.000,  0.000
  0.017,299.243,  0.000,  0.000
  0.017,299.237,  0.000,  0.000
  0.016,299.220,  0.000,  0.000
  0.016,299.196,  0.000,  0.000
  0.017,299.183,  0.000,  0.000
  0.017,299.170,  0.000,  0.000
  0.017,299.153,  0.000,  0.000
  0.016,299.134,  0.000,  0.000
  0.016,299.115,  0.000,  0.000
  0.016,299.096,  0.000,  0.000
  0.016,299.079,  0.000,  0.000
  0.016,299.067,  0.000,  0.000
  0.016,299.054,  0.000,  0.000
  0.016,299.036,  0.000,  0.000
  0.017,299.015,  0.000,  0.000
  0.017,298.991,  0.000,  0.000
  0.017,299.396,  0.000,  0.000
  0.017,299.399,  0.000,  0.000
  0.017,299.389,  0.000,  0.000
  0.017,299.397,  0.000,  0.000
  0.017,299.381,  0.000,  0.000
  0.017,299.359,  0.000,  0.000
  0.017,299.336,  0.000,  0.000
  0.017,299.308,  0.000,  0.000
  0.017,299.278,  0.000,  0.000
  0.017,299.262,  0.000,  0.000
  0.016,299.250,  0.000,  0.000
  0.016,299.234,  0.000,  0.000
  0.017,299.215,  0.000,  0.000
  0.017,299.200,  0.000,  0.000
  0.017,299.184,  0.000,  0.000
  0.017,299.164,  0.000,  0.000
  0.016,299.149,  0.000,  0.000
  0.016,299.133,  0.000,  0.000
  0.016,299.115,  0.000,  0.000
  0.017,299.095,  0.000,  0.000
  0.017,299.072,  0.000,  0.000
  0.017,299.053,  0.000,  0.000
  0.017,299.043,  0.000,  0.000
  0.016,299.037,  0.000,  0.000
  0.016,299.024,  0.000,  0.000
  0.017,299.063,  0.000,  0.000
  0.017,299.301,  0.000,  0.000
  0.017,299.447,  0.000,  0.000
  0.017,299.402,  0.000,  0.000
  0.017,299.386,  0.000,  0.000
  0.017,299.369,  0.000,  0.000
  0.017,299.328,  0.000,  0.000
  0.017,299.310,  0.000,  0.000
  0.017,299.297,  0.000,  0.000
  0.016,299.270,  0.000,  0.000
  0.016,299.237,  0.000,  0.000
  0.016,299.223,  0.000,  0.000
  0.017,299.223,  0.000,  0.000
  0.017,299.224,  0.000,  0.000
  0.017,299.206,  0.000,  0.000
  0.017,299.193,  0.000,  0.000
  0.016,299.176,  0.000,  0.000
  0.016,299.156,  0.000,  0.000
  0.017,299.136,  0.000,  0.000
  0.017,299.117,  0.000,  0.000
  0.017,299.097,  0.000,  0.000
  0.017,299.079,  0.000,  0.000
  0.016,299.067,  0.000,  0.000
  0.016,299.061,  0.000,  0.000
  0.016,299.052,  0.000,  0.000
  0.017,299.196,  0.000,  0.000
  0.017,299.462,  0.000,  0.000
  0.017,299.453,  0.000,  0.000
  0.017,299.412,  0.000,  0.000
  0.017,299.407,  0.000,  0.000
  0.017,299.358,  0.000,  0.000
  0.017,299.292,  0.000,  0.000
  0.017,299.253,  0.000,  0.000
  0.017,299.265,  0.000,  0.000
  0.016,299.235,  0.000,  0.000
  0.016,299.222,  0.000,  0.000
  0.017,299.226,  0.000,  0.000
  0.017,299.232,  0.000,  0.000
  0.017,299.224,  0.000,  0.000
  0.017,299.222,  0.000,  0.000
  0.017,299.201,  0.000,  0.000
  0.017,299.179,  0.000,  0.000
  0.017,299.160,  0.000,  0.000
  0.017,299.146,  0.000,  0.000
  0.017,299.134,  0.000,  0.000
  0.017,299.121,  0.000,  0.000
  0.016,299.109,  0.000,  0.000
  0.016,299.095,  0.000,  0.000
  0.016,299.080,  0.000,  0.000
  0.016,299.063,  0.000,  0.000
  0.017,299.498,  0.000,  0.000
  0.017,299.527,  0.000,  0.000
  0.017,299.487,  0.000,  0.000
  0.017,299.434,  0.000,  0.000
  0.017,299.351,  0.000,  0.000
  0.017,299.236,  0.000,  0.000
  0.017,299.125,  0.000,  0.000
  0.017,299.060,  0.000,  0.000
  0.017,299.082,  0.000,  0.000
  0.017,299.054,  0.000,  0.000
  0.017,298.877,  0.000,  0.000
  0.017,298.792,  0.000,  0.000
  0.017,299.016,  0.000,  0.000
  0.016,299.254,  0.000,  0.000
  0.017,299.232,  0.000,  0.000
  0.017,299.223,  0.000,  0.000
  0.017,299.222,  0.000,  0.000
  0.017,299.190,  0.000,  0.000
  0.017,299.177,  0.000,  0.000
  0.017,299.166,  0.000,  0.000
  0.017,299.161,  0.000,  0.000
  0.016,299.149,  0.000,  0.000
  0.017,299.124,  0.000,  0.000
  0.017,299.098,  0.000,  0.000
  0.017,299.076,  0.000,  0.000
  0.017,299.625,  0.000,  0.000
  0.017,299.605,  0.000,  0.000
  0.017,299.506,  0.000,  0.000
  0.017,299.344,  0.000,  0.000
  0.017,299.211,  0.000,  0.000
  0.017,299.112,  0.000,  0.000
  0.017,299.010,  0.000,  0.000
  0.017,298.901,  0.000,  0.000
  0.017,298.825,  0.000,  0.000
  0.017,298.778,  0.000,  0.000
  0.017,298.684,  0.000,  0.000
  0.017,298.607,  0.000,  0.000
  0.017,298.704,  0.000,  0.000
  0.017,299.074,  0.000,  0.000
  0.017,299.262,  0.000,  0.000
  0.017,299.245,  0.000,  0.000
  0.017,299.246,  0.000,  0.000
  0.017,299.242,  0.000,  0.000
  0.017,299.214,  0.000,  0.000
  0.017,299.206,  0.000,  0.000
  0.017,299.191,  0.000,  0.000
  0.017,299.171,  0.000,  0.000
  0.017,299.151,  0.000,  0.000
  0.017,299.130,  0.000,  0.000
  0.017,299.109,  0.000,  0.000
  0.016,299.743,  0.000,  0.000
  0.016,299.753,  0.000,  0.000
  0.017,299.584,  0.000,  0.000
  0.017,299.289,  0.000,  0.000
  0.017,299.114,  0.000,  0.000
  0.017,299.057,  0.000,  0.000
  0.017,299.038,  0.000,  0.000
  0.017,299.032,  0.000,  0.000
  0.017,299.000,  0.000,  0.000
  0.017,298.889,  0.000,  0.000
  0.017,298.718,  0.000,  0.000
  0.017,298.562,  0.000,  0.000
  0.017,298.422,  0.000,  0.000
  0.017,298.590,  0.000,  0.000
  0.017,299.106,  0.000,  0.000
  0.017,299.338,  0.000,  0.000
  0.017,299.282,  0.000,  0.000
  0.017,299.276,  0.000,  0.000
  0.017,299.267,  0.000,  0.000
  0.017,299.240,  0.000,  0.000
  0.017,299.218,  0.000,  0.000
  0.017,299.192,  0.000,  0.000
  0.017,299.169,  0.000,  0.000
  0.017,299.145,  0.000,  0.000
  0.017,299.124,  0.000,  0.000
