  0.020,303.036,  0.000,  0.000
  0.020,303.055,  0.000,  0.000
  0.020,303.021,  0.000,  0.000
  0.021,302.969,  0.000,  0.000
  0.020,302.993,  0.000,  0.000
  0.020,303.080,  0.000,  0.000
  0.020,303.120,  0.000,  0.000
  0.020,303.072,  0.000,  0.000
  0.021,302.995,  0.000,  0.000
  0.020,302.989,  0.000,  0.000
  0.020,303.073,  0.000,  0.000
  0.019,303.105,  0.000,  0.000
  0.020,303.072,  0.000,  0.000
  0.020,302.952,  0.000,  0.000
  0.020,302.898,  0.000,  0.000
  0.020,302.976,  0.000,  0.000
  0.019,303.101,  0.000,  0.000
  0.021,303.238,  0.000,  0.000
  0.020,303.039,  0.000,  0.000
  0.020,302.960,  0.000,  0.000
  0.020,302.986,  0.000,  0.000
  0.020,303.063,  0.000,  0.000
  0.020,303.057,  0.000,  0.000
  0.020,302.991,  0.001,  0.000
  0.021,302.932,  0.001,  0.000
  0.021,302.950,  0.000,  0.000
  0.021,302.978,  0.000,  0.000
  0.021,302.996,  0.000,  0.000
  0.021,302.997,  0.000,  0.000
  0.021,303.007,  0.000,  0.000
  0.020,303.038,  0.000,  0.000
  0.020,303.055,  0.000,  0.000
  0.020,303.024,  0.000,  0.000
  0.020,302.976,  0.000,  0.000
  0.021,302.972,  0.000,  0.000
  0.020,303.063,  0.000,  0.000
  0.019,303.171,  0.000,  0.000
  0.019,303.216,  0.000,  0.000
  0.019,303.103,  0.000,  0.000
  0.020,302.953,  0.000,  0.000
  0.020,302.950,  0.000,  0.000
  0.019,303.116,  0.000,  0.000
  0.019,303.219,  0.000,  0.000
  0.019,303.154,  0.000,  0.000
  0.020,302.996,  0.000,  0.000
  0.020,302.913,  0.000,  0.000
  0.020,302.992,  0.000,  0.000
  0.019,303.071,  0.000,  0.000
  0.019,303.059,  0.000,  0.000
  0.020,302.980,  0.000,  0.000
  0.021,302.976,  0.000,  0.000
  0.021,302.950,  0.000,  0.000
  0.020,302.969,  0.000,  0.000
  0.020,303.033,  0.000,  0.000
  0.020,303.079,  0.000,  0.000
  0.020,303.057,  0.000,  0.000
  0.021,303.020,  0.000,  0.000
  0.020,303.006,  0.000,  0.000
  0.020,302.982,  0.000,  0.000
  0.021,302.949,  0.000,  0.000
  0.020,302.993,  0.000,  0.000
  0.020,303.114,  0.000,  0.000
  0.019,303.189,  0.000,  0.000
  0.019,303.151,  0.000,  0.000
  0.020,303.052,  0.001,  0.000
  0.020,302.991,  0.001,  0.000
  0.020,303.086,  0.000,  0.000
  0.019,303.176,  0.000,  0.000
  0.019,303.147,  0.000,  0.000
  0.020,303.031,  0.000,  0.000
  0.021,302.946,  0.000,  0.000
  0.020,302.974,  0.000,  0.000
  0.020,303.052,  0.000,  0.000
  0.020,303.064,  0.000,  0.000
  0.020,302.996,  0.000,  0.000
  0.020,303.029,  0.000,  0.000
  0.020,302.963,  0.000,  0.000
  0.020,302.970,  0.000,  0.000
  0.020,303.064,  0.000,  0.000
  0.020,303.133,  0.000,  0.000
  0.020,303.082,  0.001,  0.000
  0.021,302.984,  0.000,  0.000
  0.021,302.956,  0.000,  0.000
  0.021,302.956,  0.000,  0.000
  0.021,302.926,  0.000,  0.000
  0.021,302.918,  0.000,  0.000
  0.020,302.974,  0.000,  0.000
  0.020,303.048,  0.000,  0.000
  0.020,303.080,  0.001,  0.000
  0.020,303.059,  0.001,  0.000
  0.020,303.018,  0.002,  0.000
  0.020,303.009,  0.001,  0.000
  0.020,303.040,  0.000,  0.000
  0.019,303.038,  0.000,  0.000
  0.020,302.988,  0.000,  0.000
  0.020,302.957,  0.000,  0.000
  0.021,302.976,  0.001,  0.000
  0.020,303.015,  0.000,  0.000
  0.020,303.015,  0.000,  0.000
  0.020,302.972,  0.000,  0.000
  0.020,303.080,  0.000,  0.000
  0.020,303.005,  0.000,  0.000
  0.020,302.973,  0.000,  0.000
  0.020,303.051,  0.000,  0.000
  0.020,303.114,  0.000,  0.000
  0.020,303.054,  0.000,  0.000
  0.021,302.975,  0.001,  0.000
  0.021,302.955,  0.001,  0.000
  0.021,302.944,  0.000,  0.000
  0.021,302.909,  0.000,  0.000
  0.020,302.910,  0.000,  0.000
  0.020,302.936,  0.000,  0.000
  0.020,302.949,  0.000,  0.000
  0.020,302.969,  0.001,  0.000
  0.020,302.994,  0.003,  0.000
  0.020,303.007,  0.004,  0.000
  0.020,302.994,  0.004,  0.000
  0.020,302.966,  0.003,  0.000
  0.020,302.945,  0.000,  0.000
  0.020,302.931,  0.000,  0.000
  0.020,302.936,  0.000,  0.000
  0.020,302.965,  0.000,  0.000
  0.020,302.983,  0.000,  0.000
  0.020,302.974,  0.000,  0.000
  0.020,302.940,  0.000,  0.000
  0.020,303.133,  0.000,  0.000
  0.020,303.122,  0.000,  0.000
  0.020,303.041,  0.000,  0.000
  0.020,303.007,  0.000,  0.000
  0.020,303.017,  0.001,  0.000
  0.020,303.011,  0.001,  0.000
  0.020,302.993,  0.001,  0.000
  0.020,302.983,  0.001,  0.000
  0.020,302.967,  0.001,  0.000
  0.021,302.940,  0.001,  0.000
  0.021,302.920,  0.000,  0.000
  0.020,302.927,  0.001,  0.000
  0.020,302.934,  0.001,  0.000
  0.020,302.930,  0.002,  0.000
  0.020,302.951,  0.005,  0.000
  0.020,302.984,  0.008,  0.000
  0.020,302.984,  0.010,  0.000
  0.020,302.939,  0.008,  0.000
  0.020,302.887,  0.003,  0.000
  0.021,302.870,  0.000,  0.000
  0.020,302.892,  0.001,  0.000
  0.020,302.937,  0.000,  0.000
  0.020,302.958,  0.000,  0.000
  0.020,302.932,  0.000,  0.000
  0.020,302.891,  0.000,  0.000
  0.020,303.106,  0.000,  0.000
  0.020,303.157,  0.000,  0.000
  0.020,303.107,  0.000,  0.000
  0.021,303.013,  0.000,  0.000
  0.021,302.941,  0.002,  0.000
  0.021,302.947,  0.003,  0.000
  0.020,302.961,  0.002,  0.000
  0.020,302.967,  0.004,  0.000
  0.020,302.987,  0.004,  0.000
  0.020,303.001,  0.002,  0.000
  0.020,302.950,  0.001,  0.000
  0.021,302.889,  0.001,  0.000
  0.021,302.880,  0.001,  0.000
  0.020,302.889,  0.003,  0.000
  0.020,302.894,  0.007,  0.000
  0.020,302.915,  0.014,  0.000
  0.020,302.939,  0.021,  0.000
  0.020,302.936,  0.021,  0.000
  0.020,302.899,  0.012,  0.000
  0.020,302.859,  0.003,  0.000
  0.021,302.851,  0.001,  0.000
  0.021,302.894,  0.000,  0.000
  0.020,302.939,  0.000,  0.000
  0.020,302.948,  0.000,  0.000
  0.020,302.899,  0.000,  0.000
  0.020,303.011,  0.000,  0.000
  0.020,303.038,  0.000,  0.000
  0.020,303.022,  0.000,  0.000
  0.020,303.013,  0.000,  0.000
  0.020,303.012,  0.002,  0.000
  0.021,302.962,  0.002,  0.000
  0.021,302.910,  0.005,  0.000
  0.020,302.930,  0.007,  0.000
  0.020,302.992,  0.007,  0.000
  0.019,303.030,  0.007,  0.000
  0.020,302.988,  0.005,  0.000
  0.021,302.898,  0.003,  0.000
  0.021,302.855,  0.003,  0.000
  0.020,302.858,  0.005,  0.000
  0.020,302.846,  0.011,  0.000
  0.020,302.827,  0.023,  0.000
  0.021,302.847,  0.037,  0.000
  0.020,302.902,  0.043,  0.000
  0.020,302.951,  0.032,  0.000
  0.020,302.949,  0.013,  0.000
  0.020,302.897,  0.002,  0.000
  0.021,302.870,  0.000,  0.000
  0.020,302.919,  0.001,  0.000
  0.020,302.998,  0.000,  0.000
  0.020,303.001,  0.000,  0.000
  0.021,302.954,  0.000,  0.000
  0.021,302.906,  0.000,  0.000
  0.020,302.928,  0.000,  0.000
  0.020,302.995,  0.007,  0.000
  0.020,303.076,  0.032,  0.000
  0.020,303.059,  0.029,  0.000
  0.021,302.946,  0.005,  0.000
  0.021,302.905,  0.013,  0.000
  0.020,302.973,  0.015,  0.000
  0.020,303.019,  0.016,  0.000
  0.020,302.972,  0.011,  0.000
  0.020,302.914,  0.006,  0.000
  0.020,302.890,  0.004,  0.000
  0.020,302.884,  0.009,  0.000
  0.020,302.851,  0.019,  0.000
  0.020,302.800,  0.037,  0.000
  0.020,302.788,  0.061,  0.000
  0.020,302.881,  0.076,  0.000
  0.020,303.030,  0.069,  0.000
  0.020,303.072,  0.039,  0.000
  0.020,302.953,  0.011,  0.000
  0.021,302.828,  0.001,  0.000
  0.020,302.861,  0.000,  0.000
  0.020,303.005,  0.001,  0.000
  0.019,303.071,  0.000,  0.000
  0.021,302.990,  0.001,  0.000
  0.021,302.895,  0.001,  0.000
  0.021,302.892,  0.003,  0.000
  0.020,302.941,  0.333,  0.000
  0.020,302.998,  1.306,  0.000
  0.020,303.020,  0.558,  0.000
  0.020,302.969,  0.010,  0.000
  0.021,302.895,  0.018,  0.000
  0.021,302.902,  0.023,  0.000
  0.020,302.930,  0.027,  0.000
  0.020,302.912,  0.022,  0.000
  0.020,302.884,  0.011,  0.000
  0.020,302.899,  0.007,  0.000
  0.020,302.925,  0.016,  0.000
  0.020,302.908,  0.035,  0.000
  0.020,302.841,  0.066,  0.000
  0.020,302.807,  0.100,  0.000
  0.020,302.913,  0.125,  0.000
  0.019,303.097,  0.124,  0.000
  0.020,303.124,  0.090,  0.000
  0.020,302.927,  0.041,  0.000
  0.021,302.780,  0.007,  0.000
  0.020,302.847,  0.000,  0.000
  0.019,303.018,  0.001,  0.000
  0.019,303.096,  0.001,  0.000
  0.020,303.022,  0.001,  0.000
  0.021,302.971,  0.000,  0.000
  0.021,302.913,  0.001,  0.000
  0.021,302.867,  0.089,  0.000
  0.020,302.880,  0.530,  0.000
  0.020,302.930,  0.831,  0.000
  0.020,302.963,  0.054,  0.000
  0.020,302.931,  0.024,  0.000
  0.021,302.872,  0.031,  0.000
  0.021,302.860,  0.038,  0.000
  0.020,302.875,  0.035,  0.000
  0.020,302.878,  0.019,  0.000
  0.020,302.879,  0.011,  0.000
  0.020,302.909,  0.025,  0.000
  0.020,302.954,  0.062,  0.000
  0.020,302.953,  0.112,  0.000
  0.020,302.923,  0.163,  0.000
  0.020,302.964,  0.196,  0.000
  0.020,303.076,  0.199,  0.000
  0.020,303.091,  0.166,  0.000
  0.020,302.970,  0.102,  0.000
  0.021,302.837,  0.035,  0.000
  0.020,302.881,  0.003,  0.000
  0.019,303.013,  0.000,  0.000
  0.019,303.076,  0.000,  0.000
  0.020,303.037,  0.000,  0.000
  0.020,303.026,  0.000,  0.000
  0.021,302.925,  0.000,  0.000
  0.021,302.825,  0.002,  0.000
  0.021,302.830,  0.018,  0.000
  0.020,302.909,  0.035,  0.000
  0.020,302.961,  0.011,  0.000
  0.020,302.942,  0.021,  0.000
  0.021,302.866,  0.040,  0.000
  0.021,302.834,  0.054,  0.000
  0.020,302.879,  0.049,  0.000
  0.020,302.914,  0.030,  0.000
  0.020,302.895,  0.019,  0.000
  0.020,302.911,  0.039,  0.000
  0.020,303.019,  0.095,  0.000
  0.019,303.136,  0.173,  0.000
  0.020,303.107,  0.246,  0.000
  0.020,302.993,  0.289,  0.000
  0.020,302.998,  0.292,  0.000
  0.019,303.091,  0.259,  0.000
  0.019,303.110,  0.191,  0.000
  0.020,302.990,  0.098,  0.000
  0.020,302.898,  0.021,  0.000
  0.020,302.948,  0.001,  0.000
  0.019,303.017,  0.002,  0.000
  0.020,303.040,  0.000,  0.000
  0.020,303.030,  0.000,  0.000
  0.021,302.900,  0.000,  0.000
  0.021,302.792,  0.001,  0.000
  0.020,302.809,  0.003,  0.000
  0.020,302.895,  0.005,  0.000
  0.020,302.934,  0.012,  0.000
  0.020,302.899,  0.040,  0.000
  0.021,302.834,  0.075,  0.000
  0.021,302.818,  0.082,  0.000
  0.020,302.877,  0.069,  0.000
  0.020,302.920,  0.051,  0.000
  0.020,302.899,  0.037,  0.000
  0.020,302.920,  0.061,  0.000
  0.019,303.068,  0.129,  0.000
  0.019,303.235,  0.232,  0.000
  0.019,303.209,  0.342,  0.000
  0.020,303.022,  0.414,  0.000
  0.020,302.961,  0.422,  0.000
  0.019,303.094,  0.379,  0.000
  0.019,303.179,  0.305,  0.000
  0.020,303.067,  0.200,  0.000
  0.020,302.900,  0.077,  0.000
  0.020,302.897,  0.007,  0.000
  0.019,303.023,  0.002,  0.000
  0.020,303.040,  0.000,  0.000
  0.020,303.014,  0.000,  0.000
  0.021,302.880,  0.000,  0.000
  0.021,302.781,  0.001,  0.000
  0.021,302.805,  0.002,  0.000
  0.020,302.886,  0.003,  0.000
  0.020,302.911,  0.012,  0.000
  0.020,302.874,  0.039,  0.000
  0.021,302.822,  0.087,  0.000
  0.021,302.810,  0.132,  0.000
  0.020,302.852,  0.135,  0.000
  0.020,302.892,  0.094,  0.000
  0.020,302.879,  0.070,  0.000
  0.020,302.888,  0.090,  0.000
  0.020,303.007,  0.156,  0.000
  0.019,303.142,  0.280,  0.000
  0.019,303.139,  0.437,  0.000
  0.020,303.014,  0.580,  0.000
  0.020,302.941,  0.636,  0.000
  0.020,303.022,  0.582,  0.000
  0.019,303.089,  0.470,  0.000
  0.020,303.020,  0.351,  0.000
  0.020,302.888,  0.193,  0.000
  0.020,302.869,  0.049,  0.000
  0.019,302.998,  0.003,  0.000
  0.020,303.016,  0.000,  0.000
  0.020,303.015,  0.000,  0.000
  0.020,302.923,  0.000,  0.000
  0.021,302.821,  0.000,  0.000
  0.021,302.811,  0.001,  0.000
  0.020,302.866,  0.004,  0.000
  0.020,302.895,  0.009,  0.000
  0.020,302.876,  0.034,  0.000
  0.021,302.831,  0.101,  0.000
  0.021,302.800,  0.197,  0.000
  0.021,302.815,  0.251,  0.000
  0.020,302.865,  0.206,  0.000
  0.020,302.895,  0.134,  0.000
  0.020,302.893,  0.118,  0.000
  0.020,302.911,  0.151,  0.000
  0.020,302.989,  0.276,  0.000
  0.019,303.061,  0.483,  0.000
  0.019,303.065,  0.743,  0.000
  0.020,302.989,  0.961,  0.000
  0.020,302.939,  0.971,  0.000
  0.020,302.992,  0.779,  0.000
  0.019,303.021,  0.578,  0.000
  0.020,302.954,  0.403,  0.000
  0.020,302.862,  0.178,  0.000
  0.020,302.887,  0.034,  0.000
