  0.020,301.617,  0.011,  0.000
  0.020,301.613,  0.010,  0.000
  0.020,301.642,  0.004,  0.000
  0.020,301.656,  0.001,  0.000
  0.020,301.787,  0.000,  0.000
  0.021,302.117,  0.000,  0.000
  0.020,302.097,  0.000,  0.000
  0.020,302.097,  0.000,  0.000
  0.019,302.054,  0.000,  0.000
  0.019,302.031,  0.000,  0.000
  0.019,302.032,  0.000,  0.000
  0.019,302.036,  0.000,  0.000
  0.020,302.020,  0.000,  0.000
  0.020,301.997,  0.000,  0.000
  0.020,301.997,  0.000,  0.000
  0.020,301.981,  0.000,  0.000
  0.020,301.961,  0.000,  0.000
  0.020,301.932,  0.000,  0.000
  0.020,301.786,  0.000,  0.000
  0.021,301.441,  0.000,  0.000
  0.021,301.348,  0.000,  0.000
  0.021,301.348,  0.000,  0.000
  0.021,301.182,  0.000,  0.000
  0.021,301.008,  0.000,  0.000
  0.021,300.907,  0.000,  0.000
  0.020,301.623,  0.042,  0.000
  0.020,301.627,  0.041,  0.000
  0.020,301.715,  0.016,  0.000
  0.020,301.876,  0.004,  0.000
  0.021,302.110,  0.001,  0.000
  0.020,302.040,  0.000,  0.000
  0.019,302.052,  0.001,  0.000
  0.019,302.051,  0.000,  0.000
  0.020,302.024,  0.000,  0.000
  0.020,302.021,  0.000,  0.000
  0.020,302.024,  0.000,  0.000
  0.020,302.035,  0.000,  0.000
  0.020,302.029,  0.000,  0.000
  0.020,301.954,  0.000,  0.000
  0.019,301.964,  0.000,  0.000
  0.020,301.950,  0.000,  0.000
  0.020,301.952,  0.000,  0.000
  0.020,301.918,  0.000,  0.000
  0.021,301.549,  0.000,  0.000
  0.021,301.347,  0.000,  0.000
  0.021,301.430,  0.000,  0.000
  0.021,301.305,  0.000,  0.000
  0.021,301.085,  0.000,  0.000
  0.021,301.012,  0.000,  0.000
  0.021,301.024,  0.000,  0.000
  0.020,301.781,  0.013,  0.000
  0.020,301.890,  0.014,  0.000
  0.021,302.050,  0.004,  0.000
  0.020,302.110,  0.001,  0.000
  0.020,302.054,  0.000,  0.000
  0.020,301.995,  0.000,  0.000
  0.020,302.010,  0.001,  0.000
  0.020,302.019,  0.001,  0.000
  0.020,302.056,  0.000,  0.000
  0.020,302.049,  0.000,  0.000
  0.020,302.053,  0.000,  0.000
  0.020,302.025,  0.000,  0.000
  0.020,301.969,  0.000,  0.000
  0.019,301.954,  0.000,  0.000
  0.020,301.944,  0.000,  0.000
  0.020,301.939,  0.000,  0.000
  0.020,301.957,  0.000,  0.000
  0.020,301.795,  0.000,  0.000
  0.021,301.441,  0.000,  0.000
  0.021,301.342,  0.000,  0.000
  0.021,301.338,  0.000,  0.000
  0.021,301.176,  0.000,  0.000
  0.021,301.059,  0.000,  0.000
  0.021,301.044,  0.000,  0.000
  0.020,301.052,  0.000,  0.000
  0.021,302.063,  0.000,  0.000
  0.020,302.060,  0.000,  0.000
  0.020,302.061,  0.000,  0.000
  0.020,302.043,  0.000,  0.000
  0.020,302.035,  0.000,  0.000
  0.020,302.050,  0.000,  0.000
  0.020,302.053,  0.000,  0.000
  0.020,302.027,  0.000,  0.000
  0.020,302.039,  0.000,  0.000
  0.020,302.044,  0.000,  0.000
  0.020,301.985,  0.000,  0.000
  0.020,301.932,  0.000,  0.000
  0.020,301.956,  0.000,  0.000
  0.020,301.975,  0.000,  0.000
  0.020,301.963,  0.000,  0.000
  0.020,301.979,  0.000,  0.000
  0.020,301.910,  0.000,  0.000
  0.020,301.772,  0.000,  0.000
  0.021,301.415,  0.000,  0.000
  0.021,301.318,  0.000,  0.000
  0.021,301.341,  0.000,  0.000
  0.021,301.187,  0.000,  0.000
  0.021,301.110,  0.000,  0.000
  0.020,301.069,  0.000,  0.000
  0.020,301.073,  0.000,  0.000
  0.020,302.008,  0.000,  0.000
  0.019,301.977,  0.000,  0.000
  0.020,301.850,  0.000,  0.000
  0.020,301.996,  0.000,  0.000
  0.020,302.055,  0.001,  0.000
  0.020,302.029,  0.001,  0.000
  0.020,301.971,  0.003,  0.000
  0.020,301.955,  0.003,  0.000
  0.020,301.959,  0.001,  0.000
  0.020,301.925,  0.000,  0.000
  0.020,301.820,  0.000,  0.000
  0.020,301.778,  0.000,  0.000
  0.020,301.856,  0.000,  0.000
  0.020,301.972,  0.000,  0.000
  0.021,301.989,  0.000,  0.000
  0.021,301.984,  0.001,  0.000
  0.020,301.834,  0.000,  0.000
  0.021,301.886,  0.001,  0.000
  0.021,301.481,  0.000,  0.000
  0.021,301.421,  0.000,  0.000
  0.021,301.359,  0.000,  0.000
  0.021,301.257,  0.000,  0.000
  0.021,301.174,  0.000,  0.000
  0.020,301.168,  0.000,  0.000
  0.020,301.194,  0.000,  0.000
  0.019,301.935,  0.000,  0.090
  0.020,301.675,  0.000,  0.090
  0.020,301.253,  0.000,  0.060
  0.020,301.638,  0.001,  0.060
  0.020,301.975,  0.030,  0.060
  0.020,301.869,  0.044,  0.060
  0.020,301.803,  0.021,  0.050
  0.020,301.784,  0.001,  0.050
  0.020,301.832,  0.000,  0.050
  0.020,301.765,  0.001,  0.020
  0.020,301.632,  0.001,  0.020
  0.020,301.599,  0.000,  0.020
  0.020,301.634,  0.000,  0.020
  0.020,301.725,  0.000,  0.040
  0.020,301.875,  0.000,  0.040
  0.020,301.956,  0.000,  0.040
  0.020,301.860,  0.000,  0.050
  0.020,301.883,  0.000,  0.050
  0.021,301.611,  0.000,  0.050
  0.021,301.470,  0.000,  0.050
  0.021,301.408,  0.000,  0.000
  0.021,301.327,  0.000,  0.000
  0.021,301.258,  0.000,  0.000
  0.021,301.253,  0.000,  0.010
  0.021,301.269,  0.000,  0.010
  0.020,301.727,  0.000,  0.090
  0.020,301.315,  0.000,  0.090
  0.020,300.758,  0.001,  0.060
  0.021,301.296,  0.003,  0.060
  0.020,301.773,  0.128,  0.060
  0.020,301.779,  0.744,  0.060
  0.020,301.722,  0.885,  0.050
  0.020,301.716,  0.600,  0.050
  0.020,301.814,  0.294,  0.050
  0.020,301.721,  0.094,  0.020
  0.021,301.637,  0.016,  0.020
  0.020,301.621,  0.003,  0.020
  0.020,301.595,  0.001,  0.020
  0.020,301.597,  0.000,  0.040
  0.020,301.685,  0.000,  0.040
  0.020,301.855,  0.000,  0.040
  0.020,301.897,  0.007,  0.050
  0.020,301.848,  0.010,  0.050
  0.020,301.838,  0.005,  0.050
  0.021,301.629,  0.000,  0.050
  0.021,301.517,  0.000,  0.000
  0.021,301.375,  0.000,  0.000
  0.021,301.300,  0.000,  0.000
  0.021,301.286,  0.000,  0.010
  0.021,301.332,  0.000,  0.010
  0.020,301.615,  0.000,  0.090
  0.020,301.494,  0.000,  0.090
  0.020,301.354,  0.000,  0.060
  0.020,301.510,  0.003,  0.060
  0.020,301.726,  0.004,  0.060
  0.020,301.750,  0.498,  0.060
  0.020,301.758,  1.069,  0.050
  0.020,301.761,  0.950,  0.050
  0.020,301.831,  0.687,  0.050
  0.021,301.753,  0.403,  0.020
  0.021,301.748,  0.137,  0.020
  0.021,301.790,  0.021,  0.020
  0.020,301.740,  0.002,  0.020
  0.020,301.681,  0.001,  0.040
  0.020,301.654,  0.000,  0.040
  0.020,301.509,  0.000,  0.040
  0.020,301.663,  0.003,  0.050
  0.020,301.799,  0.005,  0.050
  0.020,301.803,  0.003,  0.050
  0.020,301.756,  0.000,  0.050
  0.021,301.581,  0.000,  0.000
  0.021,301.406,  0.000,  0.000
  0.021,301.324,  0.000,  0.000
  0.021,301.323,  0.000,  0.010
  0.021,301.371,  0.000,  0.010
  0.020,301.726,  0.000,  0.090
  0.021,301.884,  0.000,  0.090
  0.020,301.748,  0.000,  0.060
  0.020,301.758,  0.000,  0.060
  0.020,301.745,  0.002,  0.060
  0.020,301.749,  0.004,  0.060
  0.020,301.745,  0.027,  0.050
  0.020,301.757,  0.061,  0.050
  0.020,301.774,  0.107,  0.050
  0.020,301.775,  0.262,  0.020
  0.021,301.800,  0.581,  0.020
  0.021,301.845,  0.776,  0.020
  0.021,301.816,  0.481,  0.020
  0.021,301.751,  0.149,  0.040
  0.021,301.701,  0.024,  0.040
  0.021,301.022,  0.002,  0.040
  0.021,301.310,  0.000,  0.050
  0.020,301.723,  0.000,  0.050
  0.020,301.736,  0.001,  0.050
  0.020,301.623,  0.000,  0.050
  0.021,301.503,  0.000,  0.000
  0.021,301.439,  0.000,  0.000
  0.021,301.379,  0.000,  0.000
  0.021,301.375,  0.000,  0.010
  0.021,301.428,  0.000,  0.010
  0.020,301.790,  0.000,  0.200
  0.021,301.852,  0.000,  0.200
  0.020,301.807,  0.000,  0.120
  0.020,301.752,  0.000,  0.120
  0.020,301.757,  0.000,  0.120
  0.020,301.738,  0.001,  0.120
  0.020,301.720,  0.002,  0.050
  0.020,301.728,  0.001,  0.050
  0.020,301.735,  0.002,  0.050
  0.020,301.766,  0.024,  0.020
  0.021,301.758,  0.177,  0.020
  0.021,301.831,  0.438,  0.020
  0.021,301.802,  0.367,  0.020
  0.020,301.669,  0.165,  0.000
  0.020,301.450,  0.048,  0.000
  0.021,301.091,  0.009,  0.000
  0.021,301.414,  0.001,  0.000
  0.020,301.679,  0.000,  0.000
  0.020,301.636,  0.000,  0.000
  0.021,301.512,  0.000,  0.000
  0.021,301.412,  0.002,  0.000
  0.021,301.400,  0.003,  0.000
  0.020,301.403,  0.001,  0.000
  0.020,301.423,  0.000,  0.000
  0.020,301.482,  0.000,  0.000
  0.020,301.788,  0.000,  0.200
  0.020,301.766,  0.000,  0.200
  0.020,301.758,  0.000,  0.120
  0.020,301.763,  0.000,  0.120
  0.020,301.774,  0.000,  0.120
  0.020,301.763,  0.000,  0.120
  0.020,301.734,  0.000,  0.050
  0.020,301.704,  0.002,  0.050
  0.020,301.711,  0.028,  0.050
  0.020,301.767,  0.194,  0.020
  0.020,301.619,  0.102,  0.020
  0.021,301.740,  0.067,  0.020
  0.021,301.769,  0.104,  0.020
  0.021,301.333,  0.062,  0.000
  0.021,301.117,  0.023,  0.000
  0.021,301.254,  0.007,  0.000
  0.020,301.604,  0.001,  0.000
  0.021,301.623,  0.000,  0.000
  0.021,301.527,  0.000,  0.000
  0.021,301.471,  0.000,  0.000
  0.021,301.436,  0.002,  0.000
  0.021,301.382,  0.003,  0.000
  0.020,301.380,  0.002,  0.000
  0.020,301.436,  0.001,  0.000
  0.020,301.498,  0.000,  0.000
  0.020,301.783,  0.000,  0.200
  0.020,301.799,  0.000,  0.200
  0.020,301.771,  0.000,  0.120
  0.020,301.744,  0.000,  0.120
  0.020,301.785,  0.000,  0.120
  0.020,301.772,  0.000,  0.120
  0.020,301.768,  0.000,  0.050
  0.020,301.720,  0.010,  0.050
  0.020,301.716,  0.070,  0.050
  0.020,301.759,  1.163,  0.020
  0.020,301.558,  2.768,  0.020
  0.021,301.619,  2.377,  0.020
  0.021,301.501,  1.087,  0.020
  0.021,300.925,  0.213,  0.000
  0.021,300.518,  0.012,  0.000
  0.021,300.908,  0.004,  0.000
  0.021,301.456,  0.003,  0.000
  0.021,301.427,  0.001,  0.000
  0.021,301.382,  0.001,  0.000
  0.021,301.453,  0.000,  0.000
  0.021,301.438,  0.000,  0.000
  0.021,301.416,  0.001,  0.000
  0.020,301.413,  0.001,  0.000
  0.020,301.445,  0.000,  0.000
  0.020,301.498,  0.000,  0.000
  0.020,301.776,  0.000,  0.200
  0.020,301.789,  0.000,  0.200
  0.020,301.783,  0.000,  0.120
  0.020,301.755,  0.000,  0.120
  0.020,301.782,  0.000,  0.120
  0.020,301.802,  0.000,  0.120
  0.020,301.771,  0.000,  0.050
  0.020,301.746,  0.001,  0.050
  0.020,301.759,  0.008,  0.050
  0.020,301.776,  0.045,  0.020
  0.020,301.776,  0.150,  0.020
  0.020,301.776,  0.404,  0.020
  0.020,301.582,  0.772,  0.020
  0.021,300.958,  1.490,  0.000
  0.021,300.743,  0.926,  0.000
  0.021,300.973,  0.235,  0.000
  0.021,301.380,  0.039,  0.000
  0.021,301.196,  0.004,  0.000
  0.021,301.181,  0.001,  0.000
  0.021,301.355,  0.000,  0.000
  0.021,301.423,  0.000,  0.000
  0.021,301.426,  0.000,  0.000
  0.021,301.446,  0.000,  0.000
  0.020,301.461,  0.001,  0.000
  0.020,301.519,  0.000,  0.000
  0.020,301.786,  0.000,  0.050
  0.020,301.774,  0.000,  0.050
  0.020,301.763,  0.000,  0.020
  0.020,301.771,  0.000,  0.020
  0.020,301.781,  0.000,  0.020
  0.020,301.799,  0.000,  0.020
  0.020,301.806,  0.000,  0.020
  0.020,301.789,  0.000,  0.020
  0.020,301.776,  0.000,  0.020
  0.020,301.793,  0.002,  0.010
  0.020,301.775,  0.004,  0.010
  0.020,301.777,  0.006,  0.010
  0.020,301.770,  0.069,  0.010
  0.022,301.831,  0.413,  0.010
  0.021,301.280,  1.329,  0.010
  0.021,301.690,  1.257,  0.010
  0.021,301.357,  0.498,  0.000
  0.021,301.068,  0.126,  0.000
  0.021,300.964,  0.022,  0.000
  0.021,301.181,  0.002,  0.000
  0.021,301.398,  0.000,  0.000
  0.021,301.456,  0.000,  0.000
  0.020,301.477,  0.000,  0.000
  0.020,301.486,  0.000,  0.000
  0.020,301.542,  0.000,  0.000
  0.020,301.765,  0.000,  0.050
  0.020,301.761,  0.000,  0.050
  0.020,301.753,  0.000,  0.020
  0.020,301.748,  0.000,  0.020
  0.020,301.769,  0.000,  0.020
  0.020,301.756,  0.000,  0.020
  0.020,301.761,  0.000,  0.020
  0.020,301.752,  0.000,  0.020
  0.020,301.752,  0.000,  0.020
  0.020,301.759,  0.001,  0.010
  0.020,301.755,  0.001,  0.010
  0.020,301.771,  0.001,  0.010
  0.020,301.778,  0.002,  0.010
  0.020,301.739,  0.012,  0.010
  0.020,301.726,  0.227,  0.010
  0.020,301.607,  0.814,  0.010
  0.021,301.332,  0.476,  0.000
  0.021,301.061,  0.126,  0.000
  0.021,301.006,  0.038,  0.000
  0.021,301.196,  0.006,  0.000
  0.021,301.448,  0.001,  0.000
  0.020,301.543,  0.000,  0.000
  0.020,301.551,  0.000,  0.000
  0.020,301.533,  0.000,  0.000
  0.020,301.544,  0.000,  0.000
