  0.012,295.962,  0.000,  0.000
  0.012,295.932,  0.000,  0.000
  0.012,295.968,  0.000,  0.000
  0.013,296.010,  0.000,  0.000
  0.013,296.006,  0.000,  0.000
  0.012,295.979,  0.000,  0.000
  0.012,295.986,  0.000,  0.000
  0.013,296.048,  0.000,  0.000
  0.013,296.063,  0.000,  0.000
  0.013,295.996,  0.000,  0.000
  0.012,295.944,  0.000,  0.000
  0.013,295.965,  0.000,  0.000
  0.013,295.969,  0.000,  0.000
  0.013,295.942,  0.000,  0.000
  0.013,295.933,  0.000,  0.000
  0.013,295.953,  0.000,  0.000
  0.013,295.981,  0.000,  0.000
  0.014,295.993,  0.000,  0.000
  0.014,295.956,  0.000,  0.000
  0.013,295.893,  0.000,  0.000
  0.014,295.900,  0.000,  0.000
  0.014,295.997,  0.000,  0.000
  0.014,296.100,  0.000,  0.000
  0.014,296.180,  0.000,  0.000
  0.014,296.217,  0.000,  0.000
  0.013,296.056,  0.000,  0.000
  0.012,295.999,  0.000,  0.000
  0.012,295.951,  0.000,  0.000
  0.013,295.995,  0.000,  0.000
  0.013,296.067,  0.000,  0.000
  0.013,296.074,  0.000,  0.000
  0.012,296.009,  0.000,  0.000
  0.012,295.999,  0.000,  0.000
  0.013,296.063,  0.000,  0.000
  0.013,296.057,  0.000,  0.000
  0.013,295.995,  0.000,  0.000
  0.013,295.974,  0.000,  0.000
  0.013,295.977,  0.000,  0.000
  0.013,295.950,  0.000,  0.000
  0.013,295.938,  0.000,  0.000
  0.013,295.977,  0.000,  0.000
  0.014,296.023,  0.000,  0.000
  0.014,296.025,  0.000,  0.000
  0.014,295.986,  0.000,  0.000
  0.014,295.950,  0.000,  0.000
  0.014,295.971,  0.000,  0.000
  0.014,296.056,  0.000,  0.000
  0.014,296.149,  0.000,  0.000
  0.014,296.198,  0.000,  0.000
  0.014,296.214,  0.000,  0.000
  0.013,296.115,  0.000,  0.000
  0.013,296.079,  0.000,  0.000
  0.013,296.018,  0.000,  0.000
  0.013,296.019,  0.000,  0.000
  0.013,296.095,  0.000,  0.000
  0.013,296.134,  0.000,  0.000
  0.013,296.048,  0.000,  0.000
  0.013,295.964,  0.000,  0.000
  0.013,296.022,  0.000,  0.000
  0.013,296.089,  0.000,  0.000
  0.013,296.056,  0.000,  0.000
  0.013,295.991,  0.000,  0.000
  0.013,295.975,  0.000,  0.000
  0.013,295.967,  0.000,  0.000
  0.013,295.967,  0.000,  0.000
  0.013,296.020,  0.000,  0.000
  0.014,296.084,  0.000,  0.000
  0.014,296.080,  0.000,  0.000
  0.014,296.043,  0.000,  0.000
  0.014,296.041,  0.000,  0.000
  0.014,296.085,  0.000,  0.000
  0.014,296.165,  0.000,  0.000
  0.014,296.235,  0.000,  0.000
  0.014,296.240,  0.000,  0.000
  0.014,296.204,  0.000,  0.000
  0.013,296.076,  0.000,  0.000
  0.013,296.096,  0.000,  0.000
  0.013,296.097,  0.000,  0.000
  0.013,296.088,  0.000,  0.000
  0.013,296.105,  0.000,  0.000
  0.013,296.130,  0.000,  0.000
  0.013,296.073,  0.000,  0.000
  0.013,295.971,  0.000,  0.000
  0.013,295.988,  0.000,  0.000
  0.013,296.100,  0.000,  0.000
  0.013,296.126,  0.000,  0.000
  0.013,296.039,  0.000,  0.000
  0.013,295.975,  0.000,  0.000
  0.013,295.985,  0.000,  0.000
  0.013,296.010,  0.000,  0.000
  0.014,296.082,  0.000,  0.000
  0.014,296.153,  0.000,  0.000
  0.014,296.144,  0.000,  0.000
  0.014,296.109,  0.000,  0.000
  0.014,296.132,  0.000,  0.000
  0.014,296.199,  0.000,  0.000
  0.014,296.269,  0.000,  0.000
  0.014,296.296,  0.000,  0.000
  0.014,296.275,  0.000,  0.000
  0.014,296.227,  0.000,  0.000
  0.013,295.996,  0.000,  0.000
  0.013,296.063,  0.000,  0.000
  0.013,296.129,  0.000,  0.000
  0.013,296.143,  0.000,  0.000
  0.013,296.125,  0.000,  0.000
  0.013,296.114,  0.000,  0.000
  0.013,296.080,  0.000,  0.000
  0.013,296.008,  0.000,  0.000
  0.013,296.001,  0.000,  0.000
  0.013,296.103,  0.000,  0.000
  0.013,296.176,  0.000,  0.000
  0.013,296.122,  0.000,  0.000
  0.013,296.038,  0.000,  0.000
  0.013,296.038,  0.000,  0.000
  0.013,296.070,  0.000,  0.000
  0.014,296.154,  0.000,  0.000
  0.014,296.224,  0.000,  0.000
  0.014,296.197,  0.000,  0.000
  0.014,296.159,  0.000,  0.000
  0.014,296.210,  0.000,  0.000
  0.014,296.285,  0.000,  0.000
  0.014,296.329,  0.000,  0.000
  0.014,296.313,  0.000,  0.000
  0.014,296.270,  0.000,  0.000
  0.014,296.237,  0.000,  0.000
  0.013,296.038,  0.000,  0.000
  0.013,296.080,  0.000,  0.000
  0.013,296.134,  0.000,  0.000
  0.013,296.158,  0.000,  0.000
  0.013,296.141,  0.000,  0.000
  0.013,296.119,  0.000,  0.000
  0.013,296.106,  0.000,  0.000
  0.013,296.077,  0.000,  0.000
  0.013,296.063,  0.000,  0.000
  0.013,296.094,  0.000,  0.000
  0.013,296.160,  0.000,  0.000
  0.013,296.185,  0.000,  0.000
  0.013,296.162,  0.000,  0.000
  0.013,296.150,  0.000,  0.000
  0.014,296.165,  0.000,  0.000
  0.014,296.216,  0.000,  0.000
  0.014,296.268,  0.000,  0.000
  0.014,296.245,  0.000,  0.000
  0.014,296.199,  0.000,  0.000
  0.014,296.255,  0.000,  0.000
  0.014,296.341,  0.000,  0.000
  0.014,296.366,  0.000,  0.000
  0.014,296.353,  0.000,  0.000
  0.014,296.292,  0.000,  0.000
  0.014,296.234,  0.000,  0.000
  0.013,296.182,  0.000,  0.000
  0.013,296.189,  0.000,  0.000
  0.013,296.194,  0.000,  0.000
  0.013,296.171,  0.000,  0.000
  0.012,296.130,  0.000,  0.000
  0.013,296.124,  0.000,  0.000
  0.013,296.156,  0.000,  0.000
  0.013,296.166,  0.000,  0.000
  0.013,296.135,  0.000,  0.000
  0.013,296.089,  0.000,  0.000
  0.013,296.120,  0.000,  0.000
  0.014,296.202,  0.000,  0.000
  0.014,296.269,  0.000,  0.000
  0.014,296.289,  0.000,  0.000
  0.014,296.272,  0.000,  0.000
  0.014,296.244,  0.000,  0.000
  0.014,296.247,  0.000,  0.000
  0.014,296.277,  0.000,  0.000
  0.014,296.268,  0.000,  0.000
  0.014,296.281,  0.000,  0.000
  0.014,296.341,  0.000,  0.000
  0.014,296.385,  0.000,  0.000
  0.014,296.415,  0.000,  0.000
  0.014,296.387,  0.000,  0.000
  0.014,296.306,  0.000,  0.000
  0.013,296.280,  0.000,  0.000
  0.013,296.289,  0.000,  0.000
  0.013,296.284,  0.000,  0.000
  0.013,296.218,  0.000,  0.000
  0.013,296.123,  0.000,  0.000
  0.013,296.120,  0.000,  0.000
  0.013,296.199,  0.000,  0.000
  0.013,296.244,  0.000,  0.000
  0.013,296.196,  0.000,  0.000
  0.013,296.106,  0.000,  0.000
  0.013,296.116,  0.000,  0.000
  0.014,296.214,  0.000,  0.000
  0.014,296.322,  0.000,  0.000
  0.014,296.381,  0.000,  0.000
  0.014,296.335,  0.000,  0.000
  0.013,296.227,  0.000,  0.000
  0.014,296.188,  0.000,  0.000
  0.014,296.287,  0.000,  0.000
  0.014,296.359,  0.000,  0.000
  0.014,296.320,  0.000,  0.000
  0.014,296.316,  0.000,  0.000
  0.014,296.382,  0.000,  0.000
  0.014,296.438,  0.000,  0.000
  0.014,296.468,  0.000,  0.000
  0.014,296.427,  0.000,  0.000
  0.013,296.276,  0.000,  0.000
  0.013,296.322,  0.000,  0.000
  0.013,296.326,  0.000,  0.000
  0.013,296.259,  0.000,  0.000
  0.013,296.149,  0.000,  0.000
  0.013,296.121,  0.000,  0.000
  0.013,296.217,  0.000,  0.000
  0.013,296.314,  0.000,  0.000
  0.013,296.255,  0.000,  0.000
  0.013,296.123,  0.000,  0.000
  0.013,296.127,  0.000,  0.000
  0.014,296.235,  0.000,  0.000
  0.014,296.346,  0.000,  0.000
  0.014,296.412,  0.000,  0.000
  0.014,296.344,  0.000,  0.000
  0.013,296.189,  0.000,  0.000
  0.013,296.144,  0.000,  0.000
  0.014,296.282,  0.000,  0.000
  0.014,296.419,  0.000,  0.000
  0.014,296.375,  0.000,  0.000
  0.013,296.287,  0.000,  0.000
  0.013,296.318,  0.000,  0.000
  0.014,296.410,  0.000,  0.000
  0.014,296.482,  0.000,  0.000
  0.014,296.494,  0.000,  0.000
  0.013,296.247,  0.000,  0.000
  0.013,296.297,  0.000,  0.000
  0.013,296.290,  0.000,  0.000
  0.013,296.251,  0.000,  0.000
  0.013,296.196,  0.000,  0.000
  0.013,296.168,  0.000,  0.000
  0.013,296.262,  0.000,  0.000
  0.014,296.380,  0.000,  0.000
  0.013,296.293,  0.000,  0.000
  0.013,296.122,  0.000,  0.000
  0.013,296.116,  0.000,  0.000
  0.013,296.233,  0.000,  0.000
  0.014,296.361,  0.000,  0.000
  0.014,296.435,  0.000,  0.000
  0.014,296.358,  0.000,  0.000
  0.013,296.184,  0.000,  0.000
  0.013,296.155,  0.000,  0.000
  0.014,296.302,  0.000,  0.000
  0.014,296.453,  0.000,  0.000
  0.014,296.435,  0.000,  0.000
  0.014,296.305,  0.000,  0.000
  0.013,296.272,  0.000,  0.000
  0.014,296.346,  0.000,  0.000
  0.014,296.467,  0.000,  0.000
  0.014,296.538,  0.000,  0.000
  0.013,296.323,  0.000,  0.000
  0.013,296.271,  0.000,  0.000
  0.013,296.191,  0.000,  0.000
  0.013,296.203,  0.000,  0.000
  0.013,296.236,  0.000,  0.000
  0.013,296.267,  0.000,  0.000
  0.013,296.353,  0.000,  0.000
  0.014,296.395,  0.000,  0.000
  0.014,296.297,  0.000,  0.000
  0.013,296.171,  0.000,  0.000
  0.013,296.169,  0.000,  0.000
  0.013,296.261,  0.000,  0.000
  0.014,296.372,  0.000,  0.000
  0.014,296.452,  0.000,  0.000
  0.014,296.407,  0.000,  0.000
  0.013,296.285,  0.000,  0.000
  0.013,296.267,  0.000,  0.000
  0.014,296.379,  0.000,  0.000
  0.014,296.486,  0.000,  0.000
  0.014,296.485,  0.000,  0.000
  0.014,296.411,  0.000,  0.000
  0.014,296.353,  0.000,  0.000
  0.013,296.345,  0.000,  0.000
  0.014,296.449,  0.000,  0.000
  0.014,296.582,  0.000,  0.000
  0.013,296.432,  0.000,  0.000
  0.013,296.277,  0.000,  0.000
  0.013,296.145,  0.000,  0.000
  0.013,296.192,  0.000,  0.000
  0.013,296.293,  0.000,  0.000
  0.013,296.375,  0.000,  0.000
  0.014,296.397,  0.000,  0.000
  0.014,296.330,  0.000,  0.000
  0.014,296.288,  0.000,  0.000
  0.013,296.296,  0.000,  0.000
  0.013,296.319,  0.000,  0.000
  0.014,296.389,  0.000,  0.000
  0.014,296.432,  0.000,  0.000
  0.014,296.432,  0.000,  0.000
  0.014,296.436,  0.000,  0.000
  0.014,296.434,  0.000,  0.000
  0.014,296.441,  0.000,  0.000
  0.014,296.477,  0.000,  0.000
  0.014,296.507,  0.000,  0.000
  0.014,296.522,  0.000,  0.000
  0.014,296.520,  0.000,  0.000
  0.014,296.463,  0.000,  0.000
  0.013,296.381,  0.000,  0.000
  0.013,296.402,  0.000,  0.000
  0.014,296.547,  0.000,  0.000
  0.013,296.459,  0.000,  0.000
  0.013,296.302,  0.000,  0.000
  0.013,296.201,  0.000,  0.000
  0.013,296.262,  0.000,  0.000
  0.014,296.381,  0.000,  0.000
  0.014,296.443,  0.000,  0.000
  0.013,296.355,  0.000,  0.000
  0.014,296.256,  0.000,  0.000
  0.014,296.329,  0.000,  0.000
  0.014,296.440,  0.000,  0.000
  0.014,296.499,  0.000,  0.000
  0.014,296.541,  0.000,  0.000
  0.014,296.504,  0.000,  0.000
  0.014,296.425,  0.000,  0.000
  0.014,296.445,  0.000,  0.000
  0.014,296.531,  0.000,  0.000
  0.014,296.556,  0.000,  0.000
  0.014,296.516,  0.000,  0.000
  0.014,296.513,  0.000,  0.000
  0.014,296.579,  0.000,  0.000
  0.014,296.587,  0.000,  0.000
  0.014,296.516,  0.000,  0.000
  0.013,296.402,  0.000,  0.000
  0.013,296.345,  0.000,  0.000
  0.014,296.450,  0.000,  0.000
  0.013,296.406,  0.000,  0.000
  0.013,296.329,  0.000,  0.000
  0.013,296.299,  0.000,  0.000
  0.013,296.366,  0.000,  0.000
  0.014,296.487,  0.000,  0.000
  0.014,296.471,  0.000,  0.000
  0.013,296.280,  0.000,  0.000
  0.013,296.222,  0.000,  0.000
  0.014,296.365,  0.000,  0.000
  0.014,296.531,  0.000,  0.000
  0.014,296.579,  0.000,  0.000
  0.014,296.534,  0.000,  0.000
  0.014,296.471,  0.000,  0.000
  0.014,296.444,  0.000,  0.000
  0.014,296.481,  0.000,  0.000
  0.014,296.548,  0.000,  0.000
  0.014,296.538,  0.000,  0.000
  0.014,296.494,  0.000,  0.000
  0.014,296.544,  0.000,  0.000
  0.014,296.622,  0.000,  0.000
  0.014,296.616,  0.000,  0.000
  0.014,296.555,  0.000,  0.000
  0.014,296.464,  0.000,  0.000
  0.013,296.371,  0.000,  0.000
  0.013,296.390,  0.000,  0.000
  0.013,296.339,  0.000,  0.000
  0.013,296.333,  0.000,  0.000
  0.013,296.386,  0.000,  0.000
  0.013,296.472,  0.000,  0.000
  0.014,296.540,  0.000,  0.000
  0.014,296.449,  0.000,  0.000
  0.013,296.274,  0.000,  0.000
  0.013,296.254,  0.000,  0.000
  0.014,296.380,  0.000,  0.000
  0.014,296.554,  0.000,  0.000
  0.014,296.560,  0.000,  0.000
  0.013,296.397,  0.000,  0.000
  0.013,296.309,  0.000,  0.000
  0.014,296.392,  0.000,  0.000
  0.014,296.514,  0.000,  0.000
  0.014,296.547,  0.000,  0.000
  0.014,296.484,  0.000,  0.000
  0.014,296.495,  0.000,  0.000
  0.014,296.588,  0.000,  0.000
  0.014,296.598,  0.000,  0.000
  0.014,296.597,  0.000,  0.000
  0.014,296.626,  0.000,  0.000
  0.014,296.591,  0.000,  0.000
  0.014,296.483,  0.000,  0.000
  0.014,296.425,  0.000,  0.000
