  0.016,298.478,  0.000,  0.000
  0.016,298.445,  0.000,  0.000
  0.016,298.440,  0.000,  0.000
  0.016,298.443,  0.000,  0.000
  0.016,298.426,  0.000,  0.000
  0.016,298.403,  0.000,  0.000
  0.016,298.381,  0.000,  0.000
  0.016,298.353,  0.000,  0.000
  0.016,298.344,  0.000,  0.000
  0.016,298.361,  0.000,  0.000
  0.016,298.383,  0.000,  0.000
  0.016,298.383,  0.000,  0.000
  0.016,298.368,  0.000,  0.000
  0.016,298.350,  0.000,  0.000
  0.016,298.339,  0.000,  0.000
  0.016,298.328,  0.000,  0.000
  0.016,298.304,  0.000,  0.000
  0.016,298.274,  0.000,  0.000
  0.016,298.256,  0.000,  0.000
  0.016,298.249,  0.000,  0.000
  0.016,298.224,  0.000,  0.000
  0.016,298.198,  0.000,  0.000
  0.016,298.177,  0.000,  0.000
  0.016,298.178,  0.000,  0.000
  0.016,298.178,  0.000,  0.000
  0.016,298.493,  0.000,  0.000
  0.016,298.469,  0.000,  0.000
  0.016,298.459,  0.000,  0.000
  0.016,298.444,  0.000,  0.000
  0.016,298.423,  0.000,  0.000
  0.016,298.406,  0.000,  0.000
  0.016,298.388,  0.000,  0.000
  0.016,298.366,  0.000,  0.000
  0.016,298.360,  0.000,  0.000
  0.016,298.372,  0.000,  0.000
  0.016,298.392,  0.000,  0.000
  0.016,298.395,  0.000,  0.000
  0.016,298.376,  0.000,  0.000
  0.016,298.363,  0.000,  0.000
  0.016,298.364,  0.000,  0.000
  0.016,298.346,  0.000,  0.000
  0.016,298.309,  0.000,  0.000
  0.016,298.282,  0.000,  0.000
  0.016,298.278,  0.000,  0.000
  0.016,298.264,  0.000,  0.000
  0.016,298.229,  0.000,  0.000
  0.016,298.202,  0.000,  0.000
  0.016,298.178,  0.000,  0.000
  0.016,298.173,  0.000,  0.000
  0.016,298.172,  0.000,  0.000
  0.016,298.498,  0.000,  0.000
  0.016,298.485,  0.000,  0.000
  0.016,298.470,  0.000,  0.000
  0.016,298.449,  0.000,  0.000
  0.016,298.432,  0.000,  0.000
  0.016,298.424,  0.000,  0.000
  0.016,298.412,  0.000,  0.000
  0.016,298.397,  0.000,  0.000
  0.016,298.378,  0.000,  0.000
  0.016,298.381,  0.000,  0.000
  0.016,298.402,  0.000,  0.000
  0.016,298.416,  0.000,  0.000
  0.016,298.403,  0.000,  0.000
  0.016,298.388,  0.000,  0.000
  0.016,298.374,  0.000,  0.000
  0.016,298.339,  0.000,  0.000
  0.016,298.301,  0.000,  0.000
  0.016,298.293,  0.000,  0.000
  0.016,298.299,  0.000,  0.000
  0.016,298.280,  0.000,  0.000
  0.016,298.244,  0.000,  0.000
  0.016,298.213,  0.000,  0.000
  0.016,298.183,  0.000,  0.000
  0.016,298.170,  0.000,  0.000
  0.016,298.163,  0.000,  0.000
  0.016,298.504,  0.000,  0.000
  0.016,298.502,  0.000,  0.000
  0.016,298.490,  0.000,  0.000
  0.016,298.473,  0.000,  0.000
  0.016,298.462,  0.000,  0.000
  0.016,298.457,  0.000,  0.000
  0.016,298.443,  0.000,  0.000
  0.016,298.420,  0.000,  0.000
  0.016,298.394,  0.000,  0.000
  0.016,298.393,  0.000,  0.000
  0.016,298.416,  0.000,  0.000
  0.016,298.437,  0.000,  0.000
  0.016,298.430,  0.000,  0.000
  0.016,298.404,  0.000,  0.000
  0.016,298.375,  0.000,  0.000
  0.016,298.343,  0.000,  0.000
  0.016,298.321,  0.000,  0.000
  0.016,298.320,  0.000,  0.000
  0.016,298.320,  0.000,  0.000
  0.016,298.302,  0.000,  0.000
  0.016,298.269,  0.000,  0.000
  0.016,298.229,  0.000,  0.000
  0.016,298.196,  0.000,  0.000
  0.016,298.182,  0.000,  0.000
  0.016,298.176,  0.000,  0.000
  0.016,298.515,  0.000,  0.000
  0.016,298.525,  0.000,  0.000
  0.016,298.515,  0.000,  0.000
  0.016,298.500,  0.000,  0.000
  0.016,298.489,  0.000,  0.000
  0.016,298.480,  0.000,  0.000
  0.016,298.461,  0.000,  0.000
  0.016,298.433,  0.000,  0.000
  0.016,298.412,  0.000,  0.000
  0.016,298.412,  0.000,  0.000
  0.016,298.432,  0.000,  0.000
  0.016,298.447,  0.000,  0.000
  0.016,298.434,  0.000,  0.000
  0.016,298.402,  0.000,  0.000
  0.016,298.374,  0.000,  0.000
  0.016,298.364,  0.000,  0.000
  0.016,298.360,  0.000,  0.000
  0.016,298.352,  0.000,  0.000
  0.016,298.346,  0.000,  0.000
  0.016,298.331,  0.000,  0.000
  0.016,298.299,  0.000,  0.000
  0.016,298.255,  0.000,  0.000
  0.016,298.221,  0.000,  0.000
  0.016,298.210,  0.000,  0.000
  0.016,298.199,  0.000,  0.000
  0.016,298.528,  0.000,  0.000
  0.016,298.539,  0.000,  0.000
  0.016,298.533,  0.000,  0.000
  0.016,298.524,  0.000,  0.000
  0.016,298.514,  0.000,  0.000
  0.016,298.496,  0.000,  0.000
  0.016,298.476,  0.000,  0.000
  0.016,298.457,  0.000,  0.000
  0.016,298.440,  0.000,  0.000
  0.016,298.441,  0.000,  0.000
  0.016,298.448,  0.000,  0.000
  0.016,298.438,  0.000,  0.000
  0.016,298.409,  0.000,  0.000
  0.016,298.380,  0.000,  0.000
  0.016,298.376,  0.000,  0.000
  0.016,298.387,  0.000,  0.000
  0.016,298.381,  0.000,  0.000
  0.016,298.373,  0.000,  0.000
  0.016,298.364,  0.000,  0.000
  0.016,298.352,  0.000,  0.000
  0.016,298.323,  0.000,  0.000
  0.016,298.281,  0.000,  0.000
  0.016,298.246,  0.000,  0.000
  0.016,298.233,  0.000,  0.000
  0.016,298.216,  0.000,  0.000
  0.016,298.552,  0.000,  0.000
  0.016,298.551,  0.000,  0.000
  0.016,298.544,  0.000,  0.000
  0.016,298.534,  0.000,  0.000
  0.016,298.523,  0.000,  0.000
  0.016,298.497,  0.000,  0.000
  0.016,298.478,  0.000,  0.000
  0.016,298.464,  0.000,  0.000
  0.016,298.459,  0.000,  0.000
  0.016,298.463,  0.000,  0.000
  0.016,298.457,  0.000,  0.000
  0.016,298.426,  0.000,  0.000
  0.016,298.382,  0.000,  0.000
  0.016,298.361,  0.000,  0.000
  0.016,298.383,  0.000,  0.000
  0.016,298.402,  0.000,  0.000
  0.016,298.395,  0.000,  0.000
  0.016,298.380,  0.000,  0.000
  0.016,298.368,  0.000,  0.000
  0.016,298.360,  0.000,  0.000
  0.016,298.346,  0.000,  0.000
  0.016,298.305,  0.000,  0.000
  0.016,298.260,  0.000,  0.000
  0.016,298.237,  0.000,  0.000
  0.016,298.218,  0.000,  0.000
  0.016,298.581,  0.000,  0.000
  0.016,298.572,  0.000,  0.000
  0.016,298.553,  0.000,  0.000
  0.016,298.537,  0.000,  0.000
  0.016,298.518,  0.000,  0.000
  0.016,298.497,  0.000,  0.000
  0.016,298.493,  0.000,  0.000
  0.016,298.484,  0.000,  0.000
  0.016,298.483,  0.000,  0.000
  0.016,298.474,  0.000,  0.000
  0.016,298.450,  0.000,  0.000
  0.016,298.408,  0.000,  0.000
  0.016,298.378,  0.000,  0.000
  0.016,298.374,  0.000,  0.000
  0.016,298.387,  0.000,  0.000
  0.016,298.402,  0.000,  0.000
  0.016,298.404,  0.000,  0.000
  0.016,298.387,  0.000,  0.000
  0.016,298.368,  0.000,  0.000
  0.016,298.357,  0.000,  0.000
  0.016,298.355,  0.000,  0.000
  0.016,298.334,  0.000,  0.000
  0.016,298.281,  0.000,  0.000
  0.016,298.235,  0.000,  0.000
  0.016,298.208,  0.000,  0.000
  0.016,298.601,  0.000,  0.000
  0.016,298.580,  0.000,  0.000
  0.016,298.553,  0.000,  0.000
  0.016,298.534,  0.000,  0.000
  0.016,298.516,  0.000,  0.000
  0.016,298.514,  0.000,  0.000
  0.016,298.525,  0.000,  0.000
  0.016,298.530,  0.000,  0.000
  0.016,298.516,  0.000,  0.000
  0.016,298.477,  0.000,  0.000
  0.016,298.430,  0.000,  0.000
  0.016,298.401,  0.000,  0.000
  0.016,298.405,  0.000,  0.000
  0.016,298.404,  0.000,  0.000
  0.016,298.394,  0.000,  0.000
  0.016,298.396,  0.000,  0.000
  0.016,298.404,  0.000,  0.000
  0.016,298.396,  0.000,  0.000
  0.016,298.376,  0.000,  0.000
  0.016,298.358,  0.000,  0.000
  0.016,298.346,  0.000,  0.000
  0.016,298.335,  0.000,  0.000
  0.016,298.301,  0.000,  0.000
  0.016,298.253,  0.000,  0.000
  0.016,298.221,  0.000,  0.000
  0.016,298.614,  0.000,  0.000
  0.016,298.589,  0.000,  0.000
  0.016,298.557,  0.000,  0.000
  0.016,298.536,  0.000,  0.000
  0.016,298.526,  0.000,  0.000
  0.016,298.525,  0.000,  0.000
  0.016,298.543,  0.000,  0.000
  0.016,298.556,  0.000,  0.000
  0.016,298.530,  0.000,  0.000
  0.016,298.474,  0.000,  0.000
  0.016,298.428,  0.000,  0.000
  0.016,298.418,  0.000,  0.000
  0.016,298.429,  0.000,  0.000
  0.016,298.426,  0.000,  0.000
  0.016,298.412,  0.000,  0.000
  0.016,298.403,  0.000,  0.000
  0.016,298.410,  0.000,  0.000
  0.016,298.414,  0.000,  0.000
  0.016,298.396,  0.000,  0.000
  0.016,298.369,  0.000,  0.000
  0.016,298.341,  0.000,  0.000
  0.016,298.321,  0.000,  0.000
  0.016,298.305,  0.000,  0.000
  0.016,298.277,  0.000,  0.000
  0.016,298.251,  0.000,  0.000
  0.016,298.622,  0.000,  0.000
  0.016,298.607,  0.000,  0.000
  0.016,298.575,  0.000,  0.000
  0.016,298.553,  0.000,  0.000
  0.016,298.546,  0.000,  0.000
  0.016,298.541,  0.000,  0.000
  0.016,298.545,  0.000,  0.000
  0.016,298.549,  0.000,  0.000
  0.016,298.525,  0.000,  0.000
  0.016,298.481,  0.000,  0.000
  0.016,298.454,  0.000,  0.000
  0.016,298.447,  0.000,  0.000
  0.016,298.448,  0.000,  0.000
  0.016,298.442,  0.000,  0.000
  0.016,298.433,  0.000,  0.000
  0.016,298.427,  0.000,  0.000
  0.016,298.425,  0.000,  0.000
  0.016,298.426,  0.000,  0.000
  0.016,298.419,  0.000,  0.000
  0.016,298.392,  0.000,  0.000
  0.016,298.355,  0.000,  0.000
  0.016,298.326,  0.000,  0.000
  0.016,298.311,  0.000,  0.000
  0.016,298.298,  0.000,  0.000
  0.016,298.283,  0.000,  0.000
  0.016,298.627,  0.000,  0.000
  0.016,298.614,  0.000,  0.000
  0.016,298.596,  0.000,  0.000
  0.016,298.571,  0.000,  0.000
  0.016,298.562,  0.000,  0.000
  0.016,298.561,  0.000,  0.000
  0.016,298.555,  0.000,  0.000
  0.016,298.545,  0.000,  0.000
  0.016,298.515,  0.000,  0.000
  0.016,298.487,  0.000,  0.000
  0.016,298.481,  0.000,  0.000
  0.016,298.482,  0.000,  0.000
  0.016,298.475,  0.000,  0.000
  0.016,298.462,  0.000,  0.000
  0.016,298.450,  0.000,  0.000
  0.016,298.447,  0.000,  0.000
  0.016,298.441,  0.000,  0.000
  0.016,298.427,  0.000,  0.000
  0.016,298.414,  0.000,  0.000
  0.016,298.402,  0.000,  0.000
  0.016,298.378,  0.000,  0.000
  0.016,298.349,  0.000,  0.000
  0.016,298.333,  0.000,  0.000
  0.016,298.327,  0.000,  0.000
  0.016,298.317,  0.000,  0.000
  0.016,298.647,  0.000,  0.000
  0.016,298.610,  0.000,  0.000
  0.016,298.607,  0.000,  0.000
  0.016,298.588,  0.000,  0.000
  0.016,298.563,  0.000,  0.000
  0.016,298.569,  0.000,  0.000
  0.016,298.574,  0.000,  0.000
  0.016,298.560,  0.000,  0.000
  0.016,298.525,  0.000,  0.000
  0.016,298.500,  0.000,  0.000
  0.016,298.496,  0.000,  0.000
  0.016,298.501,  0.000,  0.000
  0.016,298.492,  0.000,  0.000
  0.016,298.472,  0.000,  0.000
  0.016,298.463,  0.000,  0.000
  0.016,298.468,  0.000,  0.000
  0.016,298.460,  0.000,  0.000
  0.016,298.429,  0.000,  0.000
  0.016,298.399,  0.000,  0.000
  0.016,298.386,  0.000,  0.000
  0.016,298.387,  0.000,  0.000
  0.016,298.379,  0.000,  0.000
  0.016,298.364,  0.000,  0.000
  0.016,298.354,  0.000,  0.000
  0.016,298.342,  0.000,  0.000
  0.016,298.665,  0.000,  0.000
  0.016,298.609,  0.000,  0.000
  0.016,298.623,  0.000,  0.000
  0.016,298.610,  0.000,  0.000
  0.016,298.581,  0.000,  0.000
  0.016,298.587,  0.000,  0.000
  0.016,298.597,  0.000,  0.000
  0.016,298.584,  0.000,  0.000
  0.016,298.554,  0.000,  0.000
  0.016,298.522,  0.000,  0.000
  0.016,298.504,  0.000,  0.000
  0.016,298.500,  0.000,  0.000
  0.016,298.498,  0.000,  0.000
  0.016,298.487,  0.000,  0.000
  0.016,298.486,  0.000,  0.000
  0.016,298.492,  0.000,  0.000
  0.016,298.482,  0.000,  0.000
  0.016,298.445,  0.000,  0.000
  0.016,298.399,  0.000,  0.000
  0.016,298.377,  0.000,  0.000
  0.016,298.382,  0.000,  0.000
  0.016,298.397,  0.000,  0.000
  0.016,298.391,  0.000,  0.000
  0.016,298.373,  0.000,  0.000
  0.016,298.354,  0.000,  0.000
  0.016,298.667,  0.000,  0.000
  0.016,298.634,  0.000,  0.000
  0.016,298.651,  0.000,  0.000
  0.016,298.640,  0.000,  0.000
  0.016,298.620,  0.000,  0.000
  0.016,298.618,  0.000,  0.000
  0.016,298.610,  0.000,  0.000
  0.016,298.594,  0.000,  0.000
  0.016,298.576,  0.000,  0.000
  0.016,298.548,  0.000,  0.000
  0.016,298.518,  0.000,  0.000
  0.016,298.501,  0.000,  0.000
  0.016,298.506,  0.000,  0.000
  0.016,298.509,  0.000,  0.000
  0.016,298.508,  0.000,  0.000
  0.016,298.504,  0.000,  0.000
  0.016,298.492,  0.000,  0.000
  0.016,298.465,  0.000,  0.000
  0.016,298.424,  0.000,  0.000
  0.016,298.394,  0.000,  0.000
  0.016,298.390,  0.000,  0.000
  0.016,298.401,  0.000,  0.000
  0.016,298.405,  0.000,  0.000
  0.016,298.389,  0.000,  0.000
  0.016,298.375,  0.000,  0.000
