  0.021,303.355,  0.010,  0.250
  0.021,303.319,  0.001,  0.250
  0.021,303.254,  0.003,  0.220
  0.021,303.214,  0.000,  0.220
  0.021,303.225,  0.000,  0.220
  0.021,303.252,  0.000,  0.220
  0.022,303.261,  0.000,  0.120
  0.022,303.045,  0.000,  0.120
  0.023,302.752,  0.002,  0.120
  0.022,302.863,  0.004,  0.200
  0.022,302.894,  0.003,  0.200
  0.022,303.060,  0.001,  0.200
  0.022,303.183,  0.000,  0.200
  0.021,303.243,  0.000,  0.220
  0.021,303.264,  0.000,  0.220
  0.021,303.267,  0.000,  0.220
  0.022,303.255,  0.000,  0.220
  0.022,303.211,  0.000,  0.220
  0.022,303.168,  0.000,  0.220
  0.022,303.178,  0.000,  0.220
  0.022,303.306,  0.000,  0.210
  0.022,303.439,  0.000,  0.210
  0.022,303.281,  0.000,  0.210
  0.022,303.358,  0.000,  0.250
  0.022,303.254,  0.000,  0.250
  0.021,303.313,  0.011,  0.210
  0.022,303.191,  0.003,  0.210
  0.022,303.003,  0.004,  0.210
  0.022,303.007,  0.001,  0.210
  0.022,303.009,  0.001,  0.210
  0.022,303.076,  0.000,  0.210
  0.022,303.097,  0.000,  0.170
  0.022,302.909,  0.000,  0.170
  0.022,302.447,  0.001,  0.170
  0.022,302.693,  0.000,  0.190
  0.022,302.830,  0.000,  0.190
  0.022,302.968,  0.000,  0.190
  0.022,303.127,  0.000,  0.190
  0.021,303.204,  0.000,  0.220
  0.021,303.223,  0.000,  0.220
  0.021,303.223,  0.000,  0.220
  0.022,303.229,  0.000,  0.140
  0.022,303.222,  0.000,  0.140
  0.022,303.204,  0.000,  0.140
  0.022,303.152,  0.000,  0.140
  0.022,303.199,  0.000,  0.170
  0.022,303.254,  0.000,  0.170
  0.022,303.055,  0.000,  0.170
  0.022,303.340,  0.000,  0.180
  0.022,303.283,  0.000,  0.180
  0.021,303.194,  0.151,  0.210
  0.022,302.894,  0.055,  0.210
  0.022,302.668,  0.011,  0.210
  0.022,302.819,  0.002,  0.210
  0.022,302.886,  0.001,  0.210
  0.022,302.973,  0.001,  0.210
  0.022,303.051,  0.001,  0.170
  0.022,302.960,  0.006,  0.170
  0.022,302.724,  0.060,  0.170
  0.022,302.804,  0.493,  0.190
  0.022,302.883,  0.343,  0.190
  0.022,302.990,  0.073,  0.190
  0.022,303.055,  0.003,  0.190
  0.022,303.095,  0.000,  0.220
  0.022,303.113,  0.000,  0.220
  0.022,303.118,  0.000,  0.220
  0.022,303.123,  0.000,  0.140
  0.022,303.147,  0.000,  0.140
  0.022,303.194,  0.000,  0.140
  0.022,303.180,  0.000,  0.140
  0.022,303.187,  0.000,  0.170
  0.022,303.262,  0.000,  0.170
  0.022,303.188,  0.000,  0.170
  0.022,303.259,  0.000,  0.180
  0.022,303.277,  0.000,  0.180
  0.022,303.136,  0.675,  0.210
  0.022,302.727,  0.343,  0.210
  0.022,302.393,  0.095,  0.210
  0.022,302.667,  0.012,  0.210
  0.022,302.894,  0.000,  0.210
  0.022,303.006,  0.004,  0.210
  0.022,303.063,  0.026,  0.170
  0.021,303.103,  0.083,  0.170
  0.021,303.017,  0.828,  0.170
  0.022,302.962,  4.730,  0.190
  0.022,303.009,  3.690,  0.190
  0.022,302.993,  0.793,  0.190
  0.022,302.923,  0.038,  0.190
  0.022,302.941,  0.001,  0.220
  0.022,302.979,  0.001,  0.220
  0.022,303.007,  0.000,  0.220
  0.022,303.013,  0.000,  0.140
  0.022,303.046,  0.000,  0.140
  0.022,303.117,  0.000,  0.140
  0.022,303.152,  0.000,  0.140
  0.022,303.179,  0.000,  0.170
  0.022,303.246,  0.000,  0.170
  0.022,303.280,  0.000,  0.170
  0.022,303.252,  0.000,  0.180
  0.022,303.249,  0.000,  0.180
  0.022,303.206,  1.121,  0.210
  0.022,302.913,  1.185,  0.210
  0.022,302.593,  0.628,  0.210
  0.023,302.938,  0.153,  0.210
  0.022,302.951,  0.010,  0.210
  0.022,303.013,  0.001,  0.210
  0.022,303.029,  0.005,  0.170
  0.022,303.071,  0.056,  0.170
  0.022,303.043,  0.388,  0.170
  0.022,303.022,  0.616,  0.190
  0.022,303.045,  0.412,  0.190
  0.022,302.889,  0.125,  0.190
  0.022,302.783,  0.010,  0.190
  0.022,302.831,  0.001,  0.220
  0.022,302.871,  0.000,  0.220
  0.022,302.919,  0.000,  0.220
  0.022,302.929,  0.000,  0.140
  0.022,302.916,  0.000,  0.140
  0.022,302.987,  0.000,  0.140
  0.022,303.077,  0.000,  0.140
  0.022,303.163,  0.000,  0.170
  0.022,303.221,  0.000,  0.170
  0.022,303.218,  0.000,  0.170
  0.022,303.222,  0.000,  0.180
  0.022,303.223,  0.000,  0.180
  0.022,303.182,  0.811,  0.250
  0.022,303.189,  1.259,  0.250
  0.022,302.995,  1.375,  0.270
  0.022,303.039,  0.815,  0.270
  0.022,303.015,  0.276,  0.270
  0.022,302.978,  0.047,  0.270
  0.022,302.963,  0.005,  0.150
  0.022,302.958,  0.016,  0.150
  0.022,302.841,  0.038,  0.150
  0.022,302.776,  0.035,  0.180
  0.022,302.889,  0.017,  0.180
  0.022,302.805,  0.004,  0.180
  0.022,302.745,  0.001,  0.180
  0.022,302.779,  0.000,  0.160
  0.022,302.817,  0.000,  0.160
  0.022,302.847,  0.000,  0.160
  0.022,302.877,  0.000,  0.190
  0.022,302.867,  0.000,  0.190
  0.022,302.871,  0.000,  0.190
  0.022,302.987,  0.000,  0.190
  0.022,303.136,  0.000,  0.180
  0.022,303.182,  0.000,  0.180
  0.022,303.172,  0.000,  0.180
  0.022,303.177,  0.000,  0.170
  0.022,303.221,  0.000,  0.170
  0.022,303.153,  0.312,  0.250
  0.022,303.139,  0.742,  0.250
  0.022,303.113,  1.353,  0.270
  0.022,303.098,  1.466,  0.270
  0.022,303.074,  1.058,  0.270
  0.022,302.982,  0.492,  0.270
  0.022,302.911,  0.128,  0.150
  0.022,302.787,  0.013,  0.150
  0.022,302.579,  0.005,  0.150
  0.022,302.477,  0.009,  0.180
  0.022,302.667,  0.007,  0.180
  0.022,302.779,  0.002,  0.180
  0.022,302.739,  0.002,  0.180
  0.022,302.747,  0.000,  0.160
  0.022,302.794,  0.012,  0.160
  0.022,302.773,  0.004,  0.160
  0.022,302.802,  0.000,  0.190
  0.022,302.846,  0.000,  0.190
  0.022,302.837,  0.000,  0.190
  0.022,302.954,  0.000,  0.190
  0.022,303.111,  0.000,  0.180
  0.022,303.128,  0.000,  0.180
  0.022,303.144,  0.000,  0.180
  0.022,303.182,  0.000,  0.170
  0.022,303.228,  0.000,  0.170
  0.022,303.136,  0.055,  0.250
  0.022,303.127,  0.204,  0.250
  0.022,303.105,  0.507,  0.270
  0.022,303.108,  0.734,  0.270
  0.022,303.100,  0.743,  0.270
  0.022,303.037,  0.452,  0.270
  0.022,302.890,  0.143,  0.150
  0.022,302.650,  0.017,  0.150
  0.022,302.420,  0.011,  0.150
  0.022,302.300,  0.018,  0.180
  0.022,302.483,  0.030,  0.180
  0.022,302.806,  0.033,  0.180
  0.022,302.726,  0.006,  0.180
  0.022,302.800,  0.003,  0.160
  0.022,302.828,  0.102,  0.160
  0.022,302.745,  0.031,  0.160
  0.022,302.746,  0.002,  0.190
  0.022,302.828,  0.001,  0.190
  0.022,302.837,  0.001,  0.190
  0.022,303.000,  0.000,  0.190
  0.022,303.094,  0.000,  0.180
  0.022,303.090,  0.000,  0.180
  0.022,303.131,  0.000,  0.180
  0.022,303.172,  0.000,  0.170
  0.022,303.197,  0.000,  0.170
  0.022,303.101,  0.004,  0.250
  0.022,303.098,  0.012,  0.250
  0.022,303.095,  0.052,  0.270
  0.022,303.082,  0.102,  0.270
  0.022,303.066,  0.120,  0.270
  0.022,303.071,  0.098,  0.270
  0.022,302.937,  0.043,  0.150
  0.022,302.752,  0.012,  0.150
  0.023,302.565,  0.025,  0.150
  0.023,302.612,  0.124,  0.180
  0.022,302.530,  0.058,  0.180
  0.022,302.856,  0.098,  0.180
  0.023,302.908,  0.086,  0.180
  0.022,302.903,  0.096,  0.160
  0.023,302.874,  0.027,  0.160
  0.022,302.740,  0.006,  0.160
  0.022,302.750,  0.001,  0.190
  0.022,302.799,  0.005,  0.190
  0.022,302.984,  0.002,  0.190
  0.022,303.061,  0.001,  0.190
  0.022,303.074,  0.000,  0.180
  0.022,303.099,  0.000,  0.180
  0.022,303.152,  0.000,  0.180
  0.022,303.165,  0.000,  0.170
  0.022,303.161,  0.000,  0.170
  0.022,303.061,  0.001,  0.090
  0.022,303.060,  0.001,  0.090
  0.022,303.062,  0.000,  0.200
  0.022,303.055,  0.001,  0.200
  0.022,303.032,  0.002,  0.200
  0.022,303.019,  0.002,  0.200
  0.022,303.036,  0.002,  0.210
  0.022,302.919,  0.017,  0.210
  0.023,302.889,  0.030,  0.210
  0.022,302.804,  0.902,  0.210
  0.022,302.931,  0.812,  0.210
  0.022,303.024,  0.217,  0.210
  0.022,302.947,  0.312,  0.210
  0.023,303.006,  0.513,  1.710
  0.023,302.985,  0.210,  1.710
  0.023,302.826,  0.112,  1.710
  0.022,302.887,  0.060,  3.300
  0.022,302.884,  0.042,  3.300
  0.022,303.027,  0.019,  3.300
  0.022,303.047,  0.002,  3.300
  0.022,303.060,  0.000,  1.170
  0.022,303.109,  0.000,  1.170
  0.022,303.188,  0.000,  1.170
  0.022,303.178,  0.000,  0.050
  0.022,303.137,  0.000,  0.050
  0.022,303.025,  0.000,  0.090
  0.022,303.027,  0.001,  0.090
  0.022,303.024,  0.001,  0.200
  0.022,303.022,  0.000,  0.200
  0.022,303.016,  0.001,  0.200
  0.022,302.993,  0.000,  0.200
  0.022,302.981,  0.000,  0.210
  0.022,303.051,  0.007,  0.210
  0.022,303.055,  0.062,  0.210
  0.022,303.056,  1.040,  0.210
  0.022,303.065,  5.126,  0.210
  0.022,303.035,  2.479,  0.210
  0.022,303.046,  1.055,  0.210
  0.022,302.992,  1.213,  1.710
  0.022,302.975,  1.296,  1.710
  0.022,302.932,  1.154,  1.710
  0.022,303.010,  0.739,  3.300
  0.022,303.086,  0.473,  3.300
  0.022,303.048,  0.239,  3.300
  0.022,303.034,  0.060,  3.300
  0.022,303.037,  0.004,  1.170
  0.022,303.112,  0.000,  1.170
  0.022,303.183,  0.000,  1.170
  0.022,303.146,  0.000,  0.050
  0.022,303.108,  0.000,  0.050
  0.022,302.995,  0.000,  0.090
  0.022,302.994,  0.000,  0.090
  0.022,302.969,  0.001,  0.200
  0.022,302.977,  0.001,  0.200
  0.022,302.957,  0.001,  0.200
  0.022,302.973,  0.000,  0.200
  0.022,302.961,  0.000,  0.210
  0.022,302.957,  0.000,  0.210
  0.022,302.978,  0.017,  0.210
  0.022,302.987,  0.073,  0.210
  0.022,302.971,  0.792,  0.210
  0.022,302.998,  1.236,  0.210
  0.022,303.007,  0.711,  0.210
  0.022,303.023,  0.786,  1.710
  0.022,303.009,  1.441,  1.710
  0.022,303.024,  1.734,  1.710
  0.022,303.095,  1.588,  3.300
  0.022,303.068,  1.490,  3.300
  0.022,303.018,  1.127,  3.300
  0.022,303.027,  0.472,  3.300
  0.022,303.040,  0.073,  1.170
  0.022,303.117,  0.001,  1.170
  0.022,303.157,  0.001,  1.170
  0.022,303.098,  0.002,  0.050
  0.022,303.075,  0.000,  0.050
  0.022,302.969,  0.000,  0.090
  0.022,302.953,  0.000,  0.090
  0.022,302.925,  0.000,  0.200
  0.022,302.936,  0.000,  0.200
  0.022,302.904,  0.000,  0.200
  0.022,302.915,  0.000,  0.200
  0.022,302.933,  0.000,  0.210
  0.022,302.947,  0.000,  0.210
  0.022,302.953,  0.000,  0.210
  0.022,302.972,  0.003,  0.210
  0.022,302.971,  0.040,  0.210
  0.022,302.985,  0.195,  0.210
  0.022,302.986,  0.147,  0.210
  0.022,302.966,  0.128,  1.710
  0.022,302.975,  0.469,  1.710
  0.022,302.984,  0.912,  1.710
  0.022,303.029,  0.825,  3.300
  0.022,303.005,  1.594,  3.300
  0.022,302.982,  2.098,  3.300
  0.022,303.021,  1.193,  3.300
  0.022,303.065,  0.250,  1.170
  0.022,303.099,  0.008,  1.170
  0.022,303.119,  0.001,  1.170
  0.022,303.070,  0.006,  0.050
  0.022,303.034,  0.004,  0.050
  0.022,302.927,  0.000,  0.000
  0.022,302.906,  0.000,  0.000
  0.022,302.899,  0.000,  0.000
  0.022,302.894,  0.000,  0.000
  0.022,302.865,  0.000,  0.000
  0.022,302.868,  0.000,  0.000
  0.022,302.885,  0.000,  0.080
  0.022,302.894,  0.000,  0.080
  0.022,302.910,  0.000,  0.080
  0.022,302.922,  0.001,  0.410
  0.022,302.930,  0.001,  0.410
  0.022,302.944,  0.008,  0.410
  0.022,302.964,  0.008,  0.410
  0.022,302.977,  0.004,  0.400
  0.022,302.967,  0.034,  0.400
  0.022,302.982,  0.153,  0.400
  0.022,302.933,  0.144,  3.180
  0.022,302.872,  0.539,  3.180
  0.022,302.917,  0.908,  3.180
  0.022,302.975,  0.577,  3.180
  0.022,303.041,  0.139,  1.240
  0.022,303.063,  0.008,  1.240
  0.022,303.064,  0.000,  1.240
  0.022,303.036,  0.002,  0.050
  0.022,302.969,  0.004,  0.050
  0.022,302.872,  0.000,  0.000
  0.022,302.852,  0.000,  0.000
  0.022,302.869,  0.000,  0.000
  0.022,302.857,  0.000,  0.000
  0.022,302.839,  0.000,  0.000
  0.022,302.839,  0.000,  0.000
  0.022,302.842,  0.000,  0.080
  0.022,302.853,  0.000,  0.080
  0.022,302.870,  0.000,  0.080
  0.022,302.881,  0.001,  0.410
  0.022,302.907,  0.001,  0.410
  0.022,302.921,  0.001,  0.410
  0.022,302.936,  0.000,  0.410
  0.021,302.941,  0.001,  0.400
  0.022,302.949,  0.000,  0.400
  0.022,302.871,  0.002,  0.400
  0.022,302.705,  0.003,  3.180
  0.022,302.719,  0.037,  3.180
  0.022,302.791,  0.077,  3.180
  0.022,302.859,  0.061,  3.180
  0.022,302.972,  0.020,  1.240
  0.022,303.010,  0.002,  1.240
  0.022,303.003,  0.000,  1.240
  0.022,302.981,  0.000,  0.050
  0.022,302.905,  0.001,  0.050
