  0.019,301.924,  0.000,  0.000
  0.019,301.919,  0.000,  0.000
  0.019,301.908,  0.000,  0.000
  0.019,301.908,  0.000,  0.000
  0.019,301.904,  0.000,  0.000
  0.019,301.864,  0.000,  0.000
  0.020,301.797,  0.000,  0.000
  0.020,301.792,  0.000,  0.000
  0.020,301.816,  0.000,  0.000
  0.020,301.797,  0.000,  0.010
  0.021,301.849,  0.000,  0.010
  0.020,301.854,  0.000,  0.010
  0.020,301.859,  0.000,  0.010
  0.020,301.866,  0.000,  0.000
  0.020,301.872,  0.000,  0.000
  0.020,301.875,  0.000,  0.000
  0.020,301.877,  0.000,  0.000
  0.020,301.881,  0.000,  0.000
  0.020,301.886,  0.000,  0.000
  0.020,301.892,  0.000,  0.000
  0.020,301.894,  0.000,  0.000
  0.020,301.894,  0.000,  0.000
  0.020,301.887,  0.000,  0.000
  0.020,301.896,  0.000,  0.000
  0.020,301.883,  0.000,  0.000
  0.019,301.922,  0.000,  0.000
  0.019,301.920,  0.000,  0.000
  0.019,301.915,  0.000,  0.000
  0.019,301.909,  0.000,  0.000
  0.019,301.907,  0.000,  0.000
  0.019,301.892,  0.000,  0.000
  0.020,301.835,  0.000,  0.010
  0.020,301.781,  0.000,  0.010
  0.020,301.793,  0.000,  0.010
  0.020,301.811,  0.000,  0.000
  0.021,301.859,  0.000,  0.000
  0.020,301.856,  0.000,  0.000
  0.020,301.861,  0.000,  0.000
  0.020,301.867,  0.000,  0.000
  0.020,301.872,  0.000,  0.000
  0.020,301.874,  0.000,  0.000
  0.020,301.875,  0.000,  0.000
  0.020,301.878,  0.000,  0.000
  0.020,301.885,  0.000,  0.000
  0.020,301.893,  0.000,  0.000
  0.020,301.895,  0.000,  0.000
  0.020,301.889,  0.000,  0.000
  0.020,301.875,  0.000,  0.000
  0.020,301.884,  0.000,  0.000
  0.020,301.880,  0.000,  0.000
  0.020,301.908,  0.000,  0.000
  0.019,301.910,  0.000,  0.000
  0.019,301.912,  0.000,  0.000
  0.019,301.913,  0.000,  0.000
  0.019,301.907,  0.000,  0.000
  0.019,301.903,  0.000,  0.000
  0.019,301.872,  0.000,  0.010
  0.020,301.808,  0.000,  0.010
  0.020,301.800,  0.000,  0.010
  0.020,301.813,  0.000,  0.000
  0.021,301.870,  0.000,  0.000
  0.021,301.858,  0.000,  0.000
  0.020,301.861,  0.000,  0.000
  0.020,301.867,  0.000,  0.000
  0.020,301.870,  0.000,  0.000
  0.020,301.873,  0.000,  0.000
  0.020,301.876,  0.000,  0.000
  0.020,301.881,  0.000,  0.000
  0.020,301.888,  0.000,  0.000
  0.020,301.894,  0.000,  0.000
  0.020,301.893,  0.000,  0.000
  0.020,301.883,  0.000,  0.000
  0.020,301.870,  0.000,  0.000
  0.020,301.887,  0.000,  0.000
  0.020,301.893,  0.000,  0.000
  0.020,301.904,  0.000,  0.000
  0.020,301.904,  0.000,  0.000
  0.019,301.906,  0.000,  0.000
  0.019,301.909,  0.000,  0.000
  0.019,301.906,  0.000,  0.000
  0.019,301.901,  0.000,  0.000
  0.019,301.887,  0.000,  0.010
  0.019,301.841,  0.000,  0.010
  0.020,301.786,  0.000,  0.010
  0.020,301.850,  0.000,  0.000
  0.020,301.807,  0.000,  0.000
  0.020,301.862,  0.000,  0.000
  0.020,301.861,  0.000,  0.000
  0.020,301.867,  0.000,  0.000
  0.020,301.870,  0.000,  0.000
  0.020,301.874,  0.000,  0.000
  0.020,301.881,  0.000,  0.000
  0.020,301.887,  0.000,  0.000
  0.020,301.892,  0.000,  0.000
  0.020,301.893,  0.000,  0.000
  0.020,301.890,  0.000,  0.000
  0.020,301.886,  0.000,  0.000
  0.020,301.880,  0.000,  0.000
  0.020,301.893,  0.000,  0.000
  0.020,301.887,  0.000,  0.000
  0.020,301.901,  0.000,  0.000
  0.020,301.899,  0.000,  0.000
  0.019,301.910,  0.000,  0.000
  0.019,301.920,  0.000,  0.000
  0.019,301.919,  0.000,  0.000
  0.019,301.906,  0.000,  0.000
  0.019,301.891,  0.000,  0.010
  0.019,301.860,  0.000,  0.010
  0.020,301.807,  0.000,  0.010
  0.020,301.806,  0.000,  0.000
  0.020,301.811,  0.000,  0.000
  0.020,301.863,  0.000,  0.000
  0.020,301.858,  0.000,  0.000
  0.020,301.864,  0.000,  0.000
  0.020,301.869,  0.000,  0.000
  0.020,301.874,  0.000,  0.000
  0.020,301.882,  0.000,  0.000
  0.020,301.889,  0.000,  0.000
  0.020,301.893,  0.000,  0.000
  0.020,301.893,  0.000,  0.000
  0.020,301.891,  0.000,  0.000
  0.020,301.883,  0.000,  0.000
  0.020,301.871,  0.000,  0.000
  0.020,301.878,  0.000,  0.000
  0.020,301.876,  0.000,  0.000
  0.020,301.905,  0.000,  0.000
  0.020,301.894,  0.000,  0.000
  0.019,301.900,  0.000,  0.000
  0.019,301.919,  0.000,  0.000
  0.019,301.927,  0.000,  0.000
  0.019,301.922,  0.000,  0.000
  0.019,301.898,  0.000,  0.000
  0.019,301.862,  0.000,  0.000
  0.020,301.813,  0.000,  0.000
  0.020,301.812,  0.000,  0.000
  0.020,301.866,  0.000,  0.000
  0.021,301.880,  0.000,  0.000
  0.021,301.859,  0.000,  0.000
  0.020,301.862,  0.000,  0.000
  0.020,301.868,  0.000,  0.000
  0.020,301.845,  0.000,  0.000
  0.020,301.876,  0.000,  0.000
  0.020,301.881,  0.000,  0.000
  0.020,301.884,  0.000,  0.000
  0.020,301.884,  0.000,  0.000
  0.020,301.882,  0.000,  0.000
  0.020,301.875,  0.000,  0.000
  0.020,301.874,  0.000,  0.000
  0.020,301.893,  0.000,  0.000
  0.020,301.891,  0.000,  0.000
  0.020,301.920,  0.000,  0.000
  0.020,301.906,  0.000,  0.000
  0.019,301.898,  0.000,  0.000
  0.019,301.904,  0.000,  0.000
  0.019,301.923,  0.000,  0.000
  0.019,301.931,  0.000,  0.000
  0.019,301.915,  0.000,  0.000
  0.019,301.880,  0.000,  0.000
  0.020,301.831,  0.000,  0.000
  0.020,301.785,  0.000,  0.000
  0.020,301.846,  0.000,  0.000
  0.020,301.861,  0.000,  0.000
  0.020,301.794,  0.000,  0.000
  0.020,301.788,  0.000,  0.000
  0.020,301.840,  0.000,  0.000
  0.020,301.796,  0.000,  0.000
  0.020,301.871,  0.000,  0.000
  0.020,301.876,  0.000,  0.000
  0.020,301.879,  0.000,  0.000
  0.020,301.878,  0.000,  0.000
  0.020,301.877,  0.000,  0.000
  0.020,301.881,  0.000,  0.000
  0.020,301.880,  0.000,  0.000
  0.020,301.885,  0.000,  0.000
  0.020,301.867,  0.000,  0.000
  0.020,301.932,  0.000,  0.000
  0.019,301.923,  0.000,  0.000
  0.019,301.912,  0.000,  0.000
  0.019,301.904,  0.000,  0.000
  0.019,301.908,  0.000,  0.000
  0.019,301.916,  0.000,  0.000
  0.019,301.920,  0.000,  0.000
  0.019,301.907,  0.000,  0.000
  0.019,301.860,  0.000,  0.000
  0.020,301.795,  0.000,  0.000
  0.020,301.777,  0.000,  0.000
  0.020,301.795,  0.000,  0.000
  0.020,301.796,  0.000,  0.000
  0.020,301.818,  0.000,  0.000
  0.020,301.788,  0.000,  0.000
  0.020,301.794,  0.000,  0.000
  0.020,301.872,  0.000,  0.000
  0.020,301.805,  0.000,  0.000
  0.020,301.889,  0.000,  0.000
  0.020,301.891,  0.000,  0.000
  0.020,301.884,  0.000,  0.000
  0.020,301.871,  0.000,  0.000
  0.020,301.858,  0.000,  0.000
  0.020,301.860,  0.000,  0.000
  0.020,301.854,  0.000,  0.000
  0.020,301.950,  0.000,  0.000
  0.019,301.945,  0.000,  0.000
  0.019,301.927,  0.000,  0.000
  0.019,301.907,  0.000,  0.000
  0.019,301.894,  0.000,  0.000
  0.019,301.901,  0.000,  0.000
  0.019,301.914,  0.000,  0.000
  0.019,301.909,  0.000,  0.000
  0.019,301.882,  0.000,  0.000
  0.019,301.830,  0.000,  0.000
  0.020,301.779,  0.000,  0.000
  0.020,301.834,  0.000,  0.000
  0.020,301.828,  0.000,  0.000
  0.020,301.812,  0.000,  0.000
  0.020,301.772,  0.000,  0.000
  0.020,301.787,  0.000,  0.000
  0.020,301.842,  0.000,  0.000
  0.020,301.845,  0.000,  0.000
  0.020,301.879,  0.000,  0.000
  0.020,301.884,  0.000,  0.000
  0.020,301.880,  0.000,  0.000
  0.020,301.870,  0.000,  0.000
  0.020,301.860,  0.000,  0.000
  0.020,301.862,  0.000,  0.000
  0.020,301.857,  0.000,  0.000
  0.020,301.939,  0.000,  0.000
  0.020,301.938,  0.000,  0.000
  0.019,301.934,  0.000,  0.000
  0.019,301.922,  0.000,  0.000
  0.019,301.909,  0.000,  0.000
  0.019,301.901,  0.000,  0.000
  0.019,301.901,  0.000,  0.030
  0.019,301.902,  0.000,  0.030
  0.019,301.897,  0.000,  0.030
  0.019,301.868,  0.000,  0.000
  0.020,301.813,  0.000,  0.000
  0.020,301.768,  0.000,  0.000
  0.020,301.758,  0.000,  0.000
  0.019,301.745,  0.000,  0.000
  0.020,301.734,  0.000,  0.000
  0.020,301.773,  0.000,  0.000
  0.020,301.835,  0.000,  0.000
  0.020,301.841,  0.000,  0.000
  0.020,301.875,  0.000,  0.000
  0.020,301.876,  0.000,  0.000
  0.020,301.866,  0.000,  0.000
  0.020,301.850,  0.000,  0.000
  0.021,301.836,  0.000,  0.000
  0.021,301.825,  0.000,  0.000
  0.020,301.814,  0.000,  0.000
  0.020,301.928,  0.000,  0.000
  0.019,301.932,  0.000,  0.000
  0.019,301.937,  0.000,  0.000
  0.019,301.936,  0.000,  0.000
  0.019,301.922,  0.000,  0.000
  0.019,301.906,  0.000,  0.000
  0.019,301.895,  0.000,  0.030
  0.019,301.902,  0.000,  0.030
  0.019,301.908,  0.000,  0.030
  0.019,301.891,  0.000,  0.000
  0.019,301.846,  0.000,  0.000
  0.020,301.789,  0.000,  0.000
  0.020,301.760,  0.000,  0.000
  0.019,301.757,  0.000,  0.000
  0.019,301.731,  0.000,  0.000
  0.020,301.742,  0.000,  0.000
  0.020,301.773,  0.000,  0.000
  0.020,301.872,  0.000,  0.000
  0.020,301.878,  0.000,  0.000
  0.020,301.878,  0.000,  0.000
  0.020,301.868,  0.000,  0.000
  0.021,301.843,  0.000,  0.000
  0.021,301.813,  0.000,  0.000
  0.021,301.789,  0.000,  0.000
  0.021,301.792,  0.000,  0.000
  0.019,301.945,  0.000,  0.000
  0.019,301.938,  0.000,  0.000
  0.020,301.930,  0.000,  0.000
  0.020,301.926,  0.000,  0.000
  0.019,301.922,  0.000,  0.000
  0.019,301.913,  0.000,  0.000
  0.019,301.908,  0.000,  0.030
  0.019,301.914,  0.000,  0.030
  0.019,301.910,  0.000,  0.030
  0.019,301.891,  0.000,  0.000
  0.019,301.861,  0.000,  0.000
  0.020,301.814,  0.000,  0.000
  0.020,301.769,  0.000,  0.000
  0.020,301.764,  0.000,  0.000
  0.019,301.750,  0.000,  0.000
  0.020,301.737,  0.000,  0.000
  0.020,301.806,  0.000,  0.000
  0.019,301.748,  0.000,  0.000
  0.020,301.869,  0.000,  0.000
  0.020,301.874,  0.000,  0.000
  0.020,301.882,  0.000,  0.000
  0.020,301.880,  0.000,  0.000
  0.020,301.853,  0.000,  0.000
  0.021,301.820,  0.000,  0.000
  0.021,301.809,  0.000,  0.000
  0.020,301.944,  0.000,  0.000
  0.020,301.928,  0.000,  0.000
  0.020,301.916,  0.000,  0.000
  0.019,301.915,  0.000,  0.000
  0.019,301.920,  0.000,  0.000
  0.019,301.920,  0.000,  0.000
  0.019,301.913,  0.000,  0.030
  0.019,301.905,  0.000,  0.030
  0.019,301.896,  0.000,  0.030
  0.019,301.892,  0.000,  0.000
  0.019,301.884,  0.000,  0.000
  0.019,301.843,  0.000,  0.000
  0.020,301.784,  0.000,  0.000
  0.020,301.762,  0.000,  0.000
  0.020,301.759,  0.000,  0.000
  0.019,301.739,  0.000,  0.000
  0.019,301.722,  0.000,  0.000
  0.019,301.727,  0.000,  0.000
  0.020,301.810,  0.000,  0.000
  0.020,301.870,  0.000,  0.000
  0.020,301.875,  0.000,  0.000
  0.020,301.867,  0.000,  0.000
  0.020,301.841,  0.000,  0.000
  0.021,301.807,  0.000,  0.000
  0.021,301.781,  0.000,  0.000
  0.020,301.929,  0.000,  0.000
  0.019,301.927,  0.000,  0.000
  0.019,301.930,  0.000,  0.020
  0.019,301.925,  0.000,  0.020
  0.019,301.915,  0.000,  0.020
  0.020,301.907,  0.000,  0.020
  0.020,301.902,  0.000,  0.000
  0.019,301.888,  0.000,  0.000
  0.019,301.882,  0.000,  0.000
  0.019,301.894,  0.000,  0.000
  0.019,301.898,  0.000,  0.000
  0.019,301.874,  0.000,  0.000
  0.020,301.813,  0.000,  0.000
  0.020,301.763,  0.000,  0.000
  0.020,301.752,  0.000,  0.000
  0.020,301.746,  0.000,  0.000
  0.019,301.723,  0.000,  0.000
  0.019,301.720,  0.000,  0.000
  0.020,301.817,  0.000,  0.000
  0.020,301.786,  0.000,  0.000
  0.020,301.870,  0.000,  0.000
  0.020,301.870,  0.000,  0.000
  0.020,301.860,  0.000,  0.000
  0.020,301.836,  0.000,  0.000
  0.021,301.804,  0.000,  0.000
  0.019,301.938,  0.000,  0.000
  0.019,301.949,  0.000,  0.000
  0.019,301.948,  0.000,  0.020
  0.020,301.921,  0.000,  0.020
  0.020,301.894,  0.000,  0.020
  0.020,301.885,  0.000,  0.020
  0.019,301.887,  0.000,  0.000
  0.019,301.890,  0.000,  0.000
  0.019,301.891,  0.000,  0.000
  0.019,301.894,  0.000,  0.000
  0.019,301.899,  0.000,  0.000
  0.019,301.891,  0.000,  0.000
  0.019,301.853,  0.000,  0.000
  0.020,301.788,  0.000,  0.000
  0.020,301.749,  0.000,  0.000
  0.020,301.745,  0.000,  0.000
  0.020,301.732,  0.000,  0.000
  0.019,301.718,  0.000,  0.000
  0.020,301.805,  0.000,  0.000
  0.020,301.767,  0.000,  0.000
  0.020,301.860,  0.000,  0.000
  0.020,301.831,  0.000,  0.000
  0.020,301.850,  0.000,  0.000
  0.020,301.833,  0.000,  0.000
  0.021,301.808,  0.000,  0.000
