  0.019,300.998,  0.000,  0.000
  0.019,300.997,  0.000,  0.000
  0.019,300.998,  0.000,  0.000
  0.019,301.000,  0.000,  0.000
  0.019,301.003,  0.000,  0.000
  0.019,301.007,  0.000,  0.000
  0.019,301.012,  0.000,  0.000
  0.019,301.017,  0.000,  0.000
  0.019,301.023,  0.000,  0.000
  0.019,301.030,  0.000,  0.000
  0.019,301.035,  0.000,  0.000
  0.019,301.041,  0.000,  0.000
  0.019,301.046,  0.000,  0.000
  0.019,301.050,  0.000,  0.000
  0.019,301.054,  0.000,  0.000
  0.019,301.055,  0.000,  0.000
  0.019,301.057,  0.000,  0.000
  0.019,301.058,  0.000,  0.000
  0.019,301.057,  0.000,  0.000
  0.019,301.057,  0.000,  0.000
  0.019,301.055,  0.000,  0.000
  0.019,301.054,  0.000,  0.000
  0.019,301.053,  0.000,  0.000
  0.019,301.068,  0.000,  0.000
  0.019,301.065,  0.000,  0.000
  0.019,301.005,  0.000,  0.110
  0.019,301.005,  0.000,  0.110
  0.019,301.005,  0.000,  0.050
  0.019,301.008,  0.000,  0.050
  0.019,301.011,  0.000,  0.050
  0.019,301.015,  0.000,  0.050
  0.019,301.020,  0.000,  0.010
  0.019,301.026,  0.000,  0.010
  0.019,301.032,  0.000,  0.010
  0.019,301.037,  0.000,  0.000
  0.019,301.043,  0.000,  0.000
  0.019,301.049,  0.000,  0.000
  0.019,301.054,  0.000,  0.000
  0.019,301.058,  0.000,  0.000
  0.019,301.061,  0.000,  0.000
  0.019,301.063,  0.000,  0.000
  0.019,301.064,  0.000,  0.000
  0.019,301.064,  0.000,  0.000
  0.019,301.064,  0.000,  0.000
  0.019,301.063,  0.000,  0.000
  0.019,301.061,  0.000,  0.000
  0.019,301.059,  0.000,  0.000
  0.019,301.058,  0.000,  0.000
  0.019,301.072,  0.000,  0.000
  0.019,301.069,  0.000,  0.000
  0.019,301.013,  0.000,  0.110
  0.019,301.013,  0.000,  0.110
  0.019,301.014,  0.000,  0.050
  0.019,301.016,  0.000,  0.050
  0.019,301.019,  0.000,  0.050
  0.019,301.023,  0.000,  0.050
  0.019,301.028,  0.000,  0.010
  0.019,301.034,  0.000,  0.010
  0.019,301.040,  0.000,  0.010
  0.019,301.046,  0.000,  0.000
  0.019,301.051,  0.000,  0.000
  0.019,301.057,  0.000,  0.000
  0.019,301.061,  0.000,  0.000
  0.019,301.065,  0.000,  0.000
  0.019,301.068,  0.000,  0.000
  0.019,301.071,  0.000,  0.000
  0.019,301.072,  0.000,  0.000
  0.019,301.072,  0.000,  0.000
  0.019,301.071,  0.000,  0.000
  0.019,301.070,  0.000,  0.000
  0.019,301.068,  0.000,  0.000
  0.019,301.065,  0.000,  0.000
  0.019,301.063,  0.000,  0.000
  0.019,301.076,  0.000,  0.000
  0.019,301.072,  0.000,  0.000
  0.019,301.021,  0.000,  0.110
  0.019,301.021,  0.000,  0.110
  0.019,301.022,  0.000,  0.050
  0.019,301.025,  0.000,  0.050
  0.019,301.028,  0.000,  0.050
  0.019,301.032,  0.000,  0.050
  0.019,301.038,  0.000,  0.010
  0.019,301.043,  0.000,  0.010
  0.019,301.049,  0.000,  0.010
  0.019,301.055,  0.000,  0.000
  0.019,301.060,  0.000,  0.000
  0.019,301.065,  0.000,  0.000
  0.019,301.070,  0.000,  0.000
  0.019,301.074,  0.000,  0.000
  0.019,301.077,  0.000,  0.000
  0.019,301.078,  0.000,  0.000
  0.019,301.079,  0.000,  0.000
  0.019,301.080,  0.000,  0.000
  0.019,301.079,  0.000,  0.000
  0.019,301.077,  0.000,  0.000
  0.019,301.074,  0.000,  0.000
  0.019,301.071,  0.000,  0.000
  0.019,301.069,  0.000,  0.000
  0.019,301.080,  0.000,  0.000
  0.019,301.075,  0.000,  0.000
  0.019,301.030,  0.000,  0.110
  0.019,301.030,  0.000,  0.110
  0.019,301.032,  0.000,  0.050
  0.019,301.034,  0.000,  0.050
  0.019,301.038,  0.000,  0.050
  0.019,301.042,  0.000,  0.050
  0.019,301.047,  0.000,  0.010
  0.019,301.052,  0.000,  0.010
  0.019,301.058,  0.000,  0.010
  0.019,301.064,  0.000,  0.000
  0.019,301.070,  0.000,  0.000
  0.019,301.075,  0.000,  0.000
  0.019,301.079,  0.000,  0.000
  0.019,301.083,  0.000,  0.000
  0.019,301.086,  0.000,  0.000
  0.019,301.088,  0.000,  0.000
  0.019,301.088,  0.000,  0.000
  0.019,301.088,  0.000,  0.000
  0.019,301.086,  0.000,  0.000
  0.019,301.085,  0.000,  0.000
  0.019,301.081,  0.000,  0.000
  0.019,301.078,  0.000,  0.000
  0.019,301.076,  0.000,  0.000
  0.019,301.084,  0.000,  0.000
  0.019,301.079,  0.000,  0.000
  0.019,301.040,  0.000,  0.890
  0.019,301.040,  0.000,  0.890
  0.019,301.042,  0.000,  0.400
  0.019,301.044,  0.000,  0.400
  0.019,301.048,  0.000,  0.400
  0.019,301.052,  0.000,  0.400
  0.019,301.057,  0.000,  0.070
  0.019,301.063,  0.000,  0.070
  0.019,301.068,  0.000,  0.070
  0.019,301.074,  0.000,  0.000
  0.019,301.079,  0.000,  0.000
  0.019,301.084,  0.000,  0.000
  0.019,301.088,  0.000,  0.000
  0.019,301.092,  0.000,  0.000
  0.019,301.094,  0.000,  0.000
  0.019,301.096,  0.000,  0.000
  0.019,301.097,  0.000,  0.000
  0.019,301.096,  0.000,  0.000
  0.019,301.095,  0.000,  0.000
  0.019,301.093,  0.000,  0.000
  0.019,301.090,  0.000,  0.000
  0.019,301.085,  0.000,  0.000
  0.019,301.082,  0.000,  0.000
  0.019,301.088,  0.000,  0.000
  0.019,301.083,  0.000,  0.000
  0.019,301.050,  0.000,  0.890
  0.019,301.050,  0.000,  0.890
  0.019,301.052,  0.000,  0.400
  0.019,301.055,  0.000,  0.400
  0.019,301.059,  0.000,  0.400
  0.019,301.063,  0.000,  0.400
  0.019,301.067,  0.000,  0.070
  0.019,301.073,  0.000,  0.070
  0.019,301.078,  0.000,  0.070
  0.019,301.084,  0.000,  0.000
  0.019,301.089,  0.000,  0.000
  0.019,301.093,  0.000,  0.000
  0.019,301.098,  0.000,  0.000
  0.019,301.102,  0.000,  0.000
  0.019,301.104,  0.000,  0.000
  0.019,301.106,  0.000,  0.000
  0.019,301.106,  0.000,  0.000
  0.019,301.105,  0.000,  0.000
  0.019,301.104,  0.000,  0.000
  0.019,301.101,  0.000,  0.000
  0.019,301.098,  0.000,  0.000
  0.019,301.093,  0.000,  0.000
  0.019,301.089,  0.000,  0.000
  0.019,301.093,  0.000,  0.000
  0.019,301.086,  0.000,  0.000
  0.019,301.060,  0.000,  0.890
  0.019,301.061,  0.000,  0.890
  0.019,301.063,  0.000,  0.400
  0.019,301.066,  0.000,  0.400
  0.019,301.070,  0.000,  0.400
  0.019,301.074,  0.000,  0.400
  0.019,301.079,  0.000,  0.070
  0.019,301.085,  0.000,  0.070
  0.019,301.090,  0.000,  0.070
  0.019,301.096,  0.000,  0.000
  0.019,301.101,  0.000,  0.000
  0.019,301.105,  0.000,  0.000
  0.019,301.109,  0.000,  0.000
  0.019,301.112,  0.000,  0.000
  0.019,301.115,  0.000,  0.000
  0.019,301.115,  0.000,  0.000
  0.019,301.116,  0.000,  0.000
  0.019,301.115,  0.000,  0.000
  0.019,301.113,  0.000,  0.000
  0.019,301.110,  0.000,  0.000
  0.019,301.106,  0.000,  0.000
  0.019,301.101,  0.000,  0.000
  0.019,301.096,  0.000,  0.000
  0.019,301.097,  0.000,  0.000
  0.019,301.091,  0.000,  0.000
  0.019,301.072,  0.000,  0.890
  0.019,301.072,  0.000,  0.890
  0.019,301.075,  0.000,  0.400
  0.019,301.078,  0.000,  0.400
  0.019,301.082,  0.000,  0.400
  0.019,301.087,  0.000,  0.400
  0.019,301.093,  0.000,  0.070
  0.019,301.098,  0.000,  0.070
  0.019,301.102,  0.000,  0.070
  0.020,301.305,  0.000,  0.000
  0.020,301.309,  0.000,  0.000
  0.020,301.312,  0.000,  0.000
  0.020,301.315,  0.000,  0.000
  0.020,301.318,  0.000,  0.000
  0.020,301.321,  0.000,  0.000
  0.019,301.129,  0.000,  0.000
  0.019,301.128,  0.000,  0.000
  0.019,301.127,  0.000,  0.000
  0.019,301.125,  0.000,  0.000
  0.019,301.122,  0.000,  0.000
  0.019,301.117,  0.000,  0.000
  0.019,301.112,  0.000,  0.000
  0.019,301.106,  0.000,  0.000
  0.019,301.105,  0.000,  0.000
  0.019,301.097,  0.000,  0.000
  0.019,301.083,  0.000,  0.990
  0.019,301.084,  0.000,  0.990
  0.019,301.088,  0.000,  0.670
  0.019,301.092,  0.000,  0.670
  0.019,301.097,  0.000,  0.670
  0.019,301.101,  0.000,  0.670
  0.019,301.104,  0.000,  0.090
  0.020,301.308,  0.000,  0.090
  0.020,301.312,  0.000,  0.090
  0.020,301.316,  0.000,  0.000
  0.020,301.319,  0.000,  0.000
  0.020,301.323,  0.000,  0.000
  0.020,301.326,  0.000,  0.000
  0.020,301.329,  0.000,  0.000
  0.020,301.332,  0.000,  0.000
  0.020,301.333,  0.000,  0.000
  0.020,301.332,  0.000,  0.000
  0.020,301.331,  0.000,  0.000
  0.020,301.329,  0.000,  0.000
  0.020,301.326,  0.000,  0.000
  0.020,301.322,  0.000,  0.000
  0.020,301.317,  0.000,  0.000
  0.020,301.312,  0.000,  0.000
  0.020,301.309,  0.000,  0.000
  0.020,301.302,  0.000,  0.000
  0.019,301.096,  0.000,  0.990
  0.019,301.099,  0.000,  0.990
  0.019,301.103,  0.000,  0.670
  0.019,301.106,  0.000,  0.670
  0.019,301.108,  0.000,  0.670
  0.020,301.313,  0.000,  0.670
  0.020,301.316,  0.000,  0.090
  0.020,301.319,  0.000,  0.090
  0.020,301.323,  0.000,  0.090
  0.020,301.327,  0.000,  0.000
  0.020,301.332,  0.000,  0.000
  0.020,301.336,  0.000,  0.000
  0.020,301.338,  0.000,  0.000
  0.020,301.341,  0.000,  0.000
  0.020,301.343,  0.000,  0.000
  0.020,301.344,  0.000,  0.000
  0.020,301.344,  0.000,  0.000
  0.020,301.343,  0.000,  0.000
  0.020,301.340,  0.000,  0.000
  0.020,301.336,  0.000,  0.000
  0.020,301.331,  0.000,  0.000
  0.020,301.325,  0.000,  0.000
  0.020,301.319,  0.000,  0.000
  0.020,301.312,  0.000,  0.000
  0.020,301.304,  0.000,  0.000
  0.019,301.109,  0.000,  0.990
  0.019,301.112,  0.000,  0.990
  0.019,301.113,  0.000,  0.670
  0.020,301.316,  0.000,  0.670
  0.020,301.318,  0.000,  0.670
  0.020,301.320,  0.000,  0.670
  0.020,301.324,  0.000,  0.090
  0.020,301.328,  0.000,  0.090
  0.020,301.333,  0.000,  0.090
  0.020,301.336,  0.000,  0.000
  0.020,301.341,  0.000,  0.000
  0.020,301.344,  0.000,  0.000
  0.020,301.347,  0.000,  0.000
  0.020,301.349,  0.000,  0.000
  0.020,301.351,  0.000,  0.000
  0.020,301.352,  0.000,  0.000
  0.020,301.351,  0.000,  0.000
  0.020,301.350,  0.000,  0.000
  0.020,301.347,  0.000,  0.000
  0.020,301.342,  0.000,  0.000
  0.020,301.337,  0.000,  0.000
  0.020,301.330,  0.000,  0.000
  0.020,301.323,  0.000,  0.000
  0.020,301.315,  0.000,  0.000
  0.020,301.307,  0.000,  0.000
  0.019,301.122,  0.000,  0.990
  0.019,301.122,  0.000,  0.990
  0.020,301.322,  0.000,  0.670
  0.020,301.324,  0.000,  0.670
  0.020,301.327,  0.000,  0.670
  0.020,301.331,  0.000,  0.670
  0.020,301.335,  0.000,  0.090
  0.020,301.339,  0.000,  0.090
  0.020,301.343,  0.000,  0.090
  0.020,301.347,  0.000,  0.000
  0.020,301.351,  0.000,  0.000
  0.020,301.353,  0.000,  0.000
  0.020,301.356,  0.000,  0.000
  0.020,301.358,  0.000,  0.000
  0.020,301.360,  0.000,  0.000
  0.020,301.360,  0.000,  0.000
  0.020,301.359,  0.000,  0.000
  0.020,301.357,  0.000,  0.000
  0.020,301.354,  0.000,  0.000
  0.020,301.349,  0.000,  0.000
  0.020,301.343,  0.000,  0.000
  0.020,301.337,  0.000,  0.000
  0.020,301.329,  0.000,  0.000
  0.020,301.321,  0.000,  0.000
  0.020,301.313,  0.000,  0.000
  0.019,301.132,  0.000,  0.020
  0.020,301.330,  0.000,  0.020
  0.020,301.332,  0.000,  0.030
  0.020,301.335,  0.000,  0.030
  0.020,301.339,  0.000,  0.030
  0.020,301.343,  0.000,  0.030
  0.020,301.347,  0.000,  0.030
  0.020,301.351,  0.000,  0.030
  0.020,301.355,  0.000,  0.030
  0.020,301.358,  0.000,  0.010
  0.020,301.362,  0.000,  0.010
  0.020,301.365,  0.000,  0.010
  0.020,301.366,  0.000,  0.010
  0.020,301.368,  0.000,  0.010
  0.020,301.369,  0.000,  0.010
  0.020,301.369,  0.000,  0.010
  0.020,301.368,  0.000,  0.000
  0.020,301.366,  0.000,  0.000
  0.020,301.362,  0.000,  0.000
  0.020,301.357,  0.000,  0.000
  0.020,301.351,  0.000,  0.000
  0.020,301.344,  0.000,  0.000
  0.020,301.336,  0.000,  0.000
  0.020,301.327,  0.000,  0.000
  0.020,301.319,  0.000,  0.000
  0.020,301.338,  0.000,  0.020
  0.020,301.341,  0.000,  0.020
  0.020,301.345,  0.000,  0.030
  0.020,301.348,  0.000,  0.030
  0.020,301.352,  0.000,  0.030
  0.020,301.356,  0.000,  0.030
  0.020,301.360,  0.000,  0.030
  0.020,301.364,  0.000,  0.030
  0.020,301.367,  0.000,  0.030
  0.020,301.371,  0.000,  0.010
  0.020,301.374,  0.000,  0.010
  0.020,301.376,  0.000,  0.010
  0.020,301.377,  0.000,  0.010
  0.020,301.379,  0.000,  0.010
  0.020,301.379,  0.000,  0.010
  0.020,301.379,  0.000,  0.010
  0.020,301.378,  0.000,  0.000
  0.020,301.375,  0.000,  0.000
  0.020,301.371,  0.000,  0.000
  0.020,301.365,  0.000,  0.000
  0.020,301.359,  0.000,  0.000
  0.020,301.351,  0.000,  0.000
  0.020,301.343,  0.000,  0.000
  0.020,301.334,  0.000,  0.000
  0.020,301.325,  0.000,  0.000
