  0.016,298.711,  0.000,  0.000
  0.016,298.698,  0.000,  0.000
  0.016,298.677,  0.000,  0.000
  0.016,298.662,  0.000,  0.000
  0.016,298.654,  0.000,  0.000
  0.016,298.649,  0.000,  0.000
  0.016,298.646,  0.000,  0.000
  0.016,298.639,  0.000,  0.000
  0.016,298.627,  0.000,  0.000
  0.016,298.626,  0.000,  0.000
  0.016,298.631,  0.000,  0.000
  0.016,298.628,  0.000,  0.000
  0.016,298.615,  0.000,  0.000
  0.016,298.607,  0.000,  0.000
  0.016,298.610,  0.000,  0.000
  0.016,298.623,  0.000,  0.000
  0.016,298.645,  0.000,  0.000
  0.016,298.660,  0.000,  0.000
  0.016,298.651,  0.000,  0.000
  0.016,298.627,  0.000,  0.000
  0.016,298.599,  0.000,  0.000
  0.016,298.586,  0.000,  0.000
  0.016,298.606,  0.000,  0.000
  0.016,298.646,  0.001,  0.000
  0.016,298.660,  0.000,  0.000
  0.016,298.700,  0.000,  0.000
  0.016,298.691,  0.000,  0.000
  0.016,298.687,  0.000,  0.000
  0.016,298.696,  0.000,  0.000
  0.016,298.705,  0.000,  0.000
  0.016,298.700,  0.000,  0.000
  0.016,298.683,  0.000,  0.000
  0.016,298.654,  0.000,  0.000
  0.016,298.634,  0.000,  0.000
  0.016,298.634,  0.000,  0.000
  0.016,298.639,  0.000,  0.000
  0.016,298.639,  0.000,  0.000
  0.016,298.631,  0.000,  0.000
  0.016,298.624,  0.000,  0.000
  0.016,298.627,  0.000,  0.000
  0.016,298.641,  0.000,  0.000
  0.016,298.636,  0.000,  0.000
  0.017,298.572,  0.000,  0.000
  0.017,298.503,  0.000,  0.000
  0.016,298.504,  0.000,  0.000
  0.016,298.580,  0.000,  0.000
  0.017,298.959,  0.000,  0.000
  0.017,298.980,  0.001,  0.000
  0.018,299.018,  0.001,  0.000
  0.016,298.706,  0.000,  0.000
  0.017,298.708,  0.000,  0.000
  0.016,298.710,  0.000,  0.000
  0.016,298.712,  0.000,  0.000
  0.016,298.724,  0.000,  0.000
  0.016,298.721,  0.000,  0.000
  0.016,298.702,  0.000,  0.000
  0.016,298.682,  0.000,  0.000
  0.016,298.667,  0.000,  0.000
  0.016,298.664,  0.000,  0.000
  0.016,298.671,  0.000,  0.000
  0.016,298.681,  0.000,  0.000
  0.016,298.682,  0.000,  0.000
  0.016,298.681,  0.000,  0.000
  0.016,298.672,  0.000,  0.000
  0.017,298.655,  0.000,  0.000
  0.017,298.616,  0.000,  0.000
  0.017,298.508,  0.000,  0.000
  0.017,298.344,  0.000,  0.000
  0.016,298.256,  0.000,  0.000
  0.017,298.678,  0.000,  0.000
  0.017,298.772,  0.000,  0.000
  0.018,298.930,  0.000,  0.000
  0.018,299.022,  0.000,  0.000
  0.016,298.741,  0.000,  0.000
  0.017,298.720,  0.000,  0.000
  0.017,298.737,  0.000,  0.000
  0.016,298.739,  0.000,  0.000
  0.016,298.729,  0.000,  0.000
  0.016,298.726,  0.000,  0.000
  0.016,298.721,  0.000,  0.000
  0.016,298.714,  0.000,  0.000
  0.016,298.707,  0.000,  0.000
  0.017,298.706,  0.000,  0.000
  0.017,298.708,  0.000,  0.000
  0.017,298.711,  0.000,  0.000
  0.016,298.709,  0.000,  0.000
  0.016,298.697,  0.000,  0.000
  0.017,298.668,  0.000,  0.000
  0.017,298.617,  0.000,  0.000
  0.017,298.576,  0.000,  0.000
  0.017,298.528,  0.000,  0.000
  0.017,298.402,  0.000,  0.000
  0.017,298.248,  0.000,  0.000
  0.016,298.172,  0.000,  0.000
  0.017,298.324,  0.000,  0.000
  0.017,298.628,  0.000,  0.000
  0.018,298.764,  0.000,  0.000
  0.018,298.945,  0.000,  0.000
  0.018,299.054,  0.000,  0.000
  0.017,298.752,  0.000,  0.000
  0.017,298.745,  0.000,  0.000
  0.017,298.757,  0.000,  0.000
  0.017,298.752,  0.000,  0.000
  0.017,298.755,  0.000,  0.000
  0.017,298.768,  0.000,  0.000
  0.017,298.772,  0.000,  0.000
  0.017,298.759,  0.000,  0.000
  0.017,298.750,  0.000,  0.000
  0.017,298.732,  0.000,  0.000
  0.017,298.712,  0.000,  0.000
  0.017,298.698,  0.000,  0.000
  0.017,298.678,  0.000,  0.000
  0.017,298.613,  0.000,  0.000
  0.017,298.522,  0.000,  0.000
  0.017,298.476,  0.000,  0.000
  0.017,298.460,  0.000,  0.000
  0.017,298.379,  0.000,  0.000
  0.016,298.262,  0.000,  0.000
  0.016,298.207,  0.000,  0.000
  0.016,298.195,  0.000,  0.000
  0.017,298.620,  0.000,  0.000
  0.017,298.678,  0.000,  0.000
  0.018,298.832,  0.000,  0.000
  0.018,299.010,  0.000,  0.000
  0.017,298.753,  0.000,  0.000
  0.017,298.780,  0.000,  0.000
  0.017,298.779,  0.000,  0.000
  0.017,298.789,  0.000,  0.000
  0.017,298.804,  0.000,  0.000
  0.017,298.815,  0.000,  0.000
  0.017,298.805,  0.000,  0.000
  0.017,298.776,  0.000,  0.000
  0.017,298.750,  0.000,  0.000
  0.017,298.729,  0.000,  0.000
  0.017,298.712,  0.000,  0.000
  0.017,298.704,  0.000,  0.000
  0.017,298.681,  0.000,  0.000
  0.017,298.607,  0.000,  0.000
  0.017,298.521,  0.000,  0.200
  0.017,298.481,  0.000,  0.200
  0.017,298.469,  0.000,  0.200
  0.016,298.425,  0.000,  0.130
  0.016,298.340,  0.000,  0.130
  0.016,298.282,  0.000,  0.130
  0.016,298.274,  0.000,  0.130
  0.016,298.288,  0.000,  0.000
  0.017,298.717,  0.000,  0.000
  0.018,298.792,  0.000,  0.000
  0.018,298.938,  0.000,  0.000
  0.017,298.734,  0.000,  0.000
  0.017,298.828,  0.000,  0.000
  0.017,298.829,  0.000,  0.000
  0.017,298.807,  0.000,  0.000
  0.017,298.812,  0.000,  0.000
  0.017,298.833,  0.000,  0.000
  0.017,298.826,  0.000,  0.000
  0.017,298.802,  0.000,  0.000
  0.017,298.776,  0.000,  0.000
  0.017,298.750,  0.000,  0.000
  0.017,298.721,  0.000,  0.000
  0.017,298.712,  0.000,  0.000
  0.017,298.695,  0.000,  0.000
  0.017,298.635,  0.000,  0.000
  0.017,298.563,  0.000,  0.200
  0.017,298.525,  0.000,  0.200
  0.016,298.501,  0.000,  0.200
  0.016,298.468,  0.000,  0.130
  0.016,298.421,  0.000,  0.130
  0.016,298.377,  0.000,  0.130
  0.016,298.354,  0.000,  0.130
  0.016,298.354,  0.000,  0.000
  0.016,298.373,  0.000,  0.000
  0.017,298.438,  0.000,  0.000
  0.017,298.767,  0.000,  0.000
  0.018,298.953,  0.000,  0.000
  0.017,298.819,  0.000,  0.000
  0.017,298.864,  0.000,  0.000
  0.017,298.820,  0.000,  0.000
  0.017,298.806,  0.000,  0.000
  0.017,298.843,  0.000,  0.000
  0.017,298.852,  0.000,  0.000
  0.017,298.820,  0.000,  0.000
  0.017,298.773,  0.000,  0.000
  0.017,298.738,  0.000,  0.000
  0.017,298.723,  0.000,  0.000
  0.017,298.714,  0.000,  0.000
  0.017,298.691,  0.000,  0.000
  0.017,298.641,  0.000,  0.000
  0.017,298.588,  0.000,  0.200
  0.017,298.551,  0.000,  0.200
  0.017,298.518,  0.000,  0.200
  0.017,298.485,  0.000,  0.130
  0.017,298.462,  0.000,  0.130
  0.016,298.454,  0.000,  0.130
  0.016,298.447,  0.000,  0.130
  0.016,298.436,  0.000,  0.000
  0.017,298.433,  0.000,  0.000
  0.017,298.459,  0.000,  0.000
  0.017,298.488,  0.000,  0.000
  0.017,298.403,  0.000,  0.000
  0.017,298.752,  0.000,  0.000
  0.017,298.850,  0.000,  0.000
  0.017,298.831,  0.000,  0.000
  0.017,298.809,  0.000,  0.000
  0.017,298.835,  0.000,  0.000
  0.017,298.854,  0.000,  0.000
  0.017,298.851,  0.000,  0.000
  0.017,298.830,  0.000,  0.000
  0.017,298.771,  0.000,  0.000
  0.017,298.718,  0.000,  0.000
  0.017,298.709,  0.000,  0.000
  0.017,298.690,  0.000,  0.000
  0.017,298.652,  0.000,  0.000
  0.017,298.613,  0.000,  0.200
  0.017,298.574,  0.000,  0.200
  0.017,298.536,  0.000,  0.200
  0.017,298.506,  0.000,  0.130
  0.017,298.493,  0.000,  0.130
  0.017,298.501,  0.000,  0.130
  0.017,298.513,  0.000,  0.130
  0.017,298.517,  0.000,  0.000
  0.017,298.517,  0.000,  0.000
  0.017,298.539,  0.000,  0.000
  0.017,298.524,  0.000,  0.000
  0.017,298.303,  0.000,  0.000
  0.017,298.740,  0.000,  0.000
  0.017,298.861,  0.000,  0.000
  0.017,298.861,  0.000,  0.000
  0.017,298.835,  0.000,  0.000
  0.017,298.864,  0.000,  0.000
  0.017,298.873,  0.000,  0.000
  0.017,298.786,  0.000,  0.000
  0.017,298.702,  0.000,  0.000
  0.017,298.729,  0.000,  0.000
  0.017,298.754,  0.000,  0.180
  0.017,298.740,  0.000,  0.180
  0.017,298.721,  0.000,  0.180
  0.017,298.703,  0.000,  0.180
  0.017,298.659,  0.000,  0.340
  0.017,298.609,  0.000,  0.340
  0.017,298.571,  0.000,  0.340
  0.017,298.549,  0.000,  0.420
  0.017,298.544,  0.000,  0.420
  0.017,298.545,  0.000,  0.420
  0.017,298.551,  0.000,  0.420
  0.017,298.567,  0.000,  0.370
  0.017,298.581,  0.000,  0.370
  0.017,298.593,  0.000,  0.370
  0.017,298.565,  0.000,  0.100
  0.017,298.423,  0.000,  0.100
  0.017,298.798,  0.000,  0.000
  0.017,298.899,  0.000,  0.000
  0.017,298.910,  0.000,  0.000
  0.017,298.896,  0.000,  0.000
  0.017,298.875,  0.000,  0.000
  0.017,298.691,  0.000,  0.000
  0.017,298.339,  0.000,  0.000
  0.017,298.193,  0.000,  0.000
  0.017,298.467,  0.000,  0.000
  0.017,298.782,  0.000,  0.180
  0.017,298.795,  0.000,  0.180
  0.017,298.745,  0.000,  0.180
  0.017,298.744,  0.000,  0.180
  0.017,298.731,  0.000,  0.340
  0.017,298.691,  0.000,  0.340
  0.017,298.641,  0.000,  0.340
  0.017,298.612,  0.000,  0.420
  0.017,298.620,  0.000,  0.420
  0.017,298.648,  0.000,  0.420
  0.017,298.653,  0.000,  0.420
  0.017,298.638,  0.000,  0.370
  0.017,298.619,  0.000,  0.370
  0.017,298.622,  0.000,  0.370
  0.017,298.649,  0.000,  0.100
  0.017,298.664,  0.000,  0.100
  0.017,298.864,  0.000,  0.000
  0.017,298.913,  0.000,  0.000
  0.017,298.953,  0.000,  0.000
  0.017,298.936,  0.000,  0.000
  0.017,298.794,  0.000,  0.000
  0.017,298.526,  0.000,  0.000
  0.017,298.240,  0.000,  0.000
  0.017,298.091,  0.000,  0.000
  0.017,298.254,  0.000,  0.000
  0.017,298.689,  0.000,  0.180
  0.017,298.856,  0.000,  0.180
  0.017,298.782,  0.000,  0.180
  0.017,298.781,  0.000,  0.180
  0.017,298.820,  0.000,  0.340
  0.017,298.795,  0.000,  0.340
  0.017,298.724,  0.000,  0.340
  0.017,298.662,  0.000,  0.420
  0.017,298.668,  0.000,  0.420
  0.017,298.719,  0.000,  0.420
  0.017,298.751,  0.000,  0.420
  0.017,298.741,  0.000,  0.370
  0.017,298.716,  0.000,  0.370
  0.017,298.734,  0.000,  0.370
  0.017,298.788,  0.000,  0.100
  0.016,298.812,  0.000,  0.100
  0.017,298.876,  0.000,  0.000
  0.017,298.885,  0.000,  0.000
  0.017,298.905,  0.000,  0.000
  0.017,298.815,  0.000,  0.000
  0.017,298.625,  0.000,  0.000
  0.017,298.473,  0.000,  0.000
  0.017,298.361,  0.000,  0.000
  0.017,298.255,  0.000,  0.000
  0.017,298.272,  0.000,  0.000
  0.017,298.582,  0.000,  0.180
  0.017,298.908,  0.000,  0.180
  0.017,298.887,  0.000,  0.180
  0.017,298.847,  0.000,  0.180
  0.017,298.887,  0.000,  0.340
  0.017,298.879,  0.000,  0.340
  0.017,298.830,  0.000,  0.340
  0.017,298.765,  0.000,  0.420
  0.017,298.721,  0.000,  0.420
  0.017,298.735,  0.000,  0.420
  0.017,298.773,  0.000,  0.420
  0.017,298.809,  0.000,  0.370
  0.017,298.840,  0.000,  0.370
  0.017,298.871,  0.000,  0.370
  0.017,298.870,  0.000,  0.100
  0.017,298.827,  0.000,  0.100
  0.017,298.878,  0.000,  0.000
  0.017,298.860,  0.000,  0.000
  0.017,298.739,  0.000,  0.000
  0.017,298.463,  0.000,  0.000
  0.017,298.303,  0.000,  0.000
  0.017,298.309,  0.000,  0.000
  0.017,298.354,  0.000,  0.000
  0.017,298.322,  0.000,  0.000
  0.018,298.736,  0.000,  0.000
  0.018,298.803,  0.000,  0.000
  0.018,299.074,  0.000,  0.000
  0.017,298.953,  0.000,  0.000
  0.017,298.922,  0.000,  0.000
  0.017,298.945,  0.000,  0.040
  0.017,298.958,  0.000,  0.040
  0.017,298.918,  0.000,  0.040
  0.017,298.868,  0.000,  0.000
  0.017,298.810,  0.000,  0.000
  0.017,298.782,  0.000,  0.000
  0.017,298.813,  0.000,  0.000
  0.017,298.870,  0.000,  0.000
  0.017,298.907,  0.000,  0.000
  0.017,298.908,  0.000,  0.000
  0.017,298.886,  0.000,  0.000
  0.017,298.843,  0.000,  0.000
  0.017,298.865,  0.000,  0.000
  0.017,298.837,  0.000,  0.000
  0.017,298.667,  0.000,  0.000
  0.017,298.328,  0.000,  0.000
  0.017,298.063,  0.000,  0.000
  0.017,298.031,  0.000,  0.000
  0.018,298.622,  0.000,  0.000
  0.018,298.679,  0.000,  0.000
  0.018,298.700,  0.000,  0.000
  0.018,298.712,  0.000,  0.000
  0.018,298.833,  0.000,  0.000
  0.018,299.111,  0.000,  0.000
  0.017,299.014,  0.000,  0.000
  0.017,299.013,  0.000,  0.040
  0.017,299.010,  0.000,  0.040
  0.017,298.994,  0.000,  0.040
  0.017,298.952,  0.000,  0.000
  0.017,298.903,  0.000,  0.000
  0.017,298.888,  0.000,  0.000
  0.017,298.917,  0.000,  0.000
  0.017,298.953,  0.000,  0.000
  0.017,298.951,  0.000,  0.000
  0.017,298.921,  0.000,  0.000
  0.017,298.900,  0.000,  0.000
  0.017,298.903,  0.000,  0.000
