  0.016,300.031,  0.000,  0.000
  0.016,300.040,  0.000,  0.000
  0.016,300.045,  0.000,  0.000
  0.017,300.046,  0.000,  0.000
  0.017,300.044,  0.000,  0.000
  0.017,300.042,  0.000,  0.000
  0.017,300.042,  0.000,  0.000
  0.016,300.046,  0.000,  0.000
  0.016,300.054,  0.000,  0.000
  0.016,300.066,  0.000,  0.000
  0.016,300.080,  0.000,  0.000
  0.016,300.093,  0.000,  0.000
  0.016,300.105,  0.000,  0.000
  0.016,300.117,  0.000,  0.000
  0.016,300.132,  0.000,  0.000
  0.016,300.148,  0.000,  0.000
  0.016,300.164,  0.000,  0.000
  0.016,300.181,  0.000,  0.000
  0.017,300.197,  0.000,  0.000
  0.017,300.209,  0.000,  0.000
  0.017,300.206,  0.000,  0.000
  0.017,300.185,  0.000,  0.000
  0.017,300.159,  0.000,  0.000
  0.017,300.155,  0.000,  0.000
  0.017,300.148,  0.000,  0.000
  0.016,300.033,  0.000,  0.000
  0.016,300.033,  0.000,  0.000
  0.016,300.031,  0.000,  0.000
  0.016,300.030,  0.000,  0.000
  0.016,300.029,  0.000,  0.000
  0.016,300.025,  0.000,  0.000
  0.016,300.021,  0.000,  0.000
  0.016,300.019,  0.000,  0.000
  0.016,300.025,  0.000,  0.000
  0.016,300.039,  0.000,  0.000
  0.016,300.059,  0.000,  0.000
  0.016,300.079,  0.000,  0.000
  0.016,300.095,  0.000,  0.000
  0.016,300.108,  0.000,  0.000
  0.016,300.122,  0.000,  0.000
  0.016,300.137,  0.000,  0.000
  0.016,300.152,  0.000,  0.000
  0.017,300.168,  0.000,  0.000
  0.017,300.195,  0.000,  0.000
  0.017,300.227,  0.000,  0.000
  0.017,300.242,  0.000,  0.000
  0.017,300.229,  0.000,  0.000
  0.017,300.202,  0.000,  0.000
  0.017,300.194,  0.000,  0.000
  0.017,300.186,  0.000,  0.000
  0.016,299.997,  0.000,  0.000
  0.016,299.993,  0.000,  0.000
  0.016,299.985,  0.000,  0.000
  0.016,299.981,  0.000,  0.000
  0.016,299.980,  0.000,  0.000
  0.016,299.981,  0.000,  0.000
  0.016,299.983,  0.000,  0.000
  0.016,299.987,  0.000,  0.000
  0.016,299.995,  0.001,  0.000
  0.016,300.009,  0.001,  0.000
  0.016,300.029,  0.002,  0.000
  0.016,300.055,  0.001,  0.000
  0.016,300.081,  0.000,  0.000
  0.017,300.103,  0.000,  0.000
  0.017,300.120,  0.000,  0.000
  0.017,300.136,  0.000,  0.000
  0.017,300.152,  0.000,  0.000
  0.017,300.173,  0.000,  0.000
  0.017,300.204,  0.000,  0.000
  0.017,300.241,  0.000,  0.000
  0.017,300.267,  0.001,  0.000
  0.017,300.268,  0.001,  0.000
  0.017,300.254,  0.001,  0.000
  0.017,300.251,  0.000,  0.000
  0.017,300.241,  0.000,  0.000
  0.016,299.962,  0.000,  0.000
  0.016,299.960,  0.000,  0.000
  0.016,299.955,  0.000,  0.000
  0.016,299.952,  0.000,  0.000
  0.016,299.954,  0.000,  0.000
  0.016,299.960,  0.000,  0.000
  0.016,299.968,  0.000,  0.000
  0.016,299.977,  0.000,  0.000
  0.016,299.986,  0.000,  0.000
  0.016,299.997,  0.002,  0.000
  0.016,300.015,  0.006,  0.000
  0.016,300.039,  0.009,  0.000
  0.017,300.066,  0.007,  0.000
  0.017,300.094,  0.003,  0.000
  0.017,300.118,  0.000,  0.000
  0.017,300.139,  0.000,  0.000
  0.017,300.161,  0.000,  0.000
  0.017,300.186,  0.000,  0.000
  0.017,300.217,  0.000,  0.000
  0.017,300.250,  0.001,  0.000
  0.017,300.280,  0.009,  0.000
  0.017,300.300,  0.021,  0.000
  0.017,300.303,  0.016,  0.000
  0.017,300.303,  0.003,  0.000
  0.017,300.285,  0.000,  0.000
  0.016,299.948,  0.000,  0.000
  0.016,299.949,  0.000,  0.000
  0.016,299.950,  0.000,  0.000
  0.016,299.951,  0.000,  0.000
  0.016,299.955,  0.000,  0.000
  0.016,299.961,  0.000,  0.000
  0.017,299.970,  0.000,  0.000
  0.017,299.979,  0.000,  0.000
  0.017,299.989,  0.000,  0.000
  0.017,300.001,  0.000,  0.000
  0.017,300.018,  0.003,  0.000
  0.017,300.040,  0.012,  0.000
  0.017,300.065,  0.018,  0.000
  0.017,300.092,  0.012,  0.000
  0.017,300.119,  0.001,  0.000
  0.017,300.146,  0.001,  0.000
  0.017,300.171,  0.002,  0.000
  0.017,300.197,  0.001,  0.000
  0.017,300.226,  0.000,  0.000
  0.017,300.258,  0.001,  0.000
  0.017,300.293,  0.016,  0.000
  0.017,300.326,  0.049,  0.000
  0.017,300.338,  0.052,  0.000
  0.017,300.335,  0.022,  0.000
  0.017,300.314,  0.006,  0.000
  0.016,299.951,  0.000,  0.000
  0.016,299.955,  0.000,  0.000
  0.016,299.959,  0.000,  0.000
  0.016,299.963,  0.000,  0.000
  0.016,299.966,  0.000,  0.000
  0.016,299.970,  0.000,  0.000
  0.016,299.978,  0.000,  0.000
  0.017,299.988,  0.000,  0.000
  0.017,299.999,  0.000,  0.000
  0.017,300.012,  0.000,  0.000
  0.017,300.028,  0.000,  0.000
  0.017,300.050,  0.002,  0.000
  0.017,300.076,  0.007,  0.000
  0.017,300.103,  0.009,  0.000
  0.017,300.131,  0.003,  0.000
  0.017,300.157,  0.002,  0.000
  0.017,300.182,  0.005,  0.000
  0.017,300.207,  0.004,  0.000
  0.017,300.237,  0.001,  0.000
  0.017,300.272,  0.000,  0.000
  0.017,300.312,  0.001,  0.000
  0.017,300.345,  0.005,  0.000
  0.017,300.354,  0.014,  0.000
  0.017,300.346,  0.020,  0.000
  0.017,300.330,  0.014,  0.000
  0.016,299.960,  0.000,  0.000
  0.016,299.966,  0.000,  0.000
  0.016,299.971,  0.000,  0.000
  0.016,299.976,  0.000,  0.000
  0.016,299.978,  0.000,  0.000
  0.016,299.982,  0.000,  0.000
  0.016,299.990,  0.000,  0.000
  0.016,300.002,  0.000,  0.000
  0.017,300.013,  0.000,  0.000
  0.017,300.026,  0.000,  0.000
  0.017,300.041,  0.000,  0.000
  0.017,300.063,  0.000,  0.000
  0.017,300.091,  0.000,  0.000
  0.017,300.121,  0.000,  0.000
  0.017,300.148,  0.000,  0.000
  0.017,300.174,  0.000,  0.000
  0.017,300.198,  0.002,  0.000
  0.017,300.225,  0.003,  0.000
  0.017,300.256,  0.002,  0.000
  0.017,300.293,  0.001,  0.000
  0.017,300.329,  0.000,  0.000
  0.017,300.352,  0.000,  0.000
  0.017,300.352,  0.000,  0.000
  0.017,300.350,  0.000,  0.000
  0.017,300.346,  0.001,  0.000
  0.016,299.974,  0.000,  0.000
  0.016,299.978,  0.000,  0.000
  0.016,299.982,  0.000,  0.000
  0.016,299.988,  0.000,  0.000
  0.016,299.993,  0.000,  0.000
  0.016,299.998,  0.000,  0.000
  0.016,300.005,  0.000,  0.000
  0.016,300.016,  0.000,  0.000
  0.016,300.029,  0.000,  0.000
  0.017,300.043,  0.000,  0.000
  0.017,300.060,  0.000,  0.000
  0.017,300.080,  0.000,  0.000
  0.017,300.104,  0.000,  0.000
  0.017,300.132,  0.000,  0.000
  0.017,300.162,  0.000,  0.000
  0.017,300.191,  0.000,  0.000
  0.017,300.221,  0.000,  0.000
  0.017,300.250,  0.000,  0.000
  0.017,300.280,  0.001,  0.000
  0.017,300.312,  0.000,  0.000
  0.017,300.339,  0.001,  0.000
  0.017,300.353,  0.000,  0.000
  0.017,300.354,  0.000,  0.000
  0.017,300.366,  0.000,  0.000
  0.017,300.368,  0.000,  0.000
  0.016,299.992,  0.000,  0.000
  0.016,299.996,  0.000,  0.000
  0.016,299.997,  0.000,  0.000
  0.016,300.001,  0.000,  0.000
  0.016,300.010,  0.000,  0.000
  0.016,300.017,  0.000,  0.000
  0.016,300.022,  0.000,  0.000
  0.016,300.031,  0.000,  0.000
  0.016,300.045,  0.000,  0.000
  0.017,300.063,  0.000,  0.000
  0.017,300.081,  0.000,  0.000
  0.017,300.097,  0.000,  0.000
  0.017,300.116,  0.001,  0.000
  0.017,300.142,  0.000,  0.000
  0.017,300.175,  0.000,  0.000
  0.017,300.211,  0.000,  0.000
  0.017,300.246,  0.000,  0.000
  0.017,300.276,  0.000,  0.000
  0.017,300.302,  0.000,  0.000
  0.017,300.328,  0.000,  0.000
  0.017,300.348,  0.000,  0.000
  0.017,300.360,  0.000,  0.000
  0.017,300.371,  0.000,  0.000
  0.017,300.379,  0.000,  0.000
  0.017,300.343,  0.000,  0.000
  0.016,300.005,  0.001,  0.000
  0.016,300.018,  0.000,  0.000
  0.016,300.022,  0.000,  0.000
  0.016,300.020,  0.000,  0.000
  0.016,300.023,  0.000,  0.000
  0.016,300.030,  0.001,  0.000
  0.016,300.038,  0.001,  0.000
  0.016,300.048,  0.000,  0.000
  0.016,300.064,  0.000,  0.000
  0.016,300.083,  0.000,  0.000
  0.017,300.100,  0.000,  0.000
  0.017,300.114,  0.001,  0.000
  0.017,300.132,  0.003,  0.000
  0.017,300.159,  0.006,  0.000
  0.017,300.195,  0.005,  0.000
  0.017,300.234,  0.003,  0.000
  0.017,300.269,  0.002,  0.000
  0.017,300.298,  0.000,  0.000
  0.017,300.323,  0.000,  0.000
  0.017,300.345,  0.000,  0.000
  0.017,300.362,  0.000,  0.000
  0.017,300.375,  0.001,  0.000
  0.017,300.386,  0.003,  0.000
  0.017,300.376,  0.005,  0.000
  0.017,300.328,  0.004,  0.000
  0.016,300.006,  0.006,  0.000
  0.016,300.014,  0.001,  0.000
  0.016,300.029,  0.000,  0.000
  0.016,300.034,  0.000,  0.000
  0.016,300.032,  0.000,  0.000
  0.016,300.037,  0.001,  0.000
  0.016,300.053,  0.001,  0.000
  0.016,300.068,  0.002,  0.000
  0.016,300.082,  0.001,  0.000
  0.016,300.097,  0.000,  0.000
  0.017,300.114,  0.000,  0.000
  0.017,300.132,  0.001,  0.000
  0.017,300.153,  0.004,  0.000
  0.017,300.182,  0.016,  0.000
  0.017,300.216,  0.028,  0.000
  0.017,300.254,  0.029,  0.000
  0.017,300.289,  0.031,  0.000
  0.017,300.318,  0.031,  0.000
  0.017,300.344,  0.021,  0.000
  0.017,300.368,  0.008,  0.000
  0.017,300.389,  0.001,  0.000
  0.017,300.403,  0.004,  0.000
  0.017,300.406,  0.014,  0.000
  0.017,300.388,  0.033,  0.000
  0.017,300.348,  0.046,  0.000
  0.016,300.011,  0.013,  0.000
  0.016,299.991,  0.001,  0.000
  0.016,300.005,  0.000,  0.000
  0.016,300.036,  0.000,  0.000
  0.016,300.047,  0.000,  0.000
  0.016,300.050,  0.000,  0.000
  0.016,300.065,  0.000,  0.000
  0.016,300.083,  0.001,  0.000
  0.016,300.096,  0.002,  0.000
  0.017,300.109,  0.001,  0.000
  0.017,300.128,  0.000,  0.000
  0.017,300.151,  0.000,  0.000
  0.017,300.175,  0.000,  0.000
  0.017,300.200,  0.007,  0.000
  0.017,300.230,  0.029,  0.000
  0.017,300.266,  0.053,  0.000
  0.017,300.303,  0.080,  0.000
  0.017,300.334,  0.140,  0.000
  0.017,300.362,  0.202,  0.000
  0.017,300.389,  0.188,  0.000
  0.017,300.415,  0.090,  0.000
  0.017,300.429,  0.019,  0.000
  0.017,300.426,  0.017,  0.000
  0.017,300.410,  0.050,  0.000
  0.017,300.389,  0.091,  0.000
  0.016,300.023,  0.001,  0.000
  0.016,300.005,  0.001,  0.000
  0.016,300.000,  0.000,  0.000
  0.016,300.037,  0.000,  0.000
  0.016,300.066,  0.000,  0.000
  0.016,300.071,  0.000,  0.000
  0.016,300.075,  0.000,  0.000
  0.016,300.089,  0.000,  0.000
  0.017,300.107,  0.000,  0.000
  0.017,300.125,  0.000,  0.000
  0.017,300.146,  0.000,  0.000
  0.017,300.170,  0.000,  0.000
  0.017,300.192,  0.000,  0.000
  0.017,300.214,  0.000,  0.000
  0.017,300.240,  0.002,  0.000
  0.017,300.275,  0.008,  0.000
  0.017,300.314,  0.038,  0.000
  0.017,300.350,  0.127,  0.000
  0.017,300.380,  0.285,  0.000
  0.017,300.407,  0.405,  0.000
  0.017,300.432,  0.329,  0.000
  0.017,300.447,  0.134,  0.000
  0.017,300.449,  0.023,  0.000
  0.017,300.444,  0.004,  0.000
  0.017,300.434,  0.013,  0.000
  0.016,300.023,  0.000,  0.000
  0.016,300.044,  0.000,  0.000
  0.016,300.041,  0.001,  0.000
  0.016,300.052,  0.001,  0.000
  0.016,300.076,  0.002,  0.000
  0.016,300.086,  0.001,  0.000
  0.016,300.087,  0.000,  0.000
  0.016,300.096,  0.000,  0.000
  0.017,300.118,  0.000,  0.000
  0.017,300.143,  0.000,  0.000
  0.017,300.165,  0.000,  0.000
  0.017,300.186,  0.000,  0.000
  0.017,300.206,  0.000,  0.000
  0.017,300.226,  0.000,  0.000
  0.017,300.251,  0.000,  0.000
  0.017,300.285,  0.000,  0.000
  0.017,300.326,  0.000,  0.000
  0.017,300.366,  0.000,  0.000
  0.017,300.399,  0.001,  0.000
  0.017,300.427,  0.025,  0.000
  0.017,300.447,  0.115,  0.160
  0.017,300.458,  0.158,  0.160
  0.017,300.468,  0.052,  0.160
  0.017,300.480,  0.007,  0.130
  0.017,300.478,  0.001,  0.130
  0.016,300.022,  0.001,  0.000
  0.016,300.061,  0.005,  0.000
  0.016,300.080,  0.009,  0.000
  0.016,300.076,  0.015,  0.000
  0.016,300.074,  0.025,  0.000
  0.016,300.085,  0.032,  0.000
  0.017,300.098,  0.030,  0.000
  0.017,300.113,  0.019,  0.000
  0.017,300.134,  0.007,  0.000
  0.017,300.159,  0.001,  0.000
  0.017,300.180,  0.000,  0.000
  0.017,300.198,  0.000,  0.000
  0.017,300.218,  0.000,  0.000
  0.017,300.240,  0.000,  0.000
  0.017,300.267,  0.000,  0.000
  0.017,300.301,  0.000,  0.000
  0.017,300.341,  0.000,  0.000
  0.017,300.381,  0.001,  0.000
  0.017,300.419,  0.002,  0.000
  0.017,300.449,  0.003,  0.000
  0.017,300.461,  0.001,  0.160
  0.017,300.458,  0.000,  0.160
  0.017,300.464,  0.003,  0.160
  0.017,300.484,  0.005,  0.130
  0.017,300.481,  0.001,  0.130
