  0.017,299.284,  0.000,  0.000
  0.017,299.282,  0.000,  0.000
  0.017,299.275,  0.000,  0.000
  0.017,299.279,  0.000,  0.000
  0.017,299.284,  0.000,  0.000
  0.017,299.284,  0.000,  0.000
  0.017,299.264,  0.000,  0.000
  0.017,299.259,  0.000,  0.000
  0.017,299.283,  0.000,  0.000
  0.017,299.304,  0.000,  0.000
  0.017,299.302,  0.000,  0.000
  0.017,299.272,  0.000,  0.000
  0.017,299.230,  0.000,  0.000
  0.018,299.196,  0.000,  0.000
  0.018,299.192,  0.000,  0.000
  0.018,299.202,  0.000,  0.000
  0.017,299.210,  0.000,  0.000
  0.017,299.208,  0.000,  0.000
  0.017,299.205,  0.000,  0.000
  0.018,299.228,  0.000,  0.000
  0.017,299.270,  0.000,  0.000
  0.017,299.272,  0.000,  0.000
  0.017,299.250,  0.000,  0.000
  0.017,299.253,  0.000,  0.000
  0.017,299.260,  0.000,  0.000
  0.017,299.326,  0.000,  0.000
  0.017,299.329,  0.000,  0.000
  0.017,299.328,  0.000,  0.000
  0.017,299.331,  0.000,  0.000
  0.017,299.331,  0.000,  0.000
  0.017,299.329,  0.000,  0.000
  0.017,299.318,  0.000,  0.000
  0.017,299.302,  0.000,  0.000
  0.017,299.297,  0.000,  0.000
  0.017,299.315,  0.000,  0.000
  0.017,299.326,  0.000,  0.000
  0.017,299.326,  0.000,  0.000
  0.017,299.311,  0.000,  0.000
  0.017,299.277,  0.000,  0.000
  0.017,299.247,  0.000,  0.000
  0.017,299.235,  0.000,  0.000
  0.017,299.246,  0.000,  0.000
  0.017,299.248,  0.000,  0.000
  0.017,299.245,  0.000,  0.000
  0.017,299.266,  0.000,  0.000
  0.017,299.295,  0.000,  0.000
  0.017,299.296,  0.000,  0.000
  0.017,299.277,  0.000,  0.000
  0.017,299.283,  0.000,  0.000
  0.017,299.283,  0.000,  0.000
  0.017,299.360,  0.000,  0.000
  0.017,299.360,  0.000,  0.000
  0.017,299.373,  0.000,  0.000
  0.017,299.382,  0.000,  0.000
  0.017,299.372,  0.000,  0.000
  0.017,299.357,  0.000,  0.000
  0.017,299.344,  0.000,  0.000
  0.017,299.328,  0.000,  0.000
  0.017,299.326,  0.000,  0.000
  0.017,299.342,  0.000,  0.000
  0.017,299.358,  0.000,  0.000
  0.017,299.365,  0.000,  0.000
  0.017,299.366,  0.000,  0.000
  0.017,299.351,  0.000,  0.000
  0.017,299.314,  0.000,  0.000
  0.017,299.286,  0.000,  0.000
  0.017,299.276,  0.000,  0.000
  0.017,299.282,  0.000,  0.000
  0.017,299.295,  0.000,  0.000
  0.017,299.320,  0.000,  0.000
  0.017,299.333,  0.000,  0.000
  0.017,299.319,  0.000,  0.000
  0.017,299.297,  0.000,  0.000
  0.017,299.301,  0.000,  0.000
  0.017,299.283,  0.000,  0.000
  0.017,299.410,  0.000,  0.000
  0.017,299.398,  0.000,  0.000
  0.017,299.401,  0.000,  0.000
  0.017,299.406,  0.000,  0.000
  0.017,299.404,  0.000,  0.000
  0.017,299.391,  0.000,  0.000
  0.017,299.375,  0.000,  0.000
  0.017,299.361,  0.000,  0.000
  0.017,299.360,  0.000,  0.000
  0.017,299.371,  0.000,  0.000
  0.017,299.388,  0.000,  0.000
  0.017,299.401,  0.000,  0.000
  0.017,299.399,  0.000,  0.000
  0.017,299.381,  0.000,  0.000
  0.017,299.351,  0.000,  0.000
  0.017,299.321,  0.000,  0.000
  0.017,299.311,  0.000,  0.000
  0.017,299.327,  0.000,  0.000
  0.017,299.363,  0.000,  0.000
  0.017,299.387,  0.000,  0.000
  0.017,299.374,  0.000,  0.000
  0.017,299.335,  0.000,  0.000
  0.017,299.298,  0.000,  0.000
  0.017,299.291,  0.000,  0.000
  0.017,299.263,  0.000,  0.000
  0.017,299.456,  0.000,  0.000
  0.017,299.438,  0.000,  0.000
  0.017,299.424,  0.000,  0.000
  0.017,299.423,  0.000,  0.000
  0.017,299.428,  0.000,  0.000
  0.017,299.432,  0.000,  0.000
  0.017,299.425,  0.000,  0.000
  0.017,299.403,  0.000,  0.000
  0.017,299.381,  0.000,  0.000
  0.017,299.381,  0.000,  0.000
  0.017,299.407,  0.000,  0.000
  0.017,299.430,  0.000,  0.000
  0.017,299.416,  0.000,  0.000
  0.017,299.387,  0.000,  0.000
  0.017,299.364,  0.000,  0.000
  0.017,299.341,  0.000,  0.000
  0.017,299.335,  0.000,  0.000
  0.018,299.374,  0.000,  0.000
  0.017,299.428,  0.000,  0.000
  0.017,299.440,  0.000,  0.000
  0.017,299.386,  0.000,  0.000
  0.017,299.316,  0.000,  0.000
  0.017,299.273,  0.000,  0.000
  0.017,299.270,  0.000,  0.000
  0.017,299.243,  0.000,  0.000
  0.017,299.480,  0.000,  0.000
  0.017,299.468,  0.000,  0.000
  0.017,299.451,  0.000,  0.000
  0.017,299.443,  0.000,  0.000
  0.017,299.452,  0.000,  0.000
  0.017,299.477,  0.000,  0.000
  0.017,299.492,  0.000,  0.000
  0.017,299.469,  0.000,  0.000
  0.017,299.425,  0.000,  0.000
  0.017,299.397,  0.000,  0.000
  0.017,299.411,  0.000,  0.000
  0.017,299.428,  0.000,  0.000
  0.017,299.422,  0.000,  0.000
  0.017,299.402,  0.000,  0.000
  0.017,299.383,  0.000,  0.000
  0.017,299.370,  0.000,  0.000
  0.017,299.368,  0.000,  0.000
  0.018,299.414,  0.000,  0.000
  0.017,299.465,  0.000,  0.000
  0.017,299.453,  0.000,  0.000
  0.017,299.367,  0.000,  0.000
  0.017,299.282,  0.000,  0.000
  0.017,299.249,  0.000,  0.000
  0.017,299.257,  0.000,  0.000
  0.017,299.231,  0.000,  0.000
  0.017,299.505,  0.000,  0.000
  0.017,299.503,  0.000,  0.000
  0.017,299.494,  0.000,  0.000
  0.017,299.479,  0.000,  0.000
  0.017,299.472,  0.000,  0.000
  0.017,299.492,  0.000,  0.000
  0.017,299.529,  0.000,  0.000
  0.017,299.538,  0.000,  0.000
  0.017,299.508,  0.000,  0.000
  0.017,299.457,  0.000,  0.000
  0.017,299.435,  0.000,  0.000
  0.017,299.435,  0.000,  0.000
  0.017,299.438,  0.000,  0.000
  0.017,299.434,  0.000,  0.000
  0.017,299.427,  0.000,  0.000
  0.017,299.418,  0.000,  0.000
  0.017,299.421,  0.000,  0.000
  0.017,299.437,  0.000,  0.000
  0.017,299.454,  0.000,  0.000
  0.017,299.423,  0.000,  0.000
  0.017,299.341,  0.000,  0.000
  0.017,299.266,  0.000,  0.000
  0.017,299.242,  0.000,  0.000
  0.017,299.251,  0.000,  0.000
  0.017,299.224,  0.000,  0.000
  0.017,299.516,  0.000,  0.000
  0.017,299.529,  0.000,  0.000
  0.017,299.542,  0.000,  0.000
  0.017,299.542,  0.000,  0.000
  0.017,299.512,  0.000,  0.000
  0.017,299.496,  0.000,  0.000
  0.017,299.524,  0.000,  0.000
  0.017,299.589,  0.000,  0.000
  0.017,299.595,  0.000,  0.000
  0.017,299.552,  0.000,  0.000
  0.017,299.491,  0.000,  0.000
  0.017,299.462,  0.000,  0.000
  0.017,299.464,  0.000,  0.000
  0.017,299.474,  0.000,  0.000
  0.017,299.474,  0.000,  0.000
  0.017,299.458,  0.000,  0.000
  0.017,299.442,  0.000,  0.000
  0.017,299.436,  0.000,  0.000
  0.017,299.425,  0.000,  0.000
  0.017,299.386,  0.000,  0.000
  0.017,299.326,  0.000,  0.000
  0.017,299.274,  0.000,  0.000
  0.017,299.251,  0.000,  0.000
  0.017,299.240,  0.000,  0.000
  0.017,299.208,  0.000,  0.000
  0.018,299.546,  0.000,  0.000
  0.018,299.565,  0.000,  0.000
  0.017,299.591,  0.000,  0.000
  0.017,299.619,  0.000,  0.000
  0.017,299.596,  0.000,  0.000
  0.017,299.551,  0.000,  0.000
  0.017,299.531,  0.000,  0.000
  0.017,299.587,  0.000,  0.000
  0.017,299.640,  0.000,  0.000
  0.017,299.616,  0.000,  0.000
  0.017,299.552,  0.000,  0.000
  0.017,299.496,  0.000,  0.000
  0.017,299.495,  0.000,  0.000
  0.017,299.518,  0.000,  0.000
  0.017,299.525,  0.000,  0.000
  0.017,299.487,  0.000,  0.000
  0.017,299.445,  0.000,  0.000
  0.017,299.428,  0.000,  0.000
  0.017,299.410,  0.000,  0.000
  0.017,299.364,  0.000,  0.000
  0.017,299.316,  0.000,  0.000
  0.017,299.283,  0.000,  0.000
  0.017,299.257,  0.000,  0.000
  0.017,299.231,  0.000,  0.000
  0.017,299.204,  0.000,  0.000
  0.018,299.539,  0.000,  0.000
  0.018,299.642,  0.000,  0.000
  0.018,299.655,  0.000,  0.000
  0.017,299.677,  0.000,  0.000
  0.017,299.667,  0.000,  0.000
  0.017,299.635,  0.000,  0.000
  0.017,299.587,  0.000,  0.000
  0.017,299.572,  0.000,  0.000
  0.017,299.607,  0.000,  0.000
  0.017,299.626,  0.000,  0.000
  0.017,299.598,  0.000,  0.000
  0.017,299.541,  0.000,  0.000
  0.018,299.517,  0.000,  0.000
  0.017,299.557,  0.000,  0.000
  0.017,299.570,  0.000,  0.000
  0.017,299.523,  0.000,  0.000
  0.017,299.454,  0.000,  0.000
  0.017,299.418,  0.000,  0.000
  0.017,299.391,  0.000,  0.000
  0.017,299.340,  0.000,  0.000
  0.017,299.307,  0.000,  0.000
  0.017,299.291,  0.000,  0.000
  0.017,299.263,  0.000,  0.000
  0.017,299.238,  0.000,  0.000
  0.017,299.208,  0.000,  0.000
  0.017,299.710,  0.000,  0.000
  0.017,299.736,  0.000,  0.000
  0.018,299.721,  0.000,  0.000
  0.018,299.691,  0.000,  0.000
  0.017,299.680,  0.000,  0.000
  0.017,299.684,  0.000,  0.000
  0.017,299.661,  0.000,  0.000
  0.017,299.618,  0.000,  0.000
  0.017,299.597,  0.000,  0.000
  0.017,299.621,  0.000,  0.000
  0.017,299.626,  0.000,  0.000
  0.017,299.588,  0.000,  0.000
  0.017,299.545,  0.000,  0.000
  0.017,299.559,  0.000,  0.000
  0.017,299.582,  0.000,  0.000
  0.017,299.548,  0.000,  0.000
  0.017,299.473,  0.000,  0.000
  0.017,299.417,  0.000,  0.000
  0.017,299.370,  0.000,  0.000
  0.017,299.316,  0.000,  0.000
  0.017,299.300,  0.000,  0.000
  0.017,299.293,  0.000,  0.000
  0.017,299.262,  0.000,  0.000
  0.017,299.240,  0.000,  0.000
  0.017,299.210,  0.000,  0.000
  0.017,299.801,  0.000,  0.000
  0.017,299.786,  0.000,  0.000
  0.017,299.758,  0.000,  0.000
  0.017,299.709,  0.000,  0.000
  0.017,299.686,  0.000,  0.000
  0.017,299.709,  0.000,  0.000
  0.017,299.723,  0.000,  0.000
  0.017,299.688,  0.000,  0.000
  0.017,299.636,  0.000,  0.000
  0.017,299.623,  0.000,  0.000
  0.017,299.626,  0.000,  0.000
  0.017,299.600,  0.000,  0.000
  0.017,299.568,  0.000,  0.000
  0.017,299.554,  0.000,  0.000
  0.017,299.565,  0.000,  0.000
  0.017,299.539,  0.000,  0.000
  0.017,299.478,  0.000,  0.000
  0.017,299.420,  0.000,  0.000
  0.017,299.374,  0.000,  0.000
  0.017,299.327,  0.000,  0.000
  0.017,299.305,  0.000,  0.000
  0.017,299.289,  0.000,  0.000
  0.017,299.254,  0.000,  0.000
  0.017,299.226,  0.000,  0.000
  0.017,299.200,  0.000,  0.000
  0.017,299.798,  0.000,  0.000
  0.017,299.791,  0.000,  0.000
  0.017,299.784,  0.000,  0.000
  0.017,299.755,  0.000,  0.000
  0.017,299.727,  0.000,  0.000
  0.017,299.725,  0.000,  0.000
  0.017,299.742,  0.000,  0.000
  0.017,299.726,  0.000,  0.000
  0.017,299.676,  0.000,  0.000
  0.017,299.631,  0.000,  0.000
  0.017,299.611,  0.000,  0.000
  0.017,299.591,  0.000,  0.000
  0.017,299.571,  0.000,  0.000
  0.017,299.549,  0.000,  0.000
  0.017,299.536,  0.000,  0.000
  0.017,299.514,  0.000,  0.000
  0.017,299.472,  0.000,  0.000
  0.017,299.423,  0.000,  0.000
  0.017,299.385,  0.000,  0.000
  0.017,299.346,  0.000,  0.000
  0.017,299.310,  0.000,  0.000
  0.017,299.283,  0.000,  0.000
  0.017,299.253,  0.000,  0.000
  0.017,299.218,  0.000,  0.000
  0.017,299.187,  0.000,  0.000
  0.017,299.828,  0.000,  0.000
  0.017,299.824,  0.000,  0.000
  0.017,299.827,  0.000,  0.000
  0.017,299.811,  0.000,  0.000
  0.017,299.779,  0.000,  0.000
  0.017,299.745,  0.000,  0.000
  0.017,299.727,  0.000,  0.000
  0.017,299.712,  0.000,  0.000
  0.017,299.680,  0.000,  0.000
  0.017,299.638,  0.000,  0.000
  0.017,299.600,  0.000,  0.000
  0.017,299.575,  0.000,  0.000
  0.017,299.559,  0.000,  0.000
  0.017,299.547,  0.000,  0.000
  0.017,299.535,  0.000,  0.000
  0.017,299.526,  0.000,  0.000
  0.017,299.490,  0.000,  0.000
  0.017,299.432,  0.000,  0.000
  0.017,299.380,  0.000,  0.000
  0.017,299.339,  0.000,  0.000
  0.017,299.301,  0.000,  0.000
  0.017,299.277,  0.000,  0.000
  0.017,299.256,  0.000,  0.000
  0.017,299.229,  0.000,  0.000
  0.017,299.193,  0.000,  0.000
  0.017,299.891,  0.000,  0.000
  0.017,299.879,  0.000,  0.000
  0.017,299.863,  0.000,  0.000
  0.017,299.833,  0.000,  0.000
  0.017,299.796,  0.000,  0.000
  0.017,299.751,  0.000,  0.000
  0.017,299.709,  0.000,  0.000
  0.017,299.689,  0.000,  0.000
  0.017,299.673,  0.000,  0.000
  0.017,299.643,  0.000,  0.000
  0.017,299.601,  0.000,  0.000
  0.017,299.565,  0.000,  0.000
  0.017,299.545,  0.000,  0.000
  0.017,299.546,  0.000,  0.000
  0.017,299.550,  0.000,  0.000
  0.017,299.549,  0.000,  0.000
  0.017,299.508,  0.000,  0.000
  0.018,299.438,  0.000,  0.000
  0.018,299.378,  0.000,  0.000
  0.017,299.336,  0.000,  0.000
  0.017,299.291,  0.000,  0.000
  0.017,299.269,  0.000,  0.000
  0.018,299.256,  0.000,  0.000
  0.017,299.242,  0.000,  0.000
  0.017,299.214,  0.000,  0.000
