  0.018,299.716,  0.000,  0.000
  0.018,299.702,  0.000,  0.000
  0.018,299.638,  0.000,  0.000
  0.018,299.612,  0.000,  0.000
  0.018,299.646,  0.000,  0.000
  0.018,299.712,  0.000,  0.000
  0.018,299.745,  0.000,  0.000
  0.018,299.682,  0.000,  0.000
  0.019,299.535,  0.000,  0.000
  0.019,299.365,  0.000,  0.000
  0.019,299.256,  0.000,  0.000
  0.019,299.206,  0.000,  0.000
  0.019,299.081,  0.000,  0.000
  0.019,298.825,  0.000,  0.000
  0.020,299.344,  0.000,  0.000
  0.020,300.054,  0.000,  0.000
  0.019,300.258,  0.000,  0.000
  0.019,300.163,  0.000,  0.000
  0.019,300.205,  0.000,  0.000
  0.018,300.221,  0.000,  0.000
  0.019,300.223,  0.000,  0.000
  0.019,300.210,  0.000,  0.000
  0.019,300.148,  0.000,  0.000
  0.019,300.098,  0.000,  0.000
  0.019,300.058,  0.000,  0.000
  0.018,299.743,  0.000,  0.000
  0.018,299.753,  0.000,  0.000
  0.018,299.704,  0.000,  0.000
  0.018,299.682,  0.000,  0.000
  0.018,299.727,  0.000,  0.000
  0.018,299.790,  0.000,  0.000
  0.018,299.825,  0.000,  0.000
  0.018,299.736,  0.000,  0.000
  0.019,299.527,  0.000,  0.000
  0.019,299.378,  0.000,  0.000
  0.019,299.355,  0.000,  0.000
  0.018,299.281,  0.000,  0.000
  0.019,298.977,  0.000,  0.000
  0.019,298.688,  0.000,  0.000
  0.019,299.161,  0.000,  0.000
  0.020,299.614,  0.000,  0.000
  0.019,300.136,  0.000,  0.000
  0.019,300.252,  0.000,  0.000
  0.019,300.277,  0.000,  0.000
  0.019,300.277,  0.000,  0.000
  0.019,300.240,  0.000,  0.000
  0.019,300.248,  0.000,  0.000
  0.019,300.210,  0.000,  0.000
  0.019,300.166,  0.000,  0.000
  0.019,300.106,  0.000,  0.000
  0.018,299.692,  0.000,  0.000
  0.018,299.735,  0.000,  0.000
  0.018,299.755,  0.000,  0.000
  0.018,299.780,  0.000,  0.000
  0.018,299.826,  0.000,  0.000
  0.018,299.879,  0.000,  0.000
  0.018,299.899,  0.000,  0.000
  0.018,299.796,  0.000,  0.000
  0.019,299.605,  0.000,  0.000
  0.019,299.485,  0.000,  0.000
  0.019,299.400,  0.000,  0.000
  0.019,299.131,  0.000,  0.000
  0.019,298.736,  0.000,  0.000
  0.018,298.483,  0.000,  0.000
  0.019,299.054,  0.000,  0.000
  0.020,299.717,  0.000,  0.000
  0.019,300.071,  0.000,  0.000
  0.019,299.896,  0.000,  0.000
  0.019,299.795,  0.000,  0.000
  0.019,299.847,  0.000,  0.000
  0.019,300.012,  0.000,  0.000
  0.019,300.222,  0.000,  0.000
  0.019,300.293,  0.000,  0.000
  0.019,300.237,  0.000,  0.000
  0.019,300.201,  0.000,  0.000
  0.018,299.643,  0.000,  0.000
  0.018,299.681,  0.000,  0.000
  0.018,299.734,  0.000,  0.000
  0.018,299.801,  0.000,  0.000
  0.018,299.859,  0.000,  0.000
  0.018,299.897,  0.000,  0.000
  0.018,299.917,  0.000,  0.000
  0.018,299.839,  0.000,  0.000
  0.019,299.597,  0.000,  0.000
  0.019,299.305,  0.000,  0.000
  0.019,299.149,  0.000,  0.000
  0.019,299.036,  0.000,  0.000
  0.019,298.793,  0.000,  0.000
  0.019,298.606,  0.000,  0.000
  0.019,298.823,  0.000,  0.000
  0.020,300.006,  0.000,  0.000
  0.019,300.025,  0.000,  0.000
  0.018,299.569,  0.000,  0.000
  0.019,299.219,  0.000,  0.000
  0.019,299.082,  0.000,  0.000
  0.019,299.315,  0.000,  0.000
  0.019,299.867,  0.000,  0.000
  0.018,300.324,  0.000,  0.000
  0.019,300.346,  0.000,  0.000
  0.019,300.219,  0.000,  0.000
  0.019,300.056,  0.000,  0.000
  0.019,300.081,  0.000,  0.000
  0.019,300.116,  0.000,  0.000
  0.018,299.865,  0.000,  0.000
  0.018,299.905,  0.000,  0.000
  0.018,299.921,  0.000,  0.000
  0.018,299.917,  0.000,  0.000
  0.019,299.777,  0.000,  0.000
  0.019,299.434,  0.000,  0.000
  0.019,299.085,  0.000,  0.000
  0.019,298.956,  0.000,  0.000
  0.019,298.984,  0.000,  0.000
  0.019,298.962,  0.000,  0.000
  0.019,298.923,  0.000,  0.000
  0.019,299.328,  0.000,  0.000
  0.019,300.137,  0.000,  0.000
  0.019,299.884,  0.000,  0.000
  0.019,299.410,  0.000,  0.000
  0.019,299.133,  0.000,  0.000
  0.019,298.956,  0.000,  0.000
  0.019,299.340,  0.000,  0.000
  0.019,300.196,  0.000,  0.000
  0.018,300.476,  0.000,  0.000
  0.019,300.315,  0.000,  0.000
  0.019,300.291,  0.000,  0.000
  0.019,300.101,  0.000,  0.000
  0.019,300.144,  0.000,  0.000
  0.019,300.189,  0.000,  0.000
  0.019,300.248,  0.000,  0.000
  0.018,300.033,  0.000,  0.000
  0.019,300.318,  0.000,  0.000
  0.018,299.964,  0.000,  0.000
  0.019,299.672,  0.000,  0.000
  0.019,299.277,  0.000,  0.000
  0.019,299.021,  0.000,  0.000
  0.019,299.032,  0.000,  0.000
  0.019,299.080,  0.000,  0.000
  0.019,299.124,  0.000,  0.000
  0.019,299.502,  0.000,  0.000
  0.018,300.243,  0.000,  0.000
  0.018,300.549,  0.000,  0.000
  0.019,300.128,  0.000,  0.000
  0.019,299.739,  0.000,  0.000
  0.019,299.586,  0.000,  0.000
  0.019,299.721,  0.000,  0.000
  0.019,300.216,  0.000,  0.000
  0.019,300.521,  0.000,  0.000
  0.019,300.443,  0.000,  0.000
  0.019,300.408,  0.000,  0.000
  0.019,300.361,  0.000,  0.000
  0.019,300.074,  0.000,  0.000
  0.018,299.741,  0.000,  0.000
  0.019,300.059,  0.000,  0.000
  0.019,300.115,  0.000,  0.000
  0.019,300.235,  0.000,  0.000
  0.019,300.365,  0.000,  0.000
  0.019,300.078,  0.000,  0.000
  0.019,299.748,  0.000,  0.000
  0.019,299.327,  0.000,  0.000
  0.019,299.076,  0.000,  0.000
  0.019,299.077,  0.000,  0.000
  0.019,299.272,  0.000,  0.000
  0.019,299.634,  0.000,  0.000
  0.018,300.220,  0.000,  0.000
  0.018,300.593,  0.000,  0.000
  0.018,300.627,  0.000,  0.000
  0.018,300.543,  0.000,  0.000
  0.018,300.429,  0.000,  0.000
  0.018,300.429,  0.000,  0.000
  0.018,300.538,  0.000,  0.000
  0.018,300.564,  0.000,  0.000
  0.019,300.518,  0.000,  0.000
  0.019,300.492,  0.000,  0.000
  0.019,300.495,  0.000,  0.000
  0.019,300.485,  0.000,  0.000
  0.018,299.686,  0.000,  0.000
  0.018,299.652,  0.000,  0.000
  0.018,299.864,  0.000,  0.000
  0.019,300.000,  0.000,  0.000
  0.019,300.012,  0.000,  0.000
  0.019,300.159,  0.000,  0.000
  0.020,300.380,  0.000,  0.000
  0.019,300.164,  0.000,  0.000
  0.019,299.897,  0.000,  0.000
  0.019,299.682,  0.000,  0.000
  0.019,299.737,  0.000,  0.000
  0.019,300.004,  0.000,  0.000
  0.018,300.311,  0.000,  0.000
  0.018,300.499,  0.000,  0.000
  0.018,300.596,  0.000,  0.000
  0.018,300.632,  0.000,  0.000
  0.018,300.577,  0.000,  0.000
  0.018,300.544,  0.000,  0.000
  0.018,300.570,  0.000,  0.000
  0.018,300.609,  0.000,  0.000
  0.018,300.613,  0.000,  0.000
  0.018,300.568,  0.000,  0.000
  0.019,300.527,  0.000,  0.000
  0.018,300.547,  0.000,  0.000
  0.018,300.575,  0.000,  0.000
  0.018,299.579,  0.000,  0.000
  0.018,299.637,  0.000,  0.000
  0.018,299.708,  0.000,  0.000
  0.019,300.028,  0.000,  0.000
  0.019,299.935,  0.000,  0.000
  0.019,299.971,  0.000,  0.000
  0.019,300.235,  0.000,  0.000
  0.020,300.567,  0.000,  0.000
  0.018,300.484,  0.000,  0.000
  0.018,300.430,  0.000,  0.000
  0.018,300.502,  0.000,  0.000
  0.018,300.615,  0.000,  0.000
  0.018,300.631,  0.000,  0.000
  0.018,300.638,  0.000,  0.000
  0.018,300.662,  0.000,  0.000
  0.018,300.616,  0.000,  0.000
  0.018,300.537,  0.000,  0.000
  0.018,300.514,  0.000,  0.000
  0.018,300.543,  0.000,  0.000
  0.018,300.580,  0.000,  0.000
  0.018,300.611,  0.000,  0.000
  0.018,300.599,  0.000,  0.000
  0.018,300.550,  0.000,  0.000
  0.018,300.529,  0.000,  0.000
  0.018,300.551,  0.000,  0.000
  0.018,299.590,  0.000,  0.000
  0.018,299.723,  0.000,  0.000
  0.018,299.808,  0.000,  0.000
  0.019,300.080,  0.000,  0.000
  0.019,299.970,  0.000,  0.000
  0.019,299.951,  0.000,  0.000
  0.019,300.057,  0.000,  0.000
  0.019,300.375,  0.000,  0.000
  0.018,300.483,  0.000,  0.000
  0.018,300.526,  0.000,  0.000
  0.018,300.548,  0.000,  0.000
  0.018,300.678,  0.000,  0.000
  0.018,300.691,  0.000,  0.000
  0.018,300.652,  0.000,  0.000
  0.018,300.612,  0.000,  0.000
  0.018,300.579,  0.000,  0.000
  0.019,300.511,  0.000,  0.000
  0.018,300.472,  0.000,  0.000
  0.018,300.497,  0.000,  0.000
  0.018,300.540,  0.000,  0.000
  0.018,300.577,  0.000,  0.000
  0.018,300.599,  0.000,  0.000
  0.018,300.568,  0.000,  0.000
  0.018,300.523,  0.000,  0.000
  0.018,300.509,  0.000,  0.000
  0.018,299.596,  0.000,  0.000
  0.018,299.818,  0.000,  0.000
  0.018,299.880,  0.000,  0.000
  0.018,299.779,  0.000,  0.000
  0.018,299.669,  0.000,  0.000
  0.019,299.983,  0.000,  0.000
  0.019,299.983,  0.000,  0.000
  0.019,300.197,  0.000,  0.000
  0.019,300.580,  0.000,  0.000
  0.017,300.449,  0.000,  0.000
  0.017,300.440,  0.000,  0.000
  0.018,300.574,  0.000,  0.000
  0.018,300.641,  0.000,  0.000
  0.018,300.587,  0.000,  0.000
  0.018,300.524,  0.000,  0.000
  0.018,300.468,  0.000,  0.000
  0.018,300.524,  0.000,  0.000
  0.018,300.514,  0.000,  0.000
  0.018,300.507,  0.000,  0.000
  0.018,300.504,  0.000,  0.000
  0.018,300.522,  0.000,  0.000
  0.018,300.554,  0.000,  0.000
  0.018,300.564,  0.000,  0.000
  0.018,300.531,  0.000,  0.000
  0.018,300.493,  0.000,  0.000
  0.018,299.708,  0.000,  0.000
  0.018,299.896,  0.000,  0.000
  0.018,299.919,  0.000,  0.000
  0.018,299.833,  0.000,  0.000
  0.018,299.777,  0.000,  0.000
  0.018,299.714,  0.000,  0.000
  0.019,300.040,  0.000,  0.000
  0.019,300.265,  0.000,  0.000
  0.017,300.339,  0.000,  0.000
  0.017,300.359,  0.000,  0.000
  0.018,300.585,  0.000,  0.000
  0.018,300.684,  0.000,  0.000
  0.019,300.762,  0.000,  0.000
  0.019,300.804,  0.000,  0.000
  0.018,300.605,  0.000,  0.000
  0.018,300.569,  0.000,  0.000
  0.018,300.571,  0.000,  0.000
  0.018,300.558,  0.000,  0.000
  0.018,300.523,  0.000,  0.000
  0.018,300.503,  0.000,  0.000
  0.018,300.513,  0.000,  0.000
  0.018,300.537,  0.000,  0.000
  0.018,300.559,  0.000,  0.000
  0.018,300.546,  0.000,  0.000
  0.018,300.519,  0.000,  0.000
  0.018,299.787,  0.000,  0.000
  0.018,299.939,  0.000,  0.000
  0.018,299.943,  0.000,  0.000
  0.018,299.889,  0.000,  0.000
  0.018,299.865,  0.000,  0.000
  0.018,299.829,  0.000,  0.000
  0.018,299.818,  0.000,  0.000
  0.018,300.073,  0.000,  0.000
  0.018,300.400,  0.000,  0.000
  0.017,300.449,  0.000,  0.000
  0.018,300.703,  0.000,  0.000
  0.019,300.815,  0.000,  0.000
  0.018,300.751,  0.000,  0.000
  0.018,300.662,  0.000,  0.000
  0.018,300.594,  0.000,  0.000
  0.018,300.606,  0.000,  0.000
  0.018,300.617,  0.000,  0.000
  0.018,300.621,  0.000,  0.000
  0.018,300.577,  0.000,  0.000
  0.018,300.534,  0.000,  0.000
  0.018,300.532,  0.000,  0.000
  0.018,300.559,  0.000,  0.000
  0.018,300.576,  0.000,  0.000
  0.018,300.551,  0.000,  0.000
  0.018,300.513,  0.000,  0.000
  0.018,299.814,  0.000,  0.000
  0.018,299.925,  0.000,  0.000
  0.018,299.916,  0.000,  0.000
  0.018,299.884,  0.000,  0.000
  0.018,299.907,  0.000,  0.000
  0.018,299.950,  0.000,  0.000
  0.018,299.981,  0.000,  0.000
  0.018,300.135,  0.000,  0.000
  0.019,300.687,  0.000,  0.000
  0.018,300.726,  0.000,  0.000
  0.018,300.720,  0.000,  0.000
  0.018,300.744,  0.000,  0.000
  0.018,300.685,  0.000,  0.000
  0.018,300.604,  0.000,  0.000
  0.018,300.616,  0.000,  0.000
  0.018,300.615,  0.000,  0.000
  0.018,300.623,  0.000,  0.000
  0.018,300.658,  0.000,  0.000
  0.018,300.666,  0.000,  0.000
  0.018,300.627,  0.000,  0.000
  0.018,300.596,  0.000,  0.000
  0.018,300.615,  0.000,  0.000
  0.018,300.624,  0.000,  0.000
  0.018,300.590,  0.000,  0.000
  0.018,300.546,  0.000,  0.000
  0.018,299.817,  0.000,  0.000
  0.018,299.880,  0.000,  0.000
  0.018,299.861,  0.000,  0.000
  0.018,299.902,  0.000,  0.000
  0.018,300.003,  0.000,  0.000
  0.018,300.071,  0.000,  0.000
  0.018,300.096,  0.000,  0.000
  0.019,300.442,  0.000,  0.000
  0.019,300.837,  0.000,  0.000
  0.018,300.868,  0.000,  0.000
  0.018,300.747,  0.000,  0.000
  0.018,300.651,  0.000,  0.000
  0.018,300.530,  0.000,  0.000
  0.018,300.520,  0.000,  0.000
  0.018,300.578,  0.000,  0.000
  0.018,300.607,  0.000,  0.000
  0.018,300.618,  0.000,  0.000
  0.018,300.650,  0.000,  0.000
  0.018,300.688,  0.000,  0.000
  0.018,300.645,  0.000,  0.000
  0.018,300.600,  0.000,  0.000
  0.018,300.594,  0.000,  0.000
  0.018,300.602,  0.000,  0.000
  0.018,300.581,  0.000,  0.000
  0.018,300.550,  0.000,  0.000
