  0.018,301.933,  0.000,  0.000
  0.018,301.937,  0.000,  0.000
  0.018,301.941,  0.000,  0.000
  0.018,301.946,  0.000,  0.000
  0.018,301.951,  0.000,  0.000
  0.018,301.957,  0.000,  0.000
  0.018,301.964,  0.000,  0.000
  0.018,301.972,  0.000,  0.000
  0.018,301.981,  0.000,  0.000
  0.018,301.992,  0.000,  0.000
  0.018,302.003,  0.000,  0.000
  0.017,302.015,  0.000,  0.000
  0.017,302.028,  0.000,  0.000
  0.017,302.041,  0.000,  0.000
  0.017,302.054,  0.000,  0.000
  0.017,302.067,  0.000,  0.000
  0.017,302.079,  0.000,  0.000
  0.017,302.092,  0.000,  0.000
  0.017,302.103,  0.000,  0.000
  0.017,302.114,  0.000,  0.000
  0.017,302.123,  0.000,  0.000
  0.017,302.132,  0.000,  0.000
  0.017,302.139,  0.000,  0.000
  0.017,302.144,  0.000,  0.000
  0.017,302.147,  0.000,  0.000
  0.018,301.928,  0.000,  0.000
  0.018,301.932,  0.000,  0.000
  0.018,301.938,  0.000,  0.000
  0.018,301.943,  0.000,  0.000
  0.018,301.949,  0.000,  0.000
  0.018,301.956,  0.000,  0.000
  0.018,301.963,  0.000,  0.000
  0.018,301.971,  0.000,  0.000
  0.018,301.981,  0.000,  0.000
  0.018,301.991,  0.000,  0.000
  0.018,302.002,  0.000,  0.000
  0.017,302.014,  0.000,  0.000
  0.017,302.026,  0.000,  0.000
  0.017,302.039,  0.000,  0.000
  0.017,302.052,  0.000,  0.000
  0.017,302.064,  0.000,  0.000
  0.017,302.077,  0.000,  0.000
  0.017,302.089,  0.000,  0.000
  0.017,302.100,  0.000,  0.000
  0.017,302.110,  0.000,  0.000
  0.017,302.120,  0.000,  0.000
  0.017,302.128,  0.000,  0.000
  0.017,302.135,  0.000,  0.000
  0.017,302.140,  0.000,  0.000
  0.017,302.144,  0.000,  0.000
  0.018,301.922,  0.000,  0.000
  0.018,301.928,  0.000,  0.000
  0.018,301.934,  0.000,  0.000
  0.018,301.941,  0.000,  0.000
  0.018,301.947,  0.000,  0.000
  0.018,301.955,  0.000,  0.000
  0.018,301.962,  0.000,  0.000
  0.018,301.970,  0.000,  0.000
  0.018,301.980,  0.000,  0.000
  0.018,301.990,  0.000,  0.000
  0.018,302.001,  0.000,  0.000
  0.017,302.013,  0.000,  0.000
  0.017,302.025,  0.000,  0.000
  0.017,302.037,  0.000,  0.000
  0.017,302.050,  0.000,  0.000
  0.017,302.062,  0.000,  0.000
  0.017,302.074,  0.000,  0.000
  0.017,302.086,  0.000,  0.000
  0.017,302.097,  0.000,  0.000
  0.017,302.107,  0.000,  0.000
  0.017,302.116,  0.000,  0.000
  0.017,302.124,  0.000,  0.000
  0.017,302.131,  0.000,  0.000
  0.017,302.136,  0.000,  0.000
  0.017,302.140,  0.000,  0.000
  0.018,301.916,  0.000,  0.000
  0.018,301.923,  0.000,  0.000
  0.018,301.930,  0.000,  0.000
  0.018,301.938,  0.000,  0.000
  0.018,301.945,  0.000,  0.000
  0.018,301.953,  0.000,  0.000
  0.018,301.961,  0.000,  0.000
  0.018,301.969,  0.000,  0.000
  0.018,301.979,  0.000,  0.000
  0.018,301.989,  0.000,  0.000
  0.018,302.000,  0.000,  0.000
  0.018,302.012,  0.000,  0.000
  0.017,302.024,  0.000,  0.000
  0.017,302.036,  0.000,  0.000
  0.017,302.048,  0.000,  0.000
  0.017,302.060,  0.000,  0.000
  0.017,302.071,  0.000,  0.000
  0.017,302.082,  0.000,  0.000
  0.017,302.093,  0.000,  0.000
  0.017,302.103,  0.000,  0.000
  0.017,302.112,  0.000,  0.000
  0.017,302.120,  0.000,  0.000
  0.017,302.127,  0.000,  0.000
  0.017,302.132,  0.000,  0.000
  0.017,302.136,  0.000,  0.000
  0.018,301.911,  0.000,  0.000
  0.018,301.919,  0.000,  0.000
  0.018,301.927,  0.000,  0.000
  0.018,301.935,  0.000,  0.000
  0.018,301.943,  0.000,  0.000
  0.018,301.951,  0.000,  0.000
  0.018,301.959,  0.000,  0.000
  0.018,301.968,  0.000,  0.000
  0.018,301.978,  0.000,  0.000
  0.018,301.988,  0.000,  0.000
  0.018,301.999,  0.000,  0.000
  0.018,302.010,  0.000,  0.000
  0.017,302.022,  0.000,  0.000
  0.017,302.034,  0.000,  0.000
  0.017,302.045,  0.000,  0.000
  0.017,302.057,  0.000,  0.000
  0.017,302.068,  0.000,  0.000
  0.017,302.079,  0.000,  0.000
  0.017,302.090,  0.000,  0.000
  0.017,302.099,  0.000,  0.000
  0.017,302.108,  0.000,  0.000
  0.017,302.116,  0.000,  0.000
  0.017,302.122,  0.000,  0.000
  0.017,302.128,  0.000,  0.000
  0.017,302.132,  0.000,  0.000
  0.018,301.906,  0.000,  0.000
  0.018,301.915,  0.000,  0.000
  0.018,301.923,  0.000,  0.000
  0.018,301.932,  0.000,  0.000
  0.018,301.941,  0.000,  0.000
  0.018,301.950,  0.000,  0.000
  0.018,301.958,  0.000,  0.000
  0.018,301.967,  0.000,  0.000
  0.018,301.977,  0.000,  0.000
  0.018,301.987,  0.000,  0.000
  0.018,301.998,  0.000,  0.000
  0.018,302.009,  0.000,  0.000
  0.017,302.020,  0.000,  0.000
  0.017,302.032,  0.000,  0.000
  0.017,302.043,  0.000,  0.000
  0.017,302.054,  0.000,  0.000
  0.017,302.065,  0.000,  0.220
  0.017,302.076,  0.000,  0.220
  0.017,302.086,  0.000,  0.220
  0.017,302.095,  0.000,  0.220
  0.017,302.104,  0.000,  0.530
  0.017,302.112,  0.000,  0.530
  0.017,302.118,  0.000,  0.530
  0.017,302.124,  0.000,  0.320
  0.017,302.128,  0.000,  0.320
  0.018,301.902,  0.000,  0.000
  0.018,301.912,  0.000,  0.000
  0.018,301.921,  0.000,  0.000
  0.018,301.930,  0.000,  0.000
  0.018,301.940,  0.000,  0.000
  0.018,301.948,  0.000,  0.000
  0.018,301.957,  0.000,  0.000
  0.018,301.966,  0.000,  0.000
  0.018,301.976,  0.000,  0.000
  0.018,301.986,  0.000,  0.000
  0.018,301.997,  0.000,  0.000
  0.018,302.007,  0.000,  0.000
  0.017,302.019,  0.000,  0.000
  0.017,302.030,  0.000,  0.000
  0.017,302.041,  0.000,  0.000
  0.017,302.052,  0.000,  0.000
  0.017,302.063,  0.000,  0.220
  0.017,302.073,  0.000,  0.220
  0.017,302.083,  0.000,  0.220
  0.017,302.092,  0.000,  0.220
  0.017,302.100,  0.000,  0.530
  0.017,302.108,  0.000,  0.530
  0.017,302.115,  0.000,  0.530
  0.017,302.120,  0.000,  0.320
  0.017,302.124,  0.000,  0.320
  0.018,301.900,  0.000,  0.000
  0.018,301.910,  0.000,  0.000
  0.018,301.919,  0.000,  0.000
  0.018,301.929,  0.000,  0.000
  0.018,301.938,  0.000,  0.000
  0.018,301.947,  0.000,  0.000
  0.018,301.956,  0.000,  0.000
  0.018,301.965,  0.000,  0.000
  0.018,301.975,  0.000,  0.000
  0.018,301.985,  0.000,  0.000
  0.018,301.995,  0.000,  0.000
  0.018,302.006,  0.000,  0.000
  0.017,302.017,  0.000,  0.000
  0.017,302.028,  0.000,  0.000
  0.017,302.039,  0.000,  0.000
  0.017,302.050,  0.000,  0.000
  0.017,302.060,  0.000,  0.220
  0.017,302.070,  0.000,  0.220
  0.017,302.080,  0.000,  0.220
  0.017,302.089,  0.000,  0.220
  0.017,302.097,  0.000,  0.530
  0.017,302.105,  0.000,  0.530
  0.017,302.111,  0.000,  0.530
  0.017,302.117,  0.000,  0.320
  0.017,302.121,  0.000,  0.320
  0.018,301.899,  0.000,  0.000
  0.018,301.909,  0.000,  0.000
  0.018,301.919,  0.000,  0.000
  0.018,301.929,  0.000,  0.000
  0.018,301.938,  0.000,  0.000
  0.018,301.947,  0.000,  0.000
  0.018,301.955,  0.000,  0.000
  0.018,301.964,  0.000,  0.000
  0.018,301.974,  0.000,  0.000
  0.018,301.984,  0.000,  0.000
  0.018,301.994,  0.000,  0.000
  0.018,302.005,  0.000,  0.000
  0.017,302.016,  0.000,  0.000
  0.017,302.026,  0.000,  0.000
  0.017,302.037,  0.000,  0.000
  0.017,302.048,  0.000,  0.000
  0.017,302.058,  0.000,  0.220
  0.017,302.068,  0.000,  0.220
  0.017,302.077,  0.000,  0.220
  0.017,302.086,  0.000,  0.220
  0.017,302.094,  0.000,  0.530
  0.017,302.102,  0.000,  0.530
  0.017,302.108,  0.000,  0.530
  0.017,302.114,  0.000,  0.320
  0.017,302.119,  0.000,  0.320
  0.018,301.898,  0.000,  0.000
  0.018,301.908,  0.000,  0.000
  0.018,301.918,  0.000,  0.000
  0.018,301.928,  0.000,  0.000
  0.018,301.937,  0.000,  0.000
  0.018,301.946,  0.000,  0.000
  0.018,301.954,  0.000,  0.000
  0.018,301.963,  0.000,  0.000
  0.018,301.973,  0.000,  0.000
  0.018,301.983,  0.000,  0.000
  0.018,301.993,  0.000,  0.000
  0.017,302.003,  0.000,  0.000
  0.017,302.014,  0.000,  0.000
  0.017,302.024,  0.000,  0.000
  0.017,302.035,  0.000,  0.000
  0.017,302.045,  0.000,  0.000
  0.017,302.055,  0.000,  0.220
  0.017,302.065,  0.000,  0.220
  0.017,302.074,  0.000,  0.220
  0.017,302.083,  0.000,  0.220
  0.017,302.091,  0.000,  0.520
  0.017,302.099,  0.000,  0.520
  0.017,302.105,  0.000,  0.520
  0.017,302.111,  0.000,  0.470
  0.017,302.115,  0.000,  0.470
  0.018,301.897,  0.000,  0.000
  0.018,301.907,  0.000,  0.000
  0.018,301.916,  0.000,  0.000
  0.018,301.926,  0.000,  0.000
  0.018,301.935,  0.000,  0.000
  0.018,301.944,  0.000,  0.000
  0.018,301.953,  0.000,  0.000
  0.018,301.962,  0.000,  0.000
  0.018,301.971,  0.000,  0.000
  0.018,301.981,  0.000,  0.000
  0.018,301.991,  0.000,  0.000
  0.017,302.001,  0.000,  0.000
  0.017,302.012,  0.000,  0.000
  0.017,302.022,  0.000,  0.000
  0.017,302.032,  0.000,  0.000
  0.017,302.042,  0.000,  0.000
  0.017,302.052,  0.000,  0.220
  0.017,302.062,  0.000,  0.220
  0.017,302.071,  0.000,  0.220
  0.017,302.080,  0.000,  0.220
  0.017,302.088,  0.000,  0.520
  0.017,302.095,  0.000,  0.520
  0.017,302.102,  0.000,  0.520
  0.017,302.107,  0.000,  0.470
  0.017,302.112,  0.000,  0.470
  0.018,301.895,  0.000,  0.000
  0.018,301.905,  0.000,  0.000
  0.018,301.915,  0.000,  0.000
  0.018,301.924,  0.000,  0.000
  0.018,301.934,  0.000,  0.000
  0.018,301.942,  0.000,  0.000
  0.018,301.951,  0.000,  0.000
  0.018,301.960,  0.000,  0.000
  0.018,301.969,  0.000,  0.000
  0.018,301.979,  0.000,  0.000
  0.018,301.989,  0.000,  0.000
  0.017,301.999,  0.000,  0.000
  0.017,302.009,  0.000,  0.000
  0.017,302.019,  0.000,  0.000
  0.017,302.029,  0.000,  0.000
  0.017,302.039,  0.000,  0.000
  0.017,302.049,  0.000,  0.220
  0.017,302.059,  0.000,  0.220
  0.017,302.068,  0.000,  0.220
  0.017,302.076,  0.000,  0.220
  0.017,302.084,  0.000,  0.520
  0.017,302.091,  0.000,  0.520
  0.017,302.098,  0.000,  0.520
  0.017,302.104,  0.000,  0.470
  0.017,302.108,  0.000,  0.470
  0.018,301.893,  0.000,  0.000
  0.018,301.903,  0.000,  0.000
  0.018,301.913,  0.000,  0.000
  0.018,301.922,  0.000,  0.000
  0.018,301.931,  0.000,  0.000
  0.018,301.940,  0.000,  0.000
  0.018,301.949,  0.000,  0.000
  0.018,301.958,  0.000,  0.000
  0.018,301.967,  0.000,  0.000
  0.018,301.976,  0.000,  0.000
  0.018,301.986,  0.000,  0.000
  0.017,301.996,  0.000,  0.000
  0.017,302.006,  0.000,  0.000
  0.017,302.016,  0.000,  0.000
  0.017,302.026,  0.000,  0.000
  0.017,302.036,  0.000,  0.000
  0.017,302.046,  0.000,  0.220
  0.017,302.055,  0.000,  0.220
  0.017,302.064,  0.000,  0.220
  0.017,302.072,  0.000,  0.220
  0.017,302.080,  0.000,  0.520
  0.017,302.087,  0.000,  0.520
  0.017,302.094,  0.000,  0.520
  0.017,302.099,  0.000,  0.470
  0.017,302.104,  0.000,  0.470
  0.018,301.891,  0.000,  0.000
  0.018,301.900,  0.000,  0.000
  0.018,301.910,  0.000,  0.000
  0.018,301.920,  0.000,  0.000
  0.018,301.929,  0.000,  0.000
  0.018,301.938,  0.000,  0.000
  0.018,301.946,  0.000,  0.000
  0.018,301.955,  0.000,  0.000
  0.018,301.964,  0.000,  0.000
  0.018,301.973,  0.000,  0.000
  0.018,301.983,  0.000,  0.000
  0.017,301.993,  0.000,  0.000
  0.017,302.003,  0.000,  0.000
  0.017,302.013,  0.000,  0.000
  0.017,302.023,  0.000,  0.000
  0.017,302.032,  0.000,  0.000
  0.017,302.042,  0.000,  0.160
  0.017,302.051,  0.000,  0.160
  0.017,302.060,  0.000,  0.160
  0.017,302.068,  0.000,  0.160
  0.017,302.076,  0.000,  0.550
  0.017,302.083,  0.000,  0.550
  0.017,302.090,  0.000,  0.550
  0.017,302.095,  0.000,  0.680
  0.017,302.100,  0.000,  0.680
  0.018,301.888,  0.000,  0.000
  0.018,301.898,  0.000,  0.000
  0.018,301.907,  0.000,  0.000
  0.018,301.917,  0.000,  0.000
  0.018,301.926,  0.000,  0.000
  0.018,301.935,  0.000,  0.000
  0.018,301.943,  0.000,  0.000
  0.018,301.952,  0.000,  0.000
  0.018,301.961,  0.000,  0.000
  0.018,301.970,  0.000,  0.000
  0.018,301.980,  0.000,  0.000
  0.017,301.990,  0.000,  0.000
  0.017,301.999,  0.000,  0.000
  0.017,302.009,  0.000,  0.000
  0.017,302.019,  0.000,  0.000
  0.017,302.029,  0.000,  0.000
  0.017,302.038,  0.000,  0.160
  0.017,302.047,  0.000,  0.160
  0.017,302.056,  0.000,  0.160
  0.017,302.064,  0.000,  0.160
  0.017,302.072,  0.000,  0.550
  0.017,302.079,  0.000,  0.550
  0.017,302.085,  0.000,  0.550
  0.017,302.091,  0.000,  0.680
  0.017,302.095,  0.000,  0.680
