  0.021,302.856,  0.000,  0.030
  0.021,302.858,  0.000,  0.030
  0.021,302.864,  0.000,  0.000
  0.021,302.870,  0.000,  0.000
  0.021,302.875,  0.000,  0.000
  0.021,302.881,  0.000,  0.000
  0.021,302.885,  0.000,  0.000
  0.021,302.887,  0.000,  0.000
  0.021,302.890,  0.000,  0.000
  0.021,302.892,  0.000,  0.030
  0.021,302.894,  0.000,  0.030
  0.021,302.896,  0.000,  0.030
  0.021,302.898,  0.000,  0.030
  0.021,302.900,  0.000,  0.070
  0.021,302.902,  0.000,  0.070
  0.021,302.903,  0.000,  0.070
  0.021,302.905,  0.000,  0.160
  0.021,302.906,  0.000,  0.160
  0.021,302.906,  0.000,  0.160
  0.021,302.906,  0.000,  0.160
  0.021,302.906,  0.000,  0.160
  0.021,302.904,  0.000,  0.160
  0.021,302.902,  0.000,  0.160
  0.021,302.894,  0.000,  0.040
  0.021,302.887,  0.000,  0.040
  0.021,302.863,  0.000,  0.000
  0.021,302.865,  0.000,  0.000
  0.021,302.868,  0.000,  0.000
  0.021,302.871,  0.000,  0.000
  0.021,302.871,  0.000,  0.000
  0.021,302.871,  0.000,  0.000
  0.021,302.871,  0.000,  0.000
  0.021,302.872,  0.000,  0.000
  0.021,302.873,  0.000,  0.000
  0.021,302.874,  0.000,  0.030
  0.021,302.876,  0.000,  0.030
  0.021,302.877,  0.000,  0.030
  0.021,302.878,  0.000,  0.030
  0.021,302.879,  0.000,  0.040
  0.021,302.880,  0.000,  0.040
  0.021,302.881,  0.000,  0.040
  0.021,302.881,  0.000,  0.000
  0.021,302.881,  0.000,  0.000
  0.021,302.881,  0.000,  0.000
  0.021,302.880,  0.000,  0.000
  0.021,302.878,  0.000,  0.120
  0.021,302.874,  0.000,  0.120
  0.021,302.871,  0.000,  0.120
  0.021,302.861,  0.000,  0.200
  0.021,302.854,  0.000,  0.200
  0.021,302.868,  0.000,  0.000
  0.021,302.866,  0.000,  0.000
  0.021,302.864,  0.000,  0.000
  0.021,302.863,  0.000,  0.000
  0.021,302.860,  0.000,  0.000
  0.021,302.858,  0.000,  0.000
  0.021,302.857,  0.000,  0.000
  0.021,302.857,  0.000,  0.000
  0.021,302.857,  0.000,  0.000
  0.021,302.857,  0.000,  0.030
  0.021,302.857,  0.000,  0.030
  0.021,302.857,  0.000,  0.030
  0.021,302.857,  0.000,  0.030
  0.021,302.858,  0.000,  0.040
  0.021,302.858,  0.000,  0.040
  0.021,302.857,  0.000,  0.040
  0.021,302.857,  0.000,  0.000
  0.021,302.856,  0.000,  0.000
  0.021,302.855,  0.000,  0.000
  0.021,302.852,  0.000,  0.000
  0.021,302.849,  0.000,  0.120
  0.021,302.845,  0.000,  0.120
  0.021,302.840,  0.000,  0.120
  0.021,302.829,  0.000,  0.200
  0.021,302.821,  0.000,  0.200
  0.021,302.860,  0.000,  0.000
  0.021,302.857,  0.000,  0.000
  0.021,302.853,  0.000,  0.000
  0.021,302.850,  0.000,  0.000
  0.021,302.847,  0.000,  0.000
  0.021,302.844,  0.000,  0.000
  0.021,302.842,  0.000,  0.000
  0.021,302.841,  0.000,  0.000
  0.021,302.840,  0.000,  0.000
  0.021,302.839,  0.000,  0.030
  0.021,302.839,  0.000,  0.030
  0.021,302.838,  0.000,  0.030
  0.021,302.837,  0.000,  0.030
  0.021,302.836,  0.000,  0.040
  0.021,302.835,  0.000,  0.040
  0.021,302.834,  0.000,  0.040
  0.021,302.832,  0.000,  0.000
  0.021,302.830,  0.000,  0.000
  0.021,302.827,  0.000,  0.000
  0.021,302.824,  0.000,  0.000
  0.021,302.820,  0.000,  0.120
  0.021,302.815,  0.000,  0.120
  0.021,302.810,  0.000,  0.120
  0.021,302.797,  0.000,  0.200
  0.021,302.788,  0.000,  0.200
  0.021,302.846,  0.000,  0.000
  0.021,302.842,  0.000,  0.000
  0.021,302.839,  0.000,  0.000
  0.021,302.836,  0.000,  0.000
  0.021,302.832,  0.000,  0.000
  0.021,302.829,  0.000,  0.000
  0.021,302.827,  0.000,  0.000
  0.021,302.825,  0.000,  0.000
  0.021,302.823,  0.000,  0.000
  0.021,302.821,  0.000,  0.030
  0.021,302.820,  0.000,  0.030
  0.021,302.818,  0.000,  0.030
  0.021,302.816,  0.000,  0.030
  0.021,302.814,  0.000,  0.040
  0.021,302.812,  0.000,  0.040
  0.021,302.810,  0.000,  0.040
  0.021,302.807,  0.000,  0.000
  0.021,302.804,  0.000,  0.000
  0.021,302.800,  0.000,  0.000
  0.021,302.796,  0.000,  0.000
  0.021,302.791,  0.000,  0.120
  0.021,302.785,  0.000,  0.120
  0.021,302.779,  0.000,  0.120
  0.021,302.766,  0.000,  0.200
  0.021,302.756,  0.000,  0.200
  0.021,302.830,  0.000,  0.000
  0.021,302.827,  0.000,  0.000
  0.021,302.824,  0.000,  0.000
  0.021,302.821,  0.000,  0.000
  0.021,302.817,  0.000,  0.000
  0.021,302.814,  0.000,  0.000
  0.021,302.811,  0.000,  0.000
  0.021,302.808,  0.000,  0.000
  0.021,302.806,  0.000,  0.000
  0.021,302.803,  0.000,  0.000
  0.021,302.800,  0.000,  0.000
  0.021,302.798,  0.000,  0.000
  0.021,302.795,  0.000,  0.000
  0.021,302.792,  0.000,  0.000
  0.021,302.789,  0.000,  0.000
  0.021,302.786,  0.000,  0.000
  0.021,302.782,  0.000,  0.000
  0.021,302.778,  0.000,  0.000
  0.021,302.773,  0.000,  0.000
  0.021,302.768,  0.000,  0.000
  0.021,302.762,  0.000,  0.000
  0.021,302.756,  0.000,  0.000
  0.021,302.749,  0.000,  0.000
  0.021,302.735,  0.000,  0.000
  0.021,302.726,  0.000,  0.000
  0.021,302.814,  0.000,  0.000
  0.021,302.811,  0.000,  0.000
  0.021,302.808,  0.000,  0.000
  0.021,302.805,  0.000,  0.000
  0.021,302.802,  0.000,  0.000
  0.021,302.798,  0.000,  0.000
  0.021,302.795,  0.000,  0.000
  0.021,302.791,  0.000,  0.000
  0.021,302.788,  0.000,  0.000
  0.021,302.784,  0.000,  0.000
  0.021,302.781,  0.000,  0.000
  0.021,302.777,  0.000,  0.000
  0.021,302.773,  0.000,  0.000
  0.021,302.770,  0.000,  0.000
  0.021,302.765,  0.000,  0.000
  0.021,302.761,  0.000,  0.000
  0.021,302.756,  0.000,  0.000
  0.021,302.752,  0.000,  0.000
  0.021,302.746,  0.000,  0.000
  0.021,302.741,  0.000,  0.000
  0.021,302.734,  0.000,  0.000
  0.021,302.727,  0.000,  0.000
  0.021,302.719,  0.000,  0.000
  0.021,302.705,  0.000,  0.000
  0.021,302.695,  0.000,  0.000
  0.021,302.798,  0.000,  0.000
  0.021,302.795,  0.000,  0.000
  0.021,302.792,  0.000,  0.000
  0.021,302.789,  0.000,  0.000
  0.021,302.786,  0.000,  0.000
  0.021,302.782,  0.000,  0.000
  0.021,302.778,  0.000,  0.000
  0.021,302.774,  0.000,  0.000
  0.021,302.770,  0.000,  0.000
  0.021,302.765,  0.000,  0.000
  0.021,302.761,  0.000,  0.000
  0.021,302.756,  0.000,  0.000
  0.021,302.752,  0.000,  0.000
  0.021,302.747,  0.000,  0.000
  0.021,302.742,  0.000,  0.000
  0.021,302.737,  0.000,  0.000
  0.021,302.731,  0.000,  0.000
  0.021,302.725,  0.000,  0.000
  0.021,302.720,  0.000,  0.000
  0.021,302.713,  0.000,  0.000
  0.021,302.706,  0.000,  0.000
  0.021,302.698,  0.000,  0.000
  0.021,302.690,  0.000,  0.000
  0.021,302.676,  0.000,  0.000
  0.021,302.666,  0.000,  0.000
  0.021,302.782,  0.000,  0.000
  0.021,302.779,  0.000,  0.000
  0.021,302.777,  0.000,  0.000
  0.021,302.773,  0.000,  0.000
  0.021,302.770,  0.000,  0.000
  0.021,302.766,  0.000,  0.000
  0.021,302.761,  0.000,  0.000
  0.021,302.756,  0.000,  0.000
  0.021,302.751,  0.000,  0.000
  0.021,302.746,  0.000,  0.000
  0.021,302.741,  0.000,  0.000
  0.021,302.735,  0.000,  0.000
  0.021,302.730,  0.000,  0.000
  0.021,302.725,  0.000,  0.000
  0.021,302.719,  0.000,  0.000
  0.021,302.713,  0.000,  0.000
  0.021,302.706,  0.000,  0.000
  0.021,302.700,  0.000,  0.000
  0.021,302.694,  0.000,  0.000
  0.021,302.686,  0.000,  0.000
  0.021,302.679,  0.000,  0.000
  0.021,302.670,  0.000,  0.000
  0.021,302.661,  0.000,  0.000
  0.021,302.648,  0.000,  0.000
  0.021,302.638,  0.000,  0.000
  0.021,302.766,  0.000,  0.000
  0.021,302.763,  0.000,  0.000
  0.021,302.760,  0.000,  0.000
  0.021,302.757,  0.000,  0.000
  0.021,302.753,  0.000,  0.000
  0.021,302.750,  0.000,  0.000
  0.021,302.744,  0.000,  0.000
  0.021,302.738,  0.000,  0.000
  0.021,302.732,  0.000,  0.000
  0.021,302.726,  0.000,  0.000
  0.021,302.720,  0.000,  0.000
  0.021,302.714,  0.000,  0.000
  0.021,302.708,  0.000,  0.000
  0.021,302.702,  0.000,  0.000
  0.021,302.696,  0.000,  0.000
  0.021,302.690,  0.000,  0.000
  0.021,302.682,  0.000,  0.000
  0.021,302.675,  0.000,  0.000
  0.021,302.668,  0.000,  0.000
  0.021,302.660,  0.000,  0.000
  0.021,302.652,  0.000,  0.000
  0.021,302.643,  0.000,  0.000
  0.021,302.633,  0.000,  0.000
  0.021,302.622,  0.000,  0.000
  0.021,302.612,  0.000,  0.000
  0.021,302.750,  0.000,  0.000
  0.021,302.748,  0.000,  0.000
  0.021,302.745,  0.000,  0.000
  0.021,302.742,  0.000,  0.000
  0.021,302.738,  0.000,  0.000
  0.021,302.733,  0.000,  0.000
  0.021,302.727,  0.000,  0.000
  0.021,302.721,  0.000,  0.000
  0.021,302.715,  0.000,  0.000
  0.021,302.709,  0.000,  0.000
  0.021,302.703,  0.000,  0.000
  0.021,302.696,  0.000,  0.000
  0.021,302.689,  0.000,  0.000
  0.021,302.683,  0.000,  0.000
  0.021,302.676,  0.000,  0.000
  0.021,302.669,  0.000,  0.000
  0.021,302.661,  0.000,  0.000
  0.021,302.653,  0.000,  0.000
  0.021,302.644,  0.000,  0.000
  0.021,302.636,  0.000,  0.000
  0.021,302.627,  0.000,  0.000
  0.021,302.617,  0.000,  0.000
  0.021,302.607,  0.000,  0.000
  0.021,302.597,  0.000,  0.000
  0.021,302.587,  0.000,  0.000
  0.021,302.734,  0.000,  0.000
  0.021,302.732,  0.000,  0.000
  0.021,302.728,  0.000,  0.000
  0.021,302.724,  0.000,  0.000
  0.021,302.719,  0.000,  0.000
  0.021,302.714,  0.000,  0.000
  0.021,302.708,  0.000,  0.000
  0.021,302.701,  0.000,  0.000
  0.021,302.695,  0.000,  0.000
  0.021,302.688,  0.000,  0.000
  0.021,302.681,  0.000,  0.000
  0.021,302.675,  0.000,  0.000
  0.021,302.667,  0.000,  0.000
  0.021,302.660,  0.000,  0.000
  0.021,302.653,  0.000,  0.000
  0.021,302.646,  0.000,  0.000
  0.021,302.638,  0.000,  0.000
  0.021,302.630,  0.000,  0.000
  0.021,302.622,  0.000,  0.000
  0.021,302.612,  0.000,  0.000
  0.021,302.603,  0.000,  0.000
  0.021,302.593,  0.000,  0.000
  0.021,302.583,  0.000,  0.000
  0.021,302.573,  0.000,  0.000
  0.021,302.563,  0.000,  0.000
  0.021,302.719,  0.000,  0.000
  0.021,302.715,  0.000,  0.000
  0.021,302.711,  0.000,  0.000
  0.021,302.706,  0.000,  0.000
  0.021,302.700,  0.000,  0.000
  0.021,302.694,  0.000,  0.000
  0.021,302.687,  0.000,  0.000
  0.021,302.680,  0.000,  0.000
  0.021,302.674,  0.000,  0.000
  0.021,302.666,  0.000,  0.000
  0.021,302.659,  0.000,  0.000
  0.021,302.652,  0.000,  0.000
  0.021,302.645,  0.000,  0.000
  0.021,302.637,  0.000,  0.000
  0.021,302.630,  0.000,  0.000
  0.021,302.622,  0.000,  0.000
  0.021,302.614,  0.000,  0.000
  0.021,302.606,  0.000,  0.000
  0.021,302.598,  0.000,  0.000
  0.021,302.589,  0.000,  0.000
  0.021,302.580,  0.000,  0.000
  0.021,302.569,  0.000,  0.000
  0.021,302.559,  0.000,  0.000
  0.021,302.550,  0.000,  0.000
  0.021,302.539,  0.000,  0.000
  0.021,302.704,  0.000,  0.000
  0.021,302.699,  0.000,  0.000
  0.021,302.694,  0.000,  0.000
  0.021,302.687,  0.000,  0.000
  0.021,302.680,  0.000,  0.000
  0.021,302.673,  0.000,  0.000
  0.021,302.665,  0.000,  0.000
  0.021,302.658,  0.000,  0.000
  0.021,302.651,  0.000,  0.000
  0.021,302.643,  0.000,  0.000
  0.021,302.636,  0.000,  0.000
  0.021,302.628,  0.000,  0.000
  0.021,302.621,  0.000,  0.000
  0.021,302.614,  0.000,  0.000
  0.021,302.606,  0.000,  0.000
  0.021,302.598,  0.000,  0.000
  0.021,302.590,  0.000,  0.000
  0.021,302.582,  0.000,  0.000
  0.021,302.574,  0.000,  0.000
  0.021,302.565,  0.000,  0.000
  0.021,302.556,  0.000,  0.000
  0.021,302.546,  0.000,  0.000
  0.021,302.536,  0.000,  0.000
  0.021,302.525,  0.000,  0.000
  0.021,302.515,  0.000,  0.000
  0.021,302.689,  0.000,  0.000
  0.021,302.683,  0.000,  0.000
  0.021,302.676,  0.000,  0.000
  0.021,302.668,  0.000,  0.000
  0.021,302.660,  0.000,  0.000
  0.021,302.651,  0.000,  0.000
  0.021,302.643,  0.000,  0.000
  0.021,302.635,  0.000,  0.000
  0.021,302.627,  0.000,  0.000
  0.021,302.620,  0.000,  0.000
  0.021,302.612,  0.000,  0.000
  0.021,302.605,  0.000,  0.000
  0.021,302.597,  0.000,  0.000
  0.021,302.590,  0.000,  0.000
  0.021,302.582,  0.000,  0.000
  0.021,302.574,  0.000,  0.000
  0.021,302.567,  0.000,  0.000
  0.021,302.558,  0.000,  0.000
  0.021,302.550,  0.000,  0.000
  0.021,302.541,  0.000,  0.000
  0.021,302.531,  0.000,  0.000
  0.021,302.522,  0.000,  0.000
  0.021,302.512,  0.000,  0.000
  0.021,302.502,  0.000,  0.000
  0.021,302.491,  0.000,  0.000
