  0.021,303.102,  0.690,  0.040
  0.021,303.105,  0.144,  0.040
  0.021,303.112,  0.011,  0.000
  0.021,303.135,  0.001,  0.000
  0.021,303.155,  0.000,  0.000
  0.020,303.143,  0.000,  0.000
  0.020,303.124,  0.003,  0.000
  0.020,303.119,  0.000,  0.000
  0.021,303.121,  0.000,  0.000
  0.021,303.118,  0.001,  0.000
  0.021,303.116,  0.000,  0.000
  0.020,303.113,  0.000,  0.000
  0.020,303.106,  0.000,  0.000
  0.021,303.103,  0.000,  0.000
  0.021,303.080,  0.000,  0.000
  0.021,303.048,  0.000,  0.000
  0.021,303.029,  0.000,  0.000
  0.021,303.050,  0.000,  0.000
  0.021,303.085,  0.000,  0.000
  0.021,303.120,  0.000,  0.000
  0.021,303.145,  0.000,  0.000
  0.021,303.162,  0.000,  0.000
  0.021,303.186,  0.000,  0.000
  0.021,303.224,  0.000,  0.040
  0.021,303.191,  0.000,  0.040
  0.021,303.110,  5.151,  1.050
  0.021,303.104,  1.629,  1.050
  0.021,303.112,  0.222,  0.000
  0.021,303.133,  0.010,  0.000
  0.020,303.131,  0.007,  0.000
  0.020,303.104,  0.002,  0.000
  0.020,303.082,  0.000,  0.000
  0.021,303.088,  0.021,  0.000
  0.021,303.095,  0.018,  0.000
  0.021,303.079,  0.019,  0.310
  0.021,303.049,  0.009,  0.310
  0.021,303.041,  0.002,  0.310
  0.021,303.057,  0.000,  0.310
  0.021,303.071,  0.000,  0.950
  0.021,303.060,  0.000,  0.950
  0.021,303.033,  0.000,  0.950
  0.021,303.018,  0.000,  0.210
  0.021,303.015,  0.000,  0.210
  0.021,303.035,  0.000,  0.210
  0.021,303.090,  0.000,  0.210
  0.021,303.139,  0.000,  0.000
  0.021,303.173,  0.000,  0.000
  0.020,303.187,  0.000,  0.000
  0.021,303.204,  0.000,  0.000
  0.021,303.165,  0.000,  0.000
  0.021,303.086,  2.135,  1.050
  0.021,303.093,  0.463,  1.050
  0.021,303.104,  0.175,  0.000
  0.021,303.105,  0.137,  0.000
  0.020,303.089,  0.026,  0.000
  0.020,303.072,  0.002,  0.000
  0.021,303.057,  0.094,  0.000
  0.021,303.050,  0.004,  0.000
  0.021,303.048,  0.016,  0.000
  0.021,303.031,  0.075,  0.310
  0.021,303.003,  0.028,  0.310
  0.021,303.000,  0.003,  0.310
  0.021,303.004,  0.000,  0.310
  0.021,303.021,  0.000,  0.950
  0.021,303.047,  0.000,  0.950
  0.021,303.039,  0.000,  0.950
  0.021,303.010,  0.000,  0.210
  0.021,302.991,  0.000,  0.210
  0.021,302.993,  0.000,  0.210
  0.021,303.050,  0.000,  0.210
  0.021,303.133,  0.000,  0.000
  0.020,303.180,  0.000,  0.000
  0.020,303.184,  0.000,  0.000
  0.021,303.189,  0.000,  0.000
  0.021,303.158,  0.000,  0.000
  0.021,302.932,  1.307,  1.050
  0.021,302.975,  0.283,  1.050
  0.021,302.993,  1.514,  0.000
  0.021,302.972,  1.185,  0.000
  0.021,302.945,  0.815,  0.000
  0.021,302.954,  0.143,  0.000
  0.021,303.012,  0.241,  0.000
  0.021,303.031,  0.711,  0.000
  0.021,303.010,  1.024,  0.000
  0.021,303.003,  2.333,  0.310
  0.020,302.998,  1.300,  0.310
  0.020,302.992,  0.191,  0.310
  0.021,302.978,  0.007,  0.310
  0.021,302.983,  0.001,  0.950
  0.021,303.020,  0.001,  0.950
  0.021,303.037,  0.000,  0.950
  0.021,303.009,  0.000,  0.210
  0.021,302.990,  0.000,  0.210
  0.021,303.005,  0.000,  0.210
  0.021,303.057,  0.001,  0.210
  0.021,303.137,  0.001,  0.000
  0.021,303.184,  0.000,  0.000
  0.021,303.185,  0.000,  0.000
  0.021,303.172,  0.000,  0.000
  0.021,303.145,  0.000,  0.000
  0.022,302.663,  1.217,  1.050
  0.022,302.688,  0.326,  1.050
  0.022,302.671, 13.705,  0.000
  0.022,302.609, 12.267,  0.000
  0.022,302.576,  2.826,  0.000
  0.022,302.600,  0.202,  0.000
  0.022,302.715,  0.212,  0.000
  0.021,302.948,  1.311,  0.000
  0.021,303.009,  1.551,  0.000
  0.021,302.998,  1.531,  0.310
  0.020,303.001,  1.427,  0.310
  0.020,303.000,  0.425,  0.310
  0.021,302.976,  0.036,  0.310
  0.021,302.971,  0.001,  0.950
  0.021,303.007,  0.000,  0.950
  0.021,303.036,  0.015,  0.950
  0.021,303.022,  0.004,  0.210
  0.021,303.023,  0.001,  0.210
  0.022,303.080,  0.000,  0.210
  0.022,303.133,  0.002,  0.210
  0.021,303.116,  0.007,  0.000
  0.021,303.145,  0.003,  0.000
  0.021,303.173,  0.000,  0.000
  0.021,303.152,  0.000,  0.000
  0.021,303.131,  0.000,  0.000
  0.022,302.586,  1.328,  0.000
  0.022,302.548,  0.430,  0.000
  0.022,302.463,  6.582,  0.110
  0.022,302.365, 26.275,  0.110
  0.022,302.350, 14.355,  0.110
  0.022,302.382,  3.321,  0.110
  0.022,302.374,  0.731,  0.000
  0.022,302.599,  0.825,  0.000
  0.021,302.954,  0.859,  0.000
  0.021,303.021,  0.491,  0.530
  0.021,303.009,  0.423,  0.530
  0.021,303.002,  0.184,  0.530
  0.021,302.974,  0.027,  0.530
  0.021,302.993,  0.001,  1.260
  0.021,303.047,  0.102,  1.260
  0.021,303.073,  0.012,  1.260
  0.021,303.050,  0.001,  0.530
  0.021,303.067,  0.001,  0.530
  0.022,303.125,  0.000,  0.530
  0.022,303.116,  0.045,  0.530
  0.021,303.065,  0.048,  0.190
  0.021,303.091,  0.014,  0.190
  0.021,303.115,  0.009,  0.190
  0.021,303.116,  0.003,  0.000
  0.021,303.116,  0.001,  0.000
  0.021,302.546,  2.266,  0.000
  0.021,302.476,  0.631,  0.000
  0.021,302.385,  0.883,  0.110
  0.022,302.302,  7.495,  0.110
  0.022,302.309,  7.506,  0.110
  0.022,302.373,  4.395,  0.110
  0.022,302.351,  1.988,  0.000
  0.022,302.312,  1.365,  0.000
  0.022,302.657,  0.612,  0.000
  0.021,302.972,  0.179,  0.530
  0.021,303.026,  0.067,  0.530
  0.021,302.998,  0.027,  0.530
  0.021,302.976,  0.006,  0.530
  0.021,303.039,  0.019,  1.260
  0.022,303.104,  0.021,  1.260
  0.021,303.077,  0.781,  1.260
  0.021,303.062,  0.877,  0.530
  0.021,303.066,  0.033,  0.530
  0.021,303.059,  0.004,  0.530
  0.021,303.041,  0.576,  0.530
  0.021,303.027,  1.444,  0.190
  0.021,303.029,  0.581,  0.190
  0.021,303.047,  0.097,  0.190
  0.021,303.068,  0.030,  0.000
  0.021,303.092,  0.007,  0.000
  0.021,302.409,  0.372,  0.000
  0.021,302.307,  0.132,  0.000
  0.021,302.216,  0.068,  0.110
  0.022,302.208,  0.431,  0.110
  0.021,302.242,  1.184,  0.110
  0.022,302.285,  2.786,  0.110
  0.022,302.287,  2.446,  0.000
  0.022,302.249,  4.906,  0.000
  0.022,302.387,  4.463,  0.000
  0.022,302.677,  0.582,  0.530
  0.021,302.942,  0.029,  0.530
  0.021,302.997,  0.003,  0.530
  0.021,302.999,  0.037,  0.530
  0.021,303.056,  0.059,  1.260
  0.021,303.066,  0.045,  1.260
  0.021,303.042,  1.878,  1.260
  0.021,303.038,  1.354,  0.530
  0.021,303.025,  0.070,  0.530
  0.021,303.016,  0.018,  0.530
  0.021,303.001,  0.201,  0.530
  0.021,303.018,  1.088,  0.190
  0.021,303.047,  1.262,  0.190
  0.021,303.052,  1.592,  0.190
  0.021,303.069,  0.435,  0.000
  0.021,303.083,  0.051,  0.000
  0.021,302.284,  0.029,  0.000
  0.021,302.154,  0.007,  0.000
  0.021,302.114,  0.005,  0.110
  0.021,302.187,  0.027,  0.110
  0.021,302.199,  0.102,  0.110
  0.022,302.208,  0.326,  0.110
  0.022,302.151,  0.996,  0.000
  0.022,302.108,  0.835,  0.000
  0.022,302.227,  1.383,  0.000
  0.022,302.422,  0.293,  0.530
  0.022,302.688,  0.010,  0.530
  0.021,302.959,  0.003,  0.530
  0.021,302.963,  0.137,  0.530
  0.021,302.991,  0.155,  1.260
  0.021,303.006,  2.292,  1.260
  0.021,303.014,  2.585,  1.260
  0.021,303.014,  0.683,  0.530
  0.021,302.989,  0.538,  0.530
  0.021,302.974,  0.354,  0.530
  0.021,302.985,  0.039,  0.530
  0.021,303.009,  0.219,  0.190
  0.021,303.039,  0.515,  0.190
  0.021,303.048,  3.542,  0.190
  0.022,303.071,  4.905,  0.000
  0.022,303.068,  0.992,  0.000
  0.021,302.198,  0.027,  0.000
  0.021,302.110,  0.001,  0.000
  0.021,302.140,  0.003,  0.000
  0.021,302.186,  0.013,  0.000
  0.021,302.176,  0.011,  0.000
  0.022,302.036,  0.016,  0.000
  0.022,302.000,  0.059,  0.000
  0.022,301.952,  0.193,  0.000
  0.022,302.021,  0.107,  0.000
  0.022,302.292,  0.048,  0.000
  0.022,302.550,  0.019,  0.000
  0.022,302.813,  0.013,  0.000
  0.022,302.755,  1.054,  0.000
  0.021,302.811,  3.890,  1.000
  0.021,302.927,  7.302,  1.000
  0.021,303.003,  5.449,  1.000
  0.021,302.980,  3.562,  0.040
  0.021,302.910,  6.373,  0.040
  0.021,302.838,  3.137,  0.040
  0.021,302.845,  0.393,  0.040
  0.021,302.878,  0.071,  0.000
  0.021,302.913,  0.113,  0.000
  0.022,302.934,  2.162,  0.000
  0.022,302.957,  4.896,  0.000
  0.022,302.941,  4.211,  0.000
  0.021,302.179,  0.014,  0.000
  0.021,302.171,  0.002,  0.000
  0.021,302.187,  0.001,  0.000
  0.021,302.132,  0.003,  0.000
  0.022,301.985,  0.004,  0.000
  0.021,301.906,  0.003,  0.000
  0.021,301.874,  0.002,  0.000
  0.021,301.892,  0.007,  0.000
  0.022,301.936,  0.014,  0.000
  0.022,302.184,  0.006,  0.000
  0.022,302.494,  0.013,  0.000
  0.022,302.523,  0.138,  0.000
  0.022,302.426,  1.444,  0.000
  0.022,302.497,  7.711,  1.000
  0.022,302.615, 11.636,  1.000
  0.021,302.848, 10.756,  1.000
  0.021,302.898,  9.460,  0.040
  0.022,302.789,  8.352,  0.040
  0.022,302.719,  3.280,  0.040
  0.021,302.733,  0.409,  0.040
  0.021,302.760,  0.070,  0.000
  0.021,302.780,  0.429,  0.000
  0.021,302.784,  2.642,  0.000
  0.021,302.789,  3.417,  0.000
  0.021,302.775,  3.164,  0.000
  0.021,302.177,  0.002,  0.000
  0.021,302.188,  0.000,  0.000
  0.021,302.143,  0.000,  0.000
  0.021,302.049,  0.000,  0.000
  0.021,301.853,  0.001,  0.000
  0.021,301.898,  0.002,  0.000
  0.021,301.998,  0.001,  0.000
  0.021,301.974,  0.001,  0.000
  0.022,302.019,  0.002,  0.000
  0.022,302.406,  0.001,  0.000
  0.022,302.370,  0.003,  0.000
  0.022,302.234,  0.072,  0.000
  0.021,302.163,  0.381,  0.000
  0.022,302.164,  3.882,  1.000
  0.022,302.340,  9.898,  1.000
  0.022,302.543, 13.624,  1.000
  0.022,302.739, 14.922,  0.040
  0.021,302.756,  6.669,  0.040
  0.021,302.763,  1.249,  0.040
  0.021,302.784,  0.207,  0.040
  0.021,302.813,  0.433,  0.000
  0.021,302.816,  0.595,  0.000
  0.021,302.790,  5.809,  0.000
  0.021,302.782,  2.998,  0.000
  0.021,302.794,  1.517,  0.000
  0.021,302.166,  0.000,  0.000
  0.021,302.176,  0.000,  0.000
  0.021,302.123,  0.000,  0.000
  0.021,301.969,  0.000,  0.000
  0.021,301.797,  0.000,  0.000
  0.021,301.917,  0.000,  0.000
  0.022,302.322,  0.000,  0.000
  0.022,302.102,  0.000,  0.000
  0.022,302.090,  0.000,  0.000
  0.023,302.502,  0.000,  0.000
  0.022,302.304,  0.000,  0.000
  0.021,302.136,  0.012,  0.000
  0.021,301.978,  0.030,  0.000
  0.021,301.896,  0.548,  1.000
  0.021,302.195,  3.236,  1.000
  0.021,302.363,  9.627,  1.000
  0.022,302.620, 14.621,  0.040
  0.021,302.809,  7.749,  0.040
  0.021,302.870,  2.664,  0.040
  0.021,302.863,  1.176,  0.040
  0.021,302.864,  1.844,  0.000
  0.020,302.856,  2.204,  0.000
  0.021,302.825,  2.515,  0.000
  0.021,302.813,  6.575,  0.000
  0.022,302.627,  5.308,  0.000
  0.021,302.165,  0.000,  0.000
  0.021,302.189,  0.000,  0.000
  0.021,302.197,  0.000,  0.000
  0.021,302.004,  0.000,  0.000
  0.022,301.802,  0.000,  0.000
  0.021,301.846,  0.000,  0.000
  0.022,302.130,  0.000,  0.760
  0.022,302.087,  0.000,  0.760
  0.022,302.193,  0.000,  0.760
  0.022,302.443,  0.000,  0.900
  0.022,302.330,  0.000,  0.900
  0.021,302.141,  0.002,  0.900
  0.021,301.920,  0.003,  0.900
  0.022,302.288,  0.073,  0.340
  0.021,302.295,  0.327,  0.340
  0.021,302.385,  3.332,  0.340
  0.022,302.604,  6.081,  0.780
  0.021,302.830,  4.786,  0.780
  0.021,302.844,  2.791,  0.780
  0.021,302.806,  1.234,  0.780
  0.020,302.780,  1.634,  0.000
  0.020,302.794,  4.284,  0.000
  0.021,302.798,  5.609,  0.000
  0.022,302.589, 10.975,  0.000
  0.021,301.513, 13.013,  0.000
  0.021,302.114,  0.000,  0.000
  0.021,302.083,  0.000,  0.000
  0.021,302.119,  0.000,  0.000
  0.021,302.173,  0.000,  0.000
  0.022,302.034,  0.000,  0.000
  0.022,302.022,  0.000,  0.000
  0.022,302.157,  0.000,  0.760
  0.022,302.251,  0.000,  0.760
  0.022,302.140,  0.000,  0.760
  0.022,302.357,  0.000,  0.900
  0.022,302.389,  0.000,  0.900
  0.022,302.192,  0.000,  0.900
  0.021,302.110,  0.001,  0.900
  0.022,302.276,  0.018,  0.340
  0.022,302.382,  0.034,  0.340
  0.022,302.656,  0.492,  0.340
  0.023,302.862,  1.474,  0.780
  0.022,302.844,  2.114,  0.780
  0.021,302.820,  1.585,  0.780
  0.021,302.788,  0.490,  0.780
  0.020,302.740,  0.589,  0.000
  0.021,302.769,  2.592,  0.000
  0.021,302.721,  5.312,  0.000
  0.021,301.812, 10.295,  0.000
  0.021,301.045, 12.721,  0.000
