  0.020,301.623,  1.727,  0.980
  0.020,301.608,  1.491,  0.980
  0.020,301.578,  1.090,  1.770
  0.020,301.662,  0.723,  1.770
  0.020,301.610,  0.444,  1.770
  0.020,301.582,  0.111,  1.770
  0.020,301.583,  2.265,  3.020
  0.020,301.601,  0.420,  3.020
  0.020,301.588,  1.398,  3.020
  0.020,301.511,  6.871,  5.550
  0.020,301.486,  1.475,  5.550
  0.020,301.512,  0.119,  5.550
  0.020,301.510,  0.032,  5.550
  0.020,301.506,  1.342,  7.670
  0.020,301.492,  0.372,  7.670
  0.020,301.473,  0.044,  7.670
  0.020,301.492,  0.008,  2.370
  0.021,301.683,  0.090,  2.370
  0.020,301.544,  0.861,  2.370
  0.020,301.552, 18.304,  2.370
  0.021,301.707, 17.452,  1.270
  0.021,301.773,  6.136,  1.270
  0.021,301.839,  2.604,  1.270
  0.020,301.759,  5.143,  0.730
  0.021,301.902,  6.118,  0.730
  0.020,301.629,  0.848,  1.450
  0.020,301.606,  0.966,  1.450
  0.020,301.542,  1.309,  1.490
  0.020,301.650,  0.614,  1.490
  0.020,301.606,  0.448,  1.490
  0.020,301.566,  0.230,  1.490
  0.020,301.616,  3.509,  3.870
  0.020,301.607,  1.361,  3.870
  0.020,301.553,  0.988,  3.870
  0.020,301.496, 16.049,  3.280
  0.020,301.483,  6.878,  3.280
  0.020,301.507,  0.898,  3.280
  0.020,301.498,  0.140,  3.280
  0.020,301.499,  2.218,  4.070
  0.020,301.478,  0.690,  4.070
  0.020,301.466,  0.140,  4.070
  0.020,301.480,  0.030,  2.430
  0.021,301.686,  0.060,  2.430
  0.020,301.546,  1.430,  2.430
  0.021,301.738, 16.607,  2.430
  0.021,301.756, 20.429,  0.990
  0.021,301.791, 10.030,  0.990
  0.021,301.839,  4.725,  0.990
  0.020,301.731,  5.153,  0.750
  0.021,301.902,  6.860,  0.750
  0.020,301.627,  0.302,  1.450
  0.020,301.605,  1.056,  1.450
  0.020,301.538,  0.929,  1.490
  0.020,301.601,  0.433,  1.490
  0.020,301.607,  0.429,  1.490
  0.020,301.572,  0.495,  1.490
  0.020,301.609,  1.745,  3.870
  0.020,301.562,  1.501,  3.870
  0.020,301.503,  1.085,  3.870
  0.020,301.488, 13.943,  3.280
  0.020,301.476,  9.735,  3.280
  0.020,301.506,  3.246,  3.280
  0.020,301.494,  0.887,  3.280
  0.020,301.487,  0.901,  4.070
  0.020,301.471,  5.328,  4.070
  0.020,301.465,  0.447,  4.070
  0.020,301.475,  0.126,  2.430
  0.020,301.512,  0.182,  2.430
  0.021,301.696,  3.700,  2.430
  0.021,301.735, 15.598,  2.430
  0.021,301.780, 19.807,  0.990
  0.021,301.809, 12.313,  0.990
  0.021,301.839,  5.871,  0.990
  0.021,301.865,  5.952,  0.750
  0.021,301.884,  7.373,  0.750
  0.020,301.616,  0.173,  1.450
  0.020,301.609,  1.588,  1.450
  0.020,301.556,  1.581,  1.490
  0.020,301.566,  1.020,  1.490
  0.020,301.608,  0.535,  1.490
  0.020,301.574,  0.623,  1.490
  0.020,301.551,  0.903,  3.870
  0.020,301.508,  1.259,  3.870
  0.020,301.489,  1.239,  3.870
  0.020,301.482,  6.278,  3.280
  0.020,301.466,  7.526,  3.280
  0.020,301.506,  4.037,  3.280
  0.020,301.491,  2.128,  3.280
  0.020,301.469,  0.785,  4.070
  0.020,301.465,  6.824,  4.070
  0.020,301.464,  5.787,  4.070
  0.020,301.473,  1.429,  2.430
  0.020,301.497,  0.450,  2.430
  0.021,301.682,  4.826,  2.430
  0.021,301.704, 13.859,  2.430
  0.021,301.750, 20.173,  0.990
  0.021,301.800, 15.658,  0.990
  0.021,301.826,  8.627,  0.990
  0.021,301.862, 10.283,  0.750
  0.021,301.863, 12.757,  0.750
  0.020,301.600,  0.263,  1.450
  0.020,301.604,  1.289,  1.450
  0.020,301.564,  0.464,  1.490
  0.020,301.555,  0.405,  1.490
  0.020,301.587,  0.382,  1.490
  0.020,301.541,  0.423,  1.490
  0.020,301.502,  0.564,  3.870
  0.020,301.518,  0.801,  3.870
  0.020,301.497,  0.922,  3.870
  0.020,301.470,  1.857,  3.280
  0.020,301.466,  4.847,  3.280
  0.020,301.501,  4.072,  3.280
  0.020,301.480,  3.184,  3.280
  0.020,301.468,  2.007,  4.070
  0.020,301.457,  3.205,  4.070
  0.020,301.461,  8.204,  4.070
  0.020,301.472,  2.567,  2.430
  0.020,301.479,  2.312,  2.430
  0.021,301.665,  3.104,  2.430
  0.021,301.692,  6.469,  2.430
  0.021,301.723, 14.196,  0.990
  0.021,301.773, 16.727,  0.990
  0.020,301.655, 12.274,  0.990
  0.020,301.707, 11.225,  0.750
  0.021,301.852, 13.886,  0.750
  0.020,301.588,  8.662,  1.730
  0.020,301.586, 16.650,  1.730
  0.020,301.558,  9.464,  0.970
  0.020,301.558,  2.994,  0.970
  0.020,301.553,  0.440,  0.970
  0.020,301.498,  0.195,  0.970
  0.020,301.513,  0.249,  1.020
  0.020,301.570,  0.328,  1.020
  0.020,301.492,  0.421,  1.020
  0.020,301.469,  0.698,  3.170
  0.020,301.482,  4.102,  3.170
  0.020,301.499,  5.348,  3.170
  0.020,301.471,  4.626,  3.170
  0.020,301.478,  3.026,  1.110
  0.020,301.459,  2.454,  1.110
  0.020,301.460, 10.505,  1.110
  0.020,301.469,  6.122,  0.860
  0.020,301.467,  4.203,  0.860
  0.021,301.661,  4.205,  0.860
  0.021,301.724,  3.224,  0.860
  0.021,301.741,  7.823,  0.760
  0.020,301.596, 10.729,  0.760
  0.020,301.637,  9.755,  0.760
  0.020,301.689,  7.699,  0.750
  0.020,301.696,  8.520,  0.750
  0.020,301.580, 12.134,  1.730
  0.020,301.569, 15.588,  1.730
  0.020,301.550, 20.745,  0.970
  0.020,301.557,  6.444,  0.970
  0.020,301.528,  3.683,  0.970
  0.020,301.496,  0.839,  0.970
  0.020,301.559,  0.221,  1.020
  0.020,301.588,  0.210,  1.020
  0.020,301.464,  0.218,  1.020
  0.020,301.485,  0.447,  3.170
  0.020,301.497,  2.138,  3.170
  0.020,301.508,  4.869,  3.170
  0.020,301.468,  5.521,  3.170
  0.020,301.474,  2.953,  1.110
  0.020,301.469,  3.451,  1.110
  0.020,301.463, 10.020,  1.110
  0.020,301.464,  5.021,  0.860
  0.020,301.467,  2.205,  0.860
  0.021,301.664,  4.544,  0.860
  0.021,301.748,  2.215,  0.860
  0.021,301.769,  4.174,  0.760
  0.020,301.589,  4.206,  0.760
  0.020,301.632,  4.417,  0.760
  0.020,301.703,  4.074,  0.750
  0.021,301.829,  4.195,  0.750
  0.020,301.583,  5.373,  1.730
  0.020,301.570,  7.893,  1.730
  0.020,301.536, 11.719,  0.970
  0.020,301.550,  8.261,  0.970
  0.020,301.524,  5.751,  0.970
  0.020,301.512,  3.633,  0.970
  0.020,301.561,  5.962,  1.020
  0.020,301.542,  4.975,  1.020
  0.020,301.447,  0.459,  1.020
  0.020,301.500,  0.190,  3.170
  0.020,301.493,  0.680,  3.170
  0.020,301.524,  4.630,  3.170
  0.020,301.466,  9.420,  3.170
  0.020,301.460,  3.520,  1.110
  0.020,301.465,  1.955,  1.110
  0.020,301.468,  3.018,  1.110
  0.020,301.463,  1.476,  0.860
  0.020,301.470,  2.057,  0.860
  0.021,301.663, 15.520,  0.860
  0.021,301.741,  6.081,  0.860
  0.021,301.770,  1.857,  0.760
  0.021,301.755,  1.096,  0.760
  0.020,301.621,  1.310,  0.760
  0.020,301.750,  1.386,  0.750
  0.021,301.807,  1.788,  0.750
  0.020,301.580,  2.640,  1.730
  0.020,301.577,  3.713,  1.730
  0.020,301.535,  6.289,  0.970
  0.020,301.551,  9.838,  0.970
  0.020,301.526,  9.379,  0.970
  0.020,301.511,  6.459,  0.970
  0.020,301.517, 19.587,  1.020
  0.020,301.477, 16.451,  1.020
  0.020,301.461,  7.335,  1.020
  0.020,301.490,  0.975,  3.170
  0.020,301.476,  0.225,  3.170
  0.020,301.534,  0.958,  3.170
  0.020,301.463, 12.946,  3.170
  0.020,301.457,  7.646,  1.110
  0.020,301.457,  3.500,  1.110
  0.020,301.475,  1.631,  1.110
  0.020,301.465,  1.994,  0.860
  0.020,301.470,  4.011,  0.860
  0.021,301.656, 18.865,  0.860
  0.021,301.703, 23.010,  0.860
  0.021,301.744,  5.687,  0.760
  0.021,301.755,  1.096,  0.760
  0.020,301.599,  0.385,  0.760
  0.020,301.651,  0.316,  0.750
  0.021,301.791,  0.790,  0.750
  0.020,301.559,  1.729,  1.260
  0.020,301.565,  1.449,  1.260
  0.020,301.568,  3.228,  0.920
  0.021,301.707,  5.954,  0.920
  0.020,301.523,  7.474,  0.920
  0.020,301.468,  6.792,  0.920
  0.020,301.458,  9.198,  0.530
  0.020,301.458, 11.638,  0.530
  0.020,301.473,  9.765,  0.530
  0.020,301.467,  2.248,  0.660
  0.020,301.465,  0.225,  0.660
  0.020,301.524,  0.364,  0.660
  0.020,301.456, 10.104,  0.660
  0.020,301.467, 12.448,  0.720
  0.020,301.455,  1.895,  0.720
  0.020,301.478,  0.689,  0.720
  0.020,301.462,  1.350,  0.950
  0.020,301.457,  2.626,  0.950
  0.021,301.653, 11.575,  0.950
  0.021,301.690, 20.001,  0.950
  0.021,301.725, 12.728,  0.850
  0.021,301.744,  5.200,  0.850
  0.020,301.598,  1.795,  0.850
  0.021,301.761,  0.765,  2.280
  0.021,301.776,  0.209,  2.280
  0.020,301.536,  1.164,  1.260
  0.020,301.539,  0.551,  1.260
  0.020,301.604,  1.023,  0.920
  0.020,301.566,  2.350,  0.920
  0.020,301.517,  3.614,  0.920
  0.020,301.422,  4.532,  0.920
  0.020,301.428,  5.170,  0.530
  0.020,301.474,  5.850,  0.530
  0.020,301.455,  5.201,  0.530
  0.020,301.448,  1.887,  0.660
  0.020,301.458,  0.518,  0.660
  0.020,301.503,  1.200,  0.660
  0.020,301.442, 11.238,  0.660
  0.020,301.459, 16.466,  0.720
  0.020,301.450, 28.341,  0.720
  0.020,301.470, 15.456,  0.720
  0.020,301.454,  1.813,  0.950
  0.021,301.625,  0.907,  0.950
  0.021,301.661,  5.138,  0.950
  0.021,301.708, 16.898,  0.950
  0.021,301.724, 14.600,  0.850
  0.021,301.727,  7.082,  0.850
  0.020,301.582,  4.223,  0.850
  0.021,301.733,  2.657,  2.280
  0.021,301.757,  2.993,  2.280
  0.020,301.523,  0.717,  1.260
  0.020,301.524,  0.445,  1.260
  0.020,301.677,  0.228,  0.920
  0.020,301.545,  0.542,  0.920
  0.020,301.511,  1.131,  0.920
  0.020,301.416,  1.779,  0.920
  0.020,301.430,  2.621,  0.530
  0.020,301.480,  2.916,  0.530
  0.020,301.439,  2.813,  0.530
  0.020,301.442,  1.421,  0.660
  0.020,301.454,  0.978,  0.660
  0.020,301.486,  0.595,  0.660
  0.020,301.431,  7.869,  0.660
  0.020,301.437, 18.739,  0.720
  0.020,301.440, 37.573,  0.720
  0.020,301.450, 27.259,  0.720
  0.021,301.632,  2.545,  0.950
  0.021,301.614,  1.842,  0.950
  0.021,301.660,  2.685,  0.950
  0.021,301.722, 15.152,  0.950
  0.021,301.712, 16.731,  0.850
  0.021,301.705, 14.257,  0.850
  0.021,301.719,  6.496,  0.850
  0.021,301.686,  4.831,  2.280
  0.021,301.735,  4.133,  2.280
  0.020,301.521,  0.366,  1.260
  0.020,301.522,  0.327,  1.260
  0.020,301.519,  0.160,  0.920
  0.020,301.509,  0.074,  0.920
  0.020,301.499,  0.180,  0.920
  0.020,301.434,  0.367,  0.920
  0.020,301.436,  0.729,  0.530
  0.020,301.467,  1.056,  0.530
  0.021,301.616,  1.207,  0.530
  0.020,301.439,  1.015,  0.660
  0.020,301.443,  0.766,  0.660
  0.020,301.474,  0.245,  0.660
  0.020,301.428,  1.405,  0.660
  0.021,301.622,  8.857,  0.720
  0.020,301.432, 13.791,  0.720
  0.021,301.572, 15.607,  0.720
  0.021,301.628,  6.609,  0.950
  0.021,301.616,  2.404,  0.950
  0.021,301.658,  1.672,  0.950
  0.021,301.715,  7.913,  0.950
  0.021,301.690, 10.421,  0.850
  0.020,301.575, 16.639,  0.850
  0.021,301.714, 14.507,  0.850
  0.020,301.621,  7.020,  2.280
  0.021,301.721,  8.046,  2.280
  0.020,301.515,  0.120,  2.500
  0.020,301.510,  0.144,  2.500
  0.020,301.465,  0.099,  1.450
  0.020,301.478,  0.032,  1.450
  0.020,301.489,  0.015,  1.450
  0.020,301.449,  0.039,  1.450
  0.021,301.612,  0.077,  0.940
  0.020,301.446,  0.178,  0.940
  0.021,301.621,  0.328,  0.940
  0.021,301.611,  0.443,  2.100
  0.021,301.600,  0.401,  2.100
  0.021,301.635,  0.216,  2.100
  0.020,301.439,  0.087,  2.100
  0.021,301.648,  0.523,  4.780
  0.021,301.611,  0.861,  4.780
  0.021,301.595,  2.641,  4.780
  0.021,301.615,  3.504,  4.540
  0.021,301.616,  6.337,  4.540
  0.021,301.658, 17.299,  4.540
  0.021,301.700,  8.118,  4.540
  0.021,301.676,  5.348,  5.170
  0.021,301.672, 12.442,  5.170
  0.021,301.705, 23.402,  5.170
  0.021,301.723, 15.079,  3.210
  0.021,301.714, 10.476,  3.210
  0.020,301.503,  0.021,  2.500
  0.020,301.492,  0.033,  2.500
  0.020,301.476,  0.029,  1.450
  0.020,301.484,  0.016,  1.450
  0.021,301.642,  0.007,  1.450
  0.021,301.624,  0.006,  1.450
  0.021,301.630,  0.003,  0.940
  0.021,301.613,  0.009,  0.940
  0.021,301.611,  0.043,  0.940
  0.021,301.609,  0.102,  2.100
  0.021,301.580,  0.125,  2.100
  0.021,301.619,  0.109,  2.100
  0.021,301.628,  0.082,  2.100
  0.020,301.499,  0.077,  4.780
  0.020,301.467,  0.101,  4.780
  0.021,301.570,  0.194,  4.780
  0.021,301.599,  0.697,  4.540
  0.021,301.605,  5.129,  4.540
  0.021,301.643, 25.660,  4.540
  0.021,301.680, 24.303,  4.540
  0.021,301.673, 10.506,  5.170
  0.021,301.668, 10.372,  5.170
  0.021,301.699, 25.509,  5.170
  0.021,301.712, 25.077,  3.210
  0.021,301.709, 13.118,  3.210
