  0.019,301.214,  0.069,  2.520
  0.019,301.212,  0.287,  2.520
  0.019,301.209,  0.238,  0.830
  0.019,301.213,  0.259,  0.830
  0.019,301.205,  0.418,  0.830
  0.019,301.240,  0.630,  0.830
  0.019,301.359,  0.502,  0.110
  0.019,301.383,  0.084,  0.110
  0.019,301.433,  0.002,  0.110
  0.019,301.384,  0.000,  0.000
  0.019,301.332,  0.000,  0.000
  0.019,301.360,  0.000,  0.000
  0.019,301.332,  0.000,  0.000
  0.020,301.244,  0.000,  0.600
  0.020,301.147,  0.000,  0.600
  0.020,301.092,  0.000,  0.600
  0.020,301.107,  0.000,  3.910
  0.020,301.048,  0.000,  3.910
  0.021,301.005,  0.000,  3.910
  0.020,300.911,  0.000,  3.910
  0.021,300.884,  0.000,  1.730
  0.021,300.895,  0.000,  1.730
  0.021,300.927,  0.000,  1.730
  0.021,301.088,  0.000,  0.180
  0.020,301.181,  0.000,  0.180
  0.019,301.212,  0.019,  0.360
  0.019,301.212,  0.344,  0.360
  0.019,301.212,  0.445,  0.150
  0.019,301.231,  0.231,  0.150
  0.019,301.256,  0.176,  0.150
  0.020,301.260,  0.339,  0.150
  0.020,301.337,  0.590,  0.020
  0.019,301.409,  0.166,  0.020
  0.019,301.440,  0.008,  0.020
  0.019,301.369,  0.000,  0.000
  0.019,301.341,  0.000,  0.000
  0.019,301.368,  0.000,  0.000
  0.019,301.369,  0.000,  0.000
  0.020,301.331,  0.000,  0.000
  0.020,301.199,  0.000,  0.000
  0.021,301.153,  0.000,  0.000
  0.021,301.144,  0.000,  0.000
  0.020,301.074,  0.000,  0.000
  0.021,301.111,  0.000,  0.000
  0.020,301.048,  0.000,  0.000
  0.021,301.004,  0.000,  0.000
  0.021,300.995,  0.000,  0.000
  0.021,301.033,  0.000,  0.000
  0.021,301.164,  0.000,  0.000
  0.020,301.176,  0.000,  0.000
  0.019,301.214,  0.003,  0.360
  0.019,301.220,  0.312,  0.360
  0.019,301.221,  0.517,  0.150
  0.019,301.237,  0.225,  0.150
  0.019,301.296,  0.122,  0.150
  0.020,301.291,  0.187,  0.150
  0.020,301.348,  0.553,  0.020
  0.019,301.409,  0.244,  0.020
  0.019,301.406,  0.013,  0.020
  0.019,301.355,  0.000,  0.000
  0.019,301.355,  0.000,  0.000
  0.019,301.371,  0.000,  0.000
  0.019,301.393,  0.000,  0.000
  0.020,301.410,  0.000,  0.000
  0.020,301.323,  0.000,  0.000
  0.021,301.215,  0.000,  0.000
  0.021,301.146,  0.000,  0.000
  0.020,301.074,  0.000,  0.000
  0.021,301.129,  0.000,  0.000
  0.020,301.116,  0.000,  0.000
  0.021,301.099,  0.000,  0.000
  0.021,301.045,  0.000,  0.000
  0.021,301.005,  0.000,  0.000
  0.021,301.160,  0.000,  0.000
  0.020,301.161,  0.000,  0.000
  0.019,301.222,  0.000,  0.360
  0.019,301.233,  0.172,  0.360
  0.019,301.235,  0.385,  0.150
  0.019,301.236,  0.191,  0.150
  0.019,301.286,  0.116,  0.150
  0.020,301.318,  0.137,  0.150
  0.019,301.395,  0.351,  0.020
  0.019,301.386,  0.173,  0.020
  0.019,301.371,  0.008,  0.020
  0.019,301.356,  0.000,  0.000
  0.019,301.362,  0.000,  0.000
  0.019,301.377,  0.000,  0.000
  0.019,301.418,  0.000,  0.000
  0.020,301.468,  0.000,  0.000
  0.020,301.470,  0.000,  0.000
  0.020,301.356,  0.000,  0.000
  0.021,301.197,  0.000,  0.000
  0.021,301.106,  0.000,  0.000
  0.021,301.123,  0.000,  0.000
  0.021,301.130,  0.000,  0.000
  0.021,301.127,  0.000,  0.000
  0.021,301.002,  0.000,  0.000
  0.020,300.718,  0.000,  0.000
  0.020,301.024,  0.000,  0.000
  0.020,301.152,  0.000,  0.000
  0.019,301.225,  0.001,  0.360
  0.019,301.236,  0.056,  0.360
  0.019,301.241,  0.220,  0.150
  0.019,301.241,  0.141,  0.150
  0.020,301.244,  0.089,  0.150
  0.020,301.333,  0.149,  0.150
  0.019,301.418,  0.143,  0.020
  0.019,301.364,  0.047,  0.020
  0.019,301.370,  0.002,  0.020
  0.019,301.378,  0.000,  0.000
  0.019,301.363,  0.000,  0.000
  0.019,301.382,  0.000,  0.000
  0.019,301.431,  0.000,  0.000
  0.020,301.495,  0.000,  0.000
  0.019,301.588,  0.000,  0.000
  0.019,301.530,  0.000,  0.000
  0.020,301.340,  0.000,  0.000
  0.021,301.125,  0.000,  0.000
  0.021,301.135,  0.000,  0.000
  0.021,301.154,  0.000,  0.000
  0.020,301.074,  0.000,  0.000
  0.021,300.977,  0.000,  0.000
  0.020,300.718,  0.000,  0.000
  0.020,300.994,  0.000,  0.000
  0.020,301.149,  0.000,  0.000
  0.019,301.217,  0.000,  0.050
  0.019,301.225,  0.011,  0.050
  0.019,301.236,  0.111,  0.030
  0.019,301.249,  0.090,  0.030
  0.020,301.242,  0.054,  0.030
  0.019,301.317,  0.177,  0.030
  0.019,301.387,  0.093,  0.000
  0.019,301.355,  0.008,  0.000
  0.019,301.400,  0.000,  0.000
  0.019,301.402,  0.000,  0.000
  0.019,301.362,  0.000,  0.000
  0.019,301.383,  0.000,  0.000
  0.019,301.430,  0.000,  0.000
  0.019,301.524,  0.000,  0.000
  0.019,301.562,  0.000,  0.000
  0.019,301.552,  0.000,  0.000
  0.020,301.470,  0.000,  0.000
  0.021,301.237,  0.000,  0.000
  0.020,301.127,  0.000,  0.000
  0.021,301.205,  0.000,  0.000
  0.020,301.118,  0.000,  0.000
  0.020,301.039,  0.000,  0.000
  0.020,300.974,  0.000,  0.000
  0.020,301.094,  0.000,  0.000
  0.020,301.148,  0.000,  0.000
  0.019,301.205,  0.000,  0.050
  0.019,301.214,  0.001,  0.050
  0.019,301.229,  0.054,  0.030
  0.019,301.248,  0.053,  0.030
  0.019,301.243,  0.031,  0.030
  0.020,301.287,  0.158,  0.030
  0.020,301.348,  0.134,  0.000
  0.019,301.368,  0.019,  0.000
  0.019,301.417,  0.000,  0.000
  0.019,301.402,  0.000,  0.000
  0.019,301.364,  0.000,  0.000
  0.019,301.381,  0.000,  0.000
  0.019,301.423,  0.000,  0.000
  0.019,301.501,  0.000,  0.000
  0.019,301.528,  0.000,  0.000
  0.019,301.510,  0.000,  0.000
  0.019,301.522,  0.000,  0.000
  0.020,301.403,  0.000,  0.000
  0.021,301.282,  0.000,  0.000
  0.020,301.298,  0.000,  0.000
  0.020,301.238,  0.000,  0.000
  0.020,301.217,  0.000,  0.000
  0.020,301.224,  0.000,  0.000
  0.020,301.199,  0.000,  0.000
  0.020,301.157,  0.000,  0.000
  0.019,301.201,  0.000,  0.050
  0.019,301.209,  0.000,  0.050
  0.019,301.223,  0.026,  0.030
  0.019,301.242,  0.030,  0.030
  0.019,301.251,  0.020,  0.030
  0.020,301.270,  0.099,  0.030
  0.020,301.314,  0.167,  0.000
  0.019,301.389,  0.047,  0.000
  0.019,301.410,  0.001,  0.000
  0.019,301.386,  0.000,  0.000
  0.019,301.368,  0.000,  0.000
  0.019,301.379,  0.000,  0.000
  0.019,301.417,  0.000,  0.000
  0.019,301.491,  0.000,  0.000
  0.019,301.523,  0.000,  0.000
  0.019,301.494,  0.000,  0.000
  0.019,301.484,  0.000,  0.000
  0.020,301.491,  0.000,  0.000
  0.020,301.438,  0.000,  0.000
  0.020,301.410,  0.000,  0.000
  0.019,301.385,  0.000,  0.000
  0.020,301.282,  0.000,  0.000
  0.020,301.242,  0.000,  0.000
  0.020,301.229,  0.000,  0.000
  0.020,301.171,  0.000,  0.000
  0.019,301.198,  0.000,  0.050
  0.019,301.204,  0.000,  0.050
  0.019,301.214,  0.010,  0.030
  0.019,301.233,  0.015,  0.030
  0.020,301.241,  0.016,  0.030
  0.020,301.257,  0.045,  0.030
  0.020,301.308,  0.161,  0.000
  0.019,301.398,  0.078,  0.000
  0.019,301.394,  0.006,  0.000
  0.019,301.372,  0.000,  0.000
  0.019,301.369,  0.000,  0.000
  0.019,301.379,  0.000,  0.000
  0.019,301.414,  0.000,  0.000
  0.020,301.466,  0.000,  0.000
  0.019,301.520,  0.000,  0.000
  0.019,301.490,  0.000,  0.000
  0.019,301.477,  0.000,  0.000
  0.019,301.507,  0.000,  0.000
  0.020,301.504,  0.000,  0.000
  0.019,301.494,  0.000,  0.000
  0.019,301.475,  0.000,  0.000
  0.020,301.360,  0.000,  0.000
  0.020,301.233,  0.000,  0.000
  0.020,301.224,  0.000,  0.000
  0.020,301.184,  0.000,  0.000
  0.019,301.193,  0.000,  0.000
  0.019,301.192,  0.000,  0.000
  0.019,301.200,  0.003,  0.000
  0.019,301.223,  0.008,  0.000
  0.020,301.233,  0.010,  0.000
  0.020,301.258,  0.022,  0.000
  0.019,301.303,  0.116,  0.000
  0.019,301.400,  0.097,  0.000
  0.019,301.385,  0.016,  0.000
  0.019,301.366,  0.001,  0.000
  0.019,301.365,  0.000,  0.000
  0.019,301.378,  0.000,  0.000
  0.019,301.410,  0.000,  0.000
  0.019,301.481,  0.000,  0.000
  0.019,301.509,  0.000,  0.000
  0.019,301.490,  0.000,  0.000
  0.019,301.480,  0.000,  0.000
  0.019,301.490,  0.000,  0.000
  0.020,301.474,  0.000,  0.000
  0.019,301.482,  0.000,  0.000
  0.019,301.468,  0.000,  0.000
  0.019,301.416,  0.000,  0.000
  0.020,301.274,  0.000,  0.000
  0.020,301.221,  0.000,  0.000
  0.020,301.194,  0.000,  0.000
  0.019,301.185,  0.000,  0.000
  0.019,301.182,  0.000,  0.000
  0.019,301.184,  0.001,  0.000
  0.019,301.206,  0.004,  0.000
  0.020,301.236,  0.004,  0.000
  0.020,301.259,  0.022,  0.000
  0.020,301.325,  0.068,  0.000
  0.019,301.390,  0.075,  0.000
  0.019,301.380,  0.018,  0.000
  0.019,301.378,  0.000,  0.000
  0.019,301.365,  0.000,  0.000
  0.019,301.379,  0.000,  0.000
  0.019,301.409,  0.000,  0.000
  0.019,301.475,  0.000,  0.000
  0.019,301.509,  0.000,  0.000
  0.019,301.495,  0.000,  0.000
  0.019,301.481,  0.000,  0.000
  0.019,301.502,  0.000,  0.000
  0.019,301.481,  0.000,  0.000
  0.019,301.445,  0.000,  0.000
  0.019,301.432,  0.000,  0.000
  0.019,301.418,  0.000,  0.000
  0.020,301.321,  0.000,  0.000
  0.020,301.229,  0.000,  0.000
  0.020,301.202,  0.000,  0.000
  0.019,301.179,  0.000,  0.000
  0.019,301.175,  0.000,  0.000
  0.019,301.166,  0.000,  0.000
  0.019,301.185,  0.001,  0.000
  0.019,301.234,  0.000,  0.000
  0.020,301.265,  0.023,  0.000
  0.020,301.313,  0.048,  0.000
  0.019,301.356,  0.035,  0.000
  0.019,301.381,  0.008,  0.000
  0.019,301.389,  0.000,  0.000
  0.019,301.371,  0.000,  0.000
  0.019,301.382,  0.000,  0.000
  0.019,301.411,  0.000,  0.000
  0.019,301.476,  0.000,  0.000
  0.019,301.511,  0.000,  0.000
  0.019,301.492,  0.000,  0.000
  0.019,301.483,  0.000,  0.000
  0.019,301.501,  0.000,  0.000
  0.019,301.494,  0.000,  0.000
  0.019,301.440,  0.000,  0.000
  0.019,301.410,  0.000,  0.000
  0.019,301.408,  0.000,  0.000
  0.019,301.368,  0.000,  0.000
  0.020,301.253,  0.000,  0.000
  0.020,301.209,  0.000,  0.000
  0.019,301.173,  0.000,  0.000
  0.019,301.170,  0.000,  0.000
  0.019,301.158,  0.000,  0.000
  0.020,301.165,  0.001,  0.000
  0.019,301.215,  0.001,  0.000
  0.020,301.261,  0.012,  0.000
  0.021,301.303,  0.058,  0.000
  0.020,301.321,  0.030,  0.000
  0.019,301.381,  0.003,  0.000
  0.019,301.399,  0.000,  0.000
  0.019,301.382,  0.000,  0.000
  0.019,301.385,  0.000,  0.000
  0.019,301.412,  0.000,  0.000
  0.019,301.469,  0.000,  0.000
  0.019,301.509,  0.000,  0.000
  0.019,301.492,  0.000,  0.000
  0.019,301.476,  0.000,  0.000
  0.019,301.495,  0.000,  0.000
  0.019,301.499,  0.000,  0.000
  0.019,301.453,  0.000,  0.000
  0.019,301.398,  0.000,  0.000
  0.019,301.393,  0.000,  0.000
  0.019,301.398,  0.000,  0.000
  0.020,301.299,  0.000,  0.000
  0.020,301.220,  0.000,  0.000
  0.019,301.168,  0.000,  0.000
  0.019,301.164,  0.000,  0.000
  0.019,301.151,  0.000,  0.010
  0.020,301.146,  0.000,  0.010
  0.020,301.183,  0.001,  0.010
  0.020,301.237,  0.002,  0.010
  0.020,301.270,  0.069,  0.060
  0.020,301.300,  0.055,  0.060
  0.019,301.358,  0.009,  0.060
  0.019,301.401,  0.000,  0.000
  0.019,301.390,  0.000,  0.000
  0.019,301.386,  0.000,  0.000
  0.019,301.406,  0.000,  0.000
  0.019,301.458,  0.000,  0.000
  0.019,301.500,  0.000,  0.000
  0.019,301.488,  0.000,  0.000
  0.019,301.469,  0.000,  0.000
  0.019,301.484,  0.000,  0.000
  0.019,301.490,  0.000,  0.000
  0.019,301.457,  0.000,  0.000
  0.019,301.386,  0.000,  0.000
  0.019,301.371,  0.000,  0.000
  0.019,301.414,  0.000,  0.000
  0.020,301.355,  0.000,  0.000
  0.020,301.237,  0.000,  0.000
  0.019,301.167,  0.000,  0.000
  0.019,301.159,  0.000,  0.000
  0.019,301.149,  0.000,  0.010
  0.020,301.129,  0.000,  0.010
  0.020,301.153,  0.001,  0.010
  0.020,301.204,  0.000,  0.010
  0.020,301.262,  0.050,  0.060
  0.020,301.312,  0.081,  0.060
  0.020,301.330,  0.027,  0.060
  0.019,301.392,  0.002,  0.000
  0.019,301.396,  0.000,  0.000
  0.019,301.383,  0.000,  0.000
  0.019,301.397,  0.000,  0.000
  0.019,301.446,  0.000,  0.000
  0.019,301.489,  0.000,  0.000
  0.019,301.482,  0.000,  0.000
  0.019,301.463,  0.000,  0.000
  0.019,301.472,  0.000,  0.000
  0.019,301.484,  0.000,  0.000
  0.019,301.458,  0.000,  0.000
  0.019,301.384,  0.000,  0.000
  0.019,301.359,  0.000,  0.000
  0.019,301.409,  0.000,  0.000
  0.019,301.388,  0.000,  0.000
  0.020,301.270,  0.000,  0.000
