  0.018,299.716,  0.000,  0.000
  0.018,299.716,  0.000,  0.000
  0.018,299.719,  0.000,  0.000
  0.018,299.719,  0.000,  0.000
  0.018,299.718,  0.000,  0.000
  0.018,299.718,  0.000,  0.000
  0.018,299.722,  0.000,  0.000
  0.018,299.738,  0.000,  0.000
  0.018,299.759,  0.000,  0.000
  0.018,299.751,  0.000,  0.000
  0.018,299.682,  0.000,  0.000
  0.018,299.737,  0.000,  0.000
  0.018,299.763,  0.000,  0.000
  0.018,299.703,  0.000,  0.000
  0.019,299.650,  0.000,  0.000
  0.019,299.658,  0.000,  0.000
  0.019,299.682,  0.000,  0.000
  0.019,299.673,  0.000,  0.000
  0.019,299.672,  0.000,  0.000
  0.019,299.684,  0.000,  0.000
  0.019,299.688,  0.000,  0.000
  0.019,299.690,  0.000,  0.000
  0.019,299.695,  0.000,  0.000
  0.019,299.729,  0.000,  0.000
  0.019,299.739,  0.000,  0.000
  0.018,299.720,  0.000,  0.000
  0.018,299.719,  0.000,  0.000
  0.018,299.722,  0.000,  0.000
  0.018,299.722,  0.000,  0.000
  0.018,299.722,  0.000,  0.000
  0.018,299.724,  0.000,  0.000
  0.018,299.726,  0.000,  0.000
  0.018,299.731,  0.000,  0.000
  0.018,299.748,  0.000,  0.000
  0.018,299.767,  0.000,  0.000
  0.018,299.731,  0.000,  0.000
  0.018,299.705,  0.000,  0.000
  0.018,299.767,  0.000,  0.000
  0.018,299.752,  0.000,  0.000
  0.018,299.694,  0.000,  0.000
  0.019,299.654,  0.000,  0.000
  0.019,299.673,  0.000,  0.000
  0.019,299.693,  0.000,  0.000
  0.019,299.682,  0.000,  0.000
  0.019,299.680,  0.000,  0.000
  0.019,299.693,  0.000,  0.000
  0.019,299.702,  0.000,  0.000
  0.019,299.703,  0.000,  0.000
  0.019,299.724,  0.000,  0.000
  0.019,299.736,  0.000,  0.000
  0.018,299.728,  0.000,  0.000
  0.018,299.728,  0.000,  0.000
  0.018,299.727,  0.000,  0.000
  0.018,299.725,  0.000,  0.000
  0.018,299.725,  0.000,  0.000
  0.018,299.727,  0.000,  0.000
  0.018,299.731,  0.000,  0.000
  0.018,299.734,  0.000,  0.000
  0.018,299.742,  0.000,  0.000
  0.018,299.763,  0.000,  0.000
  0.018,299.764,  0.000,  0.000
  0.018,299.709,  0.000,  0.000
  0.018,299.749,  0.000,  0.000
  0.018,299.785,  0.000,  0.000
  0.018,299.756,  0.000,  0.000
  0.019,299.696,  0.000,  0.000
  0.019,299.662,  0.000,  0.000
  0.019,299.687,  0.000,  0.000
  0.019,299.705,  0.000,  0.000
  0.019,299.691,  0.000,  0.000
  0.019,299.686,  0.000,  0.000
  0.019,299.698,  0.000,  0.000
  0.019,299.713,  0.000,  0.000
  0.019,299.733,  0.000,  0.000
  0.019,299.734,  0.000,  0.000
  0.018,299.730,  0.000,  0.000
  0.018,299.734,  0.000,  0.000
  0.018,299.734,  0.000,  0.000
  0.018,299.732,  0.000,  0.000
  0.018,299.730,  0.000,  0.000
  0.018,299.731,  0.000,  0.000
  0.018,299.735,  0.000,  0.000
  0.018,299.738,  0.000,  0.000
  0.018,299.741,  0.000,  0.000
  0.018,299.753,  0.000,  0.000
  0.018,299.772,  0.000,  0.000
  0.018,299.758,  0.000,  0.000
  0.018,299.756,  0.000,  0.000
  0.018,299.786,  0.000,  0.000
  0.018,299.805,  0.000,  0.000
  0.018,299.763,  0.000,  0.000
  0.019,299.700,  0.000,  0.000
  0.019,299.673,  0.000,  0.000
  0.019,299.699,  0.000,  0.000
  0.019,299.717,  0.000,  0.000
  0.019,299.704,  0.000,  0.000
  0.019,299.698,  0.000,  0.000
  0.019,299.707,  0.000,  0.000
  0.019,299.740,  0.000,  0.000
  0.019,299.739,  0.000,  0.000
  0.018,299.733,  0.000,  0.000
  0.018,299.738,  0.000,  0.000
  0.018,299.739,  0.000,  0.000
  0.018,299.738,  0.000,  0.000
  0.018,299.736,  0.000,  0.000
  0.018,299.735,  0.000,  0.000
  0.018,299.737,  0.000,  0.000
  0.018,299.740,  0.000,  0.000
  0.018,299.742,  0.000,  0.000
  0.018,299.747,  0.000,  0.000
  0.018,299.763,  0.000,  0.000
  0.018,299.778,  0.000,  0.000
  0.018,299.775,  0.000,  0.000
  0.018,299.778,  0.000,  0.000
  0.018,299.806,  0.000,  0.000
  0.018,299.817,  0.000,  0.000
  0.018,299.767,  0.000,  0.000
  0.019,299.700,  0.000,  0.000
  0.019,299.680,  0.000,  0.000
  0.019,299.709,  0.000,  0.000
  0.019,299.723,  0.000,  0.000
  0.019,299.722,  0.000,  0.000
  0.019,299.710,  0.000,  0.000
  0.019,299.726,  0.000,  0.000
  0.019,299.740,  0.000,  0.000
  0.018,299.736,  0.000,  0.000
  0.018,299.739,  0.000,  0.000
  0.018,299.742,  0.000,  0.000
  0.018,299.743,  0.000,  0.000
  0.018,299.742,  0.000,  0.000
  0.018,299.741,  0.000,  0.000
  0.018,299.741,  0.000,  0.000
  0.018,299.742,  0.000,  0.000
  0.018,299.744,  0.000,  0.000
  0.018,299.747,  0.000,  0.000
  0.018,299.754,  0.000,  0.000
  0.018,299.770,  0.000,  0.000
  0.018,299.778,  0.000,  0.000
  0.018,299.777,  0.000,  0.000
  0.018,299.789,  0.000,  0.000
  0.018,299.818,  0.000,  0.000
  0.018,299.821,  0.000,  0.000
  0.018,299.763,  0.000,  0.000
  0.019,299.699,  0.000,  0.000
  0.019,299.690,  0.000,  0.000
  0.019,299.714,  0.000,  0.000
  0.019,299.729,  0.000,  0.000
  0.019,299.729,  0.000,  0.000
  0.019,299.731,  0.000,  0.000
  0.019,299.737,  0.000,  0.000
  0.018,299.741,  0.000,  0.000
  0.018,299.740,  0.000,  0.000
  0.018,299.747,  0.000,  0.000
  0.018,299.748,  0.000,  0.000
  0.018,299.749,  0.000,  0.000
  0.018,299.749,  0.000,  0.000
  0.018,299.748,  0.000,  0.000
  0.018,299.748,  0.000,  0.000
  0.018,299.748,  0.000,  0.000
  0.018,299.750,  0.000,  0.000
  0.018,299.752,  0.000,  0.000
  0.018,299.761,  0.000,  0.000
  0.018,299.772,  0.000,  0.000
  0.018,299.778,  0.000,  0.000
  0.018,299.782,  0.000,  0.000
  0.018,299.797,  0.000,  0.000
  0.018,299.826,  0.000,  0.000
  0.018,299.821,  0.000,  0.000
  0.018,299.760,  0.000,  0.000
  0.019,299.709,  0.000,  0.000
  0.019,299.709,  0.000,  0.000
  0.019,299.723,  0.000,  0.000
  0.019,299.731,  0.000,  0.000
  0.019,299.740,  0.000,  0.000
  0.019,299.744,  0.000,  0.000
  0.018,299.750,  0.000,  0.000
  0.018,299.750,  0.000,  0.000
  0.018,299.749,  0.000,  0.000
  0.018,299.753,  0.000,  0.000
  0.018,299.756,  0.000,  0.000
  0.018,299.757,  0.000,  0.000
  0.018,299.757,  0.000,  0.000
  0.018,299.756,  0.000,  0.000
  0.018,299.754,  0.000,  0.000
  0.018,299.754,  0.000,  0.000
  0.018,299.755,  0.000,  0.000
  0.018,299.759,  0.000,  0.000
  0.018,299.767,  0.000,  0.000
  0.018,299.776,  0.000,  0.000
  0.018,299.780,  0.000,  0.000
  0.018,299.786,  0.000,  0.000
  0.018,299.804,  0.000,  0.000
  0.018,299.832,  0.000,  0.000
  0.018,299.823,  0.000,  0.000
  0.018,299.779,  0.000,  0.000
  0.018,299.755,  0.000,  0.000
  0.019,299.741,  0.000,  0.000
  0.019,299.730,  0.000,  0.000
  0.019,299.756,  0.000,  0.000
  0.019,299.742,  0.000,  0.000
  0.018,299.761,  0.000,  0.000
  0.018,299.760,  0.000,  0.000
  0.018,299.758,  0.000,  0.000
  0.018,299.757,  0.000,  0.000
  0.018,299.762,  0.000,  0.000
  0.018,299.765,  0.000,  0.000
  0.018,299.765,  0.000,  0.000
  0.018,299.764,  0.000,  0.000
  0.018,299.762,  0.000,  0.000
  0.018,299.760,  0.000,  0.000
  0.018,299.760,  0.000,  0.000
  0.018,299.761,  0.000,  0.000
  0.018,299.765,  0.000,  0.000
  0.018,299.772,  0.000,  0.000
  0.018,299.778,  0.000,  0.000
  0.018,299.782,  0.000,  0.000
  0.018,299.788,  0.000,  0.000
  0.018,299.808,  0.000,  0.000
  0.018,299.833,  0.000,  0.000
  0.018,299.840,  0.000,  0.000
  0.018,299.832,  0.000,  0.000
  0.018,299.795,  0.000,  0.000
  0.018,299.753,  0.000,  0.000
  0.019,299.756,  0.000,  0.000
  0.019,299.767,  0.000,  0.000
  0.018,299.770,  0.000,  0.450
  0.018,299.768,  0.000,  0.450
  0.018,299.766,  0.000,  0.800
  0.018,299.765,  0.000,  0.800
  0.018,299.766,  0.000,  0.800
  0.018,299.771,  0.000,  0.800
  0.018,299.772,  0.000,  0.000
  0.018,299.771,  0.000,  0.000
  0.018,299.769,  0.000,  0.000
  0.018,299.767,  0.000,  0.000
  0.018,299.766,  0.000,  0.000
  0.018,299.766,  0.000,  0.000
  0.018,299.767,  0.000,  0.000
  0.018,299.769,  0.000,  0.020
  0.018,299.773,  0.000,  0.020
  0.018,299.778,  0.000,  0.020
  0.018,299.781,  0.000,  0.060
  0.018,299.788,  0.000,  0.060
  0.018,299.806,  0.000,  0.060
  0.018,299.831,  0.000,  0.060
  0.018,299.851,  0.000,  0.050
  0.018,299.849,  0.000,  0.050
  0.018,299.812,  0.000,  0.050
  0.018,299.788,  0.000,  0.000
  0.018,299.784,  0.000,  0.000
  0.018,299.779,  0.000,  0.450
  0.018,299.776,  0.000,  0.450
  0.018,299.775,  0.000,  0.800
  0.018,299.774,  0.000,  0.800
  0.018,299.773,  0.000,  0.800
  0.018,299.774,  0.000,  0.800
  0.018,299.778,  0.000,  0.000
  0.018,299.779,  0.000,  0.000
  0.018,299.777,  0.000,  0.000
  0.018,299.776,  0.000,  0.000
  0.018,299.774,  0.000,  0.000
  0.018,299.773,  0.000,  0.000
  0.018,299.772,  0.000,  0.000
  0.018,299.771,  0.000,  0.020
  0.018,299.772,  0.000,  0.020
  0.018,299.775,  0.000,  0.020
  0.018,299.778,  0.000,  0.060
  0.018,299.779,  0.000,  0.060
  0.018,299.785,  0.000,  0.060
  0.018,299.800,  0.000,  0.060
  0.018,299.822,  0.000,  0.050
  0.018,299.843,  0.000,  0.050
  0.018,299.851,  0.000,  0.050
  0.018,299.840,  0.000,  0.000
  0.018,299.800,  0.000,  0.000
  0.018,299.782,  0.000,  0.450
  0.018,299.782,  0.000,  0.450
  0.018,299.780,  0.000,  0.800
  0.018,299.779,  0.000,  0.800
  0.018,299.778,  0.000,  0.800
  0.018,299.777,  0.000,  0.800
  0.018,299.777,  0.000,  0.000
  0.018,299.782,  0.000,  0.000
  0.018,299.781,  0.000,  0.000
  0.018,299.779,  0.000,  0.000
  0.018,299.778,  0.000,  0.000
  0.018,299.776,  0.000,  0.000
  0.018,299.774,  0.000,  0.000
  0.018,299.772,  0.000,  0.020
  0.018,299.770,  0.000,  0.020
  0.018,299.770,  0.000,  0.020
  0.018,299.771,  0.000,  0.060
  0.018,299.773,  0.000,  0.060
  0.018,299.773,  0.000,  0.060
  0.018,299.780,  0.000,  0.060
  0.018,299.793,  0.000,  0.050
  0.018,299.811,  0.000,  0.050
  0.018,299.833,  0.000,  0.050
  0.018,299.854,  0.000,  0.000
  0.018,299.823,  0.000,  0.000
  0.018,299.795,  0.000,  0.450
  0.018,299.790,  0.000,  0.450
  0.018,299.788,  0.000,  0.800
  0.018,299.783,  0.000,  0.800
  0.018,299.781,  0.000,  0.800
  0.018,299.781,  0.000,  0.800
  0.018,299.779,  0.000,  0.000
  0.018,299.780,  0.000,  0.000
  0.018,299.783,  0.000,  0.000
  0.018,299.782,  0.000,  0.000
  0.018,299.780,  0.000,  0.000
  0.018,299.778,  0.000,  0.000
  0.018,299.776,  0.000,  0.000
  0.018,299.773,  0.000,  0.020
  0.018,299.770,  0.000,  0.020
  0.018,299.767,  0.000,  0.020
  0.018,299.767,  0.000,  0.060
  0.018,299.767,  0.000,  0.060
  0.018,299.767,  0.000,  0.060
  0.018,299.769,  0.000,  0.060
  0.018,299.776,  0.000,  0.050
  0.018,299.787,  0.000,  0.050
  0.018,299.801,  0.000,  0.050
  0.018,299.830,  0.000,  0.000
  0.018,299.843,  0.000,  0.000
  0.018,299.805,  0.000,  0.000
  0.018,299.802,  0.000,  0.000
  0.018,299.794,  0.000,  0.000
  0.018,299.790,  0.000,  0.000
  0.018,299.788,  0.000,  0.000
  0.018,299.782,  0.000,  0.000
  0.018,299.781,  0.000,  0.000
  0.018,299.780,  0.000,  0.000
  0.018,299.780,  0.000,  0.000
  0.018,299.783,  0.000,  0.000
  0.018,299.781,  0.000,  0.000
  0.018,299.779,  0.000,  0.000
  0.018,299.777,  0.000,  0.000
  0.018,299.774,  0.000,  0.000
  0.018,299.770,  0.000,  0.000
  0.018,299.767,  0.000,  0.000
  0.018,299.764,  0.000,  0.000
  0.018,299.762,  0.000,  0.000
  0.018,299.761,  0.000,  0.000
  0.018,299.761,  0.000,  0.000
  0.018,299.765,  0.000,  0.000
  0.018,299.773,  0.000,  0.000
  0.018,299.779,  0.000,  0.000
  0.018,299.796,  0.000,  0.000
  0.018,299.827,  0.000,  0.000
  0.018,299.812,  0.000,  0.000
  0.018,299.814,  0.000,  0.000
  0.018,299.806,  0.000,  0.000
  0.018,299.798,  0.000,  0.000
  0.018,299.794,  0.000,  0.000
  0.018,299.787,  0.000,  0.000
  0.018,299.783,  0.000,  0.000
  0.018,299.781,  0.000,  0.000
  0.018,299.779,  0.000,  0.000
  0.018,299.779,  0.000,  0.000
  0.018,299.782,  0.000,  0.000
  0.018,299.780,  0.000,  0.000
  0.018,299.777,  0.000,  0.000
  0.018,299.774,  0.000,  0.000
  0.018,299.771,  0.000,  0.000
  0.018,299.767,  0.000,  0.000
  0.018,299.763,  0.000,  0.000
  0.018,299.759,  0.000,  0.000
  0.018,299.755,  0.000,  0.000
  0.018,299.755,  0.000,  0.000
  0.018,299.757,  0.000,  0.000
  0.018,299.762,  0.000,  0.000
  0.018,299.766,  0.000,  0.000
  0.018,299.772,  0.000,  0.000
  0.018,299.792,  0.000,  0.000
