  0.021,302.207,  0.000,  0.000
  0.021,302.208,  0.000,  0.000
  0.021,302.175,  0.000,  0.000
  0.021,302.185,  0.000,  0.000
  0.021,302.219,  0.000,  0.000
  0.021,302.196,  0.000,  0.000
  0.021,302.212,  0.000,  0.000
  0.021,302.186,  0.000,  0.000
  0.022,302.110,  0.000,  0.000
  0.022,302.112,  0.000,  0.000
  0.021,302.090,  0.000,  0.000
  0.022,302.056,  0.000,  0.000
  0.021,302.068,  0.000,  0.000
  0.022,302.068,  0.000,  0.000
  0.021,302.076,  0.000,  0.000
  0.021,302.114,  0.000,  0.000
  0.021,302.130,  0.000,  0.000
  0.021,302.093,  0.000,  0.000
  0.022,302.021,  0.000,  0.000
  0.022,301.974,  0.000,  0.000
  0.021,301.993,  0.000,  0.000
  0.021,301.990,  0.000,  0.000
  0.022,301.982,  0.000,  0.000
  0.021,302.025,  0.000,  0.000
  0.021,302.004,  0.000,  0.000
  0.021,302.199,  0.000,  0.000
  0.021,302.194,  0.000,  0.000
  0.021,302.166,  0.000,  0.000
  0.021,302.186,  0.000,  0.000
  0.021,302.240,  0.000,  0.000
  0.021,302.193,  0.000,  0.000
  0.021,302.181,  0.000,  0.000
  0.021,302.192,  0.000,  0.000
  0.021,302.142,  0.000,  0.000
  0.022,302.121,  0.000,  0.000
  0.022,302.090,  0.000,  0.000
  0.021,302.068,  0.000,  0.000
  0.022,302.042,  0.000,  0.000
  0.022,302.047,  0.000,  0.000
  0.021,302.066,  0.000,  0.000
  0.021,302.079,  0.000,  0.000
  0.021,302.108,  0.000,  0.000
  0.021,302.113,  0.000,  0.000
  0.022,302.005,  0.000,  0.000
  0.022,301.936,  0.000,  0.000
  0.021,301.986,  0.000,  0.000
  0.021,302.002,  0.000,  0.000
  0.021,302.003,  0.000,  0.000
  0.021,302.033,  0.000,  0.000
  0.021,302.000,  0.000,  0.000
  0.021,302.188,  0.000,  0.000
  0.021,302.174,  0.000,  0.000
  0.021,302.163,  0.000,  0.000
  0.021,302.172,  0.000,  0.000
  0.021,302.212,  0.000,  0.000
  0.021,302.168,  0.000,  0.000
  0.021,302.165,  0.000,  0.000
  0.021,302.214,  0.000,  0.000
  0.021,302.194,  0.000,  0.000
  0.021,302.141,  0.000,  0.000
  0.022,302.088,  0.000,  0.000
  0.021,302.084,  0.000,  0.000
  0.022,302.034,  0.000,  0.000
  0.021,302.043,  0.000,  0.000
  0.021,302.057,  0.000,  0.000
  0.021,302.051,  0.000,  0.000
  0.021,302.085,  0.000,  0.000
  0.021,302.113,  0.000,  0.000
  0.022,301.988,  0.000,  0.000
  0.022,301.924,  0.000,  0.000
  0.021,301.985,  0.000,  0.000
  0.021,302.022,  0.000,  0.000
  0.021,302.033,  0.000,  0.000
  0.021,302.031,  0.000,  0.000
  0.021,301.998,  0.000,  0.000
  0.021,302.199,  0.000,  0.000
  0.021,302.177,  0.000,  0.000
  0.021,302.165,  0.000,  0.000
  0.021,302.164,  0.000,  0.000
  0.021,302.170,  0.000,  0.000
  0.021,302.151,  0.000,  0.000
  0.021,302.177,  0.000,  0.000
  0.021,302.228,  0.000,  0.000
  0.021,302.243,  0.000,  0.000
  0.021,302.156,  0.000,  0.000
  0.022,302.077,  0.000,  0.000
  0.021,302.086,  0.000,  0.000
  0.022,302.022,  0.000,  0.000
  0.021,302.037,  0.000,  0.000
  0.021,302.058,  0.000,  0.000
  0.021,302.033,  0.000,  0.000
  0.021,302.055,  0.000,  0.000
  0.021,302.094,  0.000,  0.000
  0.022,302.001,  0.000,  0.000
  0.021,301.957,  0.000,  0.000
  0.021,301.994,  0.000,  0.000
  0.021,302.020,  0.000,  0.000
  0.021,302.033,  0.000,  0.000
  0.021,302.007,  0.000,  0.000
  0.022,301.978,  0.000,  0.000
  0.021,302.209,  0.000,  0.000
  0.021,302.192,  0.000,  0.000
  0.021,302.163,  0.000,  0.000
  0.021,302.164,  0.000,  0.000
  0.021,302.164,  0.000,  0.000
  0.021,302.170,  0.000,  0.000
  0.021,302.193,  0.000,  0.000
  0.021,302.208,  0.000,  0.000
  0.021,302.242,  0.000,  0.000
  0.021,302.160,  0.000,  0.000
  0.022,302.078,  0.000,  0.000
  0.022,302.074,  0.000,  0.000
  0.022,302.017,  0.000,  0.000
  0.021,302.018,  0.000,  0.000
  0.021,302.059,  0.000,  0.000
  0.021,302.036,  0.000,  0.000
  0.021,302.052,  0.000,  0.000
  0.021,302.065,  0.000,  0.000
  0.022,302.037,  0.000,  0.000
  0.021,302.013,  0.000,  0.000
  0.021,301.986,  0.000,  0.000
  0.021,301.980,  0.000,  0.000
  0.021,301.987,  0.000,  0.000
  0.022,301.971,  0.000,  0.000
  0.021,301.969,  0.000,  0.000
  0.021,302.196,  0.000,  0.000
  0.021,302.192,  0.000,  0.000
  0.021,302.159,  0.000,  0.000
  0.021,302.174,  0.000,  0.000
  0.021,302.189,  0.000,  0.000
  0.021,302.189,  0.000,  0.000
  0.021,302.199,  0.000,  0.000
  0.021,302.180,  0.000,  0.000
  0.021,302.208,  0.000,  0.000
  0.021,302.167,  0.000,  0.000
  0.021,302.108,  0.000,  0.000
  0.022,302.075,  0.000,  0.000
  0.022,302.034,  0.000,  0.000
  0.022,302.019,  0.000,  0.000
  0.021,302.065,  0.000,  0.000
  0.021,302.060,  0.000,  0.000
  0.021,302.072,  0.000,  0.000
  0.022,302.043,  0.000,  0.000
  0.021,302.043,  0.000,  0.000
  0.021,302.039,  0.000,  0.000
  0.022,301.965,  0.000,  0.000
  0.022,301.930,  0.000,  0.000
  0.021,301.941,  0.000,  0.000
  0.021,301.966,  0.000,  0.000
  0.021,301.997,  0.000,  0.000
  0.021,302.164,  0.000,  0.000
  0.021,302.184,  0.000,  0.000
  0.021,302.156,  0.000,  0.000
  0.021,302.180,  0.000,  0.000
  0.021,302.212,  0.000,  0.000
  0.021,302.200,  0.000,  0.000
  0.021,302.190,  0.000,  0.000
  0.021,302.174,  0.000,  0.000
  0.021,302.184,  0.000,  0.000
  0.021,302.188,  0.000,  0.000
  0.021,302.154,  0.000,  0.000
  0.022,302.098,  0.000,  0.000
  0.021,302.072,  0.000,  0.000
  0.021,302.065,  0.000,  0.000
  0.021,302.071,  0.000,  0.000
  0.021,302.088,  0.000,  0.000
  0.021,302.083,  0.000,  0.000
  0.021,302.027,  0.000,  0.000
  0.021,302.020,  0.000,  0.000
  0.021,302.025,  0.000,  0.000
  0.022,301.951,  0.000,  0.000
  0.022,301.915,  0.000,  0.000
  0.021,301.930,  0.000,  0.000
  0.021,301.979,  0.000,  0.000
  0.021,302.010,  0.000,  0.000
  0.021,302.139,  0.000,  0.000
  0.021,302.173,  0.000,  0.000
  0.021,302.152,  0.000,  0.000
  0.021,302.172,  0.000,  0.000
  0.021,302.190,  0.000,  0.000
  0.021,302.192,  0.000,  0.000
  0.021,302.172,  0.000,  0.000
  0.021,302.184,  0.000,  0.000
  0.021,302.191,  0.000,  0.000
  0.021,302.198,  0.000,  0.000
  0.021,302.179,  0.000,  0.000
  0.021,302.114,  0.000,  0.000
  0.021,302.100,  0.000,  0.000
  0.021,302.114,  0.000,  0.000
  0.021,302.064,  0.000,  0.000
  0.021,302.095,  0.000,  0.000
  0.021,302.085,  0.000,  0.000
  0.021,302.014,  0.000,  0.000
  0.021,301.998,  0.000,  0.000
  0.021,302.002,  0.000,  0.000
  0.022,301.972,  0.000,  0.000
  0.021,301.939,  0.000,  0.000
  0.021,301.930,  0.000,  0.000
  0.021,301.963,  0.000,  0.000
  0.021,301.985,  0.000,  0.000
  0.021,302.134,  0.000,  0.000
  0.021,302.149,  0.000,  0.000
  0.021,302.153,  0.000,  0.000
  0.021,302.172,  0.000,  0.000
  0.021,302.167,  0.000,  0.000
  0.021,302.190,  0.000,  0.000
  0.021,302.159,  0.000,  0.000
  0.021,302.186,  0.000,  0.000
  0.021,302.201,  0.000,  0.000
  0.021,302.183,  0.000,  0.000
  0.021,302.172,  0.000,  0.000
  0.021,302.124,  0.000,  0.000
  0.021,302.095,  0.000,  0.000
  0.021,302.117,  0.000,  0.000
  0.021,302.047,  0.000,  0.000
  0.021,302.079,  0.000,  0.000
  0.021,302.072,  0.000,  0.000
  0.021,302.017,  0.000,  0.000
  0.021,301.990,  0.000,  0.000
  0.021,301.987,  0.000,  0.000
  0.021,301.999,  0.000,  0.000
  0.021,301.968,  0.000,  0.000
  0.021,301.919,  0.000,  0.000
  0.021,301.920,  0.000,  0.000
  0.021,301.934,  0.000,  0.000
  0.021,302.141,  0.000,  0.000
  0.021,302.127,  0.000,  0.000
  0.021,302.149,  0.000,  0.000
  0.021,302.182,  0.000,  0.000
  0.021,302.177,  0.000,  0.000
  0.021,302.202,  0.000,  0.000
  0.021,302.160,  0.000,  0.000
  0.021,302.164,  0.000,  0.000
  0.021,302.192,  0.000,  0.000
  0.021,302.155,  0.000,  0.000
  0.021,302.149,  0.000,  0.000
  0.021,302.130,  0.000,  0.000
  0.021,302.074,  0.000,  0.000
  0.021,302.083,  0.000,  0.000
  0.021,302.033,  0.000,  0.000
  0.021,302.056,  0.000,  0.000
  0.021,302.052,  0.000,  0.000
  0.021,302.027,  0.000,  0.000
  0.021,301.989,  0.000,  0.000
  0.021,301.974,  0.000,  0.000
  0.021,301.998,  0.000,  0.000
  0.021,301.981,  0.000,  0.000
  0.021,301.910,  0.000,  0.000
  0.021,301.880,  0.000,  0.000
  0.021,301.893,  0.000,  0.000
  0.021,302.148,  0.000,  0.000
  0.021,302.136,  0.000,  0.000
  0.021,302.149,  0.000,  0.000
  0.021,302.182,  0.000,  0.000
  0.021,302.184,  0.000,  0.000
  0.021,302.192,  0.000,  0.000
  0.021,302.167,  0.000,  0.000
  0.021,302.138,  0.000,  0.000
  0.021,302.159,  0.000,  0.000
  0.021,302.133,  0.000,  0.000
  0.021,302.121,  0.000,  0.000
  0.021,302.126,  0.000,  0.000
  0.021,302.072,  0.000,  0.000
  0.021,302.059,  0.000,  0.000
  0.021,302.031,  0.000,  0.000
  0.021,302.049,  0.000,  0.000
  0.021,302.048,  0.000,  0.000
  0.021,302.039,  0.000,  0.000
  0.021,301.993,  0.000,  0.000
  0.021,301.958,  0.000,  0.000
  0.021,301.973,  0.000,  0.000
  0.021,301.968,  0.000,  0.000
  0.022,301.911,  0.000,  0.000
  0.021,301.862,  0.000,  0.000
  0.021,301.870,  0.000,  0.000
  0.021,302.146,  0.000,  0.000
  0.021,302.138,  0.000,  0.000
  0.021,302.144,  0.000,  0.000
  0.021,302.153,  0.000,  0.000
  0.021,302.167,  0.000,  0.000
  0.021,302.160,  0.000,  0.000
  0.021,302.167,  0.000,  0.000
  0.021,302.128,  0.000,  0.000
  0.021,302.132,  0.000,  0.000
  0.021,302.119,  0.000,  0.000
  0.021,302.096,  0.000,  0.000
  0.021,302.104,  0.000,  0.000
  0.021,302.097,  0.000,  0.000
  0.021,302.063,  0.000,  0.000
  0.021,302.036,  0.000,  0.000
  0.021,302.035,  0.000,  0.000
  0.021,302.040,  0.000,  0.000
  0.021,302.051,  0.000,  0.000
  0.021,301.998,  0.000,  0.000
  0.021,301.947,  0.000,  0.000
  0.021,301.939,  0.000,  0.000
  0.021,301.938,  0.000,  0.000
  0.021,301.916,  0.000,  0.000
  0.021,301.865,  0.000,  0.000
  0.021,301.858,  0.000,  0.000
  0.021,302.129,  0.000,  0.000
  0.021,302.125,  0.000,  0.000
  0.021,302.144,  0.000,  0.000
  0.021,302.134,  0.000,  0.000
  0.021,302.147,  0.000,  0.000
  0.021,302.144,  0.000,  0.000
  0.021,302.153,  0.000,  0.000
  0.021,302.132,  0.000,  0.000
  0.021,302.129,  0.000,  0.000
  0.021,302.111,  0.000,  0.000
  0.021,302.093,  0.000,  0.000
  0.021,302.110,  0.000,  0.000
  0.021,302.114,  0.000,  0.000
  0.021,302.081,  0.000,  0.000
  0.021,302.044,  0.000,  0.000
  0.021,302.020,  0.000,  0.000
  0.021,302.035,  0.000,  0.000
  0.021,302.045,  0.000,  0.000
  0.021,302.000,  0.000,  0.000
  0.021,301.953,  0.000,  0.000
  0.021,301.923,  0.000,  0.000
  0.021,301.914,  0.000,  0.000
  0.021,301.917,  0.000,  0.000
  0.021,301.870,  0.000,  0.000
  0.021,301.850,  0.000,  0.000
  0.021,302.111,  0.000,  0.000
  0.021,302.113,  0.000,  0.000
  0.021,302.130,  0.000,  0.500
  0.021,302.143,  0.000,  0.500
  0.021,302.157,  0.000,  0.500
  0.021,302.157,  0.000,  0.500
  0.021,302.136,  0.000,  0.590
  0.021,302.133,  0.000,  0.590
  0.021,302.120,  0.000,  0.590
  0.021,302.100,  0.000,  0.610
  0.021,302.102,  0.000,  0.610
  0.021,302.135,  0.000,  0.610
  0.021,302.092,  0.000,  0.610
  0.021,302.086,  0.000,  0.000
  0.021,302.046,  0.000,  0.000
  0.021,302.018,  0.000,  0.000
  0.021,302.029,  0.000,  0.000
  0.021,302.018,  0.000,  0.000
  0.021,301.998,  0.000,  0.000
  0.021,301.978,  0.000,  0.000
  0.021,301.929,  0.000,  0.000
  0.021,301.899,  0.000,  0.000
  0.021,301.898,  0.000,  0.000
  0.021,301.862,  0.000,  0.690
  0.021,301.839,  0.000,  0.690
  0.021,302.113,  0.000,  0.000
  0.021,302.104,  0.000,  0.000
  0.021,302.108,  0.000,  0.500
  0.021,302.133,  0.000,  0.500
  0.021,302.156,  0.000,  0.500
  0.021,302.154,  0.000,  0.500
  0.021,302.126,  0.000,  0.590
  0.021,302.108,  0.000,  0.590
  0.021,302.103,  0.000,  0.590
  0.021,302.091,  0.000,  0.610
  0.021,302.096,  0.000,  0.610
  0.021,302.143,  0.000,  0.610
  0.021,302.052,  0.000,  0.610
  0.021,302.061,  0.000,  0.000
  0.021,302.032,  0.000,  0.000
  0.021,302.022,  0.000,  0.000
  0.021,302.002,  0.000,  0.000
  0.021,301.989,  0.000,  0.000
  0.021,302.003,  0.000,  0.000
  0.021,301.998,  0.000,  0.000
  0.021,301.935,  0.000,  0.000
  0.021,301.890,  0.000,  0.000
  0.021,301.871,  0.000,  0.000
  0.021,301.848,  0.000,  0.690
  0.021,301.833,  0.000,  0.690
