  0.020,301.166,  0.000,  5.630
  0.019,301.269,  0.000,  5.630
  0.019,301.283,  0.000,  1.840
  0.020,301.187,  0.000,  1.840
  0.020,301.090,  0.000,  1.840
  0.020,301.069,  0.000,  1.840
  0.020,301.116,  0.000,  0.490
  0.020,301.209,  0.000,  0.490
  0.020,301.310,  0.000,  0.490
  0.020,301.371,  0.000,  0.070
  0.020,301.377,  0.000,  0.070
  0.020,301.373,  0.000,  0.070
  0.020,301.404,  0.000,  0.070
  0.020,301.443,  0.000,  0.000
  0.020,301.451,  0.000,  0.000
  0.020,301.429,  0.000,  0.000
  0.020,301.403,  0.000,  0.000
  0.020,301.379,  0.000,  0.000
  0.020,301.376,  0.000,  0.000
  0.020,301.406,  0.000,  0.000
  0.019,301.425,  0.000,  0.000
  0.020,301.399,  0.000,  0.000
  0.020,301.342,  0.000,  0.000
  0.020,301.301,  0.000,  0.000
  0.020,301.278,  0.000,  0.000
  0.020,300.541,  0.000,  7.470
  0.021,301.141,  0.000,  7.470
  0.020,301.264,  0.000,  2.830
  0.020,301.205,  0.000,  2.830
  0.020,301.143,  0.000,  2.830
  0.020,301.124,  0.000,  2.830
  0.020,301.152,  0.000,  1.480
  0.020,301.212,  0.000,  1.480
  0.020,301.269,  0.000,  1.480
  0.020,301.299,  0.000,  0.300
  0.020,301.303,  0.000,  0.300
  0.020,301.301,  0.000,  0.300
  0.020,301.352,  0.000,  0.300
  0.020,301.444,  0.000,  0.120
  0.020,301.488,  0.000,  0.120
  0.020,301.465,  0.000,  0.120
  0.020,301.433,  0.000,  0.110
  0.020,301.413,  0.000,  0.110
  0.020,301.388,  0.000,  0.110
  0.020,301.370,  0.000,  0.110
  0.020,301.367,  0.000,  0.000
  0.020,301.373,  0.000,  0.000
  0.020,301.382,  0.000,  0.000
  0.020,301.392,  0.000,  0.000
  0.020,301.351,  0.000,  0.000
  0.020,300.564,  0.000,  7.470
  0.021,301.105,  0.000,  7.470
  0.021,301.363,  0.000,  2.830
  0.020,301.214,  0.000,  2.830
  0.020,301.154,  0.000,  2.830
  0.020,301.140,  0.000,  2.830
  0.020,301.146,  0.000,  1.480
  0.020,301.206,  0.000,  1.480
  0.020,301.288,  0.000,  1.480
  0.020,301.334,  0.000,  0.300
  0.020,301.318,  0.000,  0.300
  0.020,301.297,  0.000,  0.300
  0.020,301.338,  0.000,  0.300
  0.020,301.427,  0.000,  0.120
  0.020,301.463,  0.000,  0.120
  0.020,301.449,  0.000,  0.120
  0.019,301.463,  0.000,  0.110
  0.020,301.481,  0.000,  0.110
  0.020,301.445,  0.000,  0.110
  0.020,301.386,  0.000,  0.110
  0.020,301.357,  0.000,  0.000
  0.020,301.357,  0.000,  0.000
  0.020,301.373,  0.000,  0.000
  0.020,301.393,  0.000,  0.000
  0.020,301.367,  0.000,  0.000
  0.020,300.540,  0.000,  7.470
  0.020,300.984,  0.000,  7.470
  0.020,301.220,  0.000,  2.830
  0.020,301.178,  0.000,  2.830
  0.020,301.177,  0.000,  2.830
  0.020,301.204,  0.000,  2.830
  0.020,301.169,  0.000,  1.480
  0.020,301.180,  0.000,  1.480
  0.020,301.252,  0.000,  1.480
  0.020,301.328,  0.000,  0.300
  0.020,301.362,  0.000,  0.300
  0.020,301.395,  0.000,  0.300
  0.020,301.441,  0.001,  0.300
  0.020,301.435,  0.000,  0.120
  0.020,301.400,  0.000,  0.120
  0.020,301.414,  0.000,  0.120
  0.019,301.455,  0.000,  0.110
  0.019,301.468,  0.000,  0.110
  0.020,301.437,  0.000,  0.110
  0.020,301.394,  0.000,  0.110
  0.020,301.373,  0.000,  0.000
  0.020,301.365,  0.000,  0.000
  0.020,301.359,  0.000,  0.000
  0.020,301.370,  0.000,  0.000
  0.020,301.366,  0.000,  0.000
  0.020,300.898,  0.001,  7.470
  0.020,301.256,  0.000,  7.470
  0.020,301.271,  0.000,  2.830
  0.020,301.166,  0.000,  2.830
  0.020,301.197,  0.000,  2.830
  0.020,301.240,  0.000,  2.830
  0.020,301.233,  0.000,  1.480
  0.020,301.219,  0.000,  1.480
  0.020,301.228,  0.000,  1.480
  0.020,301.275,  0.001,  0.300
  0.020,301.356,  0.001,  0.300
  0.020,301.443,  0.002,  0.300
  0.020,301.484,  0.002,  0.300
  0.020,301.459,  0.003,  0.120
  0.020,301.411,  0.001,  0.120
  0.020,301.400,  0.000,  0.120
  0.020,301.423,  0.000,  0.110
  0.020,301.421,  0.000,  0.110
  0.020,301.396,  0.000,  0.110
  0.020,301.380,  0.000,  0.110
  0.020,301.384,  0.000,  0.000
  0.020,301.387,  0.000,  0.000
  0.020,301.381,  0.000,  0.000
  0.020,301.386,  0.000,  0.000
  0.020,301.383,  0.000,  0.000
  0.020,301.301,  0.000,  4.710
  0.020,301.415,  0.000,  4.710
  0.020,301.340,  0.000,  2.540
  0.020,301.249,  0.000,  2.540
  0.020,301.225,  0.000,  2.540
  0.020,301.244,  0.000,  2.540
  0.020,301.273,  0.000,  1.310
  0.020,301.301,  0.000,  1.310
  0.020,301.331,  0.000,  1.310
  0.020,301.370,  0.001,  0.520
  0.020,301.416,  0.001,  0.520
  0.020,301.446,  0.002,  0.520
  0.020,301.446,  0.005,  0.520
  0.020,301.429,  0.008,  0.220
  0.020,301.415,  0.007,  0.220
  0.020,301.409,  0.002,  0.220
  0.020,301.410,  0.000,  0.060
  0.020,301.408,  0.000,  0.060
  0.020,301.408,  0.000,  0.060
  0.020,301.412,  0.000,  0.060
  0.020,301.419,  0.000,  0.160
  0.020,301.420,  0.000,  0.160
  0.020,301.415,  0.000,  0.160
  0.020,301.413,  0.000,  0.130
  0.020,301.406,  0.000,  0.130
  0.020,301.467,  0.001,  4.710
  0.020,301.444,  0.001,  4.710
  0.020,301.414,  0.000,  2.540
  0.020,301.365,  0.000,  2.540
  0.020,301.311,  0.000,  2.540
  0.020,301.302,  0.000,  2.540
  0.020,301.350,  0.000,  1.310
  0.020,301.423,  0.000,  1.310
  0.020,301.468,  0.000,  1.310
  0.020,301.463,  0.000,  0.520
  0.020,301.439,  0.000,  0.520
  0.020,301.428,  0.000,  0.520
  0.020,301.427,  0.001,  0.520
  0.020,301.420,  0.006,  0.220
  0.020,301.396,  0.006,  0.220
  0.020,301.363,  0.002,  0.220
  0.020,301.360,  0.000,  0.060
  0.020,301.396,  0.000,  0.060
  0.020,301.441,  0.000,  0.060
  0.019,301.458,  0.000,  0.060
  0.019,301.461,  0.000,  0.160
  0.020,301.454,  0.000,  0.160
  0.020,301.430,  0.000,  0.160
  0.020,301.418,  0.000,  0.130
  0.020,301.416,  0.000,  0.130
  0.020,301.512,  0.000,  4.710
  0.020,301.483,  0.001,  4.710
  0.020,301.459,  0.000,  2.540
  0.020,301.445,  0.000,  2.540
  0.020,301.423,  0.000,  2.540
  0.020,301.412,  0.000,  2.540
  0.020,301.442,  0.000,  1.310
  0.020,301.489,  0.000,  1.310
  0.020,301.495,  0.000,  1.310
  0.020,301.459,  0.000,  0.520
  0.020,301.427,  0.000,  0.520
  0.020,301.423,  0.000,  0.520
  0.020,301.428,  0.000,  0.520
  0.020,301.420,  0.000,  0.220
  0.020,301.390,  0.001,  0.220
  0.020,301.347,  0.002,  0.220
  0.020,301.341,  0.000,  0.060
  0.020,301.376,  0.000,  0.060
  0.020,301.430,  0.000,  0.060
  0.019,301.475,  0.000,  0.060
  0.019,301.492,  0.000,  0.160
  0.019,301.465,  0.000,  0.160
  0.020,301.418,  0.000,  0.160
  0.020,301.395,  0.001,  0.130
  0.020,301.399,  0.000,  0.130
  0.020,301.580,  0.015,  4.710
  0.020,301.589,  0.001,  4.710
  0.020,301.543,  0.000,  2.540
  0.020,301.484,  0.000,  2.540
  0.020,301.463,  0.000,  2.540
  0.020,301.487,  0.000,  2.540
  0.020,301.525,  0.000,  1.310
  0.020,301.543,  0.000,  1.310
  0.020,301.519,  0.000,  1.310
  0.020,301.475,  0.000,  0.520
  0.020,301.445,  0.000,  0.520
  0.020,301.435,  0.000,  0.520
  0.020,301.436,  0.000,  0.520
  0.020,301.434,  0.000,  0.220
  0.020,301.416,  0.000,  0.220
  0.020,301.385,  0.000,  0.220
  0.020,301.364,  0.000,  0.060
  0.020,301.380,  0.000,  0.060
  0.020,301.422,  0.000,  0.060
  0.019,301.460,  0.000,  0.060
  0.019,301.461,  0.000,  0.160
  0.020,301.412,  0.000,  0.160
  0.020,301.373,  0.000,  0.160
  0.020,301.418,  0.000,  0.130
  0.019,301.493,  0.000,  0.130
  0.020,301.622,  0.261,  3.000
  0.019,301.689,  0.140,  3.000
  0.020,301.679,  0.022,  2.140
  0.020,301.588,  0.001,  2.140
  0.020,301.498,  0.000,  2.140
  0.020,301.504,  0.000,  2.140
  0.020,301.595,  0.000,  0.850
  0.019,301.653,  0.000,  0.850
  0.020,301.629,  0.001,  0.850
  0.020,301.543,  0.000,  0.110
  0.020,301.475,  0.000,  0.110
  0.020,301.462,  0.000,  0.110
  0.020,301.486,  0.000,  0.110
  0.020,301.513,  0.000,  0.100
  0.020,301.509,  0.001,  0.100
  0.020,301.465,  0.007,  0.100
  0.020,301.423,  0.009,  0.080
  0.020,301.406,  0.002,  0.080
  0.020,301.417,  0.000,  0.080
  0.020,301.427,  0.000,  0.080
  0.020,301.416,  0.000,  0.080
  0.020,301.386,  0.000,  0.080
  0.020,301.357,  0.001,  0.080
  0.020,301.376,  0.001,  0.360
  0.019,301.440,  0.001,  0.360
  0.020,301.572,  0.704,  3.000
  0.020,301.633,  0.816,  3.000
  0.020,301.658,  0.415,  2.140
  0.020,301.613,  0.059,  2.140
  0.020,301.527,  0.006,  2.140
  0.020,301.500,  0.001,  2.140
  0.020,301.567,  0.001,  0.850
  0.019,301.655,  0.000,  0.850
  0.020,301.649,  0.001,  0.850
  0.020,301.549,  0.002,  0.110
  0.020,301.462,  0.001,  0.110
  0.020,301.444,  0.001,  0.110
  0.020,301.480,  0.001,  0.110
  0.020,301.526,  0.000,  0.100
  0.020,301.544,  0.005,  0.100
  0.020,301.520,  0.036,  0.100
  0.020,301.475,  0.057,  0.080
  0.020,301.431,  0.008,  0.080
  0.020,301.400,  0.001,  0.080
  0.020,301.385,  0.000,  0.080
  0.020,301.379,  0.000,  0.080
  0.020,301.384,  0.000,  0.080
  0.020,301.399,  0.001,  0.080
  0.020,301.403,  0.000,  0.360
  0.020,301.402,  0.000,  0.360
  0.020,301.543,  0.315,  3.000
  0.020,301.562,  0.831,  3.000
  0.020,301.568,  1.009,  2.140
  0.020,301.561,  0.338,  2.140
  0.020,301.553,  0.033,  2.140
  0.020,301.554,  0.008,  2.140
  0.020,301.567,  0.003,  0.850
  0.020,301.581,  0.000,  0.850
  0.020,301.553,  0.000,  0.850
  0.020,301.497,  0.001,  0.110
  0.020,301.458,  0.001,  0.110
  0.020,301.453,  0.001,  0.110
  0.020,301.473,  0.001,  0.110
  0.020,301.495,  0.000,  0.100
  0.020,301.503,  0.001,  0.100
  0.020,301.502,  0.001,  0.100
  0.020,301.494,  0.001,  0.080
  0.020,301.471,  0.001,  0.080
  0.020,301.429,  0.001,  0.080
  0.020,301.389,  0.001,  0.080
  0.020,301.369,  0.000,  0.080
  0.020,301.379,  0.000,  0.080
  0.020,301.408,  0.002,  0.080
  0.019,301.428,  0.001,  0.360
  0.019,301.414,  0.000,  0.360
  0.020,301.536,  1.891,  3.000
  0.020,301.550,  0.861,  3.000
  0.020,301.582,  0.261,  2.140
  0.020,301.604,  0.201,  2.140
  0.020,301.601,  0.061,  2.140
  0.020,301.583,  0.007,  2.140
  0.020,301.559,  0.015,  0.850
  0.020,301.534,  0.035,  0.850
  0.020,301.519,  0.051,  0.850
  0.020,301.504,  0.051,  0.110
  0.020,301.488,  0.031,  0.110
  0.020,301.474,  0.008,  0.110
  0.020,301.458,  0.002,  0.110
  0.020,301.447,  0.001,  0.100
  0.020,301.453,  0.001,  0.100
  0.020,301.476,  0.001,  0.100
  0.020,301.494,  0.002,  0.080
  0.020,301.486,  0.002,  0.080
  0.020,301.451,  0.002,  0.080
  0.020,301.402,  0.002,  0.080
  0.020,301.370,  0.004,  0.080
  0.020,301.367,  0.107,  0.080
  0.020,301.383,  0.375,  0.080
  0.020,301.396,  0.273,  0.360
  0.020,301.389,  0.024,  0.360
  0.020,301.525,  7.669,  0.440
  0.020,301.510,  7.164,  0.440
  0.020,301.542,  3.694,  0.760
  0.020,301.581,  1.085,  0.760
  0.020,301.595,  0.186,  0.760
  0.020,301.584,  0.045,  0.760
  0.020,301.566,  0.349,  2.290
  0.020,301.549,  1.060,  2.290
  0.020,301.524,  1.235,  2.290
  0.020,301.499,  0.859,  2.920
  0.020,301.490,  0.511,  2.920
  0.020,301.482,  0.237,  2.920
  0.020,301.457,  0.080,  2.920
  0.020,301.427,  0.023,  1.640
  0.020,301.413,  0.034,  1.640
  0.020,301.422,  0.157,  1.640
  0.020,301.440,  0.261,  0.910
  0.020,301.451,  0.158,  0.910
  0.020,301.439,  0.053,  0.910
  0.020,301.406,  0.019,  0.910
  0.020,301.368,  0.066,  0.180
  0.020,301.345,  0.543,  0.180
  0.020,301.338,  1.563,  0.180
  0.020,301.343,  1.281,  0.060
  0.020,301.358,  0.182,  0.060
  0.020,301.527,  8.072,  0.440
  0.020,301.515, 11.401,  0.440
  0.020,301.521, 12.092,  0.760
  0.020,301.535,  8.732,  0.760
  0.020,301.544,  4.068,  0.760
  0.020,301.553,  1.605,  0.760
  0.020,301.576,  1.634,  2.290
  0.020,301.595,  3.674,  2.290
  0.020,301.579,  4.538,  2.290
  0.020,301.536,  3.554,  2.920
  0.020,301.499,  2.564,  2.920
  0.020,301.495,  1.671,  2.920
  0.020,301.486,  0.955,  2.920
  0.020,301.458,  0.514,  1.640
  0.020,301.424,  0.508,  1.640
  0.020,301.395,  1.307,  1.640
  0.020,301.385,  2.348,  0.910
  0.020,301.404,  2.117,  0.910
  0.020,301.439,  1.170,  0.910
  0.020,301.475,  0.905,  0.910
  0.020,301.489,  0.959,  0.180
  0.020,301.459,  0.738,  0.180
  0.020,301.395,  0.512,  0.180
  0.020,301.349,  0.357,  0.060
  0.020,301.363,  0.236,  0.060
