  0.018,299.514,  0.000,  0.000
  0.018,299.533,  0.000,  0.000
  0.018,299.565,  0.000,  0.000
  0.018,299.588,  0.000,  0.000
  0.018,299.598,  0.000,  0.000
  0.018,299.605,  0.000,  0.000
  0.018,299.630,  0.000,  0.000
  0.018,299.664,  0.000,  0.000
  0.018,299.688,  0.000,  0.000
  0.018,299.690,  0.000,  0.000
  0.018,299.686,  0.000,  0.000
  0.018,299.683,  0.000,  0.000
  0.018,299.683,  0.000,  0.000
  0.018,299.684,  0.000,  0.000
  0.018,299.695,  0.000,  0.000
  0.018,299.721,  0.000,  0.000
  0.018,299.753,  0.000,  0.000
  0.018,299.783,  0.000,  0.000
  0.018,299.803,  0.000,  0.000
  0.018,299.810,  0.000,  0.000
  0.018,299.810,  0.000,  0.000
  0.018,299.811,  0.000,  0.000
  0.018,299.815,  0.000,  0.000
  0.019,299.854,  0.000,  0.000
  0.019,299.887,  0.000,  0.000
  0.018,299.542,  0.000,  0.000
  0.018,299.559,  0.000,  0.000
  0.018,299.583,  0.000,  0.000
  0.018,299.607,  0.000,  0.000
  0.018,299.628,  0.000,  0.000
  0.018,299.643,  0.000,  0.000
  0.018,299.657,  0.000,  0.000
  0.018,299.679,  0.000,  0.000
  0.018,299.705,  0.000,  0.000
  0.018,299.721,  0.000,  0.000
  0.018,299.722,  0.000,  0.000
  0.018,299.718,  0.000,  0.000
  0.018,299.718,  0.000,  0.000
  0.018,299.724,  0.000,  0.000
  0.018,299.738,  0.000,  0.000
  0.018,299.760,  0.000,  0.000
  0.018,299.787,  0.000,  0.000
  0.018,299.811,  0.000,  0.000
  0.018,299.829,  0.000,  0.000
  0.018,299.838,  0.000,  0.000
  0.018,299.840,  0.000,  0.000
  0.018,299.848,  0.000,  0.000
  0.018,299.872,  0.000,  0.000
  0.018,299.937,  0.000,  0.000
  0.018,299.989,  0.000,  0.000
  0.018,299.585,  0.000,  0.000
  0.018,299.586,  0.000,  0.000
  0.018,299.604,  0.000,  0.000
  0.018,299.627,  0.000,  0.000
  0.018,299.648,  0.000,  0.000
  0.018,299.672,  0.000,  0.000
  0.018,299.692,  0.000,  0.000
  0.018,299.705,  0.000,  0.000
  0.018,299.724,  0.000,  0.000
  0.018,299.745,  0.000,  0.000
  0.018,299.756,  0.000,  0.000
  0.018,299.757,  0.000,  0.000
  0.018,299.756,  0.000,  0.000
  0.018,299.760,  0.000,  0.000
  0.018,299.773,  0.000,  0.000
  0.018,299.792,  0.000,  0.000
  0.018,299.813,  0.000,  0.000
  0.018,299.835,  0.000,  0.000
  0.018,299.854,  0.000,  0.000
  0.018,299.864,  0.000,  0.000
  0.018,299.875,  0.000,  0.000
  0.018,299.901,  0.000,  0.000
  0.018,299.954,  0.000,  0.000
  0.018,300.031,  0.000,  0.000
  0.018,300.069,  0.000,  0.000
  0.018,299.644,  0.000,  0.000
  0.018,299.628,  0.000,  0.000
  0.018,299.628,  0.000,  0.000
  0.018,299.644,  0.000,  0.000
  0.018,299.664,  0.000,  0.000
  0.018,299.692,  0.000,  0.000
  0.018,299.720,  0.000,  0.000
  0.018,299.738,  0.000,  0.000
  0.018,299.750,  0.000,  0.000
  0.018,299.764,  0.000,  0.000
  0.018,299.779,  0.000,  0.000
  0.018,299.786,  0.000,  0.000
  0.018,299.788,  0.000,  0.000
  0.018,299.791,  0.000,  0.000
  0.018,299.798,  0.000,  0.000
  0.018,299.810,  0.000,  0.000
  0.018,299.829,  0.000,  0.000
  0.018,299.853,  0.000,  0.000
  0.018,299.876,  0.000,  0.000
  0.018,299.892,  0.000,  0.000
  0.018,299.915,  0.000,  0.000
  0.018,299.962,  0.000,  0.000
  0.018,300.027,  0.000,  0.000
  0.018,300.088,  0.000,  0.000
  0.017,300.100,  0.000,  0.000
  0.018,299.687,  0.000,  0.000
  0.018,299.682,  0.000,  0.000
  0.018,299.662,  0.000,  0.000
  0.018,299.662,  0.000,  0.000
  0.018,299.681,  0.000,  0.000
  0.018,299.708,  0.000,  0.000
  0.018,299.738,  0.000,  0.000
  0.018,299.765,  0.000,  0.000
  0.018,299.780,  0.000,  0.000
  0.018,299.790,  0.000,  0.000
  0.018,299.794,  0.000,  0.000
  0.018,299.804,  0.000,  0.000
  0.018,299.811,  0.000,  0.000
  0.018,299.816,  0.000,  0.000
  0.018,299.819,  0.000,  0.000
  0.018,299.823,  0.000,  0.000
  0.018,299.837,  0.000,  0.000
  0.018,299.864,  0.000,  0.000
  0.018,299.896,  0.000,  0.000
  0.018,299.924,  0.000,  0.000
  0.018,299.959,  0.000,  0.000
  0.018,300.009,  0.000,  0.000
  0.018,300.055,  0.000,  0.000
  0.017,300.082,  0.000,  0.000
  0.017,300.075,  0.000,  0.000
  0.018,299.707,  0.000,  0.000
  0.018,299.717,  0.000,  0.000
  0.018,299.699,  0.000,  0.000
  0.018,299.687,  0.000,  0.000
  0.018,299.699,  0.000,  0.000
  0.018,299.723,  0.000,  0.000
  0.018,299.751,  0.000,  0.000
  0.018,299.780,  0.000,  0.000
  0.018,299.806,  0.000,  0.000
  0.018,299.818,  0.000,  0.000
  0.018,299.817,  0.000,  0.000
  0.018,299.819,  0.000,  0.000
  0.018,299.828,  0.000,  0.000
  0.018,299.839,  0.000,  0.000
  0.018,299.845,  0.000,  0.000
  0.018,299.847,  0.000,  0.000
  0.018,299.858,  0.000,  0.000
  0.018,299.886,  0.000,  0.000
  0.018,299.922,  0.000,  0.000
  0.018,299.958,  0.000,  0.000
  0.018,299.992,  0.000,  0.000
  0.018,300.023,  0.000,  0.000
  0.018,300.038,  0.000,  0.000
  0.017,300.037,  0.000,  0.000
  0.017,300.021,  0.000,  0.000
  0.018,299.727,  0.000,  0.000
  0.018,299.746,  0.000,  0.000
  0.018,299.737,  0.000,  0.000
  0.018,299.724,  0.000,  0.000
  0.018,299.727,  0.000,  0.000
  0.018,299.744,  0.000,  0.000
  0.018,299.766,  0.000,  0.000
  0.018,299.789,  0.000,  0.000
  0.018,299.817,  0.000,  0.000
  0.018,299.843,  0.000,  0.000
  0.018,299.847,  0.000,  0.000
  0.018,299.845,  0.000,  0.000
  0.018,299.852,  0.000,  0.000
  0.018,299.865,  0.000,  0.000
  0.018,299.877,  0.000,  0.000
  0.018,299.885,  0.000,  0.000
  0.018,299.899,  0.000,  0.000
  0.018,299.925,  0.000,  0.000
  0.018,299.956,  0.000,  0.000
  0.018,299.984,  0.000,  0.000
  0.018,300.003,  0.000,  0.000
  0.018,300.011,  0.000,  0.000
  0.017,300.004,  0.000,  0.000
  0.017,299.996,  0.000,  0.000
  0.017,299.985,  0.000,  0.000
  0.018,299.773,  0.000,  0.000
  0.018,299.779,  0.000,  0.000
  0.018,299.781,  0.000,  0.000
  0.018,299.769,  0.000,  0.000
  0.018,299.762,  0.000,  0.000
  0.018,299.772,  0.000,  0.000
  0.018,299.788,  0.000,  0.000
  0.018,299.805,  0.000,  0.000
  0.018,299.828,  0.000,  0.000
  0.018,299.857,  0.000,  0.000
  0.018,299.880,  0.000,  0.000
  0.018,299.887,  0.000,  0.000
  0.018,299.895,  0.000,  0.000
  0.018,299.904,  0.000,  0.000
  0.018,299.915,  0.000,  0.000
  0.018,299.928,  0.000,  0.000
  0.018,299.945,  0.000,  0.000
  0.018,299.964,  0.000,  0.000
  0.018,299.983,  0.000,  0.000
  0.018,299.995,  0.000,  0.000
  0.018,299.999,  0.000,  0.000
  0.017,299.995,  0.000,  0.000
  0.017,299.987,  0.000,  0.000
  0.017,299.989,  0.000,  0.000
  0.017,299.990,  0.000,  0.000
  0.017,299.831,  0.000,  0.000
  0.018,299.829,  0.000,  0.000
  0.018,299.829,  0.000,  0.000
  0.018,299.817,  0.000,  0.000
  0.018,299.802,  0.000,  0.000
  0.018,299.802,  0.000,  0.000
  0.018,299.817,  0.000,  0.000
  0.018,299.829,  0.000,  0.000
  0.018,299.845,  0.000,  0.000
  0.018,299.866,  0.000,  0.000
  0.018,299.900,  0.000,  0.000
  0.018,299.930,  0.000,  0.000
  0.018,299.946,  0.000,  0.000
  0.018,299.953,  0.000,  0.000
  0.018,299.958,  0.000,  0.000
  0.018,299.966,  0.000,  0.000
  0.018,299.976,  0.000,  0.000
  0.018,299.986,  0.000,  0.000
  0.018,299.990,  0.000,  0.000
  0.018,299.992,  0.000,  0.000
  0.017,299.997,  0.000,  0.000
  0.017,299.999,  0.000,  0.000
  0.017,299.997,  0.000,  0.000
  0.017,300.002,  0.000,  0.000
  0.017,300.017,  0.000,  0.000
  0.017,299.860,  0.000,  0.000
  0.017,299.878,  0.000,  0.000
  0.017,299.882,  0.000,  0.000
  0.017,299.870,  0.000,  0.000
  0.018,299.856,  0.000,  0.000
  0.018,299.839,  0.000,  0.000
  0.018,299.855,  0.000,  0.000
  0.018,299.859,  0.000,  0.000
  0.018,299.870,  0.000,  0.000
  0.018,299.873,  0.000,  0.000
  0.018,299.899,  0.000,  0.000
  0.018,299.938,  0.000,  0.000
  0.018,299.967,  0.000,  0.000
  0.018,299.981,  0.000,  0.000
  0.018,299.987,  0.000,  0.000
  0.018,299.991,  0.000,  0.000
  0.018,299.994,  0.000,  0.000
  0.017,299.997,  0.000,  0.000
  0.017,299.996,  0.000,  0.000
  0.017,300.001,  0.000,  0.000
  0.017,300.014,  0.000,  0.000
  0.017,300.025,  0.000,  0.000
  0.017,300.023,  0.000,  0.000
  0.017,300.023,  0.000,  0.000
  0.017,300.039,  0.000,  0.000
  0.017,299.874,  0.000,  0.000
  0.017,299.899,  0.000,  0.000
  0.017,299.910,  0.000,  0.000
  0.017,299.918,  0.000,  0.000
  0.017,299.908,  0.000,  0.000
  0.018,299.890,  0.000,  0.000
  0.018,299.896,  0.000,  0.000
  0.018,299.896,  0.000,  0.000
  0.018,299.904,  0.000,  0.000
  0.018,299.898,  0.000,  0.000
  0.018,299.904,  0.000,  0.000
  0.018,299.924,  0.000,  0.000
  0.018,299.948,  0.000,  0.000
  0.018,299.970,  0.000,  0.000
  0.018,299.986,  0.000,  0.000
  0.017,299.998,  0.000,  0.000
  0.017,300.007,  0.000,  0.000
  0.017,300.015,  0.000,  0.000
  0.017,300.021,  0.000,  0.000
  0.017,300.033,  0.000,  0.000
  0.017,300.044,  0.000,  0.000
  0.017,300.056,  0.000,  0.000
  0.017,300.047,  0.000,  0.000
  0.017,300.045,  0.000,  0.000
  0.017,300.068,  0.000,  0.000
  0.017,299.907,  0.000,  0.000
  0.017,299.914,  0.000,  0.000
  0.017,299.913,  0.000,  0.000
  0.017,299.940,  0.000,  0.000
  0.017,299.937,  0.000,  0.000
  0.017,299.945,  0.000,  0.000
  0.017,299.931,  0.000,  0.000
  0.018,299.936,  0.000,  0.000
  0.018,299.946,  0.000,  0.000
  0.018,299.950,  0.000,  0.000
  0.018,299.949,  0.000,  0.000
  0.018,299.949,  0.000,  0.000
  0.018,299.956,  0.000,  0.000
  0.018,299.965,  0.000,  0.000
  0.017,299.979,  0.000,  0.000
  0.017,300.000,  0.000,  0.000
  0.017,300.023,  0.000,  0.000
  0.017,300.041,  0.000,  0.000
  0.017,300.057,  0.000,  0.000
  0.017,300.070,  0.000,  0.000
  0.017,300.076,  0.000,  0.000
  0.017,300.082,  0.000,  0.000
  0.017,300.073,  0.000,  0.000
  0.017,300.077,  0.000,  0.000
  0.017,300.114,  0.000,  0.000
  0.017,299.957,  0.000,  0.000
  0.017,299.945,  0.000,  0.000
  0.017,299.929,  0.000,  0.000
  0.017,299.951,  0.000,  0.000
  0.017,299.955,  0.000,  0.000
  0.017,299.983,  0.000,  0.000
  0.017,299.972,  0.000,  0.000
  0.017,299.974,  0.000,  0.000
  0.017,299.983,  0.000,  0.000
  0.017,300.000,  0.000,  0.000
  0.017,300.010,  0.000,  0.000
  0.017,300.012,  0.000,  0.000
  0.017,300.011,  0.000,  0.000
  0.017,300.006,  0.000,  0.000
  0.017,300.007,  0.000,  0.000
  0.017,300.026,  0.000,  0.000
  0.017,300.051,  0.000,  0.000
  0.017,300.070,  0.000,  0.000
  0.017,300.088,  0.000,  0.000
  0.017,300.100,  0.000,  0.000
  0.017,300.106,  0.000,  0.000
  0.017,300.112,  0.000,  0.000
  0.017,300.110,  0.000,  0.000
  0.017,300.131,  0.000,  0.000
  0.017,300.162,  0.000,  0.000
  0.017,299.999,  0.000,  0.000
  0.017,299.989,  0.000,  0.000
  0.017,299.968,  0.000,  0.000
  0.017,299.974,  0.000,  0.000
  0.017,299.979,  0.000,  0.000
  0.017,300.009,  0.000,  0.000
  0.017,300.013,  0.000,  0.000
  0.017,300.011,  0.000,  0.000
  0.017,300.010,  0.000,  0.000
  0.017,300.026,  0.000,  0.000
  0.017,300.042,  0.000,  0.000
  0.017,300.063,  0.000,  0.000
  0.017,300.076,  0.000,  0.000
  0.017,300.070,  0.000,  0.000
  0.017,300.062,  0.000,  0.000
  0.017,300.068,  0.000,  0.000
  0.017,300.081,  0.000,  0.000
  0.017,300.095,  0.000,  0.000
  0.017,300.111,  0.000,  0.000
  0.017,300.124,  0.000,  0.000
  0.017,300.141,  0.000,  0.000
  0.017,300.155,  0.000,  0.000
  0.017,300.164,  0.000,  0.000
  0.017,300.202,  0.000,  0.000
  0.016,300.218,  0.000,  0.000
  0.017,300.026,  0.000,  0.000
  0.017,300.029,  0.000,  0.000
  0.017,300.018,  0.000,  0.000
  0.017,300.020,  0.000,  0.000
  0.017,300.023,  0.000,  0.000
  0.017,300.042,  0.000,  0.000
  0.017,300.053,  0.000,  0.000
  0.017,300.053,  0.000,  0.000
  0.017,300.045,  0.000,  0.000
  0.017,300.045,  0.000,  0.000
  0.017,300.053,  0.000,  0.000
  0.017,300.084,  0.000,  0.000
  0.017,300.116,  0.000,  0.000
  0.017,300.122,  0.000,  0.000
  0.017,300.109,  0.000,  0.000
  0.017,300.103,  0.000,  0.000
  0.017,300.104,  0.000,  0.000
  0.017,300.117,  0.000,  0.000
  0.017,300.135,  0.000,  0.000
  0.017,300.157,  0.000,  0.000
  0.017,300.186,  0.000,  0.000
  0.017,300.206,  0.000,  0.000
  0.017,300.233,  0.000,  0.000
  0.017,300.252,  0.000,  0.000
  0.016,300.265,  0.000,  0.000
