  0.014,297.833,  0.000,  0.000
  0.014,297.849,  0.000,  0.000
  0.014,297.869,  0.000,  0.000
  0.014,297.874,  0.000,  0.000
  0.014,297.863,  0.000,  0.000
  0.013,297.865,  0.000,  0.000
  0.013,297.872,  0.000,  0.000
  0.014,297.857,  0.000,  0.000
  0.013,297.824,  0.000,  0.000
  0.013,297.793,  0.000,  0.000
  0.013,297.774,  0.000,  0.000
  0.013,297.756,  0.000,  0.000
  0.013,297.728,  0.000,  0.000
  0.014,297.695,  0.000,  0.000
  0.014,297.674,  0.000,  0.000
  0.014,297.666,  0.000,  0.000
  0.014,297.682,  0.000,  0.000
  0.014,297.702,  0.000,  0.000
  0.014,297.718,  0.000,  0.000
  0.014,297.715,  0.000,  0.000
  0.014,297.714,  0.000,  0.000
  0.014,297.734,  0.000,  0.000
  0.014,297.750,  0.000,  0.000
  0.014,297.756,  0.000,  0.000
  0.014,297.746,  0.000,  0.000
  0.014,297.846,  0.000,  0.000
  0.014,297.875,  0.000,  0.000
  0.014,297.899,  0.000,  0.000
  0.014,297.895,  0.000,  0.000
  0.014,297.877,  0.000,  0.000
  0.013,297.869,  0.000,  0.000
  0.013,297.866,  0.000,  0.000
  0.013,297.841,  0.000,  0.000
  0.013,297.796,  0.000,  0.000
  0.013,297.754,  0.000,  0.000
  0.013,297.733,  0.000,  0.000
  0.014,297.733,  0.000,  0.000
  0.014,297.741,  0.000,  0.000
  0.014,297.736,  0.000,  0.000
  0.014,297.704,  0.000,  0.000
  0.014,297.672,  0.000,  0.000
  0.014,297.680,  0.000,  0.000
  0.014,297.721,  0.000,  0.000
  0.014,297.756,  0.000,  0.000
  0.014,297.753,  0.000,  0.000
  0.014,297.727,  0.000,  0.000
  0.014,297.728,  0.000,  0.000
  0.014,297.751,  0.000,  0.000
  0.014,297.770,  0.000,  0.000
  0.014,297.775,  0.000,  0.000
  0.014,297.866,  0.000,  0.000
  0.014,297.885,  0.000,  0.000
  0.014,297.908,  0.000,  0.000
  0.014,297.910,  0.000,  0.000
  0.014,297.899,  0.000,  0.000
  0.014,297.892,  0.000,  0.000
  0.013,297.878,  0.000,  0.000
  0.013,297.839,  0.000,  0.000
  0.013,297.770,  0.000,  0.000
  0.014,297.718,  0.000,  0.000
  0.014,297.705,  0.000,  0.000
  0.014,297.724,  0.000,  0.000
  0.014,297.751,  0.000,  0.000
  0.014,297.762,  0.000,  0.000
  0.014,297.744,  0.000,  0.000
  0.014,297.711,  0.000,  0.000
  0.014,297.700,  0.000,  0.000
  0.014,297.723,  0.000,  0.000
  0.014,297.753,  0.000,  0.000
  0.014,297.763,  0.000,  0.000
  0.014,297.748,  0.000,  0.000
  0.014,297.745,  0.000,  0.000
  0.014,297.768,  0.000,  0.000
  0.014,297.806,  0.000,  0.000
  0.014,297.829,  0.000,  0.000
  0.014,297.880,  0.000,  0.000
  0.013,297.890,  0.000,  0.000
  0.013,297.888,  0.000,  0.000
  0.013,297.862,  0.000,  0.000
  0.014,297.821,  0.000,  0.000
  0.014,297.804,  0.000,  0.000
  0.014,297.820,  0.000,  0.000
  0.014,297.821,  0.000,  0.000
  0.014,297.785,  0.000,  0.000
  0.014,297.747,  0.000,  0.000
  0.014,297.730,  0.000,  0.000
  0.014,297.743,  0.000,  0.000
  0.014,297.757,  0.000,  0.000
  0.014,297.769,  0.000,  0.000
  0.014,297.767,  0.000,  0.000
  0.014,297.754,  0.000,  0.000
  0.013,297.739,  0.000,  0.000
  0.013,297.737,  0.000,  0.000
  0.014,297.751,  0.000,  0.000
  0.014,297.769,  0.000,  0.000
  0.014,297.777,  0.000,  0.000
  0.014,297.786,  0.000,  0.000
  0.014,297.811,  0.000,  0.000
  0.014,297.859,  0.000,  0.000
  0.014,297.887,  0.000,  0.000
  0.014,297.890,  0.000,  0.000
  0.014,297.913,  0.000,  0.000
  0.014,297.866,  0.000,  0.000
  0.014,297.753,  0.000,  0.000
  0.014,297.669,  0.000,  0.000
  0.014,297.670,  0.000,  0.000
  0.014,297.716,  0.000,  0.000
  0.014,297.757,  0.000,  0.000
  0.014,297.781,  0.000,  0.000
  0.014,297.779,  0.000,  0.000
  0.014,297.772,  0.000,  0.000
  0.014,297.770,  0.000,  0.000
  0.014,297.769,  0.000,  0.000
  0.014,297.763,  0.000,  0.000
  0.014,297.769,  0.000,  0.000
  0.014,297.777,  0.000,  0.000
  0.014,297.782,  0.000,  0.000
  0.014,297.785,  0.000,  0.000
  0.014,297.787,  0.000,  0.000
  0.014,297.797,  0.000,  0.000
  0.014,297.815,  0.000,  0.000
  0.014,297.835,  0.000,  0.000
  0.014,297.849,  0.000,  0.000
  0.014,297.873,  0.000,  0.000
  0.014,297.890,  0.000,  0.000
  0.014,297.886,  0.000,  0.000
  0.014,297.883,  0.000,  0.000
  0.014,297.799,  0.000,  0.000
  0.014,297.672,  0.000,  0.000
  0.014,297.606,  0.000,  0.000
  0.014,297.624,  0.000,  0.000
  0.014,297.673,  0.000,  0.000
  0.014,297.709,  0.000,  0.000
  0.014,297.723,  0.000,  0.000
  0.014,297.728,  0.000,  0.000
  0.014,297.754,  0.000,  0.000
  0.014,297.788,  0.000,  0.000
  0.014,297.796,  0.000,  0.000
  0.014,297.778,  0.000,  0.000
  0.014,297.770,  0.000,  0.000
  0.014,297.785,  0.000,  0.000
  0.014,297.808,  0.000,  0.000
  0.014,297.824,  0.000,  0.000
  0.014,297.832,  0.000,  0.000
  0.014,297.840,  0.000,  0.000
  0.014,297.848,  0.000,  0.000
  0.014,297.849,  0.000,  0.000
  0.014,297.851,  0.000,  0.000
  0.014,297.861,  0.000,  0.000
  0.014,297.863,  0.000,  0.000
  0.014,297.836,  0.000,  0.000
  0.015,297.777,  0.000,  0.000
  0.015,297.700,  0.000,  0.000
  0.014,297.646,  0.000,  0.000
  0.014,297.637,  0.000,  0.000
  0.014,297.665,  0.000,  0.000
  0.014,297.700,  0.000,  0.000
  0.014,297.696,  0.000,  0.000
  0.014,297.670,  0.000,  0.000
  0.014,297.655,  0.000,  0.000
  0.014,297.705,  0.000,  0.000
  0.014,297.796,  0.000,  0.000
  0.014,297.843,  0.000,  0.000
  0.014,297.825,  0.000,  0.000
  0.014,297.792,  0.000,  0.000
  0.014,297.783,  0.000,  0.000
  0.014,297.796,  0.000,  0.000
  0.014,297.818,  0.000,  0.000
  0.014,297.851,  0.000,  0.000
  0.014,297.883,  0.000,  0.000
  0.014,297.894,  0.000,  0.000
  0.014,297.885,  0.000,  0.000
  0.014,297.884,  0.000,  0.000
  0.014,297.898,  0.000,  0.000
  0.014,297.925,  0.000,  0.000
  0.015,297.759,  0.000,  0.000
  0.014,297.685,  0.000,  0.000
  0.014,297.650,  0.000,  0.000
  0.014,297.663,  0.000,  0.000
  0.014,297.693,  0.000,  0.000
  0.014,297.724,  0.000,  0.000
  0.014,297.744,  0.000,  0.000
  0.015,297.734,  0.000,  0.000
  0.015,297.702,  0.000,  0.000
  0.015,297.690,  0.000,  0.000
  0.014,297.734,  0.000,  0.000
  0.014,297.821,  0.000,  0.000
  0.014,297.870,  0.000,  0.000
  0.014,297.845,  0.000,  0.000
  0.014,297.795,  0.000,  0.000
  0.014,297.770,  0.000,  0.000
  0.014,297.789,  0.000,  0.000
  0.014,297.836,  0.000,  0.000
  0.014,297.907,  0.000,  0.000
  0.014,297.976,  0.000,  0.000
  0.014,298.005,  0.000,  0.000
  0.014,297.994,  0.000,  0.000
  0.014,297.990,  0.000,  0.000
  0.014,298.028,  0.000,  0.000
  0.014,298.082,  0.000,  0.000
  0.015,297.711,  0.000,  0.000
  0.014,297.669,  0.000,  0.000
  0.014,297.676,  0.000,  0.000
  0.014,297.724,  0.000,  0.000
  0.014,297.758,  0.000,  0.000
  0.014,297.784,  0.000,  0.000
  0.014,297.812,  0.000,  0.000
  0.014,297.826,  0.000,  0.000
  0.014,297.814,  0.000,  0.000
  0.014,297.803,  0.000,  0.000
  0.014,297.819,  0.000,  0.000
  0.014,297.856,  0.001,  0.000
  0.014,297.872,  0.002,  0.000
  0.014,297.844,  0.005,  0.000
  0.014,297.807,  0.006,  0.000
  0.014,297.814,  0.004,  0.000
  0.014,297.872,  0.002,  0.000
  0.014,297.964,  0.001,  0.000
  0.014,298.046,  0.000,  0.000
  0.014,298.095,  0.000,  0.000
  0.014,298.122,  0.000,  0.000
  0.014,298.113,  0.000,  0.000
  0.014,298.104,  0.000,  0.000
  0.014,298.125,  0.000,  0.000
  0.014,298.143,  0.000,  0.000
  0.015,297.730,  0.000,  0.000
  0.014,297.739,  0.000,  0.000
  0.014,297.766,  0.000,  0.000
  0.014,297.800,  0.000,  0.000
  0.014,297.829,  0.000,  0.000
  0.014,297.862,  0.000,  0.000
  0.014,297.902,  0.000,  0.000
  0.014,297.937,  0.000,  0.000
  0.014,297.941,  0.000,  0.000
  0.014,297.918,  0.000,  0.000
  0.014,297.896,  0.000,  0.000
  0.014,297.885,  0.000,  0.000
  0.014,297.887,  0.002,  0.000
  0.015,297.901,  0.007,  0.000
  0.015,297.927,  0.014,  0.000
  0.014,297.956,  0.018,  0.000
  0.014,298.028,  0.016,  0.000
  0.014,298.094,  0.010,  0.000
  0.014,298.137,  0.005,  0.000
  0.014,298.147,  0.001,  0.000
  0.014,298.156,  0.000,  0.000
  0.014,298.145,  0.000,  0.000
  0.014,298.116,  0.000,  0.000
  0.014,298.095,  0.000,  0.000
  0.014,298.082,  0.000,  0.000
  0.015,297.778,  0.000,  0.000
  0.015,297.828,  0.000,  0.000
  0.014,297.837,  0.000,  0.000
  0.014,297.845,  0.000,  0.000
  0.014,297.899,  0.000,  0.000
  0.014,297.960,  0.000,  0.000
  0.014,297.992,  0.000,  0.000
  0.014,298.009,  0.000,  0.000
  0.014,298.011,  0.000,  0.000
  0.014,298.001,  0.000,  0.000
  0.014,297.981,  0.000,  0.000
  0.014,297.947,  0.000,  0.000
  0.014,297.965,  0.001,  0.000
  0.015,298.023,  0.003,  0.000
  0.015,298.082,  0.007,  0.000
  0.014,298.084,  0.018,  0.000
  0.014,298.081,  0.027,  0.000
  0.014,298.106,  0.031,  0.000
  0.014,298.120,  0.032,  0.000
  0.014,298.102,  0.028,  0.000
  0.014,298.092,  0.016,  0.000
  0.014,298.082,  0.004,  0.000
  0.015,298.051,  0.001,  0.000
  0.014,298.022,  0.000,  0.000
  0.014,298.016,  0.000,  0.000
  0.015,297.829,  0.000,  0.000
  0.014,297.893,  0.000,  0.000
  0.014,297.868,  0.000,  0.000
  0.014,297.854,  0.000,  0.000
  0.014,297.932,  0.000,  0.000
  0.014,298.020,  0.000,  0.000
  0.014,298.055,  0.000,  0.000
  0.014,298.037,  0.000,  0.000
  0.014,298.010,  0.000,  0.000
  0.014,298.008,  0.000,  0.000
  0.015,298.025,  0.000,  0.000
  0.015,298.038,  0.000,  0.000
  0.015,298.034,  0.000,  0.000
  0.015,298.089,  0.000,  0.000
  0.015,298.122,  0.000,  0.000
  0.014,298.080,  0.000,  0.000
  0.014,298.017,  0.005,  0.000
  0.014,298.025,  0.018,  0.000
  0.014,298.052,  0.041,  0.000
  0.015,298.035,  0.066,  0.000
  0.014,298.010,  0.064,  0.000
  0.014,298.006,  0.030,  0.000
  0.014,298.003,  0.004,  0.000
  0.014,297.988,  0.001,  0.000
  0.014,297.982,  0.000,  0.000
  0.015,297.901,  0.000,  0.000
  0.014,297.943,  0.000,  0.000
  0.014,297.908,  0.000,  0.000
  0.014,297.890,  0.000,  0.000
  0.014,297.931,  0.000,  0.000
  0.014,297.985,  0.000,  0.000
  0.014,298.026,  0.000,  0.000
  0.015,298.035,  0.000,  0.000
  0.015,297.984,  0.000,  0.000
  0.015,297.963,  0.000,  0.000
  0.015,298.006,  0.000,  0.000
  0.015,298.045,  0.000,  0.000
  0.015,298.033,  0.000,  0.000
  0.014,298.034,  0.000,  0.000
  0.015,298.057,  0.000,  0.000
  0.014,298.030,  0.000,  0.000
  0.014,297.958,  0.000,  0.000
  0.014,297.929,  0.000,  0.000
  0.014,297.965,  0.003,  0.000
  0.015,297.981,  0.018,  0.000
  0.015,297.968,  0.046,  0.000
  0.014,297.969,  0.039,  0.000
  0.014,297.976,  0.007,  0.000
  0.014,297.966,  0.000,  0.000
  0.014,297.961,  0.000,  0.000
  0.015,297.950,  0.000,  0.000
  0.014,297.965,  0.000,  0.000
  0.014,297.964,  0.000,  0.000
  0.014,297.955,  0.000,  0.000
  0.014,297.935,  0.000,  0.000
  0.014,297.916,  0.000,  0.000
  0.015,297.932,  0.000,  0.000
  0.015,297.979,  0.000,  0.000
  0.015,297.992,  0.000,  0.000
  0.014,297.962,  0.000,  0.000
  0.014,297.993,  0.000,  0.000
  0.015,298.023,  0.000,  0.000
  0.014,297.993,  0.000,  0.000
  0.014,297.949,  0.000,  0.000
  0.014,297.961,  0.000,  0.000
  0.015,297.982,  0.000,  0.000
  0.014,297.953,  0.000,  0.000
  0.014,297.913,  0.000,  0.000
  0.014,297.918,  0.000,  0.000
  0.014,297.939,  0.000,  0.000
  0.014,297.940,  0.000,  0.000
  0.014,297.940,  0.000,  0.000
  0.014,297.948,  0.000,  0.000
  0.014,297.952,  0.001,  0.000
  0.014,297.959,  0.006,  0.000
  0.014,297.915,  0.000,  0.000
  0.014,297.921,  0.000,  0.000
  0.015,297.955,  0.000,  0.000
  0.015,297.965,  0.000,  0.000
  0.015,297.940,  0.000,  0.000
  0.015,297.899,  0.000,  0.000
  0.015,297.909,  0.000,  0.000
  0.014,297.970,  0.000,  0.000
  0.014,298.014,  0.000,  0.000
  0.014,298.007,  0.000,  0.000
  0.014,298.007,  0.000,  0.000
  0.014,298.015,  0.000,  0.000
  0.014,297.987,  0.000,  0.000
  0.014,297.929,  0.000,  0.000
  0.014,297.908,  0.000,  0.000
  0.014,297.935,  0.000,  0.000
  0.015,297.951,  0.000,  0.000
  0.015,297.935,  0.000,  0.000
  0.014,297.914,  0.000,  0.000
  0.014,297.900,  0.000,  0.000
  0.014,297.901,  0.000,  0.000
  0.014,297.917,  0.000,  0.000
  0.014,297.950,  0.000,  0.000
  0.015,297.981,  0.002,  0.000
  0.015,298.003,  0.014,  0.000
