  0.021,302.207,  0.050,  0.000
  0.021,302.236,  0.030,  0.000
  0.021,302.256,  0.012,  0.000
  0.021,302.220,  0.003,  0.000
  0.021,302.266,  0.001,  0.000
  0.021,302.225,  0.000,  0.000
  0.021,302.221,  0.000,  0.000
  0.021,302.254,  0.000,  0.000
  0.021,302.201,  0.000,  0.000
  0.021,302.133,  0.000,  0.000
  0.021,302.196,  0.000,  0.000
  0.021,302.177,  0.001,  0.000
  0.021,302.139,  0.003,  0.000
  0.021,302.185,  0.109,  0.000
  0.021,302.158,  0.641,  0.000
  0.021,302.162,  0.609,  0.000
  0.021,302.190,  0.097,  0.000
  0.021,302.152,  0.003,  0.000
  0.021,302.109,  0.000,  0.000
  0.021,302.176,  0.000,  0.000
  0.021,302.154,  0.000,  0.000
  0.021,302.079,  0.000,  0.000
  0.021,302.103,  0.000,  0.000
  0.021,302.112,  0.000,  0.000
  0.021,302.103,  0.000,  0.000
  0.021,302.218,  0.050,  0.070
  0.021,302.216,  0.045,  0.070
  0.021,302.268,  0.031,  0.080
  0.021,302.237,  0.015,  0.080
  0.021,302.262,  0.003,  0.080
  0.021,302.219,  0.001,  0.080
  0.021,302.216,  0.001,  0.000
  0.021,302.196,  0.000,  0.000
  0.021,302.144,  0.000,  0.000
  0.021,302.160,  0.000,  0.000
  0.021,302.178,  0.000,  0.000
  0.021,302.166,  0.000,  0.000
  0.021,302.137,  0.002,  0.000
  0.021,302.193,  0.037,  0.000
  0.021,302.164,  0.482,  0.000
  0.021,302.174,  1.026,  0.000
  0.021,302.172,  0.249,  0.000
  0.021,302.124,  0.009,  0.000
  0.021,302.169,  0.000,  0.000
  0.021,302.158,  0.000,  0.000
  0.021,302.102,  0.000,  0.000
  0.021,302.074,  0.000,  0.000
  0.021,302.079,  0.000,  0.000
  0.021,302.088,  0.000,  0.000
  0.021,302.065,  0.000,  0.000
  0.021,302.195,  0.030,  0.070
  0.021,302.221,  0.036,  0.070
  0.020,302.313,  0.035,  0.080
  0.021,302.244,  0.027,  0.080
  0.021,302.259,  0.013,  0.080
  0.021,302.254,  0.005,  0.080
  0.021,302.203,  0.001,  0.000
  0.021,302.111,  0.001,  0.000
  0.021,302.111,  0.000,  0.000
  0.021,302.166,  0.000,  0.000
  0.021,302.154,  0.000,  0.000
  0.021,302.151,  0.000,  0.000
  0.021,302.147,  0.002,  0.000
  0.021,302.174,  0.011,  0.000
  0.021,302.151,  0.228,  0.000
  0.021,302.179,  0.932,  0.000
  0.021,302.165,  0.400,  0.000
  0.021,302.149,  0.031,  0.000
  0.021,302.170,  0.000,  0.000
  0.021,302.101,  0.000,  0.000
  0.021,302.063,  0.001,  0.000
  0.021,302.062,  0.000,  0.000
  0.021,302.048,  0.000,  0.000
  0.021,302.068,  0.000,  0.000
  0.021,302.057,  0.000,  0.000
  0.021,302.187,  0.015,  0.070
  0.020,302.244,  0.020,  0.070
  0.020,302.310,  0.024,  0.080
  0.021,302.243,  0.025,  0.080
  0.021,302.284,  0.019,  0.080
  0.021,302.288,  0.011,  0.080
  0.021,302.175,  0.006,  0.000
  0.021,302.103,  0.003,  0.000
  0.021,302.115,  0.001,  0.000
  0.021,302.141,  0.001,  0.000
  0.021,302.136,  0.000,  0.000
  0.021,302.144,  0.000,  0.000
  0.021,302.150,  0.001,  0.000
  0.021,302.133,  0.003,  0.000
  0.021,302.139,  0.082,  0.000
  0.021,302.178,  0.517,  0.000
  0.021,302.161,  0.402,  0.000
  0.021,302.166,  0.058,  0.000
  0.021,302.131,  0.001,  0.000
  0.021,302.071,  0.000,  0.000
  0.021,302.081,  0.000,  0.000
  0.021,302.030,  0.000,  0.000
  0.021,302.030,  0.000,  0.000
  0.021,302.072,  0.000,  0.000
  0.021,302.065,  0.000,  0.000
  0.020,302.212,  0.006,  0.070
  0.020,302.247,  0.009,  0.070
  0.021,302.276,  0.011,  0.080
  0.020,302.255,  0.015,  0.080
  0.021,302.302,  0.017,  0.080
  0.021,302.273,  0.013,  0.080
  0.021,302.174,  0.010,  0.000
  0.021,302.150,  0.005,  0.000
  0.021,302.129,  0.003,  0.000
  0.021,302.114,  0.003,  0.000
  0.021,302.137,  0.001,  0.000
  0.021,302.126,  0.001,  0.000
  0.021,302.114,  0.000,  0.000
  0.021,302.104,  0.002,  0.000
  0.021,302.145,  0.021,  0.000
  0.021,302.156,  0.200,  0.000
  0.021,302.144,  0.283,  0.000
  0.021,302.164,  0.068,  0.000
  0.021,302.092,  0.003,  0.000
  0.021,302.110,  0.000,  0.000
  0.021,302.092,  0.000,  0.000
  0.021,302.002,  0.000,  0.000
  0.021,302.027,  0.000,  0.000
  0.021,302.058,  0.000,  0.000
  0.021,302.051,  0.000,  0.000
  0.020,302.220,  0.003,  0.030
  0.020,302.245,  0.003,  0.030
  0.020,302.301,  0.005,  0.030
  0.021,302.288,  0.007,  0.030
  0.021,302.271,  0.010,  0.030
  0.021,302.236,  0.010,  0.030
  0.021,302.196,  0.011,  0.050
  0.021,302.168,  0.008,  0.050
  0.021,302.119,  0.006,  0.050
  0.021,302.120,  0.004,  0.050
  0.021,302.129,  0.003,  0.050
  0.021,302.087,  0.002,  0.050
  0.021,302.078,  0.001,  0.050
  0.021,302.108,  0.001,  0.070
  0.021,302.139,  0.008,  0.070
  0.021,302.115,  0.086,  0.070
  0.021,302.119,  0.181,  0.070
  0.021,302.142,  0.067,  0.070
  0.021,302.102,  0.005,  0.070
  0.021,302.131,  0.000,  0.070
  0.021,302.064,  0.000,  0.100
  0.021,302.001,  0.000,  0.100
  0.021,302.008,  0.000,  0.100
  0.021,302.015,  0.000,  0.000
  0.021,302.018,  0.000,  0.000
  0.021,302.183,  0.008,  0.030
  0.020,302.267,  0.004,  0.030
  0.020,302.355,  0.003,  0.030
  0.021,302.287,  0.005,  0.030
  0.021,302.224,  0.005,  0.030
  0.021,302.227,  0.007,  0.030
  0.021,302.184,  0.007,  0.050
  0.021,302.139,  0.008,  0.050
  0.021,302.123,  0.008,  0.050
  0.021,302.133,  0.007,  0.050
  0.021,302.094,  0.005,  0.050
  0.021,302.049,  0.005,  0.050
  0.021,302.064,  0.002,  0.050
  0.021,302.109,  0.002,  0.070
  0.021,302.127,  0.007,  0.070
  0.021,302.092,  0.113,  0.070
  0.021,302.104,  0.144,  0.070
  0.021,302.123,  0.065,  0.070
  0.021,302.124,  0.008,  0.070
  0.021,302.103,  0.000,  0.070
  0.021,302.017,  0.000,  0.100
  0.021,302.010,  0.000,  0.100
  0.021,301.968,  0.000,  0.100
  0.021,301.976,  0.000,  0.000
  0.021,302.004,  0.000,  0.000
  0.021,302.188,  0.015,  0.030
  0.020,302.267,  0.012,  0.030
  0.020,302.333,  0.008,  0.030
  0.021,302.252,  0.005,  0.030
  0.021,302.235,  0.004,  0.030
  0.021,302.240,  0.004,  0.030
  0.021,302.170,  0.005,  0.050
  0.021,302.144,  0.006,  0.050
  0.021,302.143,  0.006,  0.050
  0.021,302.112,  0.007,  0.050
  0.021,302.068,  0.007,  0.050
  0.021,302.042,  0.007,  0.050
  0.021,302.061,  0.005,  0.050
  0.021,302.104,  0.004,  0.070
  0.021,302.127,  0.005,  0.070
  0.021,302.092,  0.110,  0.070
  0.021,302.087,  0.126,  0.070
  0.021,302.102,  0.059,  0.070
  0.021,302.126,  0.010,  0.070
  0.021,302.049,  0.000,  0.070
  0.021,302.037,  0.000,  0.100
  0.021,302.017,  0.000,  0.100
  0.021,301.935,  0.000,  0.100
  0.021,301.968,  0.000,  0.000
  0.021,302.008,  0.000,  0.000
  0.020,302.206,  0.015,  0.030
  0.021,302.224,  0.015,  0.030
  0.021,302.232,  0.012,  0.030
  0.021,302.238,  0.009,  0.030
  0.020,302.279,  0.005,  0.030
  0.021,302.237,  0.003,  0.030
  0.021,302.186,  0.003,  0.050
  0.021,302.187,  0.004,  0.050
  0.021,302.145,  0.004,  0.050
  0.021,302.090,  0.005,  0.050
  0.021,302.072,  0.007,  0.050
  0.021,302.056,  0.006,  0.050
  0.021,302.052,  0.006,  0.050
  0.021,302.095,  0.005,  0.070
  0.021,302.124,  0.003,  0.070
  0.021,302.090,  0.062,  0.070
  0.021,302.066,  0.105,  0.070
  0.021,302.089,  0.052,  0.070
  0.021,302.101,  0.011,  0.070
  0.021,302.032,  0.001,  0.070
  0.021,302.054,  0.000,  0.100
  0.021,301.995,  0.000,  0.100
  0.021,301.935,  0.000,  0.100
  0.021,301.964,  0.000,  0.000
  0.021,301.986,  0.000,  0.000
  0.020,302.195,  0.008,  0.030
  0.021,302.179,  0.011,  0.030
  0.021,302.211,  0.013,  0.030
  0.021,302.242,  0.010,  0.030
  0.021,302.271,  0.006,  0.030
  0.021,302.210,  0.003,  0.030
  0.021,302.206,  0.003,  0.020
  0.021,302.216,  0.002,  0.020
  0.021,302.121,  0.002,  0.020
  0.021,302.086,  0.004,  0.070
  0.021,302.099,  0.005,  0.070
  0.021,302.059,  0.005,  0.070
  0.021,302.047,  0.006,  0.070
  0.021,302.078,  0.006,  0.160
  0.021,302.104,  0.003,  0.160
  0.021,302.092,  0.024,  0.160
  0.021,302.057,  0.084,  0.040
  0.021,302.083,  0.048,  0.040
  0.021,302.087,  0.011,  0.040
  0.021,302.045,  0.001,  0.040
  0.021,302.030,  0.000,  0.110
  0.021,301.971,  0.000,  0.110
  0.021,301.940,  0.000,  0.110
  0.021,301.931,  0.000,  0.000
  0.021,301.947,  0.000,  0.000
  0.021,302.157,  0.003,  0.030
  0.021,302.185,  0.006,  0.030
  0.020,302.257,  0.008,  0.030
  0.021,302.223,  0.008,  0.030
  0.021,302.208,  0.006,  0.030
  0.021,302.196,  0.004,  0.030
  0.021,302.229,  0.002,  0.020
  0.021,302.205,  0.002,  0.020
  0.021,302.130,  0.002,  0.020
  0.021,302.124,  0.002,  0.070
  0.021,302.113,  0.003,  0.070
  0.021,302.054,  0.003,  0.070
  0.021,302.060,  0.005,  0.070
  0.021,302.057,  0.004,  0.160
  0.021,302.085,  0.004,  0.160
  0.021,302.102,  0.007,  0.160
  0.021,302.063,  0.060,  0.040
  0.021,302.081,  0.046,  0.040
  0.021,302.102,  0.012,  0.040
  0.021,302.074,  0.002,  0.040
  0.021,301.999,  0.000,  0.110
  0.021,301.970,  0.000,  0.110
  0.021,301.928,  0.000,  0.110
  0.021,301.898,  0.000,  0.000
  0.021,301.914,  0.000,  0.000
  0.021,302.148,  0.000,  0.030
  0.020,302.195,  0.002,  0.030
  0.020,302.239,  0.004,  0.030
  0.021,302.172,  0.005,  0.030
  0.021,302.178,  0.004,  0.030
  0.021,302.202,  0.003,  0.030
  0.021,302.211,  0.002,  0.020
  0.021,302.168,  0.001,  0.020
  0.021,302.154,  0.001,  0.020
  0.021,302.146,  0.001,  0.070
  0.021,302.096,  0.002,  0.070
  0.021,302.055,  0.002,  0.070
  0.021,302.064,  0.003,  0.070
  0.021,302.044,  0.003,  0.160
  0.021,302.076,  0.004,  0.160
  0.021,302.089,  0.003,  0.160
  0.021,302.074,  0.034,  0.040
  0.021,302.078,  0.044,  0.040
  0.021,302.097,  0.015,  0.040
  0.021,302.088,  0.002,  0.040
  0.021,302.031,  0.000,  0.110
  0.021,301.982,  0.000,  0.110
  0.021,301.908,  0.000,  0.110
  0.021,301.881,  0.000,  0.000
  0.021,301.896,  0.000,  0.000
  0.021,302.148,  0.000,  0.030
  0.021,302.157,  0.000,  0.030
  0.021,302.163,  0.001,  0.030
  0.021,302.156,  0.002,  0.030
  0.021,302.220,  0.002,  0.030
  0.021,302.205,  0.002,  0.030
  0.021,302.158,  0.002,  0.020
  0.021,302.142,  0.001,  0.020
  0.021,302.157,  0.001,  0.020
  0.021,302.122,  0.001,  0.070
  0.021,302.080,  0.000,  0.070
  0.021,302.066,  0.002,  0.070
  0.021,302.067,  0.001,  0.070
  0.021,302.057,  0.002,  0.160
  0.021,302.070,  0.003,  0.160
  0.021,302.052,  0.002,  0.160
  0.021,302.086,  0.014,  0.040
  0.021,302.076,  0.036,  0.040
  0.021,302.064,  0.025,  0.040
  0.021,302.080,  0.012,  0.040
  0.021,302.037,  0.003,  0.110
  0.021,301.974,  0.000,  0.110
  0.021,301.905,  0.000,  0.110
  0.021,301.873,  0.000,  0.000
  0.021,301.881,  0.000,  0.000
  0.021,302.123,  0.000,  0.000
  0.021,302.099,  0.000,  0.000
  0.021,302.119,  0.000,  0.000
  0.020,302.188,  0.000,  0.000
  0.020,302.235,  0.001,  0.000
  0.021,302.155,  0.001,  0.000
  0.021,302.110,  0.001,  0.000
  0.021,302.135,  0.001,  0.000
  0.021,302.131,  0.001,  0.000
  0.021,302.078,  0.000,  0.000
  0.021,302.083,  0.001,  0.000
  0.021,302.070,  0.001,  0.000
  0.021,302.057,  0.001,  0.000
  0.021,302.061,  0.002,  0.000
  0.021,302.041,  0.002,  0.000
  0.021,302.030,  0.002,  0.000
  0.021,302.086,  0.004,  0.040
  0.021,302.071,  0.025,  0.040
  0.021,302.032,  0.033,  0.040
  0.021,302.071,  0.031,  0.040
  0.021,302.034,  0.010,  0.040
  0.021,301.958,  0.001,  0.040
  0.021,301.915,  0.000,  0.040
  0.021,301.857,  0.000,  0.000
  0.021,301.861,  0.000,  0.000
  0.021,302.094,  0.000,  0.000
  0.021,302.110,  0.000,  0.000
  0.021,302.143,  0.000,  0.000
  0.021,302.168,  0.000,  0.000
  0.021,302.174,  0.000,  0.000
  0.021,302.105,  0.001,  0.000
  0.021,302.117,  0.000,  0.000
  0.021,302.130,  0.000,  0.000
  0.021,302.092,  0.000,  0.000
  0.021,302.076,  0.000,  0.000
  0.021,302.095,  0.000,  0.000
  0.021,302.047,  0.000,  0.000
  0.021,302.035,  0.001,  0.000
  0.021,302.033,  0.001,  0.000
  0.021,302.008,  0.001,  0.000
  0.021,302.034,  0.001,  0.000
  0.021,302.056,  0.002,  0.040
  0.021,302.050,  0.014,  0.040
  0.021,302.027,  0.026,  0.040
  0.021,302.050,  0.040,  0.040
  0.021,301.999,  0.018,  0.040
  0.021,301.960,  0.002,  0.040
  0.021,301.924,  0.000,  0.040
  0.021,301.845,  0.000,  0.000
  0.021,301.834,  0.000,  0.000
