  0.017,299.229,  0.000,  0.000
  0.017,299.244,  0.000,  0.000
  0.017,299.240,  0.000,  0.000
  0.017,299.235,  0.000,  0.000
  0.017,299.239,  0.000,  0.000
  0.017,299.235,  0.000,  0.000
  0.017,299.227,  0.000,  0.000
  0.017,299.220,  0.000,  0.000
  0.017,299.216,  0.000,  0.000
  0.017,299.213,  0.000,  0.000
  0.017,299.208,  0.000,  0.000
  0.017,299.203,  0.000,  0.000
  0.017,299.199,  0.000,  0.000
  0.017,299.196,  0.000,  0.000
  0.017,299.195,  0.000,  0.000
  0.017,299.193,  0.000,  0.000
  0.017,299.189,  0.000,  0.000
  0.017,299.177,  0.000,  0.000
  0.017,299.157,  0.000,  0.000
  0.017,299.130,  0.000,  0.000
  0.017,299.106,  0.000,  0.000
  0.017,299.092,  0.000,  0.000
  0.017,299.083,  0.000,  0.000
  0.017,299.058,  0.000,  0.000
  0.018,298.970,  0.000,  0.000
  0.017,299.271,  0.000,  0.000
  0.017,299.285,  0.000,  0.000
  0.017,299.284,  0.000,  0.000
  0.017,299.276,  0.000,  0.000
  0.017,299.278,  0.000,  0.000
  0.017,299.282,  0.000,  0.000
  0.017,299.278,  0.000,  0.000
  0.017,299.271,  0.000,  0.000
  0.017,299.267,  0.000,  0.000
  0.017,299.267,  0.000,  0.000
  0.017,299.270,  0.000,  0.000
  0.017,299.270,  0.000,  0.000
  0.017,299.267,  0.000,  0.000
  0.017,299.262,  0.000,  0.000
  0.017,299.257,  0.000,  0.000
  0.017,299.253,  0.000,  0.000
  0.017,299.248,  0.000,  0.000
  0.017,299.239,  0.000,  0.000
  0.017,299.223,  0.000,  0.000
  0.017,299.202,  0.000,  0.000
  0.017,299.182,  0.000,  0.000
  0.017,299.166,  0.000,  0.000
  0.017,299.137,  0.000,  0.000
  0.018,299.089,  0.000,  0.000
  0.018,299.012,  0.000,  0.000
  0.017,299.309,  0.000,  0.000
  0.017,299.321,  0.000,  0.000
  0.017,299.321,  0.000,  0.000
  0.017,299.313,  0.000,  0.000
  0.017,299.314,  0.000,  0.000
  0.017,299.321,  0.000,  0.000
  0.017,299.324,  0.000,  0.000
  0.017,299.320,  0.000,  0.000
  0.017,299.315,  0.000,  0.000
  0.017,299.313,  0.000,  0.000
  0.017,299.317,  0.000,  0.000
  0.017,299.324,  0.000,  0.000
  0.017,299.327,  0.000,  0.000
  0.017,299.325,  0.000,  0.000
  0.017,299.320,  0.000,  0.000
  0.017,299.315,  0.000,  0.000
  0.017,299.310,  0.000,  0.000
  0.017,299.305,  0.000,  0.000
  0.017,299.295,  0.000,  0.000
  0.017,299.281,  0.000,  0.000
  0.017,299.267,  0.000,  0.000
  0.017,299.256,  0.000,  0.000
  0.017,299.234,  0.000,  0.000
  0.018,299.207,  0.000,  0.000
  0.017,299.153,  0.000,  0.000
  0.017,299.329,  0.000,  0.000
  0.017,299.343,  0.000,  0.000
  0.017,299.348,  0.000,  0.000
  0.017,299.346,  0.000,  0.000
  0.017,299.345,  0.000,  0.000
  0.017,299.350,  0.000,  0.000
  0.017,299.358,  0.000,  0.000
  0.017,299.362,  0.000,  0.000
  0.017,299.361,  0.000,  0.000
  0.017,299.357,  0.000,  0.000
  0.017,299.357,  0.000,  0.000
  0.017,299.364,  0.000,  0.000
  0.017,299.374,  0.000,  0.000
  0.017,299.378,  0.000,  0.000
  0.017,299.377,  0.000,  0.000
  0.017,299.373,  0.000,  0.000
  0.017,299.370,  0.000,  0.000
  0.017,299.369,  0.000,  0.000
  0.017,299.367,  0.000,  0.000
  0.017,299.362,  0.000,  0.000
  0.017,299.355,  0.000,  0.000
  0.017,299.345,  0.000,  0.000
  0.017,299.332,  0.000,  0.000
  0.017,299.326,  0.000,  0.000
  0.017,299.281,  0.000,  0.000
  0.017,299.332,  0.000,  0.000
  0.017,299.351,  0.000,  0.000
  0.017,299.364,  0.000,  0.000
  0.017,299.371,  0.000,  0.000
  0.017,299.372,  0.000,  0.000
  0.017,299.373,  0.000,  0.000
  0.017,299.380,  0.000,  0.000
  0.017,299.389,  0.000,  0.000
  0.017,299.395,  0.000,  0.000
  0.017,299.396,  0.000,  0.000
  0.017,299.395,  0.000,  0.000
  0.017,299.398,  0.000,  0.000
  0.017,299.408,  0.000,  0.000
  0.017,299.418,  0.000,  0.000
  0.017,299.423,  0.000,  0.000
  0.017,299.423,  0.000,  0.000
  0.017,299.421,  0.000,  0.000
  0.017,299.421,  0.000,  0.000
  0.017,299.424,  0.000,  0.000
  0.017,299.430,  0.000,  0.000
  0.017,299.435,  0.000,  0.000
  0.017,299.433,  0.000,  0.000
  0.017,299.424,  0.000,  0.000
  0.017,299.416,  0.000,  0.000
  0.017,299.357,  0.000,  0.000
  0.017,299.328,  0.000,  0.000
  0.017,299.350,  0.000,  0.000
  0.017,299.367,  0.000,  0.000
  0.017,299.381,  0.000,  0.000
  0.017,299.390,  0.000,  0.000
  0.017,299.394,  0.000,  0.000
  0.017,299.396,  0.000,  0.000
  0.017,299.402,  0.000,  0.000
  0.017,299.413,  0.000,  0.000
  0.017,299.421,  0.000,  0.000
  0.017,299.426,  0.000,  0.000
  0.017,299.428,  0.000,  0.000
  0.017,299.434,  0.000,  0.000
  0.017,299.444,  0.000,  0.000
  0.017,299.454,  0.000,  0.000
  0.017,299.460,  0.000,  0.000
  0.017,299.461,  0.000,  0.000
  0.017,299.461,  0.000,  0.000
  0.017,299.464,  0.000,  0.000
  0.017,299.473,  0.000,  0.000
  0.017,299.487,  0.000,  0.000
  0.017,299.501,  0.000,  0.000
  0.017,299.504,  0.000,  0.000
  0.017,299.492,  0.000,  0.000
  0.017,299.417,  0.000,  0.000
  0.017,299.326,  0.000,  0.000
  0.017,299.347,  0.000,  0.000
  0.017,299.365,  0.000,  0.000
  0.017,299.382,  0.000,  0.000
  0.017,299.396,  0.000,  0.000
  0.017,299.406,  0.000,  0.000
  0.017,299.410,  0.000,  0.000
  0.017,299.413,  0.000,  0.000
  0.017,299.420,  0.000,  0.000
  0.017,299.431,  0.000,  0.000
  0.017,299.442,  0.000,  0.000
  0.017,299.449,  0.000,  0.000
  0.017,299.454,  0.000,  0.000
  0.017,299.462,  0.000,  0.000
  0.017,299.473,  0.000,  0.000
  0.017,299.484,  0.000,  0.000
  0.017,299.491,  0.000,  0.000
  0.017,299.494,  0.000,  0.000
  0.017,299.496,  0.000,  0.000
  0.017,299.501,  0.000,  0.000
  0.017,299.513,  0.000,  0.000
  0.017,299.531,  0.000,  0.000
  0.017,299.550,  0.000,  0.000
  0.017,299.558,  0.000,  0.000
  0.017,299.494,  0.000,  0.000
  0.017,299.326,  0.000,  0.000
  0.017,299.348,  0.000,  0.000
  0.017,299.365,  0.000,  0.000
  0.017,299.382,  0.000,  0.000
  0.017,299.398,  0.000,  0.000
  0.017,299.412,  0.000,  0.000
  0.017,299.420,  0.000,  0.000
  0.017,299.424,  0.000,  0.000
  0.017,299.427,  0.000,  0.000
  0.017,299.436,  0.000,  0.000
  0.017,299.448,  0.000,  0.000
  0.017,299.459,  0.000,  0.000
  0.017,299.467,  0.000,  0.000
  0.017,299.475,  0.000,  0.000
  0.017,299.485,  0.000,  0.000
  0.017,299.498,  0.000,  0.000
  0.017,299.510,  0.000,  0.000
  0.017,299.519,  0.000,  0.000
  0.017,299.523,  0.000,  0.000
  0.017,299.526,  0.000,  0.000
  0.017,299.531,  0.000,  0.000
  0.017,299.541,  0.000,  0.000
  0.017,299.561,  0.000,  0.000
  0.017,299.587,  0.000,  0.000
  0.017,299.568,  0.000,  0.000
  0.017,299.328,  0.000,  0.000
  0.017,299.349,  0.000,  0.000
  0.017,299.368,  0.000,  0.000
  0.017,299.384,  0.000,  0.000
  0.017,299.400,  0.000,  0.000
  0.017,299.415,  0.000,  0.000
  0.017,299.427,  0.000,  0.000
  0.017,299.434,  0.000,  0.000
  0.017,299.438,  0.000,  0.000
  0.017,299.443,  0.000,  0.000
  0.017,299.453,  0.000,  0.000
  0.017,299.465,  0.000,  0.000
  0.017,299.476,  0.000,  0.000
  0.017,299.485,  0.000,  0.000
  0.017,299.494,  0.000,  0.000
  0.017,299.506,  0.000,  0.000
  0.017,299.520,  0.000,  0.000
  0.017,299.534,  0.000,  0.000
  0.017,299.543,  0.000,  0.000
  0.017,299.547,  0.000,  0.000
  0.017,299.549,  0.000,  0.000
  0.017,299.553,  0.000,  0.000
  0.017,299.561,  0.000,  0.000
  0.017,299.584,  0.000,  0.000
  0.017,299.599,  0.000,  0.000
  0.017,299.332,  0.000,  0.000
  0.017,299.350,  0.000,  0.000
  0.017,299.369,  0.000,  0.000
  0.017,299.387,  0.000,  0.000
  0.017,299.403,  0.000,  0.000
  0.017,299.418,  0.000,  0.000
  0.017,299.432,  0.000,  0.000
  0.017,299.441,  0.000,  0.000
  0.017,299.448,  0.000,  0.000
  0.017,299.454,  0.000,  0.000
  0.017,299.463,  0.000,  0.000
  0.017,299.473,  0.000,  0.000
  0.017,299.485,  0.000,  0.000
  0.017,299.494,  0.000,  0.000
  0.017,299.503,  0.000,  0.000
  0.017,299.513,  0.000,  0.000
  0.017,299.527,  0.000,  0.000
  0.017,299.542,  0.000,  0.000
  0.017,299.554,  0.000,  0.000
  0.017,299.561,  0.000,  0.000
  0.017,299.565,  0.000,  0.000
  0.017,299.567,  0.000,  0.000
  0.017,299.568,  0.000,  0.000
  0.017,299.576,  0.000,  0.000
  0.017,299.592,  0.000,  0.000
  0.017,299.337,  0.000,  0.000
  0.017,299.352,  0.000,  0.000
  0.017,299.370,  0.000,  0.000
  0.017,299.387,  0.000,  0.000
  0.017,299.404,  0.000,  0.000
  0.017,299.420,  0.000,  0.000
  0.017,299.432,  0.000,  0.000
  0.017,299.443,  0.000,  0.000
  0.017,299.453,  0.000,  0.000
  0.017,299.462,  0.000,  0.000
  0.017,299.472,  0.000,  0.000
  0.017,299.483,  0.000,  0.000
  0.017,299.495,  0.000,  0.000
  0.017,299.505,  0.000,  0.000
  0.017,299.514,  0.000,  0.000
  0.017,299.523,  0.000,  0.000
  0.017,299.534,  0.000,  0.000
  0.017,299.547,  0.000,  0.000
  0.017,299.559,  0.000,  0.000
  0.017,299.569,  0.000,  0.000
  0.017,299.575,  0.000,  0.000
  0.017,299.578,  0.000,  0.000
  0.017,299.578,  0.000,  0.000
  0.017,299.577,  0.000,  0.000
  0.017,299.581,  0.000,  0.000
  0.017,299.347,  0.000,  0.000
  0.017,299.359,  0.000,  0.000
  0.017,299.372,  0.000,  0.000
  0.017,299.387,  0.000,  0.000
  0.017,299.402,  0.000,  0.000
  0.017,299.416,  0.000,  0.000
  0.017,299.427,  0.000,  0.000
  0.017,299.438,  0.000,  0.000
  0.017,299.449,  0.000,  0.000
  0.017,299.461,  0.000,  0.000
  0.017,299.473,  0.000,  0.000
  0.017,299.486,  0.000,  0.000
  0.017,299.497,  0.000,  0.000
  0.017,299.508,  0.000,  0.000
  0.017,299.517,  0.000,  0.000
  0.017,299.526,  0.000,  0.000
  0.017,299.535,  0.000,  0.000
  0.017,299.546,  0.000,  0.000
  0.017,299.557,  0.000,  0.000
  0.017,299.567,  0.000,  0.000
  0.017,299.574,  0.000,  0.000
  0.017,299.578,  0.000,  0.000
  0.017,299.580,  0.000,  0.000
  0.017,299.579,  0.000,  0.000
  0.017,299.578,  0.000,  0.000
  0.017,299.361,  0.000,  0.000
  0.017,299.369,  0.000,  0.000
  0.017,299.379,  0.000,  0.000
  0.017,299.390,  0.000,  0.000
  0.017,299.400,  0.000,  0.000
  0.017,299.411,  0.000,  0.000
  0.017,299.421,  0.000,  0.000
  0.017,299.431,  0.000,  0.000
  0.017,299.442,  0.000,  0.000
  0.017,299.455,  0.000,  0.000
  0.017,299.468,  0.000,  0.000
  0.017,299.481,  0.000,  0.000
  0.017,299.493,  0.000,  0.000
  0.017,299.504,  0.000,  0.000
  0.017,299.514,  0.000,  0.000
  0.017,299.523,  0.000,  0.000
  0.017,299.532,  0.000,  0.000
  0.017,299.541,  0.000,  0.000
  0.017,299.551,  0.000,  0.000
  0.017,299.561,  0.000,  0.000
  0.017,299.569,  0.000,  0.000
  0.017,299.572,  0.000,  0.000
  0.017,299.574,  0.000,  0.000
  0.017,299.576,  0.000,  0.000
  0.017,299.577,  0.000,  0.000
  0.017,299.376,  0.000,  0.000
  0.017,299.382,  0.000,  0.000
  0.017,299.388,  0.000,  0.000
  0.017,299.395,  0.000,  0.000
  0.017,299.402,  0.000,  0.000
  0.017,299.409,  0.000,  0.000
  0.017,299.417,  0.000,  0.000
  0.017,299.427,  0.000,  0.000
  0.017,299.437,  0.000,  0.000
  0.017,299.449,  0.000,  0.000
  0.017,299.461,  0.000,  0.000
  0.017,299.473,  0.000,  0.000
  0.017,299.485,  0.000,  0.000
  0.017,299.496,  0.000,  0.000
  0.017,299.506,  0.000,  0.000
  0.017,299.515,  0.000,  0.000
  0.017,299.524,  0.000,  0.000
  0.017,299.533,  0.000,  0.000
  0.017,299.543,  0.000,  0.000
  0.017,299.553,  0.000,  0.000
  0.017,299.561,  0.000,  0.000
  0.017,299.565,  0.000,  0.000
  0.017,299.566,  0.000,  0.000
  0.017,299.567,  0.000,  0.000
  0.017,299.571,  0.000,  0.000
  0.017,299.392,  0.000,  0.000
  0.017,299.394,  0.000,  0.000
  0.017,299.398,  0.000,  0.000
  0.017,299.401,  0.000,  0.000
  0.017,299.406,  0.000,  0.000
  0.017,299.411,  0.000,  0.000
  0.017,299.418,  0.000,  0.000
  0.017,299.426,  0.000,  0.000
  0.017,299.435,  0.000,  0.000
  0.017,299.445,  0.000,  0.000
  0.017,299.455,  0.000,  0.000
  0.017,299.466,  0.000,  0.000
  0.017,299.476,  0.000,  0.000
  0.017,299.486,  0.000,  0.000
  0.017,299.496,  0.000,  0.000
  0.017,299.504,  0.000,  0.000
  0.017,299.513,  0.000,  0.000
  0.017,299.522,  0.000,  0.000
  0.017,299.532,  0.000,  0.000
  0.017,299.542,  0.000,  0.000
  0.017,299.551,  0.000,  0.000
  0.017,299.557,  0.000,  0.000
  0.017,299.557,  0.000,  0.000
  0.017,299.558,  0.000,  0.000
  0.017,299.562,  0.000,  0.000
