  0.019,299.892,  0.000,  0.000
  0.019,299.900,  0.000,  0.000
  0.019,299.905,  0.000,  0.000
  0.019,299.908,  0.000,  0.000
  0.019,299.910,  0.000,  0.000
  0.019,299.919,  0.000,  0.000
  0.019,299.936,  0.000,  0.000
  0.019,299.927,  0.000,  0.000
  0.019,299.905,  0.000,  0.000
  0.019,299.905,  0.000,  0.000
  0.019,299.945,  0.000,  0.000
  0.019,300.004,  0.000,  0.000
  0.019,300.026,  0.000,  0.000
  0.019,299.989,  0.000,  0.000
  0.019,299.949,  0.000,  0.000
  0.019,299.879,  0.000,  0.000
  0.019,299.919,  0.000,  0.000
  0.018,299.965,  0.000,  0.000
  0.019,300.036,  0.000,  0.000
  0.019,300.054,  0.000,  0.000
  0.019,300.066,  0.000,  0.000
  0.018,300.055,  0.000,  0.000
  0.018,300.077,  0.000,  0.000
  0.018,300.096,  0.000,  0.000
  0.018,300.055,  0.000,  0.000
  0.019,299.895,  0.000,  0.000
  0.019,299.903,  0.000,  0.000
  0.019,299.910,  0.000,  0.000
  0.019,299.915,  0.000,  0.000
  0.019,299.916,  0.000,  0.000
  0.019,299.917,  0.000,  0.000
  0.019,299.920,  0.000,  0.000
  0.019,299.933,  0.000,  0.000
  0.019,299.937,  0.000,  0.000
  0.019,299.957,  0.000,  0.000
  0.019,300.010,  0.000,  0.000
  0.019,300.034,  0.000,  0.000
  0.019,300.002,  0.000,  0.000
  0.019,299.958,  0.000,  0.000
  0.019,299.881,  0.000,  0.000
  0.018,299.919,  0.000,  0.000
  0.018,299.960,  0.000,  0.000
  0.019,300.026,  0.000,  0.000
  0.019,300.024,  0.000,  0.000
  0.019,300.014,  0.000,  0.000
  0.018,299.986,  0.000,  0.000
  0.018,300.056,  0.000,  0.000
  0.018,300.141,  0.000,  0.000
  0.018,300.171,  0.000,  0.000
  0.019,300.136,  0.000,  0.000
  0.019,299.901,  0.000,  0.000
  0.019,299.901,  0.000,  0.000
  0.019,299.913,  0.000,  0.000
  0.019,299.934,  0.000,  0.000
  0.019,299.935,  0.000,  0.000
  0.019,299.925,  0.000,  0.000
  0.019,299.913,  0.000,  0.000
  0.019,299.920,  0.000,  0.000
  0.019,299.946,  0.000,  0.000
  0.019,299.991,  0.000,  0.000
  0.019,300.018,  0.000,  0.000
  0.019,300.001,  0.000,  0.000
  0.019,299.965,  0.000,  0.000
  0.019,299.955,  0.000,  0.000
  0.018,299.923,  0.000,  0.000
  0.018,299.952,  0.000,  0.000
  0.019,300.003,  0.000,  0.000
  0.019,300.007,  0.000,  0.000
  0.019,299.995,  0.000,  0.000
  0.018,299.963,  0.000,  0.000
  0.018,300.038,  0.000,  0.000
  0.018,300.125,  0.000,  0.000
  0.018,300.173,  0.000,  0.000
  0.018,300.167,  0.000,  0.000
  0.018,300.105,  0.000,  0.000
  0.019,299.896,  0.000,  0.000
  0.019,299.887,  0.000,  0.000
  0.019,299.906,  0.000,  0.000
  0.019,299.944,  0.000,  0.000
  0.019,299.949,  0.000,  0.000
  0.019,299.934,  0.000,  0.000
  0.019,299.923,  0.000,  0.000
  0.019,299.933,  0.000,  0.000
  0.019,299.966,  0.000,  0.000
  0.019,300.004,  0.000,  0.000
  0.019,299.999,  0.000,  0.000
  0.019,299.963,  0.000,  0.000
  0.019,299.953,  0.000,  0.000
  0.019,299.988,  0.000,  0.000
  0.018,299.960,  0.000,  0.000
  0.018,299.958,  0.000,  0.000
  0.018,299.939,  0.000,  0.000
  0.019,299.981,  0.000,  0.000
  0.018,299.950,  0.000,  0.000
  0.018,300.029,  0.000,  0.000
  0.018,300.104,  0.000,  0.000
  0.018,300.148,  0.000,  0.000
  0.018,300.135,  0.000,  0.000
  0.018,300.098,  0.000,  0.000
  0.018,300.100,  0.000,  0.000
  0.019,299.872,  0.000,  0.000
  0.019,299.855,  0.000,  0.000
  0.019,299.873,  0.000,  0.000
  0.019,299.917,  0.000,  0.000
  0.019,299.937,  0.000,  0.000
  0.019,299.944,  0.000,  0.000
  0.019,299.942,  0.000,  0.000
  0.019,299.953,  0.000,  0.000
  0.019,299.988,  0.000,  0.000
  0.019,300.001,  0.000,  0.000
  0.019,299.971,  0.000,  0.000
  0.019,299.947,  0.000,  0.000
  0.019,299.976,  0.000,  0.000
  0.019,300.013,  0.000,  0.000
  0.018,299.965,  0.000,  0.000
  0.018,299.940,  0.000,  0.000
  0.019,299.915,  0.000,  0.000
  0.018,299.937,  0.000,  0.000
  0.018,300.008,  0.000,  0.000
  0.018,300.069,  0.000,  0.000
  0.018,300.098,  0.000,  0.000
  0.018,300.083,  0.000,  0.000
  0.018,300.042,  0.000,  0.000
  0.018,300.053,  0.000,  0.000
  0.018,300.121,  0.000,  0.000
  0.019,299.846,  0.000,  0.000
  0.019,299.818,  0.000,  0.000
  0.019,299.833,  0.000,  0.000
  0.019,299.875,  0.000,  0.000
  0.019,299.926,  0.000,  0.000
  0.019,299.967,  0.000,  0.000
  0.019,299.956,  0.000,  0.000
  0.019,299.964,  0.000,  0.000
  0.019,299.990,  0.000,  0.000
  0.019,299.976,  0.000,  0.000
  0.019,299.944,  0.000,  0.000
  0.019,299.960,  0.000,  0.000
  0.019,299.999,  0.000,  0.000
  0.019,300.015,  0.000,  0.000
  0.018,299.941,  0.000,  0.000
  0.019,299.920,  0.000,  0.000
  0.018,299.933,  0.000,  0.000
  0.018,299.984,  0.000,  0.000
  0.018,300.029,  0.000,  0.000
  0.018,300.041,  0.000,  0.000
  0.018,300.017,  0.000,  0.000
  0.018,299.983,  0.000,  0.000
  0.018,299.995,  0.000,  0.000
  0.018,300.063,  0.000,  0.000
  0.018,300.127,  0.000,  0.000
  0.019,299.854,  0.000,  0.000
  0.019,299.820,  0.000,  0.000
  0.019,299.812,  0.000,  0.000
  0.019,299.851,  0.000,  0.000
  0.019,299.936,  0.000,  0.000
  0.019,299.984,  0.000,  0.000
  0.019,299.962,  0.000,  0.000
  0.019,299.956,  0.000,  0.000
  0.019,299.965,  0.000,  0.000
  0.019,299.945,  0.000,  0.000
  0.019,299.936,  0.000,  0.000
  0.019,299.973,  0.000,  0.000
  0.019,300.002,  0.000,  0.000
  0.019,300.000,  0.000,  0.000
  0.019,299.984,  0.000,  0.000
  0.018,299.927,  0.000,  0.000
  0.018,299.967,  0.000,  0.000
  0.018,299.998,  0.000,  0.000
  0.018,300.001,  0.000,  0.000
  0.018,299.972,  0.000,  0.000
  0.018,299.943,  0.000,  0.000
  0.018,299.954,  0.000,  0.000
  0.018,300.009,  0.000,  0.000
  0.018,300.067,  0.000,  0.000
  0.018,300.079,  0.000,  0.000
  0.019,299.899,  0.000,  0.000
  0.019,299.860,  0.000,  0.000
  0.019,299.832,  0.000,  0.000
  0.019,299.877,  0.000,  0.000
  0.019,299.967,  0.000,  0.000
  0.019,299.990,  0.000,  0.000
  0.019,299.951,  0.000,  0.000
  0.019,299.933,  0.000,  0.000
  0.019,299.929,  0.000,  0.000
  0.019,299.921,  0.000,  0.000
  0.019,299.940,  0.000,  0.000
  0.019,299.968,  0.000,  0.000
  0.019,299.982,  0.000,  0.000
  0.019,299.981,  0.000,  0.000
  0.019,299.988,  0.000,  0.000
  0.019,300.014,  0.000,  0.000
  0.018,299.975,  0.000,  0.000
  0.018,299.971,  0.000,  0.000
  0.018,299.946,  0.000,  0.000
  0.018,299.930,  0.000,  0.000
  0.018,299.949,  0.000,  0.000
  0.018,299.994,  0.000,  0.000
  0.018,300.027,  0.000,  0.000
  0.018,300.028,  0.000,  0.000
  0.018,300.003,  0.000,  0.000
  0.019,299.936,  0.000,  0.000
  0.019,299.925,  0.000,  0.000
  0.019,299.907,  0.000,  0.000
  0.019,299.946,  0.000,  0.000
  0.019,299.994,  0.000,  0.000
  0.019,299.980,  0.000,  0.000
  0.019,299.933,  0.000,  0.000
  0.019,299.911,  0.000,  0.000
  0.019,299.908,  0.000,  0.000
  0.019,299.917,  0.000,  0.000
  0.019,299.935,  0.000,  0.000
  0.019,299.948,  0.000,  0.000
  0.019,299.953,  0.000,  0.000
  0.019,299.968,  0.000,  0.000
  0.019,300.000,  0.000,  0.000
  0.019,300.027,  0.000,  0.000
  0.019,300.021,  0.000,  0.000
  0.019,299.927,  0.000,  0.000
  0.019,299.919,  0.000,  0.000
  0.018,299.948,  0.000,  0.000
  0.018,299.984,  0.000,  0.000
  0.018,300.004,  0.000,  0.000
  0.018,299.997,  0.000,  0.000
  0.018,299.977,  0.000,  0.000
  0.018,299.975,  0.000,  0.000
  0.019,299.944,  0.000,  0.000
  0.019,299.970,  0.000,  0.000
  0.019,299.985,  0.000,  0.000
  0.019,299.999,  0.000,  0.000
  0.019,299.995,  0.000,  0.000
  0.019,299.961,  0.000,  0.000
  0.019,299.924,  0.000,  0.000
  0.019,299.906,  0.000,  0.000
  0.019,299.906,  0.000,  0.000
  0.019,299.917,  0.000,  0.000
  0.019,299.926,  0.000,  0.000
  0.019,299.927,  0.000,  0.000
  0.019,299.933,  0.000,  0.000
  0.019,299.958,  0.000,  0.000
  0.019,300.000,  0.000,  0.000
  0.019,300.021,  0.000,  0.000
  0.019,300.003,  0.000,  0.000
  0.019,299.987,  0.000,  0.000
  0.019,300.008,  0.000,  0.000
  0.018,299.973,  0.000,  0.000
  0.018,299.981,  0.000,  0.000
  0.018,299.971,  0.000,  0.000
  0.018,299.956,  0.000,  0.000
  0.018,299.964,  0.000,  0.000
  0.018,300.002,  0.000,  0.000
  0.019,299.957,  0.000,  0.000
  0.019,299.979,  0.000,  0.000
  0.019,299.998,  0.000,  0.000
  0.019,300.004,  0.000,  0.000
  0.019,299.982,  0.000,  0.000
  0.019,299.953,  0.000,  0.000
  0.019,299.932,  0.000,  0.000
  0.019,299.920,  0.000,  0.000
  0.019,299.921,  0.000,  0.000
  0.019,299.922,  0.000,  0.000
  0.019,299.919,  0.000,  0.000
  0.020,299.916,  0.000,  0.000
  0.019,299.924,  0.000,  0.000
  0.019,299.949,  0.000,  0.000
  0.019,299.983,  0.000,  0.000
  0.019,299.999,  0.000,  0.000
  0.019,299.995,  0.000,  0.000
  0.019,300.009,  0.000,  0.000
  0.019,300.030,  0.000,  0.000
  0.018,299.964,  0.000,  0.000
  0.018,299.946,  0.000,  0.000
  0.018,299.935,  0.000,  0.000
  0.018,299.948,  0.000,  0.000
  0.018,299.980,  0.000,  0.000
  0.018,300.007,  0.000,  0.000
  0.019,299.973,  0.000,  0.000
  0.019,299.980,  0.000,  0.000
  0.019,299.989,  0.000,  0.000
  0.019,299.991,  0.000,  0.000
  0.019,299.977,  0.000,  0.000
  0.019,299.958,  0.000,  0.000
  0.019,299.942,  0.000,  0.000
  0.019,299.934,  0.000,  0.000
  0.019,299.934,  0.000,  0.000
  0.019,299.928,  0.000,  0.000
  0.019,299.918,  0.000,  0.000
  0.019,299.915,  0.000,  0.000
  0.019,299.923,  0.000,  0.000
  0.019,299.940,  0.000,  0.000
  0.019,299.961,  0.000,  0.000
  0.019,299.979,  0.000,  0.000
  0.019,300.002,  0.000,  0.000
  0.019,300.030,  0.000,  0.000
  0.019,300.031,  0.000,  0.000
  0.019,300.010,  0.000,  0.000
  0.019,300.001,  0.000,  0.000
  0.019,300.013,  0.000,  0.000
  0.019,300.028,  0.000,  0.000
  0.019,300.038,  0.000,  0.000
  0.019,300.040,  0.000,  0.000
  0.019,299.939,  0.000,  0.000
  0.019,299.957,  0.000,  0.000
  0.019,299.986,  0.000,  0.000
  0.019,299.990,  0.000,  0.000
  0.019,299.975,  0.000,  0.000
  0.019,299.955,  0.000,  0.000
  0.019,299.942,  0.000,  0.000
  0.019,299.943,  0.000,  0.000
  0.019,299.942,  0.000,  0.000
  0.019,299.932,  0.000,  0.000
  0.019,299.922,  0.000,  0.000
  0.019,299.920,  0.000,  0.000
  0.020,299.926,  0.000,  0.000
  0.019,299.935,  0.000,  0.000
  0.019,299.948,  0.000,  0.000
  0.019,299.971,  0.000,  0.000
  0.019,300.006,  0.000,  0.000
  0.019,300.028,  0.000,  0.000
  0.019,300.016,  0.000,  0.000
  0.019,300.003,  0.000,  0.000
  0.019,300.014,  0.000,  0.000
  0.019,300.026,  0.000,  0.000
  0.019,300.027,  0.000,  0.000
  0.019,300.020,  0.000,  0.000
  0.019,300.016,  0.000,  0.000
  0.019,299.773,  0.000,  0.000
  0.019,299.880,  0.000,  0.000
  0.019,299.967,  0.000,  0.000
  0.019,299.980,  0.000,  0.000
  0.019,299.961,  0.000,  0.000
  0.019,299.944,  0.000,  0.000
  0.019,299.941,  0.000,  0.000
  0.019,299.948,  0.000,  0.000
  0.019,299.945,  0.000,  0.000
  0.019,299.934,  0.000,  0.000
  0.019,299.927,  0.000,  0.000
  0.019,299.928,  0.000,  0.000
  0.020,299.933,  0.000,  0.000
  0.019,299.939,  0.000,  0.000
  0.019,299.947,  0.000,  0.000
  0.019,299.966,  0.000,  0.000
  0.019,299.993,  0.000,  0.000
  0.019,300.008,  0.000,  0.000
  0.019,300.008,  0.000,  0.000
  0.019,300.017,  0.000,  0.000
  0.019,300.028,  0.000,  0.050
  0.019,300.025,  0.000,  0.050
  0.019,300.019,  0.000,  0.050
  0.019,300.014,  0.000,  0.000
  0.019,300.015,  0.000,  0.000
  0.019,299.585,  0.000,  0.000
  0.019,299.763,  0.000,  0.000
  0.019,299.898,  0.000,  0.000
  0.019,299.951,  0.000,  0.000
  0.019,299.947,  0.000,  0.000
  0.019,299.943,  0.000,  0.000
  0.019,299.947,  0.000,  0.000
  0.019,299.948,  0.000,  0.000
  0.019,299.942,  0.000,  0.000
  0.019,299.934,  0.000,  0.000
  0.019,299.931,  0.000,  0.000
  0.019,299.933,  0.000,  0.000
  0.019,299.938,  0.000,  0.000
  0.019,299.949,  0.000,  0.000
  0.019,299.956,  0.000,  0.000
  0.019,299.964,  0.000,  0.000
  0.019,299.977,  0.000,  0.000
  0.019,299.994,  0.000,  0.000
  0.019,300.013,  0.000,  0.000
  0.019,300.029,  0.000,  0.000
  0.019,300.028,  0.000,  0.050
  0.019,300.018,  0.000,  0.050
  0.019,300.019,  0.000,  0.050
  0.019,300.023,  0.000,  0.000
  0.019,300.023,  0.000,  0.000
