  0.022,302.093,  8.744,  3.410
  0.022,302.018,  7.562,  3.410
  0.022,301.949,  5.669,  4.550
  0.022,301.923,  4.744,  4.550
  0.021,301.966,  5.388,  4.550
  0.021,302.029,  6.020,  4.550
  0.021,302.014,  4.502,  3.940
  0.021,301.963,  4.238,  3.940
  0.022,302.002,  3.687,  3.940
  0.022,302.060,  4.910,  3.890
  0.022,302.128, 14.369,  3.890
  0.021,302.225, 22.864,  3.890
  0.021,302.235, 22.085,  3.890
  0.022,302.170,  8.305,  2.720
  0.022,302.181,  7.619,  2.720
  0.021,302.220,  1.349,  2.720
  0.022,302.232,  0.161,  0.930
  0.022,302.248,  0.064,  0.930
  0.022,302.264,  0.011,  0.930
  0.022,302.217,  0.002,  0.930
  0.022,302.172,  0.002,  0.700
  0.022,302.185,  0.001,  0.700
  0.022,302.193,  0.001,  0.700
  0.022,302.193,  0.000,  0.160
  0.022,302.181,  0.001,  0.160
  0.022,302.168,  8.417,  0.370
  0.022,302.034,  7.257,  0.370
  0.022,301.942,  5.853,  0.190
  0.021,301.964,  4.432,  0.190
  0.021,302.012,  3.099,  0.190
  0.021,302.020,  3.355,  0.190
  0.021,301.973,  3.371,  0.010
  0.021,301.933,  2.461,  0.010
  0.022,302.010,  1.183,  0.010
  0.022,302.114,  0.856,  0.000
  0.022,302.193,  3.555,  0.000
  0.021,302.257, 12.172,  0.000
  0.021,302.245, 21.971,  0.000
  0.021,302.228,  6.838,  0.000
  0.022,302.234,  3.559,  0.000
  0.021,302.239,  0.370,  0.000
  0.022,302.230,  0.020,  0.390
  0.022,302.209,  0.007,  0.390
  0.022,302.167,  0.003,  0.390
  0.022,302.112,  0.000,  0.390
  0.022,302.128,  0.000,  0.330
  0.022,302.171,  0.000,  0.330
  0.021,302.202,  0.000,  0.330
  0.021,302.214,  0.000,  0.150
  0.022,302.199,  0.000,  0.150
  0.021,302.221,  5.812,  0.370
  0.022,302.095,  4.322,  0.370
  0.022,301.965,  3.461,  0.190
  0.022,301.940,  2.319,  0.190
  0.021,301.967,  1.382,  0.190
  0.021,301.980,  1.339,  0.190
  0.021,301.992,  1.255,  0.010
  0.021,302.003,  0.685,  0.010
  0.021,302.028,  0.165,  0.010
  0.022,302.127,  0.087,  0.000
  0.021,302.200,  1.063,  0.000
  0.021,302.235,  6.158,  0.000
  0.021,302.218, 12.078,  0.000
  0.021,302.216,  1.659,  0.000
  0.022,302.211,  0.727,  0.000
  0.022,302.216,  0.075,  0.000
  0.022,302.231,  0.007,  0.390
  0.022,302.209,  0.002,  0.390
  0.022,302.013,  0.000,  0.390
  0.022,301.722,  0.000,  0.390
  0.022,301.754,  0.000,  0.330
  0.022,302.133,  0.000,  0.330
  0.022,302.193,  0.000,  0.330
  0.022,302.189,  0.000,  0.150
  0.022,302.235,  0.000,  0.150
  0.021,302.264,  2.744,  0.370
  0.021,302.174,  1.556,  0.370
  0.022,302.011,  1.208,  0.190
  0.022,301.924,  0.856,  0.190
  0.021,301.925,  0.673,  0.190
  0.021,301.945,  0.396,  0.190
  0.021,302.040,  0.241,  0.010
  0.021,302.098,  0.101,  0.010
  0.022,302.178,  0.037,  0.010
  0.021,302.190,  0.018,  0.000
  0.021,302.175,  0.154,  0.000
  0.021,302.180,  0.787,  0.000
  0.021,302.187,  1.308,  0.000
  0.021,302.171,  0.079,  0.000
  0.022,302.166,  0.042,  0.000
  0.022,302.205,  0.004,  0.000
  0.021,302.234,  0.001,  0.390
  0.021,302.223,  0.000,  0.390
  0.022,302.194,  0.000,  0.390
  0.022,302.143,  0.000,  0.390
  0.022,302.149,  0.000,  0.330
  0.022,302.174,  0.000,  0.330
  0.022,302.166,  0.000,  0.330
  0.022,302.188,  0.000,  0.150
  0.022,302.211,  0.000,  0.150
  0.021,302.284,  0.499,  0.370
  0.021,302.223,  0.424,  0.370
  0.022,302.060,  0.234,  0.190
  0.022,301.935,  0.310,  0.190
  0.022,301.921,  0.407,  0.190
  0.021,301.960,  0.045,  0.190
  0.021,302.029,  0.038,  0.010
  0.021,302.138,  0.020,  0.010
  0.021,302.202,  0.005,  0.010
  0.022,302.162,  0.010,  0.000
  0.021,302.138,  0.132,  0.000
  0.021,302.146,  0.306,  0.000
  0.021,302.146,  0.053,  0.000
  0.021,302.121,  0.007,  0.000
  0.021,302.154,  0.003,  0.000
  0.021,302.254,  0.000,  0.000
  0.021,302.282,  0.000,  0.390
  0.021,302.210,  0.000,  0.390
  0.022,302.181,  0.000,  0.390
  0.022,302.196,  0.000,  0.390
  0.022,302.197,  0.000,  0.330
  0.022,302.182,  0.000,  0.330
  0.022,302.167,  0.000,  0.330
  0.022,302.167,  0.000,  0.150
  0.022,302.171,  0.000,  0.150
  0.021,302.281,  0.037,  0.000
  0.021,302.255,  0.056,  0.000
  0.022,302.129,  0.024,  0.000
  0.022,301.976,  0.061,  0.000
  0.022,301.928,  0.102,  0.000
  0.022,301.970,  0.005,  0.000
  0.022,302.078,  0.006,  0.000
  0.022,302.173,  0.003,  0.000
  0.021,302.184,  0.000,  0.000
  0.021,302.135,  0.002,  0.000
  0.021,302.121,  0.028,  0.000
  0.021,302.129,  0.054,  0.000
  0.021,302.112,  0.002,  0.000
  0.021,302.117,  0.002,  0.000
  0.021,302.146,  0.001,  0.000
  0.021,302.237,  0.000,  0.000
  0.021,302.271,  0.000,  0.000
  0.022,302.211,  0.000,  0.000
  0.022,302.196,  0.000,  0.000
  0.021,302.233,  0.000,  0.000
  0.022,302.227,  0.000,  0.000
  0.022,302.184,  0.000,  0.000
  0.022,302.153,  0.000,  0.000
  0.022,302.157,  0.000,  0.000
  0.022,302.154,  0.000,  0.000
  0.021,302.249,  0.006,  0.000
  0.021,302.273,  0.003,  0.000
  0.022,302.240,  0.001,  0.000
  0.022,302.123,  0.004,  0.000
  0.022,302.012,  0.005,  0.000
  0.022,301.993,  0.001,  0.000
  0.022,302.078,  0.001,  0.000
  0.022,302.210,  0.001,  0.000
  0.022,302.183,  0.000,  0.000
  0.022,302.142,  0.000,  0.000
  0.021,302.125,  0.001,  0.000
  0.021,302.133,  0.002,  0.000
  0.021,302.131,  0.004,  0.000
  0.022,302.126,  0.000,  0.000
  0.021,302.131,  0.000,  0.000
  0.021,302.184,  0.000,  0.000
  0.022,302.221,  0.000,  0.000
  0.022,302.200,  0.000,  0.000
  0.022,302.212,  0.000,  0.000
  0.021,302.248,  0.000,  0.000
  0.021,302.246,  0.000,  0.000
  0.022,302.202,  0.000,  0.000
  0.022,302.151,  0.000,  0.000
  0.022,302.143,  0.000,  0.000
  0.022,302.151,  0.000,  0.000
  0.021,302.263,  0.002,  0.000
  0.021,302.303,  0.000,  0.000
  0.021,302.292,  0.001,  0.000
  0.021,302.213,  0.000,  0.000
  0.021,302.136,  0.000,  0.000
  0.021,302.117,  0.000,  0.000
  0.021,302.171,  0.000,  0.000
  0.021,302.226,  0.000,  0.000
  0.021,302.190,  0.000,  0.000
  0.022,302.152,  0.000,  0.000
  0.021,302.138,  0.000,  0.000
  0.021,302.157,  0.000,  0.000
  0.021,302.161,  0.001,  0.000
  0.022,302.147,  0.000,  0.000
  0.022,302.120,  0.000,  0.000
  0.022,302.127,  0.000,  0.000
  0.022,302.196,  0.000,  0.000
  0.022,302.244,  0.000,  0.000
  0.022,302.229,  0.000,  0.000
  0.022,302.235,  0.000,  0.000
  0.022,302.228,  0.000,  0.000
  0.022,302.200,  0.000,  0.000
  0.022,302.160,  0.000,  0.000
  0.022,302.141,  0.000,  0.000
  0.022,302.143,  0.000,  0.000
  0.021,302.307,  0.000,  0.000
  0.021,302.316,  0.001,  0.000
  0.021,302.302,  0.000,  0.000
  0.021,302.293,  0.000,  0.000
  0.021,302.252,  0.000,  0.000
  0.021,302.226,  0.000,  0.000
  0.021,302.231,  0.000,  0.000
  0.021,302.250,  0.000,  0.000
  0.022,302.199,  0.000,  0.000
  0.022,302.153,  0.000,  0.000
  0.021,302.149,  0.000,  0.000
  0.021,302.159,  0.000,  0.000
  0.022,302.152,  0.000,  0.000
  0.022,302.147,  0.000,  0.000
  0.022,302.113,  0.000,  0.000
  0.022,302.093,  0.000,  0.000
  0.022,302.083,  0.000,  0.000
  0.022,302.129,  0.000,  0.000
  0.022,302.217,  0.000,  0.000
  0.022,302.188,  0.000,  0.000
  0.022,302.196,  0.000,  0.000
  0.022,302.203,  0.000,  0.000
  0.022,302.185,  0.000,  0.000
  0.022,302.170,  0.000,  0.000
  0.022,302.149,  0.000,  0.000
  0.021,302.294,  0.000,  0.000
  0.021,302.274,  0.000,  0.000
  0.021,302.259,  0.000,  0.000
  0.021,302.258,  0.000,  0.000
  0.021,302.240,  0.000,  0.000
  0.021,302.221,  0.000,  0.000
  0.021,302.252,  0.000,  0.000
  0.021,302.251,  0.000,  0.000
  0.022,302.184,  0.000,  0.000
  0.022,302.141,  0.000,  0.000
  0.021,302.141,  0.000,  0.000
  0.021,302.149,  0.000,  0.000
  0.022,302.152,  0.000,  0.000
  0.022,302.133,  0.000,  0.000
  0.022,302.103,  0.000,  0.000
  0.021,302.100,  0.000,  0.000
  0.021,302.125,  0.000,  0.000
  0.022,302.166,  0.000,  0.000
  0.022,302.178,  0.000,  0.000
  0.022,302.188,  0.000,  0.000
  0.022,302.199,  0.000,  0.000
  0.022,302.167,  0.000,  0.000
  0.022,302.153,  0.000,  0.000
  0.022,302.170,  0.000,  0.000
  0.021,302.184,  0.000,  0.000
  0.021,302.300,  0.000,  0.000
  0.021,302.306,  0.000,  0.000
  0.021,302.294,  0.000,  0.000
  0.021,302.258,  0.000,  0.000
  0.021,302.212,  0.000,  0.000
  0.021,302.210,  0.000,  0.000
  0.021,302.256,  0.000,  0.000
  0.021,302.269,  0.000,  0.000
  0.022,302.221,  0.000,  0.000
  0.021,302.182,  0.000,  0.000
  0.021,302.162,  0.000,  0.000
  0.021,302.143,  0.000,  0.000
  0.022,302.143,  0.000,  0.000
  0.022,302.134,  0.000,  0.000
  0.022,302.138,  0.000,  0.000
  0.021,302.156,  0.000,  0.000
  0.021,302.159,  0.000,  0.000
  0.022,302.156,  0.000,  0.000
  0.022,302.162,  0.000,  0.000
  0.022,302.155,  0.000,  0.000
  0.022,302.144,  0.000,  0.000
  0.022,302.172,  0.000,  0.000
  0.022,302.151,  0.000,  0.000
  0.022,302.174,  0.000,  0.000
  0.021,302.196,  0.000,  0.000
  0.021,302.283,  0.000,  0.000
  0.021,302.316,  0.000,  0.000
  0.021,302.315,  0.000,  0.000
  0.021,302.262,  0.000,  0.000
  0.021,302.201,  0.000,  0.000
  0.021,302.177,  0.000,  0.000
  0.021,302.221,  0.000,  0.000
  0.021,302.260,  0.000,  0.000
  0.022,302.252,  0.000,  0.000
  0.021,302.226,  0.000,  0.000
  0.021,302.186,  0.000,  0.000
  0.021,302.145,  0.000,  0.000
  0.021,302.123,  0.000,  0.000
  0.022,302.144,  0.000,  0.000
  0.022,302.190,  0.000,  0.000
  0.022,302.180,  0.000,  0.000
  0.022,302.128,  0.000,  0.000
  0.022,302.140,  0.000,  0.000
  0.022,302.200,  0.000,  0.000
  0.022,302.200,  0.000,  0.000
  0.022,302.165,  0.000,  0.000
  0.022,302.126,  0.000,  0.000
  0.022,302.117,  0.000,  0.000
  0.022,302.155,  0.000,  0.000
  0.021,302.200,  0.000,  0.000
  0.021,302.275,  0.000,  0.000
  0.021,302.259,  0.000,  0.000
  0.021,302.248,  0.000,  0.000
  0.021,302.211,  0.000,  0.000
  0.021,302.180,  0.000,  0.000
  0.021,302.210,  0.000,  0.000
  0.021,302.267,  0.000,  0.000
  0.021,302.242,  0.000,  0.000
  0.021,302.217,  0.000,  0.000
  0.021,302.213,  0.000,  0.000
  0.021,302.193,  0.000,  0.000
  0.021,302.163,  0.000,  0.000
  0.021,302.140,  0.000,  0.000
  0.021,302.184,  0.000,  0.000
  0.021,302.245,  0.000,  0.000
  0.022,302.209,  0.000,  0.000
  0.022,302.145,  0.000,  0.000
  0.022,302.176,  0.000,  0.000
  0.022,302.220,  0.000,  0.000
  0.022,302.200,  0.000,  0.000
  0.022,302.147,  0.000,  0.000
  0.022,302.109,  0.000,  0.000
  0.022,302.104,  0.000,  0.000
  0.022,302.131,  0.000,  0.000
  0.022,302.167,  0.000,  0.000
  0.021,302.266,  0.000,  0.000
  0.021,302.223,  0.000,  0.000
  0.021,302.193,  0.000,  0.000
  0.021,302.189,  0.000,  0.000
  0.021,302.191,  0.000,  0.000
  0.021,302.243,  0.000,  0.000
  0.021,302.265,  0.000,  0.000
  0.021,302.250,  0.000,  0.000
  0.021,302.207,  0.000,  0.000
  0.022,302.187,  0.000,  0.000
  0.021,302.182,  0.000,  0.000
  0.021,302.151,  0.000,  0.000
  0.021,302.105,  0.000,  0.000
  0.021,302.062,  0.000,  0.000
  0.022,302.044,  0.000,  0.000
  0.022,302.129,  0.000,  0.000
  0.022,302.200,  0.000,  0.000
  0.022,302.191,  0.000,  0.000
  0.022,302.204,  0.000,  0.000
  0.022,302.181,  0.000,  0.000
  0.022,302.152,  0.000,  0.000
  0.022,302.129,  0.000,  0.000
  0.022,302.118,  0.000,  0.000
  0.022,302.112,  0.000,  0.000
  0.022,302.105,  0.000,  0.000
  0.021,302.238,  0.000,  0.000
  0.021,302.185,  0.000,  0.000
  0.021,302.178,  0.000,  0.000
  0.021,302.189,  0.000,  0.000
  0.021,302.200,  0.000,  0.000
  0.021,302.211,  0.000,  0.000
  0.021,302.223,  0.000,  0.000
  0.021,302.220,  0.000,  0.000
  0.022,302.200,  0.000,  0.000
  0.022,302.192,  0.000,  0.000
  0.021,302.178,  0.000,  0.000
  0.021,301.998,  0.000,  0.000
  0.022,301.711,  0.000,  0.000
  0.022,301.535,  0.000,  0.000
  0.022,301.344,  0.000,  0.000
  0.022,301.802,  0.000,  0.000
  0.022,302.234,  0.000,  0.000
  0.022,302.175,  0.000,  0.000
  0.022,302.174,  0.000,  0.000
  0.022,302.132,  0.000,  0.000
  0.022,302.105,  0.000,  0.000
  0.022,302.089,  0.000,  0.000
  0.022,302.081,  0.000,  0.000
  0.022,302.087,  0.000,  0.000
  0.022,302.097,  0.000,  0.000
