  0.018,300.054,  0.000,  0.000
  0.018,300.090,  0.000,  0.000
  0.017,300.123,  0.000,  0.000
  0.018,300.120,  0.000,  0.000
  0.018,300.059,  0.000,  0.000
  0.018,299.962,  0.000,  0.000
  0.018,299.867,  0.000,  0.000
  0.018,299.801,  0.000,  0.000
  0.018,299.795,  0.000,  0.000
  0.018,299.841,  0.000,  0.000
  0.018,299.879,  0.000,  0.000
  0.018,299.901,  0.000,  0.000
  0.018,299.912,  0.000,  0.000
  0.018,299.922,  0.000,  0.000
  0.018,299.937,  0.000,  0.000
  0.018,299.949,  0.000,  0.000
  0.018,299.959,  0.000,  0.000
  0.018,299.973,  0.000,  0.000
  0.018,299.985,  0.000,  0.000
  0.018,299.984,  0.000,  0.000
  0.018,299.959,  0.000,  0.000
  0.018,299.926,  0.000,  0.000
  0.018,299.895,  0.000,  0.000
  0.018,299.894,  0.000,  0.000
  0.018,299.873,  0.000,  0.000
  0.018,300.022,  0.000,  0.000
  0.018,300.033,  0.000,  0.000
  0.018,300.072,  0.000,  0.000
  0.018,300.093,  0.000,  0.000
  0.018,300.062,  0.000,  0.000
  0.018,299.982,  0.000,  0.000
  0.018,299.899,  0.000,  0.000
  0.018,299.822,  0.000,  0.000
  0.018,299.797,  0.000,  0.000
  0.018,299.816,  0.000,  0.000
  0.018,299.844,  0.000,  0.000
  0.018,299.868,  0.000,  0.000
  0.018,299.907,  0.000,  0.000
  0.018,299.945,  0.000,  0.000
  0.018,299.968,  0.000,  0.000
  0.018,299.978,  0.000,  0.000
  0.018,299.984,  0.000,  0.000
  0.018,299.989,  0.000,  0.000
  0.018,299.994,  0.000,  0.000
  0.018,299.990,  0.000,  0.000
  0.018,299.969,  0.000,  0.000
  0.018,299.949,  0.000,  0.000
  0.018,299.934,  0.000,  0.000
  0.018,299.934,  0.000,  0.000
  0.018,299.909,  0.000,  0.000
  0.018,300.077,  0.000,  0.000
  0.018,300.062,  0.000,  0.000
  0.018,300.063,  0.000,  0.000
  0.018,300.056,  0.000,  0.000
  0.018,300.033,  0.000,  0.000
  0.019,299.994,  0.000,  0.000
  0.018,299.928,  0.000,  0.000
  0.018,299.861,  0.000,  0.000
  0.018,299.809,  0.000,  0.000
  0.018,299.827,  0.000,  0.000
  0.018,299.862,  0.000,  0.000
  0.018,299.900,  0.000,  0.000
  0.018,299.931,  0.000,  0.000
  0.018,299.948,  0.000,  0.000
  0.018,299.952,  0.000,  0.000
  0.018,299.961,  0.000,  0.000
  0.018,299.989,  0.000,  0.000
  0.018,300.008,  0.000,  0.000
  0.018,299.992,  0.000,  0.000
  0.018,299.949,  0.000,  0.000
  0.018,299.914,  0.000,  0.000
  0.018,299.917,  0.000,  0.000
  0.018,299.930,  0.000,  0.000
  0.018,299.935,  0.000,  0.000
  0.018,299.902,  0.000,  0.000
  0.018,300.124,  0.000,  0.000
  0.018,300.092,  0.000,  0.000
  0.018,300.063,  0.000,  0.000
  0.018,300.063,  0.000,  0.000
  0.018,300.052,  0.000,  0.000
  0.018,300.010,  0.000,  0.000
  0.018,299.945,  0.000,  0.000
  0.018,299.892,  0.000,  0.000
  0.018,299.853,  0.000,  0.000
  0.018,299.833,  0.000,  0.000
  0.018,299.848,  0.000,  0.000
  0.018,299.886,  0.000,  0.000
  0.018,299.918,  0.000,  0.000
  0.018,299.959,  0.000,  0.000
  0.018,299.983,  0.000,  0.000
  0.018,300.007,  0.000,  0.000
  0.018,300.007,  0.000,  0.000
  0.018,299.991,  0.000,  0.000
  0.018,299.934,  0.000,  0.000
  0.018,299.861,  0.000,  0.000
  0.018,299.847,  0.000,  0.000
  0.018,299.899,  0.000,  0.000
  0.018,299.942,  0.000,  0.000
  0.018,299.941,  0.000,  0.000
  0.018,299.910,  0.000,  0.000
  0.018,300.131,  0.000,  0.000
  0.018,300.100,  0.000,  0.000
  0.018,300.093,  0.000,  0.000
  0.018,300.115,  0.000,  0.000
  0.018,300.102,  0.000,  0.000
  0.018,300.030,  0.000,  0.000
  0.018,299.955,  0.000,  0.000
  0.018,299.921,  0.000,  0.000
  0.018,299.904,  0.000,  0.000
  0.018,299.951,  0.000,  0.000
  0.018,299.865,  0.000,  0.000
  0.018,299.819,  0.000,  0.000
  0.018,299.733,  0.000,  0.000
  0.018,299.768,  0.000,  0.000
  0.017,299.946,  0.000,  0.000
  0.018,300.046,  0.000,  0.000
  0.018,300.004,  0.000,  0.000
  0.018,299.924,  0.000,  0.000
  0.018,299.872,  0.000,  0.000
  0.018,299.867,  0.000,  0.000
  0.018,299.896,  0.000,  0.000
  0.018,299.929,  0.000,  0.000
  0.018,299.938,  0.000,  0.000
  0.018,299.925,  0.000,  0.000
  0.018,299.906,  0.000,  0.000
  0.018,300.112,  0.000,  0.000
  0.018,300.094,  0.000,  0.000
  0.018,300.111,  0.000,  0.000
  0.018,300.144,  0.000,  0.000
  0.018,300.119,  0.000,  0.000
  0.018,300.028,  0.000,  0.000
  0.018,299.948,  0.000,  0.000
  0.018,299.929,  0.000,  0.000
  0.018,299.937,  0.000,  0.000
  0.018,299.937,  0.000,  0.000
  0.018,299.883,  0.000,  0.000
  0.019,299.708,  0.000,  0.000
  0.018,299.501,  0.000,  0.000
  0.018,299.547,  0.000,  0.000
  0.018,299.859,  0.000,  0.000
  0.018,300.038,  0.000,  0.000
  0.018,299.958,  0.000,  0.000
  0.018,299.859,  0.000,  0.000
  0.018,299.862,  0.000,  0.000
  0.018,299.907,  0.000,  0.000
  0.018,299.933,  0.000,  0.000
  0.018,299.949,  0.000,  0.000
  0.018,299.951,  0.000,  0.000
  0.018,299.955,  0.000,  0.000
  0.018,299.938,  0.000,  0.000
  0.018,300.118,  0.000,  0.000
  0.018,300.083,  0.000,  0.000
  0.018,300.067,  0.000,  0.000
  0.018,300.102,  0.000,  0.000
  0.018,300.115,  0.000,  0.000
  0.018,300.052,  0.000,  0.000
  0.018,299.994,  0.000,  0.000
  0.018,299.980,  0.000,  0.000
  0.018,299.988,  0.000,  0.000
  0.018,299.988,  0.000,  0.000
  0.018,299.952,  0.000,  0.000
  0.018,299.830,  0.000,  0.000
  0.018,299.713,  0.000,  0.000
  0.018,299.731,  0.000,  0.000
  0.018,299.853,  0.000,  0.000
  0.018,299.965,  0.000,  0.000
  0.018,299.992,  0.000,  0.000
  0.018,299.969,  0.000,  0.000
  0.018,299.961,  0.000,  0.000
  0.018,299.968,  0.000,  0.000
  0.018,299.970,  0.000,  0.000
  0.018,299.968,  0.000,  0.000
  0.018,299.960,  0.000,  0.000
  0.018,299.952,  0.000,  0.000
  0.018,299.938,  0.000,  0.000
  0.018,300.128,  0.000,  0.000
  0.018,300.163,  0.000,  0.000
  0.018,300.158,  0.000,  0.000
  0.018,300.141,  0.000,  0.000
  0.018,300.111,  0.000,  0.000
  0.018,300.076,  0.000,  0.000
  0.018,300.046,  0.000,  0.000
  0.018,300.038,  0.000,  0.000
  0.018,300.035,  0.000,  0.000
  0.018,300.025,  0.000,  0.000
  0.018,299.980,  0.000,  0.000
  0.018,299.895,  0.000,  0.000
  0.018,299.823,  0.000,  0.000
  0.018,299.817,  0.000,  0.000
  0.018,299.860,  0.000,  0.000
  0.018,299.933,  0.000,  0.000
  0.018,300.016,  0.000,  0.000
  0.018,300.054,  0.000,  0.000
  0.018,300.035,  0.000,  0.000
  0.018,299.995,  0.000,  0.000
  0.018,299.978,  0.000,  0.000
  0.018,299.973,  0.000,  0.000
  0.018,299.961,  0.000,  0.000
  0.018,299.948,  0.000,  0.000
  0.018,299.945,  0.000,  0.000
  0.018,300.127,  0.000,  0.000
  0.018,300.182,  0.000,  0.000
  0.018,300.201,  0.000,  0.000
  0.018,300.183,  0.000,  0.000
  0.018,300.139,  0.000,  0.000
  0.018,300.099,  0.000,  0.000
  0.018,300.084,  0.000,  0.000
  0.018,300.081,  0.000,  0.000
  0.018,300.073,  0.000,  0.000
  0.018,300.043,  0.000,  0.000
  0.018,299.966,  0.000,  0.000
  0.018,299.873,  0.000,  0.000
  0.018,299.827,  0.000,  0.000
  0.018,299.851,  0.000,  0.000
  0.018,299.908,  0.000,  0.000
  0.018,299.969,  0.000,  0.000
  0.018,300.015,  0.000,  0.000
  0.018,300.029,  0.000,  0.000
  0.018,300.006,  0.000,  0.000
  0.018,299.974,  0.000,  0.000
  0.018,299.964,  0.000,  0.000
  0.018,299.973,  0.000,  0.000
  0.018,299.973,  0.000,  0.000
  0.018,299.963,  0.000,  0.000
  0.018,299.935,  0.000,  0.000
  0.018,300.164,  0.000,  0.000
  0.018,300.158,  0.000,  0.000
  0.018,300.162,  0.000,  0.000
  0.018,300.152,  0.000,  0.000
  0.018,300.115,  0.000,  0.000
  0.018,300.078,  0.000,  0.000
  0.018,300.078,  0.000,  0.000
  0.018,300.101,  0.000,  0.000
  0.018,300.094,  0.000,  0.000
  0.018,300.049,  0.000,  0.000
  0.018,299.984,  0.000,  0.000
  0.018,299.926,  0.000,  0.000
  0.018,299.889,  0.000,  0.000
  0.018,299.884,  0.000,  0.000
  0.018,299.905,  0.000,  0.000
  0.018,299.974,  0.000,  0.000
  0.018,300.037,  0.000,  0.000
  0.018,300.050,  0.000,  0.000
  0.018,300.025,  0.000,  0.000
  0.018,299.998,  0.000,  0.000
  0.018,299.989,  0.000,  0.000
  0.018,300.009,  0.000,  0.000
  0.018,300.032,  0.000,  0.000
  0.018,299.996,  0.000,  0.000
  0.018,299.899,  0.000,  0.000
  0.018,300.175,  0.000,  0.000
  0.018,300.113,  0.000,  0.000
  0.018,300.115,  0.000,  0.000
  0.018,300.135,  0.000,  0.000
  0.018,300.109,  0.000,  0.000
  0.018,300.055,  0.000,  0.000
  0.018,300.022,  0.000,  0.000
  0.018,300.047,  0.000,  0.000
  0.018,300.077,  0.000,  0.000
  0.018,300.060,  0.000,  0.000
  0.018,299.997,  0.000,  0.000
  0.018,299.932,  0.000,  0.000
  0.018,299.880,  0.000,  0.000
  0.018,299.891,  0.000,  0.000
  0.018,299.948,  0.000,  0.000
  0.018,300.007,  0.000,  0.000
  0.018,300.044,  0.000,  0.000
  0.018,300.059,  0.000,  0.000
  0.018,300.068,  0.000,  0.000
  0.018,300.066,  0.000,  0.000
  0.018,300.063,  0.000,  0.000
  0.018,300.067,  0.000,  0.000
  0.018,300.067,  0.000,  0.000
  0.018,300.036,  0.000,  0.000
  0.018,299.977,  0.000,  0.000
  0.018,300.113,  0.000,  0.000
  0.018,300.092,  0.000,  0.000
  0.018,300.108,  0.000,  0.000
  0.018,300.127,  0.000,  0.000
  0.018,300.104,  0.000,  0.000
  0.018,300.048,  0.000,  0.000
  0.018,300.015,  0.000,  0.000
  0.018,300.043,  0.000,  0.000
  0.018,300.086,  0.000,  0.000
  0.018,300.079,  0.000,  0.000
  0.018,300.014,  0.000,  0.000
  0.018,299.934,  0.000,  0.000
  0.018,299.896,  0.000,  0.000
  0.018,299.913,  0.000,  0.000
  0.018,299.965,  0.000,  0.000
  0.018,300.012,  0.000,  0.000
  0.018,300.034,  0.000,  0.000
  0.018,300.040,  0.000,  0.000
  0.018,300.071,  0.000,  0.000
  0.018,300.090,  0.000,  0.000
  0.018,300.086,  0.000,  0.000
  0.018,300.079,  0.000,  0.000
  0.018,300.061,  0.000,  0.000
  0.018,300.011,  0.000,  0.000
  0.018,299.964,  0.000,  0.000
  0.018,300.140,  0.000,  0.000
  0.018,300.149,  0.000,  0.000
  0.018,300.163,  0.000,  0.000
  0.018,300.164,  0.000,  0.000
  0.018,300.139,  0.000,  0.000
  0.018,300.079,  0.000,  0.000
  0.018,300.030,  0.000,  0.000
  0.018,300.027,  0.000,  0.000
  0.018,300.054,  0.000,  0.000
  0.018,300.062,  0.000,  0.000
  0.018,300.028,  0.000,  0.000
  0.018,299.977,  0.000,  0.000
  0.018,299.949,  0.000,  0.000
  0.018,299.943,  0.000,  0.000
  0.018,299.950,  0.000,  0.000
  0.018,299.970,  0.000,  0.000
  0.018,299.984,  0.000,  0.000
  0.019,300.013,  0.000,  0.000
  0.018,300.069,  0.000,  0.000
  0.018,300.114,  0.000,  0.000
  0.018,300.123,  0.000,  0.000
  0.018,300.083,  0.000,  0.000
  0.018,300.052,  0.000,  0.000
  0.018,300.035,  0.000,  0.000
  0.018,300.003,  0.000,  0.000
  0.018,300.143,  0.000,  0.000
  0.018,300.167,  0.000,  0.000
  0.018,300.188,  0.000,  0.000
  0.018,300.192,  0.000,  0.000
  0.018,300.177,  0.000,  0.000
  0.018,300.137,  0.000,  0.000
  0.018,300.084,  0.000,  0.000
  0.018,300.060,  0.000,  0.000
  0.018,300.075,  0.000,  0.000
  0.018,300.074,  0.000,  0.000
  0.018,300.042,  0.000,  0.000
  0.018,300.009,  0.000,  0.000
  0.018,299.995,  0.000,  0.000
  0.018,299.992,  0.000,  0.000
  0.018,300.068,  0.000,  0.000
  0.018,300.006,  0.000,  0.000
  0.018,300.060,  0.000,  0.000
  0.018,300.117,  0.000,  0.000
  0.018,300.129,  0.000,  0.000
  0.018,300.123,  0.000,  0.000
  0.018,300.141,  0.000,  0.000
  0.018,300.144,  0.000,  0.000
  0.018,300.095,  0.000,  0.000
  0.018,299.990,  0.000,  0.000
  0.018,299.917,  0.000,  0.000
  0.018,300.157,  0.000,  0.000
  0.018,300.153,  0.000,  0.000
  0.018,300.151,  0.000,  0.000
  0.018,300.150,  0.000,  0.000
  0.018,300.154,  0.000,  0.000
  0.018,300.165,  0.000,  0.000
  0.018,300.179,  0.000,  0.000
  0.018,300.185,  0.000,  0.000
  0.018,300.180,  0.000,  0.000
  0.018,300.141,  0.000,  0.000
  0.018,300.071,  0.000,  0.000
  0.018,300.025,  0.000,  0.000
  0.018,300.050,  0.000,  0.000
  0.018,300.090,  0.000,  0.000
  0.018,300.071,  0.000,  0.000
  0.019,300.037,  0.000,  0.000
  0.019,300.053,  0.000,  0.000
  0.018,300.089,  0.000,  0.000
  0.018,300.104,  0.000,  0.000
  0.018,300.125,  0.000,  0.000
  0.018,300.119,  0.000,  0.000
  0.018,300.110,  0.000,  0.000
  0.018,300.088,  0.000,  0.000
  0.018,300.014,  0.000,  0.000
  0.018,299.918,  0.000,  0.000
