  0.020,300.001,  0.000,  0.000
  0.020,299.942,  0.000,  0.000
  0.020,300.212,  0.000,  0.000
  0.019,300.721,  0.000,  0.000
  0.019,300.812,  0.000,  0.000
  0.019,300.760,  0.000,  0.000
  0.019,300.803,  0.000,  0.000
  0.019,300.770,  0.000,  0.000
  0.020,300.709,  0.000,  0.000
  0.019,300.739,  0.000,  0.040
  0.019,300.805,  0.000,  0.040
  0.019,300.809,  0.000,  0.040
  0.020,300.744,  0.000,  0.040
  0.020,300.671,  0.000,  0.020
  0.020,300.658,  0.000,  0.020
  0.019,300.690,  0.000,  0.020
  0.019,300.705,  0.000,  0.000
  0.020,300.692,  0.000,  0.000
  0.020,300.677,  0.000,  0.000
  0.020,300.653,  0.000,  0.000
  0.020,300.602,  0.000,  0.000
  0.020,300.548,  0.000,  0.000
  0.019,300.516,  0.000,  0.000
  0.019,300.543,  0.000,  0.000
  0.020,300.587,  0.000,  0.000
  0.020,300.124,  0.000,  0.190
  0.020,300.444,  0.000,  0.190
  0.019,300.820,  0.000,  0.140
  0.019,300.851,  0.000,  0.140
  0.020,300.745,  0.000,  0.140
  0.019,300.758,  0.000,  0.140
  0.019,300.835,  0.000,  0.110
  0.019,300.822,  0.000,  0.110
  0.019,300.764,  0.000,  0.110
  0.019,300.743,  0.000,  0.080
  0.019,300.809,  0.000,  0.080
  0.019,300.845,  0.000,  0.080
  0.019,300.785,  0.000,  0.080
  0.020,300.687,  0.000,  0.060
  0.020,300.640,  0.000,  0.060
  0.020,300.657,  0.000,  0.060
  0.019,300.683,  0.000,  0.020
  0.020,300.690,  0.000,  0.020
  0.020,300.682,  0.000,  0.020
  0.020,300.653,  0.000,  0.020
  0.020,300.600,  0.000,  0.000
  0.020,300.552,  0.000,  0.000
  0.020,300.523,  0.000,  0.000
  0.020,300.544,  0.000,  0.000
  0.020,300.573,  0.000,  0.000
  0.020,300.409,  0.000,  0.190
  0.019,300.880,  0.000,  0.190
  0.019,300.959,  0.000,  0.140
  0.019,300.890,  0.000,  0.140
  0.020,300.796,  0.000,  0.140
  0.020,300.750,  0.000,  0.140
  0.019,300.802,  0.000,  0.110
  0.019,300.848,  0.000,  0.110
  0.019,300.831,  0.000,  0.110
  0.020,300.770,  0.000,  0.080
  0.020,300.746,  0.000,  0.080
  0.019,300.771,  0.000,  0.080
  0.019,300.783,  0.000,  0.080
  0.019,300.770,  0.000,  0.060
  0.020,300.728,  0.000,  0.060
  0.020,300.684,  0.000,  0.060
  0.020,300.666,  0.000,  0.020
  0.020,300.680,  0.000,  0.020
  0.020,300.695,  0.000,  0.020
  0.020,300.688,  0.000,  0.020
  0.020,300.650,  0.000,  0.000
  0.020,300.604,  0.000,  0.000
  0.020,300.576,  0.000,  0.000
  0.020,300.594,  0.000,  0.000
  0.020,300.620,  0.000,  0.000
  0.019,300.820,  0.000,  0.190
  0.019,300.881,  0.000,  0.190
  0.019,300.875,  0.000,  0.140
  0.019,300.881,  0.000,  0.140
  0.019,300.852,  0.000,  0.140
  0.020,300.810,  0.000,  0.140
  0.020,300.799,  0.000,  0.110
  0.019,300.827,  0.000,  0.110
  0.019,300.850,  0.000,  0.110
  0.019,300.822,  0.000,  0.080
  0.020,300.756,  0.000,  0.080
  0.020,300.711,  0.000,  0.080
  0.020,300.730,  0.000,  0.080
  0.019,300.765,  0.000,  0.060
  0.019,300.766,  0.000,  0.060
  0.020,300.735,  0.000,  0.060
  0.020,300.706,  0.000,  0.020
  0.020,300.701,  0.000,  0.020
  0.020,300.709,  0.000,  0.020
  0.020,300.715,  0.000,  0.020
  0.020,300.720,  0.000,  0.000
  0.020,300.726,  0.000,  0.000
  0.020,300.726,  0.000,  0.000
  0.020,300.735,  0.000,  0.000
  0.020,300.722,  0.000,  0.000
  0.019,300.926,  0.000,  0.190
  0.019,300.875,  0.000,  0.190
  0.020,300.847,  0.000,  0.140
  0.019,300.846,  0.000,  0.140
  0.019,300.858,  0.000,  0.140
  0.019,300.849,  0.000,  0.140
  0.019,300.820,  0.000,  0.110
  0.020,300.805,  0.000,  0.110
  0.019,300.820,  0.000,  0.110
  0.019,300.834,  0.000,  0.080
  0.019,300.813,  0.000,  0.080
  0.020,300.761,  0.000,  0.080
  0.020,300.722,  0.000,  0.080
  0.020,300.728,  0.000,  0.060
  0.020,300.746,  0.000,  0.060
  0.020,300.751,  0.000,  0.060
  0.020,300.739,  0.000,  0.020
  0.020,300.729,  0.000,  0.020
  0.020,300.725,  0.000,  0.020
  0.020,300.724,  0.000,  0.020
  0.020,300.737,  0.000,  0.000
  0.020,300.776,  0.000,  0.000
  0.019,300.820,  0.000,  0.000
  0.020,300.841,  0.000,  0.000
  0.020,300.755,  0.000,  0.000
  0.019,300.923,  0.000,  0.200
  0.019,300.920,  0.000,  0.200
  0.019,300.879,  0.000,  0.940
  0.020,300.844,  0.000,  0.940
  0.019,300.843,  0.000,  0.940
  0.019,300.848,  0.000,  0.940
  0.019,300.832,  0.000,  0.530
  0.019,300.799,  0.000,  0.530
  0.020,300.779,  0.000,  0.530
  0.019,300.795,  0.000,  0.300
  0.019,300.819,  0.000,  0.300
  0.019,300.811,  0.000,  0.300
  0.020,300.773,  0.000,  0.300
  0.020,300.735,  0.000,  0.400
  0.020,300.730,  0.000,  0.400
  0.020,300.745,  0.000,  0.400
  0.020,300.756,  0.000,  0.130
  0.020,300.752,  0.000,  0.130
  0.020,300.742,  0.000,  0.130
  0.020,300.736,  0.000,  0.130
  0.020,300.744,  0.000,  0.000
  0.020,300.771,  0.000,  0.000
  0.020,300.808,  0.000,  0.000
  0.020,300.834,  0.000,  0.000
  0.020,300.767,  0.000,  0.000
  0.019,300.891,  0.000,  0.200
  0.019,300.914,  0.000,  0.200
  0.019,300.918,  0.000,  0.940
  0.019,300.897,  0.000,  0.940
  0.019,300.848,  0.000,  0.940
  0.019,300.816,  0.000,  0.940
  0.019,300.811,  0.000,  0.530
  0.019,300.803,  0.000,  0.530
  0.019,300.788,  0.000,  0.530
  0.020,300.779,  0.000,  0.300
  0.019,300.795,  0.000,  0.300
  0.019,300.810,  0.000,  0.300
  0.019,300.808,  0.000,  0.300
  0.020,300.784,  0.000,  0.400
  0.020,300.762,  0.000,  0.400
  0.020,300.762,  0.000,  0.400
  0.020,300.770,  0.000,  0.130
  0.020,300.767,  0.000,  0.130
  0.020,300.760,  0.000,  0.130
  0.020,300.760,  0.000,  0.130
  0.020,300.769,  0.000,  0.000
  0.020,300.782,  0.000,  0.000
  0.020,300.792,  0.000,  0.000
  0.020,300.809,  0.000,  0.000
  0.020,300.799,  0.000,  0.000
  0.019,300.865,  0.000,  0.200
  0.019,300.863,  0.000,  0.200
  0.019,300.910,  0.000,  0.940
  0.019,300.928,  0.000,  0.940
  0.019,300.873,  0.000,  0.940
  0.020,300.798,  0.000,  0.940
  0.020,300.772,  0.000,  0.530
  0.019,300.793,  0.000,  0.530
  0.019,300.808,  0.000,  0.530
  0.019,300.802,  0.000,  0.300
  0.020,300.797,  0.000,  0.300
  0.020,300.804,  0.000,  0.300
  0.020,300.813,  0.000,  0.300
  0.020,300.813,  0.000,  0.400
  0.020,300.800,  0.000,  0.400
  0.020,300.790,  0.000,  0.400
  0.020,300.791,  0.000,  0.130
  0.020,300.791,  0.000,  0.130
  0.020,300.788,  0.000,  0.130
  0.020,300.791,  0.000,  0.130
  0.020,300.798,  0.001,  0.000
  0.020,300.806,  0.001,  0.000
  0.020,300.813,  0.000,  0.000
  0.020,300.837,  0.000,  0.000
  0.020,300.863,  0.000,  0.000
  0.019,300.899,  0.000,  0.200
  0.019,300.840,  0.000,  0.200
  0.019,300.871,  0.000,  0.940
  0.019,300.900,  0.000,  0.940
  0.019,300.873,  0.000,  0.940
  0.019,300.810,  0.000,  0.940
  0.020,300.768,  0.000,  0.530
  0.019,300.776,  0.000,  0.530
  0.019,300.802,  0.000,  0.530
  0.019,300.815,  0.000,  0.300
  0.020,300.808,  0.000,  0.300
  0.020,300.795,  0.000,  0.300
  0.020,300.798,  0.000,  0.300
  0.020,300.813,  0.000,  0.400
  0.020,300.818,  0.000,  0.400
  0.020,300.810,  0.000,  0.400
  0.020,300.807,  0.000,  0.130
  0.020,300.818,  0.000,  0.130
  0.020,300.831,  0.000,  0.130
  0.020,300.833,  0.002,  0.130
  0.020,300.825,  0.009,  0.000
  0.020,300.816,  0.014,  0.000
  0.020,300.820,  0.010,  0.000
  0.019,300.838,  0.006,  0.000
  0.019,300.873,  0.003,  0.000
  0.019,300.926,  0.000,  1.760
  0.019,300.879,  0.000,  1.760
  0.019,300.857,  0.000,  1.980
  0.019,300.852,  0.000,  1.980
  0.019,300.835,  0.000,  1.980
  0.019,300.803,  0.000,  1.980
  0.020,300.785,  0.000,  0.750
  0.019,300.791,  0.000,  0.750
  0.019,300.807,  0.000,  0.750
  0.019,300.807,  0.000,  0.260
  0.019,300.793,  0.000,  0.260
  0.020,300.783,  0.001,  0.260
  0.020,300.788,  0.002,  0.260
  0.020,300.808,  0.001,  1.210
  0.020,300.827,  0.001,  1.210
  0.020,300.833,  0.002,  1.210
  0.020,300.831,  0.003,  0.490
  0.020,300.838,  0.004,  0.490
  0.020,300.854,  0.004,  0.490
  0.019,300.864,  0.006,  0.490
  0.020,300.858,  0.022,  0.000
  0.020,300.840,  0.040,  0.000
  0.020,300.816,  0.037,  0.000
  0.020,300.803,  0.030,  0.520
  0.019,300.815,  0.021,  0.520
  0.019,300.908,  0.000,  1.760
  0.019,300.893,  0.000,  1.760
  0.019,300.860,  0.000,  1.980
  0.019,300.818,  0.000,  1.980
  0.019,300.793,  0.000,  1.980
  0.019,300.796,  0.000,  1.980
  0.019,300.816,  0.000,  0.750
  0.019,300.827,  0.000,  0.750
  0.019,300.825,  0.000,  0.750
  0.019,300.810,  0.000,  0.260
  0.019,300.794,  0.001,  0.260
  0.019,300.789,  0.005,  0.260
  0.019,300.800,  0.012,  0.260
  0.019,300.821,  0.015,  1.210
  0.019,300.841,  0.015,  1.210
  0.019,300.853,  0.017,  1.210
  0.019,300.859,  0.023,  0.490
  0.019,300.862,  0.037,  0.490
  0.019,300.862,  0.055,  0.490
  0.019,300.865,  0.054,  0.490
  0.019,300.869,  0.021,  0.000
  0.019,300.868,  0.004,  0.000
  0.019,300.857,  0.011,  0.000
  0.020,300.834,  0.021,  0.520
  0.020,300.827,  0.026,  0.520
  0.019,300.868,  0.000,  1.760
  0.019,300.878,  0.000,  1.760
  0.019,300.865,  0.000,  1.980
  0.019,300.824,  0.000,  1.980
  0.020,300.791,  0.000,  1.980
  0.019,300.808,  0.000,  1.980
  0.019,300.843,  0.000,  0.750
  0.019,300.864,  0.000,  0.750
  0.019,300.858,  0.000,  0.750
  0.019,300.835,  0.000,  0.260
  0.019,300.806,  0.000,  0.260
  0.020,300.804,  0.004,  0.260
  0.019,300.824,  0.017,  0.260
  0.019,300.846,  0.036,  1.210
  0.019,300.860,  0.056,  1.210
  0.019,300.863,  0.077,  1.210
  0.019,300.854,  0.104,  0.490
  0.019,300.843,  0.152,  0.490
  0.019,300.838,  0.231,  0.490
  0.019,300.847,  0.260,  0.490
  0.019,300.864,  0.144,  0.000
  0.019,300.883,  0.036,  0.000
  0.019,300.893,  0.015,  0.000
  0.019,300.894,  0.014,  0.520
  0.019,300.881,  0.010,  0.520
  0.019,300.850,  0.000,  1.760
  0.019,300.863,  0.000,  1.760
  0.019,300.870,  0.000,  1.980
  0.019,300.857,  0.000,  1.980
  0.019,300.838,  0.000,  1.980
  0.019,300.848,  0.000,  1.980
  0.019,300.868,  0.000,  0.750
  0.019,300.880,  0.000,  0.750
  0.019,300.871,  0.000,  0.750
  0.019,300.854,  0.000,  0.260
  0.019,300.839,  0.000,  0.260
  0.019,300.834,  0.000,  0.260
  0.019,300.838,  0.003,  0.260
  0.019,300.849,  0.014,  1.210
  0.019,300.863,  0.038,  1.210
  0.019,300.864,  0.076,  1.210
  0.019,300.842,  0.134,  0.490
  0.019,300.818,  0.239,  0.490
  0.019,300.822,  0.410,  0.490
  0.019,300.842,  0.621,  0.490
  0.019,300.857,  0.673,  0.000
  0.019,300.862,  0.411,  0.000
  0.019,300.868,  0.126,  0.000
  0.019,300.882,  0.040,  0.520
  0.019,300.891,  0.021,  0.520
  0.019,300.880,  0.000,  0.570
  0.019,300.883,  0.000,  0.570
  0.019,300.887,  0.000,  0.200
  0.019,300.879,  0.000,  0.200
  0.019,300.874,  0.000,  0.200
  0.019,300.873,  0.000,  0.200
  0.019,300.868,  0.000,  0.000
  0.019,300.860,  0.000,  0.000
  0.019,300.849,  0.000,  0.000
  0.019,300.840,  0.000,  0.750
  0.019,300.839,  0.000,  0.750
  0.019,300.838,  0.000,  0.750
  0.019,300.836,  0.000,  0.750
  0.019,300.836,  0.000,  1.150
  0.019,300.843,  0.000,  1.150
  0.019,300.849,  0.000,  1.150
  0.019,300.837,  0.001,  1.280
  0.019,300.817,  0.018,  1.280
  0.019,300.821,  0.113,  1.280
  0.019,300.838,  0.338,  1.280
  0.019,300.851,  0.613,  0.380
  0.019,300.842,  0.614,  0.380
  0.019,300.831,  0.293,  0.380
  0.019,300.839,  0.082,  0.260
  0.019,300.860,  0.034,  0.260
  0.019,300.893,  0.000,  0.570
  0.019,300.887,  0.000,  0.570
  0.019,300.884,  0.000,  0.200
  0.019,300.879,  0.000,  0.200
  0.019,300.875,  0.000,  0.200
  0.019,300.870,  0.000,  0.200
  0.019,300.854,  0.000,  0.000
  0.019,300.835,  0.000,  0.000
  0.019,300.816,  0.000,  0.000
  0.020,300.805,  0.000,  0.750
  0.020,300.810,  0.000,  0.750
  0.019,300.816,  0.000,  0.750
  0.020,300.813,  0.000,  0.750
  0.020,300.814,  0.000,  1.150
  0.020,300.817,  0.000,  1.150
  0.019,300.825,  0.000,  1.150
  0.019,300.829,  0.001,  1.280
  0.019,300.827,  0.001,  1.280
  0.019,300.831,  0.000,  1.280
  0.020,300.837,  0.000,  1.280
  0.020,300.843,  0.001,  0.380
  0.019,300.843,  0.002,  0.380
  0.019,300.848,  0.010,  0.380
  0.019,300.862,  0.029,  0.260
  0.019,300.875,  0.051,  0.260
