  0.017,300.354,  0.000,  0.040
  0.017,300.346,  0.000,  0.040
  0.017,300.338,  0.000,  0.020
  0.017,300.329,  0.000,  0.020
  0.017,300.321,  0.000,  0.020
  0.017,300.313,  0.000,  0.020
  0.017,300.306,  0.000,  0.010
  0.017,300.299,  0.000,  0.010
  0.017,300.293,  0.000,  0.010
  0.017,300.288,  0.000,  0.010
  0.017,300.283,  0.000,  0.010
  0.017,300.278,  0.000,  0.010
  0.017,300.274,  0.000,  0.010
  0.017,300.272,  0.000,  0.000
  0.017,300.271,  0.000,  0.000
  0.017,300.270,  0.000,  0.000
  0.017,300.271,  0.000,  0.000
  0.017,300.272,  0.000,  0.000
  0.017,300.274,  0.000,  0.000
  0.017,300.276,  0.000,  0.000
  0.017,300.278,  0.000,  0.000
  0.017,300.280,  0.000,  0.000
  0.017,300.282,  0.000,  0.000
  0.017,300.301,  0.000,  0.000
  0.017,300.301,  0.000,  0.000
  0.019,300.594,  0.000,  0.000
  0.017,300.374,  0.000,  0.000
  0.017,300.364,  0.000,  0.000
  0.017,300.355,  0.000,  0.000
  0.017,300.346,  0.000,  0.000
  0.017,300.337,  0.000,  0.000
  0.017,300.328,  0.000,  0.000
  0.017,300.321,  0.000,  0.000
  0.017,300.314,  0.000,  0.000
  0.017,300.307,  0.000,  0.000
  0.017,300.301,  0.000,  0.000
  0.017,300.296,  0.000,  0.000
  0.017,300.291,  0.000,  0.000
  0.017,300.288,  0.000,  0.000
  0.017,300.286,  0.000,  0.000
  0.017,300.285,  0.000,  0.000
  0.017,300.285,  0.000,  0.000
  0.017,300.285,  0.000,  0.000
  0.017,300.286,  0.000,  0.000
  0.017,300.288,  0.000,  0.000
  0.017,300.289,  0.000,  0.000
  0.017,300.290,  0.000,  0.000
  0.017,300.292,  0.000,  0.000
  0.017,300.310,  0.000,  0.000
  0.017,300.309,  0.000,  0.000
  0.019,300.614,  0.000,  0.000
  0.019,300.607,  0.000,  0.000
  0.019,300.601,  0.000,  0.000
  0.019,300.594,  0.000,  0.000
  0.017,300.370,  0.000,  0.000
  0.017,300.359,  0.000,  0.000
  0.017,300.350,  0.000,  0.000
  0.017,300.341,  0.000,  0.000
  0.017,300.333,  0.000,  0.000
  0.017,300.326,  0.000,  0.000
  0.017,300.319,  0.000,  0.000
  0.017,300.313,  0.000,  0.000
  0.017,300.308,  0.000,  0.000
  0.017,300.304,  0.000,  0.000
  0.017,300.300,  0.000,  0.000
  0.017,300.298,  0.000,  0.000
  0.017,300.298,  0.000,  0.000
  0.017,300.297,  0.000,  0.000
  0.017,300.298,  0.000,  0.000
  0.017,300.298,  0.000,  0.000
  0.017,300.299,  0.000,  0.000
  0.017,300.300,  0.000,  0.000
  0.017,300.301,  0.000,  0.000
  0.017,300.318,  0.000,  0.000
  0.017,300.317,  0.000,  0.000
  0.019,300.635,  0.000,  0.000
  0.019,300.628,  0.000,  0.000
  0.019,300.620,  0.000,  0.000
  0.019,300.613,  0.000,  0.000
  0.019,300.605,  0.000,  0.000
  0.019,300.599,  0.000,  0.000
  0.017,300.372,  0.000,  0.000
  0.017,300.361,  0.000,  0.000
  0.017,300.353,  0.000,  0.000
  0.017,300.344,  0.000,  0.000
  0.017,300.336,  0.000,  0.000
  0.017,300.329,  0.000,  0.000
  0.017,300.323,  0.000,  0.000
  0.017,300.318,  0.000,  0.000
  0.017,300.314,  0.000,  0.000
  0.017,300.312,  0.000,  0.000
  0.017,300.310,  0.000,  0.000
  0.017,300.309,  0.000,  0.000
  0.017,300.308,  0.000,  0.000
  0.017,300.308,  0.000,  0.000
  0.017,300.309,  0.000,  0.000
  0.017,300.309,  0.000,  0.000
  0.017,300.310,  0.000,  0.000
  0.017,300.325,  0.000,  0.000
  0.017,300.324,  0.000,  0.000
  0.019,300.655,  0.000,  0.000
  0.019,300.648,  0.000,  0.000
  0.019,300.640,  0.000,  0.000
  0.019,300.631,  0.000,  0.000
  0.019,300.624,  0.000,  0.000
  0.019,300.616,  0.000,  0.000
  0.019,300.609,  0.000,  0.000
  0.019,300.602,  0.000,  0.000
  0.017,300.372,  0.000,  0.000
  0.017,300.361,  0.000,  0.000
  0.017,300.353,  0.000,  0.000
  0.017,300.345,  0.000,  0.000
  0.017,300.338,  0.000,  0.000
  0.017,300.332,  0.000,  0.000
  0.017,300.327,  0.000,  0.000
  0.017,300.324,  0.000,  0.000
  0.017,300.322,  0.000,  0.000
  0.017,300.320,  0.000,  0.000
  0.017,300.319,  0.000,  0.000
  0.017,300.318,  0.000,  0.000
  0.017,300.318,  0.000,  0.000
  0.017,300.317,  0.000,  0.000
  0.017,300.318,  0.000,  0.000
  0.017,300.331,  0.000,  0.000
  0.017,300.330,  0.000,  0.000
  0.019,300.674,  0.000,  0.080
  0.019,300.666,  0.000,  0.080
  0.019,300.658,  0.000,  0.020
  0.019,300.650,  0.000,  0.020
  0.019,300.641,  0.000,  0.020
  0.019,300.632,  0.000,  0.020
  0.019,300.625,  0.000,  0.040
  0.019,300.618,  0.000,  0.040
  0.019,300.611,  0.000,  0.040
  0.019,300.604,  0.000,  0.020
  0.017,300.371,  0.000,  0.020
  0.017,300.361,  0.000,  0.020
  0.017,300.353,  0.000,  0.020
  0.017,300.346,  0.000,  0.000
  0.017,300.341,  0.000,  0.000
  0.017,300.336,  0.000,  0.000
  0.017,300.333,  0.000,  0.000
  0.017,300.330,  0.000,  0.000
  0.017,300.328,  0.000,  0.000
  0.017,300.327,  0.000,  0.000
  0.017,300.326,  0.000,  0.000
  0.017,300.325,  0.000,  0.000
  0.017,300.325,  0.000,  0.000
  0.017,300.337,  0.000,  0.000
  0.017,300.336,  0.000,  0.000
  0.019,300.692,  0.000,  0.080
  0.019,300.684,  0.000,  0.080
  0.019,300.675,  0.000,  0.020
  0.019,300.667,  0.000,  0.020
  0.019,300.658,  0.000,  0.020
  0.019,300.649,  0.000,  0.020
  0.019,300.641,  0.000,  0.040
  0.019,300.633,  0.000,  0.040
  0.019,300.626,  0.000,  0.040
  0.019,300.619,  0.000,  0.020
  0.019,300.612,  0.000,  0.020
  0.019,300.606,  0.000,  0.020
  0.017,300.370,  0.000,  0.020
  0.017,300.361,  0.000,  0.000
  0.017,300.355,  0.000,  0.000
  0.017,300.349,  0.000,  0.000
  0.017,300.345,  0.000,  0.000
  0.017,300.340,  0.000,  0.000
  0.017,300.336,  0.000,  0.000
  0.017,300.334,  0.000,  0.000
  0.017,300.334,  0.000,  0.000
  0.017,300.334,  0.000,  0.000
  0.017,300.335,  0.000,  0.000
  0.017,300.345,  0.000,  0.000
  0.017,300.345,  0.000,  0.000
  0.019,300.707,  0.000,  0.080
  0.019,300.699,  0.000,  0.080
  0.019,300.691,  0.000,  0.020
  0.019,300.683,  0.000,  0.020
  0.019,300.674,  0.000,  0.020
  0.019,300.665,  0.000,  0.020
  0.019,300.657,  0.000,  0.040
  0.019,300.649,  0.000,  0.040
  0.019,300.641,  0.000,  0.040
  0.019,300.633,  0.000,  0.020
  0.019,300.626,  0.000,  0.020
  0.019,300.620,  0.000,  0.020
  0.019,300.614,  0.000,  0.020
  0.019,300.610,  0.000,  0.000
  0.017,300.372,  0.000,  0.000
  0.017,300.364,  0.000,  0.000
  0.017,300.358,  0.000,  0.000
  0.017,300.352,  0.000,  0.000
  0.017,300.350,  0.000,  0.000
  0.017,300.349,  0.000,  0.000
  0.017,300.349,  0.000,  0.000
  0.017,300.349,  0.000,  0.000
  0.017,300.349,  0.000,  0.000
  0.017,300.355,  0.000,  0.000
  0.017,300.355,  0.000,  0.000
  0.019,300.721,  0.000,  0.080
  0.019,300.713,  0.000,  0.080
  0.019,300.705,  0.000,  0.020
  0.019,300.697,  0.000,  0.020
  0.019,300.689,  0.000,  0.020
  0.019,300.680,  0.000,  0.020
  0.019,300.672,  0.000,  0.040
  0.019,300.664,  0.000,  0.040
  0.019,300.655,  0.000,  0.040
  0.019,300.647,  0.000,  0.020
  0.019,300.638,  0.000,  0.020
  0.019,300.632,  0.000,  0.020
  0.019,300.625,  0.000,  0.020
  0.019,300.619,  0.000,  0.000
  0.019,300.615,  0.000,  0.000
  0.019,300.613,  0.000,  0.000
  0.017,300.374,  0.000,  0.000
  0.017,300.370,  0.000,  0.000
  0.017,300.367,  0.000,  0.000
  0.017,300.364,  0.000,  0.000
  0.017,300.362,  0.000,  0.000
  0.017,300.361,  0.000,  0.000
  0.017,300.361,  0.000,  0.000
  0.017,300.365,  0.000,  0.000
  0.017,300.364,  0.000,  0.000
  0.019,300.731,  0.000,  0.080
  0.019,300.725,  0.000,  0.080
  0.019,300.717,  0.000,  0.090
  0.019,300.710,  0.000,  0.090
  0.019,300.702,  0.000,  0.090
  0.019,300.694,  0.000,  0.090
  0.019,300.686,  0.000,  0.060
  0.019,300.678,  0.000,  0.060
  0.019,300.670,  0.000,  0.060
  0.019,300.661,  0.000,  0.060
  0.019,300.652,  0.000,  0.060
  0.019,300.643,  0.000,  0.060
  0.019,300.636,  0.000,  0.060
  0.019,300.629,  0.000,  0.040
  0.019,300.624,  0.000,  0.040
  0.019,300.620,  0.000,  0.040
  0.019,300.618,  0.000,  0.010
  0.019,300.617,  0.000,  0.010
  0.019,300.617,  0.000,  0.010
  0.017,300.378,  0.000,  0.010
  0.017,300.375,  0.000,  0.000
  0.017,300.375,  0.000,  0.000
  0.017,300.374,  0.000,  0.000
  0.017,300.375,  0.000,  0.000
  0.017,300.373,  0.000,  0.000
  0.019,300.738,  0.000,  0.080
  0.019,300.732,  0.000,  0.080
  0.019,300.726,  0.000,  0.090
  0.019,300.719,  0.000,  0.090
  0.019,300.712,  0.000,  0.090
  0.019,300.705,  0.000,  0.090
  0.019,300.697,  0.000,  0.060
  0.019,300.690,  0.000,  0.060
  0.019,300.682,  0.000,  0.060
  0.019,300.674,  0.000,  0.060
  0.019,300.667,  0.000,  0.060
  0.019,300.659,  0.000,  0.060
  0.019,300.652,  0.000,  0.060
  0.019,300.644,  0.000,  0.040
  0.019,300.638,  0.000,  0.040
  0.019,300.633,  0.000,  0.040
  0.019,300.631,  0.000,  0.010
  0.019,300.629,  0.000,  0.010
  0.019,300.628,  0.000,  0.010
  0.019,300.626,  0.000,  0.010
  0.019,300.626,  0.000,  0.000
  0.019,300.626,  0.000,  0.000
  0.017,300.383,  0.000,  0.000
  0.017,300.380,  0.000,  0.000
  0.017,300.379,  0.000,  0.000
  0.019,300.742,  0.000,  0.080
  0.019,300.736,  0.000,  0.080
  0.019,300.731,  0.000,  0.090
  0.019,300.725,  0.000,  0.090
  0.019,300.718,  0.000,  0.090
  0.019,300.712,  0.000,  0.090
  0.019,300.704,  0.000,  0.060
  0.019,300.697,  0.000,  0.060
  0.019,300.690,  0.000,  0.060
  0.019,300.682,  0.000,  0.060
  0.019,300.675,  0.000,  0.060
  0.019,300.668,  0.000,  0.060
  0.019,300.661,  0.000,  0.060
  0.019,300.655,  0.000,  0.040
  0.019,300.649,  0.000,  0.040
  0.019,300.643,  0.000,  0.040
  0.019,300.639,  0.000,  0.010
  0.019,300.635,  0.000,  0.010
  0.019,300.632,  0.000,  0.010
  0.019,300.630,  0.000,  0.010
  0.019,300.627,  0.000,  0.000
  0.019,300.624,  0.000,  0.000
  0.019,300.622,  0.000,  0.000
  0.019,300.619,  0.000,  0.000
  0.019,300.616,  0.000,  0.000
  0.019,300.743,  0.000,  0.080
  0.019,300.738,  0.000,  0.080
  0.019,300.732,  0.000,  0.090
  0.018,300.727,  0.000,  0.090
  0.018,300.721,  0.000,  0.090
  0.018,300.715,  0.000,  0.090
  0.018,300.709,  0.000,  0.060
  0.018,300.703,  0.000,  0.060
  0.019,300.697,  0.000,  0.060
  0.019,300.690,  0.000,  0.060
  0.019,300.684,  0.000,  0.060
  0.019,300.677,  0.000,  0.060
  0.019,300.670,  0.000,  0.060
  0.019,300.663,  0.000,  0.040
  0.019,300.657,  0.000,  0.040
  0.019,300.652,  0.000,  0.040
  0.019,300.648,  0.000,  0.010
  0.019,300.645,  0.000,  0.010
  0.019,300.642,  0.000,  0.010
  0.019,300.639,  0.000,  0.010
  0.019,300.636,  0.000,  0.000
  0.019,300.633,  0.000,  0.000
  0.019,300.630,  0.000,  0.000
  0.019,300.627,  0.000,  0.000
  0.019,300.623,  0.000,  0.000
  0.018,300.741,  0.000,  0.000
  0.018,300.737,  0.000,  0.000
  0.018,300.732,  0.000,  0.000
  0.018,300.728,  0.000,  0.000
  0.018,300.723,  0.000,  0.000
  0.018,300.718,  0.000,  0.000
  0.018,300.712,  0.000,  0.040
  0.018,300.707,  0.000,  0.040
  0.019,300.701,  0.000,  0.040
  0.019,300.696,  0.000,  0.080
  0.019,300.690,  0.000,  0.080
  0.019,300.684,  0.000,  0.080
  0.019,300.678,  0.000,  0.080
  0.019,300.673,  0.000,  0.090
  0.019,300.667,  0.000,  0.090
  0.019,300.663,  0.000,  0.090
  0.019,300.658,  0.000,  0.060
  0.019,300.654,  0.000,  0.060
  0.019,300.651,  0.000,  0.060
  0.019,300.648,  0.000,  0.060
  0.019,300.644,  0.000,  0.000
  0.019,300.641,  0.000,  0.000
  0.019,300.637,  0.000,  0.000
  0.019,300.633,  0.000,  0.000
  0.019,300.629,  0.000,  0.000
  0.019,300.736,  0.000,  0.000
  0.018,300.732,  0.000,  0.000
  0.018,300.729,  0.000,  0.000
  0.018,300.725,  0.000,  0.000
  0.018,300.721,  0.000,  0.000
  0.018,300.716,  0.000,  0.000
  0.018,300.712,  0.000,  0.040
  0.018,300.708,  0.000,  0.040
  0.019,300.703,  0.000,  0.040
  0.019,300.699,  0.000,  0.080
  0.019,300.694,  0.000,  0.080
  0.019,300.690,  0.000,  0.080
  0.019,300.685,  0.000,  0.080
  0.019,300.680,  0.000,  0.090
  0.019,300.676,  0.000,  0.090
  0.019,300.671,  0.000,  0.090
  0.019,300.667,  0.000,  0.060
  0.019,300.663,  0.000,  0.060
  0.019,300.659,  0.000,  0.060
  0.019,300.656,  0.000,  0.060
  0.019,300.652,  0.000,  0.000
  0.019,300.648,  0.000,  0.000
  0.019,300.644,  0.000,  0.000
  0.019,300.640,  0.000,  0.000
  0.019,300.635,  0.000,  0.000
