  0.016,298.569,  0.000,  0.000
  0.016,298.572,  0.000,  0.000
  0.016,298.580,  0.000,  0.000
  0.016,298.595,  0.000,  0.000
  0.016,298.612,  0.000,  0.000
  0.016,298.625,  0.000,  0.000
  0.015,298.634,  0.000,  0.000
  0.015,298.644,  0.000,  0.000
  0.015,298.661,  0.000,  0.000
  0.015,298.671,  0.000,  0.000
  0.016,298.659,  0.000,  0.000
  0.016,298.631,  0.000,  0.000
  0.016,298.613,  0.000,  0.000
  0.016,298.648,  0.000,  0.000
  0.015,298.778,  0.000,  0.000
  0.015,298.952,  0.000,  0.000
  0.015,299.007,  0.000,  0.000
  0.015,298.931,  0.000,  0.000
  0.016,298.802,  0.000,  0.000
  0.016,298.677,  0.000,  0.000
  0.016,298.627,  0.000,  0.000
  0.016,298.638,  0.000,  0.000
  0.016,298.617,  0.000,  0.000
  0.016,298.565,  0.000,  0.000
  0.016,298.522,  0.000,  0.000
  0.016,298.587,  0.000,  0.000
  0.016,298.594,  0.000,  0.000
  0.016,298.615,  0.000,  0.000
  0.016,298.645,  0.000,  0.000
  0.016,298.671,  0.000,  0.000
  0.016,298.683,  0.000,  0.000
  0.016,298.675,  0.000,  0.000
  0.015,298.661,  0.000,  0.000
  0.015,298.664,  0.000,  0.000
  0.016,298.674,  0.000,  0.000
  0.016,298.666,  0.000,  0.000
  0.016,298.640,  0.000,  0.000
  0.016,298.630,  0.000,  0.000
  0.016,298.700,  0.000,  0.000
  0.015,298.867,  0.000,  0.000
  0.015,298.986,  0.000,  0.000
  0.016,298.932,  0.000,  0.000
  0.016,298.789,  0.000,  0.000
  0.017,298.653,  0.000,  0.000
  0.017,298.573,  0.000,  0.000
  0.016,298.566,  0.000,  0.000
  0.016,298.600,  0.000,  0.000
  0.016,298.617,  0.000,  0.000
  0.016,298.598,  0.000,  0.000
  0.017,298.558,  0.000,  0.000
  0.016,298.624,  0.000,  0.000
  0.016,298.628,  0.000,  0.000
  0.016,298.644,  0.000,  0.000
  0.016,298.682,  0.000,  0.000
  0.015,298.718,  0.000,  0.000
  0.015,298.731,  0.000,  0.000
  0.015,298.719,  0.000,  0.000
  0.015,298.689,  0.000,  0.000
  0.016,298.672,  0.000,  0.000
  0.016,298.681,  0.000,  0.000
  0.016,298.687,  0.000,  0.000
  0.016,298.680,  0.000,  0.000
  0.016,298.722,  0.000,  0.000
  0.015,298.861,  0.000,  0.000
  0.015,298.979,  0.000,  0.000
  0.015,298.959,  0.000,  0.000
  0.016,298.807,  0.000,  0.000
  0.017,298.635,  0.000,  0.000
  0.017,298.565,  0.000,  0.000
  0.016,298.540,  0.000,  0.000
  0.016,298.514,  0.000,  0.000
  0.016,298.525,  0.000,  0.000
  0.016,298.565,  0.000,  0.000
  0.016,298.586,  0.000,  0.000
  0.016,298.544,  0.000,  0.000
  0.016,298.620,  0.000,  0.000
  0.016,298.640,  0.000,  0.000
  0.016,298.681,  0.000,  0.000
  0.016,298.721,  0.000,  0.000
  0.015,298.734,  0.000,  0.000
  0.015,298.728,  0.000,  0.000
  0.015,298.721,  0.000,  0.000
  0.015,298.709,  0.000,  0.000
  0.016,298.693,  0.000,  0.000
  0.016,298.691,  0.000,  0.000
  0.016,298.716,  0.000,  0.000
  0.016,298.775,  0.000,  0.000
  0.015,298.896,  0.000,  0.000
  0.015,298.991,  0.000,  0.000
  0.015,298.989,  0.000,  0.000
  0.015,298.934,  0.000,  0.000
  0.016,298.794,  0.000,  0.000
  0.017,298.611,  0.000,  0.000
  0.016,298.548,  0.000,  0.000
  0.016,298.549,  0.000,  0.000
  0.016,298.512,  0.000,  0.000
  0.016,298.490,  0.000,  0.000
  0.016,298.515,  0.000,  0.000
  0.017,298.577,  0.000,  0.000
  0.016,298.593,  0.000,  0.000
  0.016,298.655,  0.000,  0.000
  0.016,298.667,  0.000,  0.000
  0.016,298.702,  0.000,  0.000
  0.016,298.743,  0.000,  0.000
  0.015,298.751,  0.000,  0.000
  0.015,298.738,  0.000,  0.000
  0.015,298.732,  0.000,  0.000
  0.016,298.735,  0.000,  0.000
  0.016,298.735,  0.000,  0.000
  0.016,298.748,  0.000,  0.000
  0.016,298.801,  0.000,  0.000
  0.015,298.901,  0.000,  0.000
  0.015,298.998,  0.000,  0.000
  0.015,298.993,  0.000,  0.000
  0.015,298.967,  0.000,  0.000
  0.015,298.984,  0.000,  0.000
  0.016,298.910,  0.000,  0.000
  0.016,298.697,  0.000,  0.000
  0.017,298.542,  0.000,  0.000
  0.016,298.541,  0.000,  0.000
  0.016,298.542,  0.000,  0.000
  0.016,298.503,  0.000,  0.000
  0.017,298.510,  0.000,  0.000
  0.017,298.588,  0.000,  0.000
  0.016,298.628,  0.000,  0.000
  0.016,298.730,  0.000,  0.000
  0.016,298.741,  0.000,  0.000
  0.016,298.758,  0.000,  0.000
  0.016,298.760,  0.000,  0.000
  0.015,298.742,  0.000,  0.000
  0.016,298.730,  0.000,  0.000
  0.016,298.749,  0.000,  0.000
  0.016,298.803,  0.000,  0.000
  0.016,298.883,  0.000,  0.000
  0.015,298.939,  0.000,  0.000
  0.015,298.961,  0.000,  0.000
  0.015,298.977,  0.000,  0.000
  0.015,298.979,  0.000,  0.000
  0.015,298.974,  0.000,  0.000
  0.015,299.014,  0.000,  0.000
  0.015,299.056,  0.000,  0.000
  0.015,298.993,  0.000,  0.000
  0.016,298.779,  0.000,  0.000
  0.017,298.569,  0.000,  0.000
  0.017,298.543,  0.000,  0.000
  0.016,298.573,  0.000,  0.000
  0.017,298.539,  0.000,  0.000
  0.017,298.533,  0.000,  0.000
  0.016,298.580,  0.000,  0.000
  0.016,298.603,  0.000,  0.000
  0.016,298.781,  0.000,  0.000
  0.016,298.775,  0.000,  0.000
  0.016,298.775,  0.000,  0.000
  0.016,298.778,  0.000,  0.000
  0.016,298.779,  0.000,  0.000
  0.016,298.799,  0.000,  0.000
  0.016,298.871,  0.000,  0.000
  0.015,298.958,  0.000,  0.000
  0.015,298.996,  0.000,  0.000
  0.015,298.976,  0.000,  0.000
  0.015,298.946,  0.000,  0.000
  0.015,298.945,  0.000,  0.000
  0.015,298.961,  0.000,  0.000
  0.015,298.992,  0.000,  0.000
  0.015,299.043,  0.000,  0.000
  0.015,299.072,  0.000,  0.000
  0.015,298.988,  0.000,  0.000
  0.016,298.789,  0.000,  0.000
  0.016,298.606,  0.000,  0.000
  0.017,298.568,  0.000,  0.000
  0.016,298.588,  0.000,  0.000
  0.017,298.566,  0.000,  0.000
  0.017,298.560,  0.000,  0.000
  0.017,298.602,  0.000,  0.000
  0.016,298.622,  0.000,  0.000
  0.016,298.804,  0.000,  0.000
  0.016,298.812,  0.000,  0.000
  0.016,298.813,  0.000,  0.000
  0.016,298.816,  0.000,  0.000
  0.016,298.855,  0.000,  0.000
  0.016,298.924,  0.000,  0.000
  0.015,298.970,  0.000,  0.000
  0.015,298.959,  0.000,  0.000
  0.015,298.929,  0.000,  0.000
  0.015,298.929,  0.000,  0.000
  0.015,298.952,  0.000,  0.000
  0.015,298.970,  0.000,  0.000
  0.015,298.975,  0.000,  0.000
  0.015,298.979,  0.000,  0.000
  0.015,298.991,  0.000,  0.000
  0.015,299.004,  0.000,  0.000
  0.016,298.946,  0.000,  0.000
  0.016,298.784,  0.000,  0.000
  0.016,298.654,  0.000,  0.000
  0.017,298.620,  0.000,  0.000
  0.017,298.618,  0.000,  0.000
  0.017,298.606,  0.000,  0.000
  0.017,298.604,  0.000,  0.000
  0.017,298.628,  0.000,  0.000
  0.017,298.637,  0.000,  0.000
  0.015,298.809,  0.000,  0.000
  0.015,298.825,  0.000,  0.000
  0.016,298.838,  0.000,  0.000
  0.016,298.857,  0.000,  0.000
  0.016,298.887,  0.000,  0.000
  0.016,298.912,  0.000,  0.000
  0.015,298.904,  0.000,  0.000
  0.015,298.885,  0.000,  0.000
  0.015,298.883,  0.000,  0.000
  0.015,298.892,  0.000,  0.000
  0.015,298.921,  0.000,  0.000
  0.015,298.957,  0.000,  0.000
  0.015,298.970,  0.000,  0.000
  0.015,298.959,  0.000,  0.000
  0.015,298.949,  0.000,  0.000
  0.015,298.949,  0.000,  0.000
  0.016,298.915,  0.000,  0.000
  0.016,298.816,  0.000,  0.000
  0.016,298.730,  0.000,  0.000
  0.016,298.680,  0.000,  0.000
  0.017,298.646,  0.000,  0.000
  0.017,298.655,  0.000,  0.000
  0.017,298.683,  0.000,  0.000
  0.016,298.692,  0.000,  0.000
  0.016,298.672,  0.000,  0.000
  0.016,298.813,  0.000,  0.000
  0.016,298.836,  0.000,  0.000
  0.016,298.856,  0.000,  0.000
  0.016,298.874,  0.000,  0.000
  0.016,298.885,  0.000,  0.000
  0.016,298.890,  0.000,  0.000
  0.015,298.888,  0.000,  0.000
  0.015,298.882,  0.000,  0.000
  0.015,298.869,  0.000,  0.000
  0.015,298.869,  0.000,  0.000
  0.015,298.907,  0.000,  0.000
  0.015,298.961,  0.000,  0.000
  0.015,298.979,  0.000,  0.000
  0.015,298.974,  0.000,  0.000
  0.015,298.974,  0.000,  0.000
  0.015,298.969,  0.000,  0.000
  0.015,298.963,  0.000,  0.000
  0.016,298.923,  0.000,  0.000
  0.016,298.823,  0.000,  0.000
  0.016,298.716,  0.000,  0.000
  0.017,298.660,  0.000,  0.000
  0.017,298.699,  0.000,  0.000
  0.016,298.735,  0.000,  0.000
  0.016,298.704,  0.000,  0.000
  0.016,298.665,  0.000,  0.000
  0.016,298.838,  0.000,  0.000
  0.016,298.856,  0.000,  0.000
  0.016,298.865,  0.000,  0.000
  0.016,298.875,  0.000,  0.000
  0.016,298.893,  0.000,  0.000
  0.016,298.908,  0.000,  0.000
  0.016,298.909,  0.000,  0.000
  0.016,298.900,  0.000,  0.000
  0.015,298.899,  0.000,  0.000
  0.015,298.914,  0.000,  0.000
  0.015,298.944,  0.000,  0.000
  0.015,298.956,  0.000,  0.000
  0.015,298.941,  0.000,  0.000
  0.015,298.928,  0.000,  0.000
  0.015,298.951,  0.000,  0.000
  0.015,298.999,  0.000,  0.000
  0.015,299.023,  0.000,  0.000
  0.015,299.000,  0.000,  0.000
  0.016,298.894,  0.000,  0.000
  0.016,298.744,  0.000,  0.000
  0.016,298.683,  0.000,  0.000
  0.016,298.739,  0.000,  0.000
  0.016,298.758,  0.000,  0.000
  0.017,298.708,  0.000,  0.000
  0.017,298.671,  0.000,  0.000
  0.016,298.833,  0.000,  0.000
  0.016,298.830,  0.000,  0.000
  0.016,298.845,  0.000,  0.000
  0.016,298.872,  0.000,  0.000
  0.016,298.889,  0.000,  0.000
  0.015,298.894,  0.000,  0.000
  0.015,298.892,  0.000,  0.000
  0.015,298.900,  0.000,  0.000
  0.016,298.917,  0.000,  0.000
  0.016,298.928,  0.000,  0.000
  0.016,298.936,  0.000,  0.000
  0.015,298.940,  0.000,  0.000
  0.015,298.931,  0.000,  0.000
  0.015,298.921,  0.000,  0.000
  0.015,298.933,  0.000,  0.000
  0.016,298.986,  0.000,  0.000
  0.016,299.029,  0.000,  0.000
  0.015,298.993,  0.000,  0.000
  0.016,298.871,  0.000,  0.000
  0.016,298.759,  0.000,  0.000
  0.016,298.743,  0.000,  0.000
  0.016,298.774,  0.000,  0.000
  0.016,298.762,  0.000,  0.000
  0.017,298.712,  0.000,  0.000
  0.016,298.674,  0.000,  0.000
  0.016,298.829,  0.000,  0.000
  0.016,298.824,  0.000,  0.000
  0.016,298.837,  0.000,  0.000
  0.016,298.860,  0.000,  0.000
  0.016,298.876,  0.000,  0.000
  0.016,298.892,  0.000,  0.000
  0.016,298.911,  0.000,  0.000
  0.016,298.936,  0.000,  0.000
  0.016,298.950,  0.000,  0.000
  0.016,298.946,  0.000,  0.000
  0.015,298.942,  0.000,  0.000
  0.015,298.951,  0.000,  0.000
  0.015,298.960,  0.000,  0.000
  0.015,298.963,  0.000,  0.000
  0.015,298.977,  0.000,  0.000
  0.015,299.001,  0.000,  0.000
  0.015,299.003,  0.000,  0.000
  0.016,298.961,  0.000,  0.000
  0.016,298.885,  0.000,  0.000
  0.016,298.819,  0.000,  0.000
  0.016,298.820,  0.000,  0.000
  0.016,298.833,  0.000,  0.000
  0.016,298.791,  0.000,  0.000
  0.016,298.742,  0.000,  0.000
  0.016,298.719,  0.000,  0.000
  0.016,298.858,  0.000,  0.000
  0.016,298.867,  0.000,  0.000
  0.016,298.880,  0.000,  0.000
  0.016,298.893,  0.000,  0.000
  0.016,298.902,  0.000,  0.000
  0.016,298.912,  0.000,  0.000
  0.016,298.928,  0.000,  0.000
  0.016,298.939,  0.000,  0.000
  0.015,298.934,  0.000,  0.000
  0.015,298.922,  0.000,  0.000
  0.015,298.916,  0.000,  0.000
  0.015,298.923,  0.000,  0.000
  0.016,298.945,  0.000,  0.000
  0.016,298.977,  0.000,  0.000
  0.016,299.004,  0.000,  0.000
  0.015,299.011,  0.000,  0.000
  0.015,298.988,  0.000,  0.000
  0.015,298.963,  0.000,  0.000
  0.016,298.920,  0.000,  0.000
  0.016,298.873,  0.000,  0.000
  0.016,298.860,  0.000,  0.000
  0.016,298.851,  0.000,  0.000
  0.016,298.805,  0.000,  0.000
  0.016,298.756,  0.000,  0.000
  0.016,298.727,  0.000,  0.000
  0.016,298.810,  0.000,  0.000
  0.016,298.823,  0.000,  0.000
  0.016,298.836,  0.000,  0.000
  0.016,298.848,  0.000,  0.000
  0.016,298.858,  0.000,  0.000
  0.016,298.874,  0.000,  0.000
  0.016,298.899,  0.000,  0.000
  0.016,298.917,  0.000,  0.000
  0.016,298.918,  0.000,  0.000
  0.015,298.909,  0.000,  0.000
  0.015,298.900,  0.000,  0.000
  0.015,298.901,  0.000,  0.000
  0.016,298.921,  0.000,  0.000
  0.016,298.955,  0.000,  0.000
  0.016,298.999,  0.000,  0.000
  0.015,299.029,  0.000,  0.000
  0.015,299.026,  0.000,  0.000
  0.015,298.971,  0.000,  0.000
  0.016,298.890,  0.000,  0.000
  0.016,298.842,  0.000,  0.000
  0.016,298.833,  0.000,  0.000
  0.016,298.831,  0.000,  0.000
  0.016,298.795,  0.000,  0.000
  0.016,298.742,  0.000,  0.000
  0.016,298.706,  0.000,  0.000
