  0.020,301.941,  0.158,  0.000
  0.020,301.951,  1.095,  0.000
  0.020,301.948,  0.807,  0.000
  0.020,301.965,  0.006,  0.000
  0.019,301.999,  0.010,  0.000
  0.019,302.037,  0.006,  0.000
  0.019,302.043,  0.006,  0.000
  0.020,302.025,  0.006,  0.000
  0.020,302.016,  0.005,  0.000
  0.020,302.022,  0.004,  0.000
  0.020,302.025,  0.002,  0.000
  0.020,302.023,  0.000,  0.000
  0.020,302.038,  0.000,  0.000
  0.020,302.068,  0.000,  0.000
  0.021,302.131,  0.001,  0.000
  0.020,302.058,  0.002,  0.000
  0.021,302.112,  0.001,  0.010
  0.019,302.092,  0.001,  0.010
  0.019,302.152,  0.001,  0.010
  0.019,302.166,  0.001,  0.010
  0.019,302.116,  0.000,  0.010
  0.021,302.112,  0.000,  0.010
  0.020,302.000,  0.000,  0.010
  0.019,302.012,  0.000,  0.000
  0.019,302.021,  0.000,  0.000
  0.020,301.934,  0.429,  0.000
  0.020,301.947,  1.465,  0.000
  0.020,301.974,  0.230,  0.000
  0.020,301.992,  0.009,  0.000
  0.020,301.994,  0.012,  0.000
  0.020,301.983,  0.010,  0.000
  0.020,301.962,  0.007,  0.010
  0.020,301.948,  0.005,  0.010
  0.020,301.964,  0.003,  0.010
  0.020,302.018,  0.002,  0.000
  0.020,302.073,  0.002,  0.000
  0.019,302.085,  0.001,  0.000
  0.020,302.068,  0.000,  0.000
  0.020,302.056,  0.001,  0.000
  0.021,302.109,  0.004,  0.000
  0.021,302.103,  0.013,  0.000
  0.020,302.045,  0.015,  0.000
  0.020,302.120,  0.005,  0.000
  0.020,302.172,  0.001,  0.000
  0.019,302.147,  0.000,  0.000
  0.019,302.093,  0.001,  0.000
  0.020,302.024,  0.002,  0.000
  0.020,301.990,  0.001,  0.000
  0.021,302.097,  0.001,  0.000
  0.019,302.024,  0.000,  0.000
  0.020,301.946,  0.883,  0.000
  0.020,301.938,  1.738,  0.000
  0.020,301.971,  0.036,  0.000
  0.020,301.998,  0.015,  0.000
  0.020,301.982,  0.015,  0.000
  0.020,301.948,  0.016,  0.000
  0.020,301.930,  0.008,  0.010
  0.020,301.926,  0.003,  0.010
  0.020,301.943,  0.002,  0.010
  0.020,302.003,  0.002,  0.000
  0.019,302.093,  0.002,  0.000
  0.019,302.139,  0.002,  0.000
  0.020,302.099,  0.001,  0.000
  0.020,302.034,  0.002,  0.000
  0.021,302.079,  0.007,  0.000
  0.020,302.017,  0.021,  0.000
  0.020,302.046,  0.032,  0.000
  0.020,302.129,  0.027,  0.000
  0.020,302.148,  0.015,  0.000
  0.020,302.068,  0.005,  0.000
  0.020,302.015,  0.001,  0.000
  0.020,301.992,  0.000,  0.000
  0.020,301.997,  0.001,  0.000
  0.020,302.110,  0.001,  0.000
  0.020,302.127,  0.001,  0.000
  0.020,301.959,  1.476,  0.000
  0.020,301.925,  1.044,  0.000
  0.020,301.931,  0.005,  0.000
  0.020,301.967,  0.014,  0.000
  0.020,301.992,  0.014,  0.000
  0.020,301.984,  0.016,  0.000
  0.020,301.956,  0.008,  0.010
  0.020,301.946,  0.002,  0.010
  0.020,301.921,  0.002,  0.010
  0.020,301.969,  0.003,  0.000
  0.020,302.042,  0.004,  0.000
  0.020,302.084,  0.003,  0.000
  0.020,302.063,  0.003,  0.000
  0.020,302.030,  0.002,  0.000
  0.020,302.023,  0.007,  0.000
  0.020,302.072,  0.018,  0.000
  0.020,302.040,  0.031,  0.000
  0.021,302.117,  0.036,  0.000
  0.020,302.033,  0.032,  0.000
  0.020,301.991,  0.025,  0.000
  0.020,301.966,  0.018,  0.000
  0.020,301.974,  0.014,  0.000
  0.020,302.032,  0.005,  0.000
  0.020,302.129,  0.002,  0.000
  0.020,302.154,  0.001,  0.000
  0.020,301.931,  1.074,  0.000
  0.020,301.906,  0.283,  0.000
  0.020,301.902,  0.005,  0.000
  0.020,301.934,  0.009,  0.000
  0.020,301.986,  0.009,  0.000
  0.020,302.006,  0.012,  0.000
  0.020,301.982,  0.005,  0.010
  0.020,301.934,  0.001,  0.010
  0.020,301.909,  0.001,  0.010
  0.020,301.931,  0.002,  0.000
  0.020,301.954,  0.005,  0.000
  0.020,301.964,  0.004,  0.000
  0.020,301.994,  0.004,  0.000
  0.020,302.051,  0.003,  0.000
  0.020,302.092,  0.004,  0.000
  0.020,302.122,  0.011,  0.000
  0.021,302.122,  0.021,  0.000
  0.020,302.024,  0.025,  0.000
  0.020,301.990,  0.027,  0.000
  0.020,301.973,  0.028,  0.000
  0.020,301.970,  0.033,  0.000
  0.020,302.007,  0.038,  0.000
  0.020,302.081,  0.026,  0.000
  0.020,302.132,  0.011,  0.000
  0.020,302.157,  0.003,  0.000
  0.020,301.883,  0.452,  0.000
  0.020,301.919,  0.034,  0.000
  0.020,301.929,  0.003,  0.010
  0.020,301.907,  0.004,  0.010
  0.020,301.941,  0.005,  0.010
  0.020,301.970,  0.007,  0.010
  0.020,301.965,  0.003,  0.000
  0.020,301.948,  0.000,  0.000
  0.020,301.925,  0.001,  0.000
  0.020,301.915,  0.002,  0.000
  0.020,301.897,  0.005,  0.000
  0.020,301.900,  0.005,  0.000
  0.020,301.952,  0.004,  0.000
  0.020,302.044,  0.003,  0.000
  0.019,302.117,  0.003,  0.000
  0.019,302.120,  0.006,  0.000
  0.020,302.059,  0.010,  0.020
  0.020,301.995,  0.011,  0.020
  0.020,301.978,  0.012,  0.020
  0.020,301.982,  0.014,  0.020
  0.021,302.066,  0.021,  0.030
  0.020,302.070,  0.030,  0.030
  0.020,302.082,  0.027,  0.030
  0.020,302.111,  0.013,  0.000
  0.021,302.112,  0.004,  0.000
  0.020,301.851,  0.198,  0.000
  0.020,301.898,  0.003,  0.000
  0.020,301.911,  0.002,  0.010
  0.020,301.899,  0.002,  0.010
  0.020,301.885,  0.002,  0.010
  0.020,301.906,  0.003,  0.010
  0.020,301.917,  0.001,  0.000
  0.020,301.942,  0.000,  0.000
  0.020,301.956,  0.000,  0.000
  0.020,301.936,  0.001,  0.000
  0.020,301.905,  0.002,  0.000
  0.020,301.896,  0.004,  0.000
  0.020,301.958,  0.004,  0.000
  0.020,302.006,  0.003,  0.000
  0.020,302.068,  0.002,  0.000
  0.020,302.066,  0.003,  0.000
  0.020,302.020,  0.003,  0.020
  0.020,301.988,  0.004,  0.020
  0.020,301.992,  0.002,  0.020
  0.020,302.075,  0.004,  0.020
  0.021,302.076,  0.006,  0.030
  0.021,302.070,  0.010,  0.030
  0.021,302.063,  0.011,  0.030
  0.021,302.071,  0.006,  0.000
  0.021,302.063,  0.001,  0.000
  0.020,301.836,  0.060,  0.000
  0.020,301.869,  0.002,  0.000
  0.020,301.886,  0.001,  0.010
  0.020,301.895,  0.001,  0.010
  0.020,301.899,  0.000,  0.010
  0.020,301.878,  0.001,  0.010
  0.020,301.877,  0.000,  0.000
  0.020,301.915,  0.000,  0.000
  0.020,301.955,  0.000,  0.000
  0.020,301.959,  0.000,  0.000
  0.020,301.942,  0.001,  0.000
  0.020,301.927,  0.002,  0.000
  0.020,301.936,  0.003,  0.000
  0.020,301.965,  0.001,  0.000
  0.020,301.976,  0.001,  0.000
  0.020,301.969,  0.002,  0.000
  0.020,301.979,  0.001,  0.020
  0.020,302.012,  0.001,  0.020
  0.019,302.031,  0.000,  0.020
  0.021,302.103,  0.001,  0.020
  0.021,302.080,  0.001,  0.030
  0.021,302.045,  0.002,  0.030
  0.021,302.031,  0.002,  0.030
  0.021,302.048,  0.000,  0.000
  0.021,302.067,  0.001,  0.000
  0.020,301.841,  0.011,  0.000
  0.020,301.840,  0.001,  0.000
  0.020,301.850,  0.001,  0.010
  0.020,301.885,  0.000,  0.010
  0.020,301.911,  0.000,  0.010
  0.020,301.894,  0.000,  0.010
  0.020,301.872,  0.000,  0.000
  0.020,301.889,  0.000,  0.000
  0.020,301.919,  0.000,  0.000
  0.020,301.950,  0.000,  0.000
  0.020,301.975,  0.000,  0.000
  0.020,301.977,  0.001,  0.000
  0.020,301.969,  0.001,  0.000
  0.020,301.969,  0.000,  0.000
  0.020,301.948,  0.001,  0.000
  0.020,301.934,  0.001,  0.000
  0.020,301.954,  0.001,  0.020
  0.020,302.008,  0.001,  0.020
  0.020,302.053,  0.001,  0.020
  0.021,302.119,  0.001,  0.020
  0.021,302.072,  0.000,  0.030
  0.021,302.018,  0.000,  0.030
  0.021,302.008,  0.000,  0.030
  0.021,302.044,  0.000,  0.000
  0.020,302.082,  0.000,  0.000
  0.020,301.862,  0.003,  0.000
  0.020,301.839,  0.001,  0.000
  0.020,301.831,  0.000,  0.000
  0.020,301.855,  0.000,  0.000
  0.020,301.882,  0.000,  0.000
  0.020,301.893,  0.000,  0.000
  0.020,301.875,  0.000,  0.000
  0.020,301.890,  0.000,  0.000
  0.020,301.888,  0.000,  0.000
  0.020,301.917,  0.000,  0.000
  0.020,301.965,  0.000,  0.000
  0.020,302.001,  0.000,  0.000
  0.020,302.018,  0.000,  0.000
  0.020,302.023,  0.000,  0.050
  0.020,302.005,  0.000,  0.050
  0.020,301.959,  0.000,  0.050
  0.021,302.033,  0.000,  0.060
  0.021,302.058,  0.001,  0.060
  0.020,302.005,  0.000,  0.060
  0.020,301.997,  0.000,  0.060
  0.021,302.044,  0.000,  0.020
  0.021,302.005,  0.000,  0.020
  0.021,301.997,  0.000,  0.020
  0.021,302.029,  0.000,  0.000
  0.020,302.062,  0.000,  0.000
  0.020,301.881,  0.001,  0.000
  0.020,301.860,  0.001,  0.000
  0.020,301.840,  0.000,  0.000
  0.020,301.839,  0.000,  0.000
  0.020,301.844,  0.000,  0.000
  0.020,301.860,  0.000,  0.000
  0.020,301.893,  0.000,  0.000
  0.020,301.915,  0.000,  0.000
  0.020,301.884,  0.000,  0.000
  0.020,301.891,  0.000,  0.000
  0.020,301.922,  0.000,  0.000
  0.020,301.973,  0.000,  0.000
  0.019,302.035,  0.000,  0.000
  0.019,302.072,  0.000,  0.050
  0.019,302.039,  0.000,  0.050
  0.021,302.067,  0.000,  0.050
  0.021,302.027,  0.000,  0.060
  0.020,301.925,  0.000,  0.060
  0.021,302.018,  0.000,  0.060
  0.020,301.917,  0.000,  0.060
  0.021,302.011,  0.000,  0.020
  0.021,302.006,  0.000,  0.020
  0.021,302.002,  0.000,  0.020
  0.021,302.012,  0.000,  0.000
  0.021,302.017,  0.000,  0.000
  0.020,301.866,  0.000,  0.000
  0.020,301.859,  0.000,  0.000
  0.020,301.855,  0.000,  0.000
  0.020,301.846,  0.000,  0.000
  0.020,301.830,  0.000,  0.000
  0.020,301.829,  0.000,  0.000
  0.020,301.854,  0.000,  0.000
  0.020,301.885,  0.000,  0.000
  0.020,301.894,  0.000,  0.000
  0.020,301.878,  0.000,  0.000
  0.020,301.887,  0.000,  0.000
  0.020,301.917,  0.000,  0.000
  0.020,302.045,  0.000,  0.000
  0.019,302.035,  0.000,  0.050
  0.020,302.012,  0.000,  0.050
  0.020,301.957,  0.000,  0.050
  0.020,301.926,  0.000,  0.060
  0.020,301.912,  0.000,  0.060
  0.021,301.989,  0.000,  0.060
  0.020,301.882,  0.000,  0.060
  0.020,301.897,  0.000,  0.020
  0.021,302.014,  0.000,  0.020
  0.021,302.013,  0.000,  0.020
  0.021,302.014,  0.000,  0.000
  0.021,302.007,  0.000,  0.000
  0.020,301.849,  0.000,  0.000
  0.020,301.845,  0.000,  0.000
  0.020,301.856,  0.000,  0.000
  0.020,301.862,  0.000,  0.000
  0.020,301.845,  0.000,  0.000
  0.020,301.831,  0.000,  0.000
  0.020,301.832,  0.000,  0.000
  0.020,301.842,  0.000,  0.000
  0.020,301.867,  0.000,  0.000
  0.020,301.890,  0.000,  0.000
  0.020,301.893,  0.000,  0.000
  0.020,301.881,  0.000,  0.000
  0.020,301.909,  0.000,  0.000
  0.020,301.934,  0.000,  0.050
  0.020,301.919,  0.000,  0.050
  0.020,301.925,  0.000,  0.050
  0.020,301.953,  0.000,  0.060
  0.020,301.936,  0.000,  0.060
  0.021,301.999,  0.000,  0.060
  0.021,301.984,  0.000,  0.060
  0.020,301.898,  0.000,  0.020
  0.020,301.924,  0.000,  0.020
  0.021,302.031,  0.000,  0.020
  0.021,302.045,  0.000,  0.000
  0.021,302.045,  0.000,  0.000
  0.020,301.872,  0.000,  0.000
  0.020,301.849,  0.000,  0.000
  0.020,301.846,  0.000,  0.000
  0.020,301.850,  0.000,  0.000
  0.020,301.850,  0.000,  0.000
  0.020,301.841,  0.000,  0.000
  0.020,301.823,  0.000,  0.010
  0.020,301.807,  0.000,  0.010
  0.020,301.814,  0.000,  0.010
  0.020,301.847,  0.000,  0.020
  0.020,301.874,  0.000,  0.020
  0.020,301.876,  0.000,  0.020
  0.020,301.854,  0.000,  0.020
  0.020,301.846,  0.000,  0.020
  0.020,301.854,  0.000,  0.020
  0.020,301.909,  0.000,  0.020
  0.019,301.960,  0.000,  0.020
  0.019,301.953,  0.000,  0.020
  0.020,301.908,  0.000,  0.020
  0.021,301.979,  0.000,  0.020
  0.021,301.980,  0.000,  0.000
  0.020,301.888,  0.000,  0.000
  0.020,301.957,  0.000,  0.000
  0.020,302.002,  0.000,  0.000
  0.021,302.060,  0.000,  0.000
  0.020,301.913,  0.000,  0.000
  0.020,301.880,  0.000,  0.000
  0.020,301.852,  0.000,  0.000
  0.020,301.841,  0.000,  0.000
  0.020,301.842,  0.000,  0.000
  0.020,301.838,  0.000,  0.000
  0.020,301.825,  0.000,  0.010
  0.020,301.804,  0.000,  0.010
  0.020,301.790,  0.000,  0.010
  0.020,301.800,  0.000,  0.020
  0.020,301.824,  0.000,  0.020
  0.020,301.846,  0.000,  0.020
  0.020,301.845,  0.000,  0.020
  0.020,301.838,  0.000,  0.020
  0.020,301.837,  0.000,  0.020
  0.021,301.978,  0.000,  0.020
  0.019,301.928,  0.000,  0.020
  0.020,301.909,  0.000,  0.020
  0.020,301.869,  0.000,  0.020
  0.020,301.854,  0.000,  0.020
  0.020,301.853,  0.000,  0.000
  0.021,301.918,  0.000,  0.000
  0.021,301.958,  0.000,  0.000
  0.021,301.983,  0.000,  0.000
  0.020,301.910,  0.000,  0.000
