  0.020,302.544,  0.000,  0.000
  0.020,302.548,  0.000,  0.000
  0.020,302.559,  0.000,  0.000
  0.020,302.557,  0.000,  0.000
  0.020,302.557,  0.000,  0.000
  0.020,302.558,  0.000,  0.000
  0.020,302.560,  0.000,  0.000
  0.020,302.555,  0.000,  0.000
  0.020,302.552,  0.000,  0.000
  0.020,302.559,  0.000,  0.000
  0.020,302.570,  0.000,  0.000
  0.020,302.575,  0.000,  0.000
  0.020,302.576,  0.000,  0.000
  0.020,302.572,  0.000,  0.000
  0.020,302.559,  0.000,  0.000
  0.020,302.550,  0.000,  0.000
  0.020,302.549,  0.000,  0.000
  0.020,302.542,  0.000,  0.000
  0.020,302.533,  0.000,  0.000
  0.020,302.532,  0.000,  0.000
  0.020,302.533,  0.000,  0.000
  0.020,302.530,  0.000,  0.000
  0.020,302.528,  0.000,  0.000
  0.020,302.543,  0.000,  0.000
  0.020,302.537,  0.000,  0.000
  0.020,302.557,  0.000,  0.000
  0.020,302.550,  0.000,  0.000
  0.020,302.537,  0.000,  0.000
  0.020,302.538,  0.000,  0.000
  0.020,302.552,  0.000,  0.000
  0.020,302.557,  0.000,  0.000
  0.020,302.553,  0.000,  0.000
  0.020,302.553,  0.000,  0.000
  0.020,302.564,  0.000,  0.000
  0.020,302.571,  0.000,  0.000
  0.020,302.571,  0.000,  0.000
  0.020,302.574,  0.000,  0.000
  0.020,302.580,  0.000,  0.000
  0.020,302.573,  0.000,  0.000
  0.020,302.560,  0.000,  0.000
  0.020,302.555,  0.000,  0.000
  0.020,302.550,  0.000,  0.000
  0.020,302.539,  0.000,  0.000
  0.020,302.534,  0.000,  0.000
  0.020,302.534,  0.000,  0.000
  0.020,302.531,  0.000,  0.000
  0.020,302.529,  0.000,  0.000
  0.020,302.527,  0.000,  0.000
  0.020,302.541,  0.000,  0.000
  0.020,302.536,  0.000,  0.000
  0.020,302.546,  0.000,  0.000
  0.020,302.544,  0.000,  0.000
  0.020,302.538,  0.000,  0.000
  0.020,302.536,  0.000,  0.000
  0.020,302.547,  0.000,  0.000
  0.020,302.557,  0.000,  0.000
  0.020,302.563,  0.000,  0.000
  0.020,302.569,  0.000,  0.000
  0.020,302.576,  0.000,  0.000
  0.020,302.581,  0.000,  0.000
  0.020,302.587,  0.000,  0.000
  0.020,302.593,  0.000,  0.000
  0.020,302.586,  0.000,  0.000
  0.020,302.572,  0.000,  0.000
  0.020,302.564,  0.000,  0.000
  0.020,302.557,  0.000,  0.000
  0.020,302.543,  0.000,  0.000
  0.020,302.534,  0.000,  0.000
  0.020,302.533,  0.000,  0.000
  0.020,302.531,  0.000,  0.000
  0.020,302.528,  0.000,  0.000
  0.020,302.529,  0.000,  0.000
  0.020,302.526,  0.000,  0.000
  0.020,302.540,  0.000,  0.000
  0.020,302.533,  0.000,  0.000
  0.020,302.539,  0.000,  0.000
  0.020,302.541,  0.000,  0.000
  0.020,302.542,  0.000,  0.000
  0.020,302.538,  0.000,  0.000
  0.020,302.540,  0.000,  0.000
  0.020,302.555,  0.000,  0.000
  0.020,302.570,  0.000,  0.000
  0.020,302.578,  0.000,  0.000
  0.020,302.577,  0.000,  0.000
  0.020,302.578,  0.000,  0.000
  0.020,302.587,  0.000,  0.000
  0.020,302.590,  0.000,  0.000
  0.020,302.578,  0.000,  0.000
  0.020,302.567,  0.000,  0.000
  0.020,302.566,  0.000,  0.000
  0.020,302.557,  0.000,  0.000
  0.020,302.539,  0.000,  0.000
  0.020,302.533,  0.000,  0.000
  0.020,302.535,  0.000,  0.000
  0.020,302.531,  0.000,  0.000
  0.020,302.528,  0.000,  0.000
  0.020,302.526,  0.000,  0.000
  0.020,302.525,  0.000,  0.000
  0.020,302.537,  0.000,  0.000
  0.020,302.530,  0.000,  0.000
  0.020,302.533,  0.000,  0.000
  0.020,302.535,  0.000,  0.000
  0.020,302.541,  0.000,  0.000
  0.020,302.540,  0.000,  0.000
  0.020,302.536,  0.000,  0.000
  0.020,302.542,  0.000,  0.000
  0.020,302.559,  0.000,  0.000
  0.020,302.569,  0.000,  0.000
  0.020,302.569,  0.000,  0.000
  0.020,302.569,  0.000,  0.000
  0.020,302.575,  0.000,  0.000
  0.020,302.584,  0.000,  0.000
  0.020,302.583,  0.000,  0.000
  0.020,302.572,  0.000,  0.000
  0.020,302.562,  0.000,  0.000
  0.020,302.555,  0.000,  0.000
  0.020,302.544,  0.000,  0.000
  0.020,302.534,  0.000,  0.000
  0.020,302.531,  0.000,  0.000
  0.020,302.529,  0.000,  0.000
  0.020,302.526,  0.000,  0.000
  0.020,302.523,  0.000,  0.000
  0.020,302.522,  0.000,  0.000
  0.020,302.532,  0.000,  0.000
  0.020,302.526,  0.000,  0.000
  0.020,302.526,  0.000,  0.000
  0.020,302.536,  0.000,  0.000
  0.020,302.543,  0.000,  0.000
  0.020,302.546,  0.000,  0.000
  0.020,302.544,  0.000,  0.000
  0.020,302.542,  0.000,  0.000
  0.020,302.547,  0.000,  0.000
  0.020,302.554,  0.000,  0.000
  0.020,302.564,  0.000,  0.000
  0.020,302.574,  0.000,  0.000
  0.020,302.583,  0.000,  0.000
  0.020,302.586,  0.000,  0.000
  0.020,302.587,  0.000,  0.000
  0.020,302.580,  0.000,  0.000
  0.020,302.564,  0.000,  0.000
  0.020,302.549,  0.000,  0.000
  0.020,302.541,  0.000,  0.000
  0.020,302.534,  0.000,  0.000
  0.020,302.527,  0.000,  0.000
  0.020,302.523,  0.000,  0.000
  0.020,302.524,  0.000,  0.000
  0.020,302.519,  0.000,  0.000
  0.020,302.517,  0.000,  0.000
  0.020,302.525,  0.000,  0.000
  0.020,302.520,  0.000,  0.000
  0.020,302.525,  0.000,  0.000
  0.020,302.531,  0.000,  0.000
  0.020,302.531,  0.000,  0.000
  0.020,302.536,  0.000,  0.000
  0.020,302.544,  0.000,  0.000
  0.020,302.544,  0.000,  0.000
  0.020,302.543,  0.000,  0.000
  0.020,302.547,  0.000,  0.000
  0.020,302.560,  0.000,  0.000
  0.020,302.577,  0.000,  0.000
  0.020,302.582,  0.000,  0.000
  0.020,302.576,  0.000,  0.000
  0.020,302.570,  0.000,  0.000
  0.020,302.565,  0.000,  0.000
  0.020,302.560,  0.000,  0.000
  0.020,302.549,  0.000,  0.000
  0.020,302.538,  0.000,  0.000
  0.020,302.531,  0.000,  0.000
  0.020,302.526,  0.000,  0.000
  0.020,302.523,  0.000,  0.000
  0.020,302.520,  0.000,  0.000
  0.020,302.517,  0.000,  0.000
  0.020,302.514,  0.000,  0.000
  0.020,302.518,  0.000,  0.000
  0.020,302.514,  0.000,  0.000
  0.020,302.515,  0.000,  0.000
  0.020,302.514,  0.000,  0.000
  0.020,302.517,  0.000,  0.000
  0.020,302.526,  0.000,  0.000
  0.020,302.536,  0.000,  0.000
  0.020,302.538,  0.000,  0.000
  0.020,302.540,  0.000,  0.000
  0.020,302.547,  0.000,  0.000
  0.020,302.558,  0.000,  0.000
  0.020,302.567,  0.000,  0.000
  0.020,302.570,  0.000,  0.000
  0.020,302.570,  0.000,  0.000
  0.020,302.568,  0.000,  0.000
  0.020,302.562,  0.000,  0.000
  0.020,302.555,  0.000,  0.000
  0.020,302.549,  0.000,  0.000
  0.020,302.542,  0.000,  0.000
  0.020,302.534,  0.000,  0.000
  0.020,302.527,  0.001,  0.000
  0.020,302.526,  0.002,  0.000
  0.020,302.520,  0.002,  0.000
  0.020,302.516,  0.001,  0.000
  0.020,302.513,  0.000,  0.000
  0.020,302.515,  0.000,  0.000
  0.020,302.510,  0.000,  0.000
  0.020,302.506,  0.000,  0.000
  0.020,302.511,  0.000,  0.000
  0.020,302.521,  0.000,  0.000
  0.020,302.528,  0.000,  0.000
  0.020,302.528,  0.000,  0.000
  0.020,302.526,  0.000,  0.000
  0.020,302.532,  0.000,  0.000
  0.020,302.544,  0.000,  0.000
  0.020,302.553,  0.000,  0.000
  0.020,302.555,  0.000,  0.000
  0.020,302.559,  0.000,  0.000
  0.020,302.567,  0.000,  0.000
  0.020,302.574,  0.000,  0.000
  0.020,302.572,  0.000,  0.000
  0.020,302.561,  0.000,  0.000
  0.020,302.552,  0.000,  0.000
  0.020,302.546,  0.000,  0.000
  0.020,302.539,  0.000,  0.000
  0.020,302.528,  0.002,  0.000
  0.020,302.522,  0.007,  0.000
  0.020,302.520,  0.015,  0.000
  0.020,302.517,  0.017,  0.000
  0.020,302.513,  0.008,  0.000
  0.020,302.513,  0.001,  0.000
  0.020,302.508,  0.000,  0.000
  0.020,302.510,  0.000,  0.000
  0.020,302.521,  0.000,  0.000
  0.020,302.524,  0.000,  0.010
  0.020,302.520,  0.000,  0.010
  0.020,302.516,  0.000,  0.010
  0.020,302.518,  0.000,  0.010
  0.020,302.527,  0.000,  0.040
  0.020,302.536,  0.000,  0.040
  0.020,302.541,  0.000,  0.040
  0.020,302.545,  0.000,  0.020
  0.020,302.552,  0.000,  0.020
  0.020,302.560,  0.000,  0.020
  0.020,302.566,  0.000,  0.020
  0.020,302.569,  0.000,  0.000
  0.020,302.568,  0.000,  0.000
  0.020,302.559,  0.000,  0.000
  0.020,302.546,  0.000,  0.010
  0.020,302.536,  0.000,  0.010
  0.020,302.531,  0.001,  0.010
  0.020,302.526,  0.006,  0.010
  0.020,302.520,  0.023,  0.010
  0.020,302.516,  0.043,  0.010
  0.020,302.514,  0.027,  0.010
  0.020,302.511,  0.003,  0.000
  0.020,302.506,  0.000,  0.000
  0.020,302.501,  0.000,  0.000
  0.020,302.510,  0.000,  0.000
  0.020,302.508,  0.000,  0.010
  0.020,302.503,  0.000,  0.010
  0.020,302.504,  0.000,  0.010
  0.020,302.514,  0.000,  0.010
  0.020,302.525,  0.000,  0.040
  0.020,302.529,  0.000,  0.040
  0.020,302.532,  0.000,  0.040
  0.020,302.537,  0.000,  0.020
  0.020,302.545,  0.000,  0.020
  0.020,302.552,  0.000,  0.020
  0.020,302.555,  0.000,  0.020
  0.020,302.558,  0.001,  0.000
  0.020,302.562,  0.001,  0.000
  0.020,302.563,  0.001,  0.000
  0.020,302.553,  0.001,  0.010
  0.020,302.540,  0.000,  0.010
  0.020,302.533,  0.000,  0.010
  0.020,302.531,  0.000,  0.010
  0.020,302.523,  0.001,  0.010
  0.020,302.514,  0.003,  0.010
  0.020,302.511,  0.003,  0.010
  0.020,302.510,  0.002,  0.000
  0.020,302.505,  0.000,  0.000
  0.020,302.477,  0.004,  0.000
  0.020,302.481,  0.002,  0.000
  0.020,302.485,  0.000,  0.010
  0.020,302.490,  0.000,  0.010
  0.020,302.496,  0.000,  0.010
  0.020,302.505,  0.000,  0.010
  0.020,302.513,  0.000,  0.040
  0.020,302.520,  0.000,  0.040
  0.020,302.525,  0.000,  0.040
  0.020,302.528,  0.000,  0.020
  0.020,302.534,  0.000,  0.020
  0.020,302.541,  0.000,  0.020
  0.020,302.546,  0.000,  0.020
  0.020,302.547,  0.001,  0.000
  0.020,302.547,  0.002,  0.000
  0.020,302.549,  0.004,  0.000
  0.020,302.553,  0.003,  0.010
  0.020,302.549,  0.002,  0.010
  0.020,302.536,  0.000,  0.010
  0.020,302.521,  0.000,  0.010
  0.020,302.517,  0.000,  0.010
  0.020,302.515,  0.000,  0.010
  0.020,302.512,  0.000,  0.010
  0.020,302.506,  0.001,  0.000
  0.020,302.500,  0.000,  0.000
  0.020,302.466,  0.023,  0.000
  0.020,302.466,  0.029,  0.000
  0.020,302.471,  0.021,  0.010
  0.020,302.482,  0.008,  0.010
  0.020,302.489,  0.003,  0.010
  0.020,302.492,  0.001,  0.010
  0.020,302.498,  0.001,  0.040
  0.020,302.507,  0.001,  0.040
  0.020,302.516,  0.001,  0.040
  0.020,302.521,  0.002,  0.020
  0.020,302.523,  0.001,  0.020
  0.020,302.528,  0.000,  0.020
  0.020,302.535,  0.000,  0.020
  0.020,302.537,  0.000,  0.000
  0.020,302.535,  0.000,  0.000
  0.020,302.534,  0.000,  0.000
  0.020,302.538,  0.001,  0.010
  0.020,302.542,  0.001,  0.010
  0.020,302.537,  0.001,  0.010
  0.020,302.525,  0.000,  0.010
  0.020,302.517,  0.000,  0.010
  0.020,302.513,  0.000,  0.010
  0.020,302.509,  0.000,  0.010
  0.020,302.503,  0.000,  0.000
  0.020,302.500,  0.000,  0.000
  0.020,302.465,  0.022,  0.000
  0.020,302.465,  0.059,  0.000
  0.020,302.466,  0.074,  0.000
  0.020,302.472,  0.040,  0.000
  0.020,302.479,  0.012,  0.000
  0.020,302.482,  0.005,  0.000
  0.020,302.485,  0.002,  0.000
  0.020,302.491,  0.002,  0.000
  0.020,302.500,  0.001,  0.000
  0.020,302.508,  0.000,  0.000
  0.020,302.513,  0.000,  0.000
  0.020,302.516,  0.000,  0.000
  0.020,302.518,  0.000,  0.000
  0.020,302.521,  0.000,  0.000
  0.020,302.524,  0.000,  0.000
  0.020,302.525,  0.000,  0.000
  0.020,302.525,  0.000,  0.000
  0.020,302.525,  0.000,  0.000
  0.020,302.526,  0.000,  0.000
  0.020,302.529,  0.000,  0.000
  0.020,302.526,  0.000,  0.000
  0.020,302.519,  0.000,  0.000
  0.020,302.507,  0.000,  0.000
  0.020,302.501,  0.000,  0.000
  0.020,302.495,  0.000,  0.000
  0.020,302.449,  0.000,  0.000
  0.020,302.454,  0.000,  0.000
  0.020,302.455,  0.001,  0.000
  0.020,302.458,  0.004,  0.000
  0.020,302.464,  0.011,  0.000
  0.020,302.472,  0.015,  0.000
  0.020,302.476,  0.010,  0.000
  0.020,302.476,  0.003,  0.000
  0.020,302.478,  0.000,  0.000
  0.020,302.485,  0.000,  0.000
  0.020,302.495,  0.000,  0.000
  0.020,302.501,  0.000,  0.000
  0.020,302.504,  0.000,  0.000
  0.020,302.506,  0.000,  0.000
  0.020,302.511,  0.000,  0.000
  0.020,302.516,  0.000,  0.000
  0.020,302.517,  0.000,  0.000
  0.020,302.514,  0.000,  0.000
  0.020,302.513,  0.000,  0.000
  0.020,302.516,  0.000,  0.000
  0.020,302.519,  0.000,  0.000
  0.020,302.515,  0.000,  0.000
  0.020,302.507,  0.000,  0.000
  0.020,302.505,  0.000,  0.000
  0.020,302.504,  0.000,  0.000
