  0.016,299.044,  0.000,  0.000
  0.016,299.038,  0.000,  0.000
  0.016,299.019,  0.000,  0.000
  0.016,298.995,  0.000,  0.000
  0.016,298.983,  0.000,  0.000
  0.016,298.994,  0.000,  0.000
  0.016,299.018,  0.000,  0.000
  0.016,299.026,  0.000,  0.000
  0.016,298.995,  0.000,  0.000
  0.016,298.941,  0.000,  0.000
  0.016,298.909,  0.000,  0.000
  0.016,298.912,  0.000,  0.000
  0.016,298.913,  0.000,  0.000
  0.016,298.886,  0.000,  0.000
  0.016,298.844,  0.000,  0.000
  0.016,298.809,  0.000,  0.000
  0.016,298.793,  0.000,  0.000
  0.016,298.794,  0.000,  0.000
  0.016,298.798,  0.000,  0.000
  0.016,298.789,  0.000,  0.000
  0.016,298.762,  0.000,  0.000
  0.016,298.740,  0.000,  0.000
  0.016,298.741,  0.000,  0.000
  0.016,298.767,  0.000,  0.000
  0.016,298.779,  0.000,  0.000
  0.016,299.062,  0.000,  0.000
  0.016,299.062,  0.000,  0.000
  0.016,299.044,  0.000,  0.000
  0.016,299.013,  0.000,  0.000
  0.016,298.985,  0.000,  0.000
  0.016,298.980,  0.000,  0.000
  0.016,299.003,  0.000,  0.000
  0.016,299.029,  0.000,  0.000
  0.016,299.020,  0.000,  0.000
  0.016,298.968,  0.000,  0.000
  0.016,298.912,  0.000,  0.000
  0.016,298.891,  0.000,  0.000
  0.016,298.898,  0.000,  0.000
  0.016,298.895,  0.000,  0.000
  0.016,298.872,  0.000,  0.000
  0.016,298.835,  0.000,  0.000
  0.016,298.806,  0.000,  0.000
  0.016,298.802,  0.000,  0.000
  0.016,298.810,  0.000,  0.000
  0.016,298.805,  0.000,  0.000
  0.016,298.785,  0.000,  0.000
  0.016,298.774,  0.000,  0.000
  0.016,298.781,  0.000,  0.000
  0.016,298.788,  0.000,  0.000
  0.016,298.755,  0.000,  0.000
  0.016,299.086,  0.000,  0.000
  0.016,299.091,  0.000,  0.000
  0.016,299.089,  0.000,  0.000
  0.016,299.074,  0.000,  0.000
  0.016,299.040,  0.000,  0.000
  0.016,299.004,  0.000,  0.000
  0.016,298.992,  0.000,  0.000
  0.016,299.003,  0.000,  0.000
  0.016,299.002,  0.000,  0.000
  0.016,298.967,  0.000,  0.000
  0.016,298.924,  0.000,  0.000
  0.016,298.905,  0.000,  0.000
  0.016,298.904,  0.000,  0.000
  0.016,298.904,  0.000,  0.000
  0.016,298.901,  0.000,  0.000
  0.016,298.875,  0.000,  0.000
  0.016,298.838,  0.000,  0.000
  0.016,298.820,  0.000,  0.000
  0.016,298.827,  0.000,  0.000
  0.016,298.834,  0.000,  0.000
  0.016,298.824,  0.000,  0.000
  0.016,298.806,  0.000,  0.000
  0.016,298.796,  0.000,  0.000
  0.016,298.793,  0.000,  0.000
  0.016,298.755,  0.000,  0.000
  0.016,299.087,  0.000,  0.000
  0.016,299.089,  0.000,  0.000
  0.016,299.100,  0.000,  0.000
  0.016,299.110,  0.000,  0.000
  0.016,299.099,  0.000,  0.000
  0.016,299.055,  0.000,  0.000
  0.016,298.998,  0.000,  0.000
  0.016,298.964,  0.000,  0.000
  0.016,298.961,  0.000,  0.000
  0.016,298.965,  0.000,  0.000
  0.016,298.959,  0.000,  0.000
  0.016,298.949,  0.000,  0.000
  0.016,298.935,  0.000,  0.000
  0.016,298.925,  0.000,  0.000
  0.016,298.929,  0.000,  0.000
  0.016,298.925,  0.000,  0.000
  0.016,298.895,  0.000,  0.000
  0.017,298.867,  0.000,  0.000
  0.017,298.872,  0.000,  0.000
  0.016,298.892,  0.000,  0.000
  0.016,298.892,  0.000,  0.000
  0.016,298.859,  0.000,  0.000
  0.016,298.822,  0.000,  0.000
  0.016,298.816,  0.000,  0.000
  0.016,298.795,  0.000,  0.000
  0.016,299.087,  0.000,  0.000
  0.016,299.081,  0.000,  0.000
  0.016,299.076,  0.000,  0.000
  0.016,299.073,  0.000,  0.000
  0.016,299.068,  0.000,  0.000
  0.016,299.049,  0.000,  0.000
  0.016,299.009,  0.000,  0.000
  0.016,298.971,  0.000,  0.000
  0.016,298.962,  0.000,  0.000
  0.016,298.980,  0.000,  0.000
  0.016,298.996,  0.000,  0.000
  0.016,298.989,  0.000,  0.000
  0.016,298.966,  0.000,  0.000
  0.016,298.954,  0.000,  0.000
  0.016,298.961,  0.000,  0.000
  0.016,298.965,  0.000,  0.000
  0.016,298.949,  0.000,  0.000
  0.016,298.921,  0.000,  0.000
  0.016,298.898,  0.000,  0.000
  0.016,298.891,  0.000,  0.000
  0.016,298.890,  0.000,  0.000
  0.016,298.865,  0.000,  0.000
  0.016,298.825,  0.000,  0.000
  0.016,298.808,  0.000,  0.000
  0.016,298.805,  0.000,  0.000
  0.016,299.106,  0.000,  0.000
  0.016,299.088,  0.000,  0.000
  0.016,299.067,  0.000,  0.000
  0.016,299.052,  0.000,  0.000
  0.016,299.046,  0.000,  0.000
  0.016,299.040,  0.000,  0.000
  0.016,299.023,  0.000,  0.000
  0.016,299.001,  0.000,  0.000
  0.016,298.991,  0.000,  0.000
  0.016,299.011,  0.000,  0.000
  0.016,299.037,  0.000,  0.000
  0.016,299.020,  0.000,  0.000
  0.016,298.997,  0.000,  0.000
  0.016,298.992,  0.000,  0.000
  0.016,298.995,  0.000,  0.000
  0.016,299.004,  0.000,  0.000
  0.016,298.998,  0.000,  0.000
  0.016,298.965,  0.000,  0.000
  0.016,298.919,  0.000,  0.000
  0.016,298.889,  0.000,  0.000
  0.016,298.884,  0.000,  0.000
  0.016,298.886,  0.000,  0.000
  0.016,298.860,  0.000,  0.000
  0.016,298.827,  0.000,  0.000
  0.017,298.800,  0.000,  0.000
  0.016,299.108,  0.000,  0.000
  0.016,299.080,  0.000,  0.000
  0.016,299.049,  0.000,  0.000
  0.016,299.028,  0.000,  0.000
  0.016,299.020,  0.000,  0.000
  0.016,299.024,  0.000,  0.000
  0.016,299.025,  0.000,  0.000
  0.016,299.011,  0.000,  0.000
  0.016,299.000,  0.000,  0.000
  0.016,299.042,  0.000,  0.000
  0.016,299.083,  0.000,  0.000
  0.016,299.047,  0.000,  0.000
  0.016,299.014,  0.000,  0.000
  0.016,299.010,  0.000,  0.000
  0.016,299.010,  0.000,  0.000
  0.016,299.008,  0.000,  0.000
  0.016,299.006,  0.000,  0.000
  0.016,298.996,  0.000,  0.000
  0.016,298.974,  0.000,  0.000
  0.016,298.934,  0.000,  0.000
  0.016,298.888,  0.000,  0.000
  0.016,298.874,  0.000,  0.000
  0.016,298.883,  0.000,  0.000
  0.016,298.888,  0.000,  0.000
  0.016,298.852,  0.000,  0.000
  0.016,299.114,  0.000,  0.000
  0.016,299.083,  0.000,  0.000
  0.016,299.051,  0.000,  0.000
  0.016,299.028,  0.000,  0.000
  0.016,299.017,  0.000,  0.000
  0.016,299.022,  0.000,  0.000
  0.016,299.021,  0.000,  0.000
  0.016,299.008,  0.000,  0.000
  0.016,299.021,  0.000,  0.000
  0.016,299.073,  0.000,  0.000
  0.016,299.086,  0.000,  0.000
  0.016,299.035,  0.000,  0.000
  0.016,298.999,  0.000,  0.000
  0.016,299.009,  0.000,  0.000
  0.016,298.997,  0.000,  0.000
  0.016,298.971,  0.000,  0.000
  0.016,298.958,  0.000,  0.000
  0.016,298.959,  0.000,  0.000
  0.016,298.956,  0.000,  0.000
  0.016,298.935,  0.000,  0.000
  0.016,298.892,  0.000,  0.000
  0.016,298.875,  0.000,  0.000
  0.016,298.919,  0.000,  0.000
  0.016,298.953,  0.000,  0.000
  0.016,298.922,  0.000,  0.000
  0.016,299.106,  0.000,  0.000
  0.016,299.088,  0.000,  0.000
  0.016,299.071,  0.000,  0.000
  0.016,299.053,  0.000,  0.000
  0.017,299.037,  0.000,  0.000
  0.017,299.026,  0.000,  0.000
  0.016,299.018,  0.000,  0.000
  0.016,299.022,  0.000,  0.000
  0.016,299.056,  0.000,  0.000
  0.016,299.094,  0.000,  0.000
  0.016,299.085,  0.000,  0.000
  0.016,299.051,  0.000,  0.000
  0.016,299.035,  0.000,  0.000
  0.016,299.028,  0.000,  0.000
  0.016,299.000,  0.000,  0.000
  0.016,298.980,  0.000,  0.000
  0.016,298.968,  0.000,  0.000
  0.016,298.958,  0.000,  0.000
  0.016,298.943,  0.000,  0.000
  0.016,298.911,  0.000,  0.000
  0.016,298.870,  0.000,  0.000
  0.016,298.870,  0.000,  0.000
  0.016,298.916,  0.000,  0.000
  0.016,298.937,  0.000,  0.000
  0.016,298.905,  0.000,  0.000
  0.016,299.093,  0.000,  0.000
  0.016,299.100,  0.000,  0.000
  0.016,299.095,  0.000,  0.000
  0.017,299.079,  0.000,  0.000
  0.016,299.060,  0.000,  0.000
  0.016,299.052,  0.000,  0.000
  0.016,299.063,  0.000,  0.000
  0.016,299.085,  0.000,  0.000
  0.016,299.095,  0.000,  0.000
  0.016,299.068,  0.000,  0.000
  0.016,299.036,  0.000,  0.000
  0.016,299.039,  0.000,  0.000
  0.016,299.033,  0.000,  0.000
  0.016,299.020,  0.000,  0.000
  0.016,299.010,  0.000,  0.000
  0.016,299.000,  0.000,  0.000
  0.016,298.983,  0.000,  0.000
  0.016,298.962,  0.000,  0.000
  0.016,298.930,  0.000,  0.000
  0.017,298.895,  0.000,  0.000
  0.016,298.880,  0.000,  0.000
  0.016,298.906,  0.000,  0.000
  0.016,298.943,  0.000,  0.000
  0.016,298.939,  0.000,  0.000
  0.016,298.927,  0.000,  0.000
  0.016,299.117,  0.000,  0.000
  0.016,299.124,  0.000,  0.000
  0.017,299.108,  0.000,  0.000
  0.017,299.079,  0.000,  0.000
  0.016,299.054,  0.000,  0.000
  0.016,299.050,  0.000,  0.000
  0.016,299.078,  0.000,  0.000
  0.016,299.110,  0.000,  0.000
  0.017,299.093,  0.000,  0.000
  0.017,299.042,  0.000,  0.000
  0.017,299.029,  0.000,  0.000
  0.017,299.060,  0.000,  0.000
  0.017,299.044,  0.000,  0.000
  0.016,299.031,  0.000,  0.000
  0.016,299.033,  0.000,  0.000
  0.016,299.023,  0.000,  0.000
  0.016,299.003,  0.000,  0.000
  0.017,298.967,  0.000,  0.000
  0.017,298.924,  0.000,  0.000
  0.017,298.903,  0.000,  0.000
  0.016,298.918,  0.000,  0.000
  0.016,298.946,  0.000,  0.000
  0.016,298.946,  0.000,  0.000
  0.017,298.903,  0.000,  0.000
  0.017,298.876,  0.000,  0.000
  0.017,299.141,  0.000,  0.000
  0.017,299.121,  0.000,  0.000
  0.017,299.093,  0.000,  0.000
  0.017,299.076,  0.000,  0.000
  0.016,299.074,  0.000,  0.000
  0.016,299.084,  0.000,  0.000
  0.016,299.111,  0.000,  0.000
  0.017,299.128,  0.000,  0.000
  0.017,299.112,  0.000,  0.000
  0.016,299.095,  0.000,  0.000
  0.017,299.095,  0.000,  0.000
  0.017,299.089,  0.000,  0.000
  0.017,299.083,  0.000,  0.000
  0.016,299.092,  0.000,  0.000
  0.016,299.101,  0.000,  0.000
  0.016,299.072,  0.000,  0.000
  0.016,299.035,  0.000,  0.000
  0.017,298.987,  0.000,  0.000
  0.017,298.934,  0.000,  0.000
  0.017,298.911,  0.000,  0.000
  0.017,298.925,  0.000,  0.000
  0.017,298.938,  0.000,  0.000
  0.017,298.935,  0.000,  0.000
  0.017,298.926,  0.000,  0.000
  0.017,298.917,  0.000,  0.000
  0.017,299.169,  0.000,  0.000
  0.017,299.128,  0.000,  0.000
  0.017,299.099,  0.000,  0.000
  0.016,299.090,  0.000,  0.000
  0.016,299.112,  0.000,  0.000
  0.017,299.112,  0.000,  0.000
  0.017,299.104,  0.000,  0.000
  0.017,299.152,  0.000,  0.000
  0.016,299.149,  0.000,  0.000
  0.017,299.128,  0.000,  0.000
  0.017,299.119,  0.000,  0.000
  0.016,299.117,  0.000,  0.000
  0.016,299.113,  0.000,  0.000
  0.016,299.111,  0.000,  0.000
  0.017,299.090,  0.000,  0.000
  0.017,299.058,  0.000,  0.000
  0.017,299.025,  0.000,  0.000
  0.017,298.996,  0.000,  0.000
  0.017,298.974,  0.000,  0.000
  0.017,298.970,  0.000,  0.000
  0.016,298.964,  0.000,  0.000
  0.016,298.951,  0.000,  0.000
  0.016,298.941,  0.000,  0.000
  0.016,298.946,  0.000,  0.000
  0.016,298.954,  0.000,  0.000
  0.017,299.199,  0.000,  0.000
  0.017,299.156,  0.000,  0.000
  0.016,299.129,  0.000,  0.000
  0.016,299.110,  0.000,  0.000
  0.016,299.059,  0.000,  0.000
  0.016,298.994,  0.000,  0.000
  0.016,299.026,  0.000,  0.000
  0.016,299.162,  0.000,  0.000
  0.017,299.186,  0.000,  0.000
  0.017,299.117,  0.000,  0.000
  0.017,299.115,  0.000,  0.000
  0.017,299.141,  0.000,  0.000
  0.017,299.128,  0.000,  0.000
  0.017,299.100,  0.000,  0.000
  0.017,299.074,  0.000,  0.000
  0.017,299.048,  0.000,  0.000
  0.017,299.035,  0.000,  0.000
  0.017,299.036,  0.000,  0.000
  0.016,299.035,  0.000,  0.000
  0.016,299.024,  0.000,  0.000
  0.016,299.004,  0.000,  0.000
  0.017,298.978,  0.000,  0.000
  0.017,298.955,  0.000,  0.000
  0.016,298.946,  0.000,  0.000
  0.016,298.944,  0.000,  0.000
  0.017,299.190,  0.000,  0.000
  0.017,299.143,  0.000,  0.000
  0.017,299.070,  0.000,  0.000
  0.017,299.019,  0.000,  0.000
  0.016,298.964,  0.000,  0.000
  0.017,299.063,  0.000,  0.000
  0.016,299.044,  0.000,  0.000
  0.016,299.165,  0.000,  0.000
  0.017,299.201,  0.000,  0.000
  0.017,299.138,  0.000,  0.000
  0.016,299.135,  0.000,  0.000
  0.017,299.124,  0.000,  0.000
  0.017,299.066,  0.000,  0.000
  0.017,299.051,  0.000,  0.000
  0.017,299.063,  0.000,  0.000
  0.017,299.058,  0.000,  0.000
  0.017,299.060,  0.000,  0.000
  0.017,299.059,  0.000,  0.000
  0.017,299.040,  0.000,  0.000
  0.017,299.014,  0.000,  0.000
  0.017,298.992,  0.000,  0.000
  0.017,298.980,  0.000,  0.000
  0.017,298.975,  0.000,  0.000
  0.017,298.969,  0.000,  0.000
  0.016,298.959,  0.000,  0.000
