  0.019,299.824,  0.000,  0.000
  0.019,299.866,  0.000,  0.000
  0.019,299.855,  0.000,  0.000
  0.019,299.826,  0.000,  0.000
  0.019,299.813,  0.000,  0.000
  0.019,299.864,  0.000,  0.000
  0.019,299.945,  0.000,  0.000
  0.019,299.931,  0.000,  0.000
  0.019,299.810,  0.000,  0.000
  0.019,299.728,  0.000,  0.000
  0.019,299.779,  0.000,  0.000
  0.019,299.877,  0.000,  0.000
  0.019,299.964,  0.000,  0.000
  0.019,300.022,  0.000,  0.000
  0.019,299.988,  0.000,  0.000
  0.019,299.909,  0.000,  0.000
  0.019,299.926,  0.000,  0.000
  0.019,300.007,  0.000,  0.000
  0.019,299.988,  0.000,  0.000
  0.019,299.925,  0.000,  0.000
  0.019,299.953,  0.000,  0.000
  0.019,299.997,  0.000,  0.000
  0.019,299.885,  0.000,  0.000
  0.019,299.690,  0.000,  0.000
  0.019,299.588,  0.000,  0.000
  0.019,299.919,  0.000,  0.000
  0.019,299.978,  0.000,  0.000
  0.019,299.938,  0.000,  0.000
  0.019,299.851,  0.000,  0.000
  0.019,299.825,  0.000,  0.000
  0.019,299.836,  0.000,  0.000
  0.019,299.768,  0.000,  0.000
  0.019,299.622,  0.000,  0.000
  0.019,299.567,  0.000,  0.000
  0.019,299.666,  0.000,  0.000
  0.019,299.851,  0.000,  0.000
  0.019,300.005,  0.000,  0.000
  0.019,300.077,  0.000,  0.000
  0.019,300.088,  0.000,  0.000
  0.019,300.041,  0.000,  0.000
  0.019,299.995,  0.000,  0.000
  0.019,300.023,  0.000,  0.000
  0.019,300.074,  0.000,  0.000
  0.019,300.071,  0.000,  0.000
  0.019,300.071,  0.000,  0.000
  0.019,300.114,  0.000,  0.000
  0.019,300.081,  0.000,  0.000
  0.019,299.916,  0.000,  0.000
  0.019,299.754,  0.000,  0.000
  0.019,299.675,  0.000,  0.000
  0.019,299.940,  0.000,  0.000
  0.019,299.923,  0.000,  0.000
  0.019,299.759,  0.000,  0.000
  0.019,299.649,  0.000,  0.000
  0.019,299.652,  0.000,  0.000
  0.019,299.596,  0.000,  0.000
  0.019,299.458,  0.000,  0.000
  0.019,299.430,  0.000,  0.000
  0.019,299.543,  0.000,  0.000
  0.019,299.728,  0.000,  0.000
  0.019,299.936,  0.000,  0.000
  0.019,300.101,  0.000,  0.000
  0.019,300.168,  0.000,  0.000
  0.019,300.146,  0.000,  0.000
  0.019,300.086,  0.000,  0.000
  0.019,300.052,  0.000,  0.000
  0.019,300.067,  0.000,  0.000
  0.019,300.110,  0.000,  0.000
  0.019,300.118,  0.000,  0.000
  0.019,300.066,  0.000,  0.000
  0.019,300.043,  0.000,  0.000
  0.019,300.049,  0.000,  0.000
  0.019,299.968,  0.000,  0.000
  0.019,299.844,  0.000,  0.000
  0.019,299.774,  0.000,  0.000
  0.019,299.743,  0.000,  0.000
  0.019,299.550,  0.000,  0.000
  0.019,299.493,  0.000,  0.000
  0.019,299.602,  0.000,  0.000
  0.019,299.696,  0.000,  0.000
  0.019,299.622,  0.000,  0.000
  0.019,299.471,  0.000,  0.000
  0.019,299.450,  0.000,  0.000
  0.019,299.589,  0.000,  0.000
  0.019,299.811,  0.000,  0.000
  0.019,300.056,  0.000,  0.000
  0.019,300.211,  0.000,  0.000
  0.019,300.213,  0.000,  0.000
  0.019,300.184,  0.000,  0.000
  0.019,300.187,  0.000,  0.000
  0.019,300.189,  0.000,  0.000
  0.019,300.205,  0.000,  0.000
  0.019,300.146,  0.000,  0.000
  0.019,299.922,  0.000,  0.000
  0.019,299.744,  0.000,  0.000
  0.019,299.826,  0.000,  0.000
  0.019,300.004,  0.000,  0.000
  0.019,300.015,  0.000,  0.000
  0.019,299.916,  0.000,  0.000
  0.019,299.842,  0.000,  0.000
  0.019,299.622,  0.000,  0.000
  0.019,299.390,  0.000,  0.000
  0.019,299.422,  0.000,  0.000
  0.019,299.661,  0.000,  0.000
  0.019,299.830,  0.000,  0.000
  0.019,299.778,  0.000,  0.000
  0.019,299.633,  0.000,  0.000
  0.019,299.595,  0.000,  0.000
  0.019,299.710,  0.000,  0.000
  0.019,299.890,  0.000,  0.000
  0.019,300.012,  0.000,  0.000
  0.019,300.023,  0.000,  0.000
  0.019,300.025,  0.000,  0.000
  0.019,300.083,  0.000,  0.000
  0.019,300.140,  0.000,  0.000
  0.019,300.124,  0.000,  0.000
  0.019,299.975,  0.000,  0.000
  0.019,299.731,  0.000,  0.000
  0.019,299.575,  0.000,  0.000
  0.019,299.608,  0.000,  0.000
  0.019,299.783,  0.000,  0.000
  0.019,299.994,  0.000,  0.000
  0.019,300.049,  0.000,  0.000
  0.019,299.962,  0.000,  0.000
  0.019,299.877,  0.000,  0.000
  0.019,299.681,  0.000,  0.000
  0.019,299.504,  0.000,  0.000
  0.019,299.540,  0.000,  0.000
  0.019,299.769,  0.000,  0.000
  0.019,299.966,  0.000,  0.000
  0.019,299.926,  0.000,  0.000
  0.019,299.788,  0.000,  0.000
  0.019,299.763,  0.000,  0.000
  0.019,299.848,  0.000,  0.000
  0.019,299.893,  0.000,  0.000
  0.019,299.810,  0.000,  0.000
  0.019,299.684,  0.000,  0.000
  0.019,299.679,  0.000,  0.000
  0.019,299.801,  0.000,  0.000
  0.019,299.946,  0.000,  0.000
  0.019,299.976,  0.000,  0.000
  0.019,299.812,  0.000,  0.000
  0.019,299.592,  0.000,  0.000
  0.019,299.516,  0.000,  0.000
  0.019,299.632,  0.000,  0.000
  0.019,299.831,  0.000,  0.000
  0.019,300.001,  0.000,  0.000
  0.019,300.051,  0.000,  0.000
  0.019,300.014,  0.000,  0.000
  0.019,299.972,  0.000,  0.000
  0.019,299.790,  0.000,  0.000
  0.019,299.663,  0.000,  0.000
  0.019,299.734,  0.000,  0.000
  0.019,299.950,  0.000,  0.000
  0.019,300.077,  0.000,  0.000
  0.019,300.001,  0.000,  0.000
  0.019,299.893,  0.000,  0.000
  0.019,299.883,  0.000,  0.000
  0.019,299.919,  0.000,  0.000
  0.019,299.892,  0.000,  0.000
  0.019,299.780,  0.000,  0.000
  0.019,299.645,  0.000,  0.000
  0.019,299.571,  0.000,  0.000
  0.019,299.608,  0.000,  0.000
  0.019,299.761,  0.000,  0.000
  0.019,299.892,  0.000,  0.000
  0.019,299.842,  0.000,  0.000
  0.019,299.687,  0.000,  0.000
  0.019,299.629,  0.000,  0.000
  0.019,299.727,  0.000,  0.000
  0.019,299.887,  0.000,  0.000
  0.019,300.001,  0.000,  0.000
  0.019,300.046,  0.000,  0.000
  0.019,300.054,  0.000,  0.000
  0.019,299.982,  0.000,  0.000
  0.019,299.955,  0.000,  0.000
  0.019,299.895,  0.000,  0.000
  0.019,299.965,  0.000,  0.000
  0.019,300.099,  0.000,  0.000
  0.019,300.122,  0.000,  0.000
  0.019,300.029,  0.000,  0.000
  0.019,299.943,  0.000,  0.000
  0.019,299.935,  0.000,  0.000
  0.019,299.943,  0.000,  0.000
  0.019,299.913,  0.000,  0.000
  0.019,299.835,  0.000,  0.000
  0.019,299.720,  0.000,  0.000
  0.019,299.615,  0.000,  0.000
  0.019,299.590,  0.000,  0.000
  0.019,299.695,  0.000,  0.000
  0.019,299.858,  0.000,  0.000
  0.019,299.908,  0.000,  0.000
  0.019,299.800,  0.000,  0.000
  0.019,299.732,  0.000,  0.000
  0.019,299.817,  0.000,  0.000
  0.019,299.952,  0.000,  0.000
  0.019,300.033,  0.000,  0.000
  0.019,300.059,  0.000,  0.000
  0.019,300.016,  0.000,  0.000
  0.019,299.880,  0.000,  0.000
  0.019,299.945,  0.000,  0.000
  0.019,299.873,  0.000,  0.000
  0.019,299.995,  0.000,  0.000
  0.019,300.148,  0.000,  0.000
  0.019,300.156,  0.000,  0.000
  0.019,300.075,  0.000,  0.000
  0.019,299.994,  0.000,  0.000
  0.019,299.958,  0.000,  0.000
  0.019,299.947,  0.000,  0.000
  0.019,299.936,  0.000,  0.000
  0.019,299.899,  0.000,  0.000
  0.019,299.804,  0.000,  0.000
  0.019,299.693,  0.000,  0.000
  0.019,299.643,  0.000,  0.000
  0.019,299.709,  0.000,  0.000
  0.019,299.861,  0.000,  0.000
  0.019,299.957,  0.000,  0.000
  0.019,299.907,  0.000,  0.000
  0.019,299.855,  0.000,  0.000
  0.019,299.903,  0.000,  0.000
  0.019,299.993,  0.000,  0.000
  0.019,300.046,  0.000,  0.000
  0.019,300.042,  0.000,  0.000
  0.019,299.963,  0.000,  0.000
  0.019,299.832,  0.000,  0.000
  0.019,299.586,  0.000,  0.000
  0.019,299.509,  0.000,  0.000
  0.019,299.810,  0.000,  0.000
  0.019,300.127,  0.000,  0.000
  0.019,300.193,  0.000,  0.000
  0.019,300.118,  0.000,  0.000
  0.019,300.025,  0.000,  0.000
  0.019,299.954,  0.000,  0.000
  0.019,299.930,  0.000,  0.000
  0.019,299.966,  0.000,  0.000
  0.019,299.972,  0.000,  0.000
  0.019,299.871,  0.000,  0.000
  0.019,299.726,  0.000,  0.000
  0.019,299.670,  0.000,  0.000
  0.019,299.742,  0.000,  0.000
  0.019,299.888,  0.000,  0.000
  0.019,299.993,  0.000,  0.000
  0.019,299.972,  0.000,  0.000
  0.019,299.925,  0.000,  0.000
  0.019,299.950,  0.000,  0.000
  0.019,300.025,  0.000,  0.000
  0.019,300.068,  0.000,  0.000
  0.019,300.036,  0.000,  0.000
  0.019,299.946,  0.000,  0.000
  0.019,299.856,  0.000,  0.000
  0.019,299.518,  0.000,  0.000
  0.019,299.445,  0.000,  0.000
  0.019,299.703,  0.000,  0.000
  0.019,300.064,  0.000,  0.000
  0.019,300.208,  0.000,  0.000
  0.019,300.124,  0.000,  0.000
  0.019,300.000,  0.000,  0.000
  0.019,299.935,  0.000,  0.000
  0.019,299.945,  0.000,  0.000
  0.019,300.003,  0.000,  0.000
  0.019,300.010,  0.000,  0.000
  0.019,299.900,  0.000,  0.000
  0.019,299.774,  0.000,  0.000
  0.019,299.727,  0.000,  0.000
  0.019,299.792,  0.000,  0.000
  0.019,299.927,  0.000,  0.000
  0.019,300.031,  0.000,  0.000
  0.019,300.026,  0.000,  0.000
  0.019,299.985,  0.000,  0.000
  0.019,300.013,  0.000,  0.000
  0.019,300.079,  0.000,  0.000
  0.019,300.091,  0.000,  0.000
  0.019,300.033,  0.000,  0.000
  0.019,299.958,  0.000,  0.000
  0.019,299.914,  0.000,  0.000
  0.019,299.702,  0.000,  0.000
  0.019,299.631,  0.000,  0.000
  0.019,299.777,  0.000,  0.000
  0.019,300.024,  0.000,  0.000
  0.019,300.174,  0.000,  0.000
  0.019,300.120,  0.000,  0.000
  0.019,300.001,  0.000,  0.000
  0.019,299.951,  0.000,  0.000
  0.019,299.976,  0.000,  0.000
  0.019,300.026,  0.000,  0.000
  0.019,300.013,  0.000,  0.000
  0.019,299.907,  0.000,  0.000
  0.019,299.817,  0.000,  0.000
  0.019,299.805,  0.000,  0.000
  0.019,299.865,  0.000,  0.000
  0.019,299.971,  0.000,  0.000
  0.019,300.065,  0.000,  0.000
  0.020,300.076,  0.000,  0.000
  0.020,300.028,  0.000,  0.000
  0.020,300.032,  0.000,  0.000
  0.019,300.058,  0.000,  0.000
  0.019,300.036,  0.000,  0.000
  0.019,300.009,  0.000,  0.000
  0.019,299.993,  0.000,  0.000
  0.019,299.991,  0.000,  0.000
  0.019,299.853,  0.000,  0.000
  0.019,299.815,  0.000,  0.000
  0.019,299.896,  0.000,  0.000
  0.019,300.044,  0.000,  0.000
  0.019,300.171,  0.000,  0.000
  0.019,300.173,  0.000,  0.000
  0.019,300.071,  0.000,  0.000
  0.019,299.994,  0.000,  0.000
  0.019,300.005,  0.000,  0.000
  0.019,300.033,  0.000,  0.000
  0.019,300.040,  0.000,  0.000
  0.019,300.007,  0.000,  0.000
  0.019,299.946,  0.000,  0.000
  0.019,299.913,  0.000,  0.000
  0.019,299.937,  0.000,  0.000
  0.019,300.014,  0.000,  0.000
  0.019,300.104,  0.000,  0.000
  0.020,300.153,  0.000,  0.000
  0.020,300.124,  0.000,  0.000
  0.020,300.047,  0.000,  0.000
  0.020,299.975,  0.000,  0.000
  0.019,299.954,  0.000,  0.000
  0.019,299.993,  0.000,  0.000
  0.019,300.029,  0.000,  0.000
  0.019,300.054,  0.000,  0.000
  0.019,299.938,  0.000,  0.000
  0.019,299.890,  0.000,  0.000
  0.019,299.956,  0.000,  0.000
  0.019,300.074,  0.000,  0.000
  0.019,300.159,  0.000,  0.000
  0.019,300.163,  0.000,  0.000
  0.019,300.112,  0.000,  0.000
  0.019,300.050,  0.000,  0.000
  0.019,300.027,  0.000,  0.000
  0.019,300.020,  0.000,  0.000
  0.019,299.994,  0.000,  0.000
  0.019,299.967,  0.000,  0.000
  0.019,299.959,  0.000,  0.000
  0.019,299.954,  0.000,  0.000
  0.019,299.992,  0.000,  0.000
  0.019,300.066,  0.000,  0.000
  0.020,300.146,  0.000,  0.000
  0.020,300.186,  0.000,  0.000
  0.020,300.140,  0.000,  0.000
  0.020,300.027,  0.000,  0.000
  0.020,299.932,  0.000,  0.000
  0.019,299.922,  0.000,  0.000
  0.019,299.978,  0.000,  0.000
  0.019,300.044,  0.000,  0.000
  0.019,300.088,  0.000,  0.000
  0.019,300.008,  0.000,  0.000
  0.019,299.973,  0.000,  0.000
  0.019,300.004,  0.000,  0.000
  0.019,300.018,  0.000,  0.000
  0.019,299.988,  0.000,  0.000
  0.019,300.019,  0.000,  0.000
  0.019,300.109,  0.000,  0.000
  0.019,300.093,  0.000,  0.000
  0.019,300.027,  0.000,  0.000
  0.019,299.983,  0.000,  0.000
  0.019,299.890,  0.000,  0.000
  0.020,299.742,  0.000,  0.000
  0.019,299.724,  0.000,  0.000
  0.019,299.869,  0.000,  0.000
  0.019,300.014,  0.000,  0.000
  0.019,300.108,  0.000,  0.000
  0.020,300.179,  0.000,  0.000
  0.020,300.150,  0.000,  0.000
  0.020,300.057,  0.000,  0.000
  0.020,300.011,  0.000,  0.000
  0.020,299.985,  0.000,  0.000
  0.019,299.957,  0.000,  0.000
  0.019,299.982,  0.000,  0.000
  0.019,300.049,  0.000,  0.000
  0.020,300.100,  0.000,  0.000
