  0.019,300.922,  0.000,  0.000
  0.019,300.921,  0.000,  0.000
  0.019,300.926,  0.000,  0.000
  0.019,300.931,  0.000,  0.000
  0.019,300.936,  0.000,  0.000
  0.019,300.943,  0.000,  0.000
  0.019,300.958,  0.000,  0.000
  0.019,300.972,  0.000,  0.000
  0.019,300.974,  0.000,  0.000
  0.019,300.964,  0.000,  0.000
  0.019,300.958,  0.000,  0.000
  0.019,300.964,  0.000,  0.000
  0.019,300.976,  0.000,  0.000
  0.019,300.987,  0.000,  0.000
  0.019,300.997,  0.000,  0.000
  0.019,301.008,  0.000,  0.000
  0.019,301.020,  0.000,  0.000
  0.019,301.029,  0.000,  0.000
  0.019,301.041,  0.000,  0.000
  0.019,301.050,  0.000,  0.000
  0.019,301.056,  0.000,  0.000
  0.019,301.059,  0.000,  0.000
  0.019,301.062,  0.000,  0.000
  0.019,301.089,  0.000,  0.000
  0.019,301.104,  0.000,  0.000
  0.019,300.949,  0.000,  0.000
  0.019,300.951,  0.000,  0.000
  0.019,300.957,  0.000,  0.000
  0.019,300.963,  0.000,  0.000
  0.019,300.969,  0.000,  0.000
  0.019,300.981,  0.000,  0.000
  0.019,300.991,  0.000,  0.000
  0.019,300.991,  0.000,  0.000
  0.019,300.983,  0.000,  0.000
  0.019,300.979,  0.000,  0.000
  0.019,300.984,  0.000,  0.000
  0.019,300.995,  0.000,  0.000
  0.019,301.008,  0.000,  0.000
  0.019,301.023,  0.000,  0.000
  0.019,301.039,  0.000,  0.000
  0.019,301.054,  0.000,  0.000
  0.019,301.068,  0.000,  0.000
  0.019,301.078,  0.000,  0.000
  0.019,301.087,  0.000,  0.000
  0.019,301.091,  0.000,  0.000
  0.019,301.091,  0.000,  0.000
  0.019,301.092,  0.000,  0.000
  0.019,301.099,  0.000,  0.000
  0.019,301.132,  0.000,  0.000
  0.019,301.147,  0.000,  0.000
  0.019,300.983,  0.000,  0.000
  0.019,300.988,  0.000,  0.000
  0.019,300.989,  0.000,  0.000
  0.019,300.993,  0.000,  0.000
  0.019,301.004,  0.000,  0.000
  0.019,301.016,  0.000,  0.000
  0.019,301.017,  0.000,  0.000
  0.019,301.004,  0.000,  0.000
  0.019,300.996,  0.000,  0.000
  0.019,301.001,  0.000,  0.000
  0.019,301.012,  0.000,  0.000
  0.019,301.027,  0.000,  0.000
  0.019,301.046,  0.000,  0.000
  0.019,301.066,  0.000,  0.000
  0.019,301.085,  0.000,  0.000
  0.019,301.102,  0.000,  0.000
  0.019,301.113,  0.000,  0.000
  0.019,301.122,  0.000,  0.000
  0.019,301.126,  0.000,  0.000
  0.019,301.126,  0.000,  0.000
  0.019,301.124,  0.000,  0.000
  0.019,301.127,  0.000,  0.000
  0.019,301.138,  0.000,  0.000
  0.019,301.168,  0.000,  0.000
  0.019,301.180,  0.000,  0.000
  0.019,301.013,  0.000,  0.000
  0.019,301.019,  0.000,  0.000
  0.019,301.018,  0.000,  0.000
  0.019,301.021,  0.000,  0.000
  0.019,301.031,  0.000,  0.000
  0.019,301.037,  0.000,  0.000
  0.019,301.031,  0.000,  0.000
  0.019,301.018,  0.000,  0.000
  0.019,301.017,  0.000,  0.000
  0.019,301.028,  0.000,  0.000
  0.019,301.044,  0.000,  0.000
  0.019,301.063,  0.000,  0.000
  0.019,301.085,  0.000,  0.000
  0.019,301.108,  0.000,  0.000
  0.019,301.129,  0.000,  0.000
  0.019,301.142,  0.000,  0.000
  0.019,301.151,  0.000,  0.000
  0.019,301.157,  0.000,  0.000
  0.019,301.158,  0.000,  0.000
  0.019,301.156,  0.000,  0.000
  0.019,301.156,  0.000,  0.000
  0.019,301.162,  0.000,  0.000
  0.019,301.172,  0.000,  0.000
  0.019,301.194,  0.000,  0.000
  0.019,301.202,  0.000,  0.000
  0.019,301.041,  0.000,  0.000
  0.019,301.043,  0.000,  0.000
  0.019,301.045,  0.000,  0.000
  0.019,301.046,  0.000,  0.000
  0.019,301.048,  0.000,  0.000
  0.019,301.046,  0.000,  0.000
  0.019,301.040,  0.000,  0.000
  0.019,301.037,  0.000,  0.000
  0.019,301.043,  0.000,  0.000
  0.019,301.059,  0.000,  0.000
  0.019,301.079,  0.000,  0.000
  0.019,301.101,  0.000,  0.000
  0.019,301.124,  0.000,  0.000
  0.019,301.146,  0.000,  0.000
  0.019,301.164,  0.000,  0.000
  0.019,301.175,  0.000,  0.000
  0.019,301.183,  0.000,  0.000
  0.019,301.186,  0.000,  0.000
  0.019,301.185,  0.000,  0.000
  0.019,301.183,  0.000,  0.000
  0.019,301.184,  0.000,  0.000
  0.019,301.190,  0.000,  0.000
  0.019,301.196,  0.000,  0.000
  0.019,301.215,  0.000,  0.000
  0.019,301.221,  0.000,  0.000
  0.019,301.067,  0.003,  0.000
  0.019,301.067,  0.001,  0.000
  0.019,301.070,  0.000,  0.000
  0.019,301.068,  0.000,  0.000
  0.019,301.061,  0.000,  0.000
  0.019,301.055,  0.000,  0.000
  0.019,301.053,  0.000,  0.000
  0.019,301.057,  0.000,  0.000
  0.019,301.069,  0.000,  0.000
  0.019,301.088,  0.000,  0.000
  0.019,301.112,  0.000,  0.000
  0.019,301.135,  0.000,  0.000
  0.019,301.158,  0.000,  0.000
  0.019,301.178,  0.000,  0.000
  0.019,301.193,  0.000,  0.000
  0.019,301.201,  0.000,  0.000
  0.019,301.208,  0.000,  0.000
  0.019,301.209,  0.000,  0.000
  0.019,301.209,  0.000,  0.000
  0.019,301.208,  0.000,  0.000
  0.019,301.208,  0.000,  0.000
  0.019,301.209,  0.000,  0.000
  0.019,301.214,  0.000,  0.000
  0.019,301.231,  0.000,  0.000
  0.019,301.237,  0.000,  0.000
  0.019,301.090,  0.012,  0.000
  0.019,301.089,  0.002,  0.000
  0.019,301.091,  0.000,  0.000
  0.019,301.085,  0.000,  0.000
  0.019,301.076,  0.000,  0.000
  0.019,301.070,  0.000,  0.000
  0.019,301.071,  0.000,  0.000
  0.019,301.078,  0.000,  0.000
  0.019,301.093,  0.000,  0.000
  0.019,301.115,  0.000,  0.000
  0.019,301.142,  0.000,  0.000
  0.019,301.167,  0.000,  0.000
  0.019,301.187,  0.000,  0.000
  0.019,301.204,  0.000,  0.000
  0.019,301.215,  0.000,  0.000
  0.019,301.224,  0.000,  0.000
  0.019,301.229,  0.000,  0.000
  0.019,301.229,  0.000,  0.000
  0.019,301.227,  0.000,  0.000
  0.019,301.225,  0.000,  0.000
  0.019,301.226,  0.000,  0.000
  0.019,301.227,  0.000,  0.000
  0.019,301.229,  0.000,  0.000
  0.019,301.242,  0.000,  0.000
  0.019,301.247,  0.000,  0.000
  0.019,301.109,  0.008,  0.000
  0.019,301.107,  0.003,  0.000
  0.019,301.105,  0.000,  0.000
  0.019,301.099,  0.000,  0.000
  0.019,301.092,  0.000,  0.000
  0.019,301.089,  0.000,  0.000
  0.019,301.091,  0.000,  0.000
  0.019,301.102,  0.000,  0.000
  0.019,301.121,  0.000,  0.000
  0.019,301.145,  0.000,  0.000
  0.019,301.172,  0.000,  0.000
  0.019,301.195,  0.000,  0.000
  0.019,301.214,  0.000,  0.000
  0.019,301.227,  0.000,  0.000
  0.019,301.237,  0.000,  0.000
  0.019,301.243,  0.000,  0.000
  0.019,301.245,  0.000,  0.000
  0.019,301.243,  0.000,  0.000
  0.019,301.240,  0.000,  0.000
  0.019,301.237,  0.000,  0.000
  0.019,301.238,  0.000,  0.000
  0.019,301.242,  0.000,  0.000
  0.019,301.244,  0.000,  0.000
  0.019,301.253,  0.000,  0.000
  0.019,301.252,  0.000,  0.000
  0.019,301.129,  0.011,  0.000
  0.019,301.123,  0.005,  0.000
  0.019,301.118,  0.002,  0.000
  0.019,301.112,  0.000,  0.000
  0.019,301.108,  0.000,  0.000
  0.019,301.107,  0.000,  0.000
  0.019,301.113,  0.000,  0.000
  0.019,301.128,  0.000,  0.000
  0.019,301.151,  0.000,  0.000
  0.019,301.178,  0.000,  0.000
  0.019,301.203,  0.000,  0.000
  0.019,301.223,  0.000,  0.000
  0.019,301.238,  0.000,  0.000
  0.019,301.249,  0.000,  0.000
  0.019,301.256,  0.000,  0.000
  0.019,301.258,  0.000,  0.000
  0.019,301.257,  0.000,  0.000
  0.019,301.256,  0.000,  0.000
  0.019,301.252,  0.000,  0.000
  0.019,301.246,  0.000,  0.000
  0.019,301.243,  0.000,  0.000
  0.019,301.243,  0.000,  0.000
  0.019,301.246,  0.000,  0.000
  0.019,301.251,  0.000,  0.000
  0.019,301.247,  0.000,  0.000
  0.019,301.149,  0.107,  0.000
  0.019,301.139,  0.094,  0.000
  0.019,301.132,  0.050,  0.000
  0.019,301.127,  0.014,  0.000
  0.019,301.124,  0.003,  0.000
  0.019,301.126,  0.001,  0.000
  0.019,301.134,  0.000,  0.000
  0.019,301.152,  0.000,  0.000
  0.019,301.180,  0.000,  0.000
  0.019,301.209,  0.000,  0.000
  0.019,301.232,  0.000,  0.000
  0.019,301.248,  0.000,  0.000
  0.019,301.259,  0.000,  0.000
  0.019,301.265,  0.000,  0.000
  0.019,301.269,  0.000,  0.000
  0.019,301.269,  0.000,  0.000
  0.019,301.264,  0.000,  0.000
  0.019,301.257,  0.000,  0.000
  0.019,301.252,  0.000,  0.000
  0.019,301.247,  0.000,  0.000
  0.019,301.238,  0.000,  0.000
  0.019,301.234,  0.000,  0.000
  0.019,301.236,  0.000,  0.000
  0.019,301.237,  0.000,  0.000
  0.019,301.236,  0.000,  0.000
  0.019,301.166,  0.315,  0.000
  0.019,301.157,  0.397,  0.000
  0.019,301.150,  0.293,  0.000
  0.019,301.144,  0.109,  0.000
  0.019,301.141,  0.024,  0.000
  0.019,301.144,  0.007,  0.000
  0.019,301.155,  0.002,  0.000
  0.019,301.176,  0.000,  0.000
  0.019,301.205,  0.000,  0.000
  0.019,301.235,  0.000,  0.000
  0.019,301.257,  0.000,  0.000
  0.019,301.270,  0.000,  0.000
  0.019,301.277,  0.000,  0.000
  0.019,301.279,  0.000,  0.000
  0.019,301.279,  0.000,  0.000
  0.019,301.275,  0.000,  0.000
  0.019,301.264,  0.000,  0.000
  0.019,301.254,  0.000,  0.000
  0.019,301.251,  0.000,  0.000
  0.019,301.246,  0.000,  0.000
  0.019,301.238,  0.000,  0.000
  0.019,301.235,  0.000,  0.000
  0.019,301.232,  0.000,  0.000
  0.019,301.230,  0.000,  0.000
  0.019,301.230,  0.000,  0.000
  0.019,301.179,  0.218,  0.000
  0.019,301.172,  0.446,  0.000
  0.019,301.166,  0.453,  0.000
  0.019,301.161,  0.203,  0.000
  0.019,301.158,  0.063,  0.000
  0.019,301.162,  0.042,  0.000
  0.019,301.174,  0.018,  0.000
  0.019,301.197,  0.001,  0.000
  0.019,301.227,  0.000,  0.000
  0.019,301.256,  0.000,  0.000
  0.019,301.276,  0.000,  0.000
  0.019,301.285,  0.000,  0.000
  0.019,301.289,  0.000,  0.000
  0.019,301.289,  0.000,  0.000
  0.019,301.282,  0.000,  0.000
  0.019,301.268,  0.000,  0.000
  0.019,301.256,  0.000,  0.000
  0.019,301.254,  0.000,  0.000
  0.019,301.253,  0.000,  0.000
  0.019,301.247,  0.000,  0.000
  0.019,301.242,  0.000,  0.000
  0.019,301.241,  0.000,  0.000
  0.019,301.241,  0.000,  0.000
  0.019,301.239,  0.000,  0.000
  0.019,301.233,  0.000,  0.000
  0.019,301.191,  0.001,  0.000
  0.019,301.186,  0.008,  0.000
  0.019,301.182,  0.024,  0.000
  0.019,301.178,  0.036,  0.000
  0.019,301.176,  0.040,  0.000
  0.019,301.180,  0.058,  0.000
  0.019,301.194,  0.042,  0.000
  0.019,301.218,  0.008,  0.000
  0.019,301.246,  0.001,  0.000
  0.019,301.271,  0.000,  0.000
  0.019,301.288,  0.000,  0.000
  0.019,301.296,  0.000,  0.000
  0.019,301.300,  0.000,  0.000
  0.019,301.293,  0.000,  0.000
  0.019,301.275,  0.000,  0.000
  0.019,301.257,  0.000,  0.000
  0.019,301.256,  0.000,  0.000
  0.019,301.261,  0.000,  0.000
  0.019,301.259,  0.000,  0.000
  0.019,301.255,  0.000,  0.000
  0.019,301.254,  0.000,  0.000
  0.019,301.254,  0.000,  0.000
  0.019,301.255,  0.000,  0.000
  0.019,301.252,  0.000,  0.000
  0.019,301.242,  0.000,  0.000
  0.019,301.207,  0.001,  0.000
  0.019,301.200,  0.003,  0.000
  0.019,301.196,  0.008,  0.000
  0.019,301.194,  0.008,  0.000
  0.019,301.194,  0.005,  0.000
  0.019,301.199,  0.005,  0.000
  0.019,301.213,  0.011,  0.000
  0.019,301.234,  0.010,  0.000
  0.019,301.258,  0.002,  0.000
  0.019,301.280,  0.000,  0.000
  0.019,301.295,  0.000,  0.000
  0.019,301.303,  0.000,  0.000
  0.019,301.300,  0.000,  0.000
  0.019,301.283,  0.000,  0.000
  0.019,301.263,  0.000,  0.000
  0.019,301.257,  0.000,  0.000
  0.019,301.264,  0.000,  0.000
  0.019,301.265,  0.000,  0.000
  0.019,301.263,  0.000,  0.000
  0.019,301.264,  0.000,  0.000
  0.019,301.268,  0.000,  0.000
  0.019,301.270,  0.000,  0.000
  0.019,301.267,  0.000,  0.000
  0.019,301.259,  0.000,  0.000
  0.019,301.247,  0.000,  0.000
  0.019,301.225,  0.039,  0.000
  0.019,301.216,  0.008,  0.000
  0.019,301.212,  0.001,  0.000
  0.019,301.210,  0.004,  0.000
  0.019,301.210,  0.005,  0.000
  0.019,301.217,  0.003,  0.000
  0.019,301.230,  0.001,  0.000
  0.019,301.249,  0.000,  0.000
  0.019,301.268,  0.000,  0.000
  0.019,301.287,  0.000,  0.000
  0.019,301.301,  0.000,  0.000
  0.019,301.302,  0.000,  0.000
  0.019,301.288,  0.000,  0.000
  0.019,301.270,  0.000,  0.000
  0.019,301.263,  0.000,  0.000
  0.019,301.268,  0.000,  0.000
  0.019,301.271,  0.000,  0.000
  0.019,301.268,  0.000,  0.000
  0.019,301.268,  0.000,  0.000
  0.019,301.271,  0.000,  0.000
  0.019,301.276,  0.000,  0.000
  0.019,301.280,  0.000,  0.000
  0.019,301.276,  0.000,  0.000
  0.019,301.266,  0.000,  0.000
  0.019,301.254,  0.000,  0.000
