  0.022,302.926,  0.000,  0.260
  0.022,302.948,  0.000,  0.260
  0.022,302.965,  0.000,  0.030
  0.022,302.979,  0.000,  0.030
  0.022,302.991,  0.000,  0.030
  0.022,302.995,  0.000,  0.030
  0.022,302.994,  0.000,  0.000
  0.022,302.986,  0.000,  0.000
  0.022,302.974,  0.000,  0.000
  0.022,302.970,  0.000,  0.000
  0.022,302.981,  0.000,  0.000
  0.022,302.992,  0.000,  0.000
  0.022,302.981,  0.000,  0.000
  0.022,302.955,  0.001,  0.020
  0.022,302.946,  0.001,  0.020
  0.022,302.960,  0.007,  0.020
  0.022,302.974,  0.003,  0.210
  0.022,302.973,  0.000,  0.210
  0.022,302.964,  0.000,  0.210
  0.022,302.944,  0.000,  0.210
  0.022,302.908,  0.000,  0.440
  0.022,302.881,  0.000,  0.440
  0.022,302.882,  0.000,  0.440
  0.022,302.908,  0.000,  1.490
  0.022,302.925,  0.000,  1.490
  0.022,302.943,  0.000,  0.030
  0.022,302.962, -0.000,  0.030
  0.022,302.970,  0.000,  0.000
  0.022,302.970,  0.000,  0.000
  0.022,302.967,  0.000,  0.000
  0.022,302.965,  0.000,  0.000
  0.022,302.962,  0.000,  0.000
  0.022,302.958,  0.000,  0.000
  0.022,302.960,  0.000,  0.000
  0.022,302.973,  0.000,  0.000
  0.022,302.987,  0.000,  0.000
  0.022,302.985,  0.000,  0.000
  0.022,302.963,  0.000,  0.000
  0.022,302.945,  0.001,  0.030
  0.022,302.951,  0.006,  0.030
  0.022,302.962,  0.025,  0.030
  0.022,302.963,  0.002,  0.190
  0.022,302.957,  0.002,  0.190
  0.022,302.943,  0.001,  0.190
  0.022,302.914,  0.012,  0.190
  0.022,302.876,  0.001,  0.890
  0.022,302.862,  0.000,  0.890
  0.022,302.871,  0.000,  0.890
  0.022,302.887,  0.000, 15.170
  0.022,302.900,  0.000, 15.170
  0.022,302.938,  0.000,  0.030
  0.022,302.941, -0.000,  0.030
  0.022,302.937,  0.000,  0.000
  0.022,302.931,  0.000,  0.000
  0.022,302.930,  0.000,  0.000
  0.022,302.932,  0.000,  0.000
  0.022,302.936,  0.000,  0.000
  0.022,302.943,  0.000,  0.000
  0.022,302.954,  0.000,  0.000
  0.022,302.967,  0.000,  0.000
  0.022,302.974,  0.001,  0.000
  0.022,302.965,  0.004,  0.000
  0.022,302.949,  0.006,  0.000
  0.022,302.945,  0.017,  0.030
  0.022,302.952,  0.184,  0.030
  0.022,302.952,  0.768,  0.030
  0.022,302.947,  0.714,  0.190
  0.022,302.930,  0.027,  0.190
  0.022,302.899,  0.020,  0.190
  0.022,302.876,  0.100,  0.190
  0.022,302.868,  0.016,  0.890
  0.022,302.869,  0.000,  0.890
  0.022,302.879,  0.000,  0.890
  0.022,302.904,  0.000, 15.170
  0.022,302.925,  0.000, 15.170
  0.022,302.905,  0.000,  0.030
  0.022,302.898,  0.000,  0.030
  0.022,302.900,  0.000,  0.000
  0.022,302.905,  0.000,  0.000
  0.022,302.913,  0.000,  0.000
  0.022,302.917,  0.000,  0.000
  0.022,302.917,  0.000,  0.000
  0.022,302.920,  0.000,  0.000
  0.022,302.930,  0.001,  0.000
  0.022,302.940,  0.001,  0.000
  0.022,302.943,  0.009,  0.000
  0.022,302.938,  0.071,  0.000
  0.022,302.935,  0.113,  0.000
  0.022,302.935,  0.074,  0.030
  0.022,302.935,  0.565,  0.030
  0.022,302.936,  3.727,  0.030
  0.022,302.931,  0.639,  0.190
  0.022,302.906,  0.014,  0.190
  0.022,302.872,  0.016,  0.190
  0.022,302.861,  0.034,  0.190
  0.022,302.872,  0.005,  0.890
  0.022,302.890,  0.000,  0.890
  0.022,302.912,  0.000,  0.890
  0.022,302.938,  0.000, 15.170
  0.022,302.956,  0.000, 15.170
  0.022,302.871,  0.000,  0.030
  0.022,302.872,  0.000,  0.030
  0.022,302.882,  0.000,  0.000
  0.022,302.892,  0.000,  0.000
  0.022,302.897,  0.000,  0.000
  0.022,302.890,  0.000,  0.000
  0.022,302.879,  0.000,  0.000
  0.022,302.880,  0.002,  0.000
  0.022,302.892,  0.014,  0.000
  0.022,302.903,  0.040,  0.000
  0.022,302.905,  0.209,  0.000
  0.022,302.904,  0.713,  0.000
  0.022,302.905,  0.697,  0.000
  0.022,302.905,  0.079,  0.030
  0.022,302.907,  0.659,  0.030
  0.022,302.911,  3.167,  0.030
  0.022,302.911,  0.217,  0.190
  0.022,302.894,  0.001,  0.190
  0.022,302.865,  0.005,  0.190
  0.022,302.850,  0.002,  0.190
  0.022,302.860,  0.000,  0.890
  0.022,302.876,  0.000,  0.890
  0.022,302.887,  0.000,  0.890
  0.022,302.904,  0.000, 15.170
  0.022,302.913,  0.000, 15.170
  0.022,302.863,  0.000,  0.000
  0.022,302.865,  0.000,  0.000
  0.022,302.866,  0.000,  0.000
  0.022,302.862,  0.000,  0.000
  0.022,302.854,  0.000,  0.000
  0.022,302.844,  0.000,  0.000
  0.022,302.841,  0.001,  0.000
  0.022,302.850,  0.032,  0.000
  0.022,302.858,  0.149,  0.000
  0.022,302.859,  0.029,  0.010
  0.022,302.858,  0.104,  0.010
  0.022,302.865,  0.397,  0.010
  0.022,302.872,  0.308,  0.010
  0.022,302.874,  0.016,  0.100
  0.022,302.875,  0.219,  0.100
  0.022,302.880,  1.009,  0.100
  0.022,302.884,  0.046,  0.140
  0.022,302.878,  0.000,  0.140
  0.022,302.859,  0.000,  0.140
  0.022,302.830,  0.000,  0.140
  0.022,302.813,  0.000,  0.900
  0.022,302.815,  0.000,  0.900
  0.022,302.817,  0.000,  0.900
  0.022,302.831,  0.000,  6.350
  0.022,302.833,  0.000,  6.350
  0.022,302.858,  0.000,  0.000
  0.022,302.844,  0.000,  0.000
  0.022,302.823,  0.000,  0.000
  0.022,302.809,  0.001,  0.000
  0.022,302.802,  0.001,  0.000
  0.022,302.807,  0.001,  0.000
  0.022,302.821,  0.005,  0.000
  0.022,302.825,  0.185,  0.000
  0.022,302.813,  1.869,  0.000
  0.022,302.804,  2.459,  0.010
  0.022,302.810,  0.233,  0.010
  0.022,302.824,  0.079,  0.010
  0.022,302.836,  0.037,  0.010
  0.022,302.842,  0.001,  0.100
  0.022,302.849,  0.018,  0.100
  0.022,302.856,  0.120,  0.100
  0.022,302.862,  0.006,  0.140
  0.022,302.866,  0.000,  0.140
  0.022,302.856,  0.000,  0.140
  0.022,302.821,  0.000,  0.140
  0.023,302.778,  0.000,  0.900
  0.023,302.769,  0.000,  0.900
  0.023,302.773,  0.000,  0.900
  0.023,302.784,  0.000,  6.350
  0.023,302.788,  0.001,  6.350
  0.022,302.821,  0.000,  0.000
  0.022,302.796,  0.003,  0.000
  0.022,302.781,  0.008,  0.000
  0.022,302.772,  0.001,  0.000
  0.022,302.770,  0.006,  0.000
  0.022,302.782,  0.006,  0.000
  0.022,302.792,  0.005,  0.000
  0.022,302.783,  0.168,  0.000
  0.022,302.768,  1.422,  0.000
  0.022,302.768,  3.322,  0.010
  0.022,302.776,  0.109,  0.010
  0.022,302.787,  0.003,  0.010
  0.022,302.800,  0.003,  0.010
  0.022,302.816,  0.000,  0.100
  0.022,302.830,  0.005,  0.100
  0.022,302.839,  0.039,  0.100
  0.022,302.850,  0.000,  0.140
  0.022,302.850,  0.000,  0.140
  0.022,302.842,  0.000,  0.140
  0.022,302.820,  0.000,  0.140
  0.022,302.779,  0.000,  0.900
  0.023,302.754,  0.000,  0.900
  0.023,302.763,  0.000,  0.900
  0.023,302.784,  0.000,  6.350
  0.022,302.804,  0.002,  6.350
  0.023,302.790,  0.001,  0.000
  0.022,302.771,  0.013,  0.000
  0.022,302.763,  0.105,  0.000
  0.022,302.757,  0.012,  0.000
  0.022,302.757,  0.011,  0.000
  0.022,302.766,  0.057,  0.000
  0.022,302.767,  0.111,  0.000
  0.022,302.754,  0.177,  0.000
  0.022,302.748,  0.375,  0.000
  0.022,302.753,  0.799,  0.010
  0.022,302.758,  0.018,  0.010
  0.022,302.761,  0.000,  0.010
  0.022,302.771,  0.001,  0.010
  0.022,302.791,  0.000,  0.100
  0.022,302.811,  0.003,  0.100
  0.022,302.826,  0.012,  0.100
  0.022,302.826,  0.000,  0.140
  0.022,302.821,  0.000,  0.140
  0.022,302.824,  0.000,  0.140
  0.022,302.818,  0.000,  0.140
  0.022,302.795,  0.000,  0.900
  0.023,302.772,  0.000,  0.900
  0.022,302.789,  0.001,  0.900
  0.022,302.830,  0.003,  6.350
  0.022,302.856,  0.037,  6.350
  0.022,302.807,  0.009,  0.040
  0.022,302.779,  0.382,  0.040
  0.022,302.765,  1.563,  0.170
  0.022,302.763,  0.153,  0.170
  0.022,302.761,  0.361,  0.170
  0.023,302.759,  0.936,  0.170
  0.022,302.754,  0.671,  0.180
  0.022,302.744,  0.193,  0.180
  0.022,302.743,  0.751,  0.180
  0.022,302.753,  0.076,  0.100
  0.022,302.756,  0.004,  0.100
  0.022,302.749,  0.001,  0.100
  0.022,302.752,  0.000,  0.100
  0.022,302.776,  0.000,  0.190
  0.022,302.802,  0.000,  0.190
  0.022,302.812,  0.002,  0.190
  0.022,302.804,  0.000,  0.240
  0.022,302.806,  0.000,  0.240
  0.022,302.817,  0.000,  0.240
  0.022,302.823,  0.000,  0.240
  0.022,302.810,  0.000,  0.090
  0.022,302.792,  0.000,  0.090
  0.022,302.806,  0.001,  0.090
  0.022,302.849,  0.002,  0.180
  0.022,302.863,  0.033,  0.180
  0.022,302.845,  0.140,  0.040
  0.022,302.808,  1.061,  0.040
  0.022,302.787,  1.252,  0.170
  0.023,302.773,  0.204,  0.170
  0.023,302.757,  0.785,  0.170
  0.023,302.751,  1.818,  0.170
  0.022,302.752,  0.211,  0.180
  0.022,302.752,  0.289,  0.180
  0.022,302.758,  1.148,  0.180
  0.022,302.766,  0.010,  0.100
  0.022,302.763,  0.015,  0.100
  0.022,302.752,  0.006,  0.100
  0.022,302.756,  0.000,  0.100
  0.022,302.780,  0.000,  0.190
  0.022,302.803,  0.000,  0.190
  0.022,302.806,  0.000,  0.190
  0.022,302.800,  0.000,  0.240
  0.022,302.808,  0.000,  0.240
  0.022,302.818,  0.001,  0.240
  0.022,302.816,  0.000,  0.240
  0.022,302.797,  0.000,  0.090
  0.022,302.783,  0.004,  0.090
  0.022,302.791,  0.017,  0.090
  0.022,302.803,  0.001,  0.180
  0.022,302.810,  0.016,  0.180
  0.022,302.870,  0.174,  0.040
  0.022,302.841,  1.006,  0.040
  0.023,302.807,  0.215,  0.170
  0.023,302.782,  0.084,  0.170
  0.022,302.768,  0.290,  0.170
  0.022,302.764,  0.464,  0.170
  0.022,302.769,  0.013,  0.180
  0.022,302.773,  0.133,  0.180
  0.022,302.771,  0.412,  0.180
  0.022,302.770,  0.009,  0.100
  0.022,302.770,  0.014,  0.100
  0.022,302.772,  0.003,  0.100
  0.022,302.777,  0.000,  0.100
  0.022,302.788,  0.000,  0.190
  0.022,302.799,  0.000,  0.190
  0.022,302.798,  0.000,  0.190
  0.022,302.791,  0.000,  0.240
  0.022,302.791,  0.002,  0.240
  0.022,302.783,  0.004,  0.240
  0.022,302.770,  0.000,  0.240
  0.022,302.769,  0.001,  0.090
  0.022,302.779,  0.016,  0.090
  0.022,302.785,  0.050,  0.090
  0.022,302.777,  0.018,  0.180
  0.022,302.797,  0.004,  0.180
  0.022,302.836,  0.144,  0.040
  0.022,302.828,  0.513,  0.040
  0.022,302.827,  0.016,  0.170
  0.022,302.825,  0.018,  0.170
  0.022,302.815,  0.029,  0.170
  0.022,302.805,  0.015,  0.170
  0.022,302.794,  0.002,  0.180
  0.022,302.779,  0.019,  0.180
  0.022,302.765,  0.054,  0.180
  0.022,302.764,  0.004,  0.100
  0.022,302.777,  0.004,  0.100
  0.022,302.783,  0.000,  0.100
  0.022,302.783,  0.000,  0.100
  0.022,302.782,  0.000,  0.190
  0.022,302.785,  0.000,  0.190
  0.022,302.786,  0.000,  0.190
  0.022,302.775,  0.000,  0.240
  0.022,302.758,  0.002,  0.240
  0.022,302.737,  0.003,  0.240
  0.022,302.742,  0.000,  0.240
  0.022,302.771,  0.002,  0.090
  0.022,302.802,  0.015,  0.090
  0.022,302.814,  0.026,  0.090
  0.022,302.815,  0.014,  0.180
  0.022,302.850,  0.000,  0.180
  0.022,302.778,  0.084,  0.200
  0.022,302.811,  0.225,  0.200
  0.022,302.857,  0.005,  0.250
  0.022,302.872,  0.003,  0.250
  0.022,302.850,  0.002,  0.250
  0.022,302.823,  0.001,  0.250
  0.022,302.798,  0.000,  0.300
  0.022,302.777,  0.001,  0.300
  0.022,302.765,  0.004,  0.300
  0.022,302.766,  0.001,  0.350
  0.022,302.767,  0.000,  0.350
  0.022,302.765,  0.000,  0.350
  0.022,302.767,  0.000,  0.350
  0.022,302.768,  0.000,  8.460
  0.022,302.771,  0.000,  8.460
  0.022,302.772,  0.000,  8.460
  0.022,302.763,  0.000,  0.160
  0.022,302.745,  0.001,  0.160
  0.022,302.738,  0.001,  0.160
  0.022,302.765,  0.000,  0.160
  0.022,302.798,  0.001,  0.070
  0.021,302.820,  0.006,  0.070
  0.021,302.834,  0.003,  0.070
  0.022,302.841,  0.003,  0.020
  0.022,302.869,  0.000,  0.020
  0.022,302.782,  0.028,  0.200
  0.022,302.824,  0.059,  0.200
  0.022,302.846,  0.001,  0.250
  0.022,302.837,  0.001,  0.250
  0.022,302.810,  0.001,  0.250
  0.022,302.784,  0.001,  0.250
  0.022,302.768,  0.000,  0.300
  0.022,302.758,  0.000,  0.300
  0.022,302.753,  0.002,  0.300
  0.022,302.747,  0.000,  0.350
  0.022,302.735,  0.000,  0.350
  0.022,302.733,  0.000,  0.350
  0.022,302.741,  0.000,  0.350
  0.022,302.748,  0.000,  8.460
  0.022,302.750,  0.000,  8.460
  0.022,302.755,  0.000,  8.460
  0.022,302.761,  0.000,  0.160
  0.022,302.763,  0.000,  0.160
  0.022,302.779,  0.000,  0.160
  0.022,302.804,  0.000,  0.160
  0.021,302.812,  0.000,  0.070
  0.021,302.808,  0.001,  0.070
  0.021,302.809,  0.000,  0.070
  0.022,302.796,  0.000,  0.020
  0.022,302.778,  0.000,  0.020
