  0.021,301.902,  0.000,  0.000
  0.021,301.910,  0.000,  0.000
  0.021,301.926,  0.000,  0.000
  0.021,301.942,  0.000,  0.000
  0.021,301.951,  0.000,  0.000
  0.021,301.953,  0.000,  0.000
  0.021,301.962,  0.000,  0.000
  0.021,301.979,  0.000,  0.000
  0.021,301.996,  0.000,  0.000
  0.021,302.007,  0.000,  0.000
  0.021,302.009,  0.000,  0.000
  0.021,302.007,  0.000,  0.000
  0.021,302.015,  0.000,  0.000
  0.021,302.037,  0.000,  0.000
  0.021,302.062,  0.000,  0.000
  0.021,302.077,  0.000,  0.000
  0.021,302.076,  0.000,  0.000
  0.021,302.066,  0.000,  0.000
  0.021,302.060,  0.000,  0.000
  0.021,302.064,  0.000,  0.000
  0.021,302.074,  0.000,  0.000
  0.021,302.082,  0.000,  0.000
  0.021,302.087,  0.000,  0.000
  0.021,302.117,  0.000,  0.000
  0.021,302.118,  0.000,  0.000
  0.021,301.927,  0.000,  0.000
  0.021,301.936,  0.000,  0.000
  0.021,301.943,  0.000,  0.000
  0.021,301.953,  0.000,  0.000
  0.021,301.964,  0.000,  0.000
  0.021,301.970,  0.000,  0.000
  0.021,301.972,  0.000,  0.010
  0.021,301.977,  0.000,  0.010
  0.021,301.990,  0.000,  0.010
  0.021,302.007,  0.000,  0.010
  0.021,302.022,  0.000,  0.010
  0.021,302.030,  0.000,  0.010
  0.021,302.029,  0.000,  0.010
  0.021,302.029,  0.000,  0.000
  0.021,302.039,  0.000,  0.000
  0.021,302.058,  0.000,  0.000
  0.021,302.075,  0.000,  0.000
  0.021,302.080,  0.000,  0.000
  0.021,302.076,  0.000,  0.000
  0.021,302.072,  0.000,  0.000
  0.021,302.074,  0.000,  0.000
  0.021,302.076,  0.000,  0.000
  0.021,302.078,  0.000,  0.000
  0.021,302.105,  0.000,  0.000
  0.021,302.112,  0.000,  0.000
  0.021,301.934,  0.000,  0.000
  0.021,301.952,  0.000,  0.000
  0.021,301.963,  0.000,  0.000
  0.021,301.964,  0.000,  0.000
  0.021,301.964,  0.000,  0.000
  0.021,301.972,  0.000,  0.000
  0.021,301.984,  0.000,  0.010
  0.021,301.992,  0.000,  0.010
  0.021,301.996,  0.000,  0.010
  0.021,302.004,  0.000,  0.010
  0.021,302.017,  0.000,  0.010
  0.021,302.032,  0.000,  0.010
  0.021,302.044,  0.000,  0.010
  0.021,302.049,  0.000,  0.000
  0.021,302.048,  0.000,  0.000
  0.021,302.050,  0.000,  0.000
  0.021,302.061,  0.000,  0.000
  0.021,302.075,  0.000,  0.000
  0.021,302.084,  0.000,  0.000
  0.021,302.084,  0.000,  0.000
  0.021,302.081,  0.000,  0.000
  0.021,302.078,  0.000,  0.000
  0.021,302.076,  0.000,  0.000
  0.021,302.098,  0.000,  0.000
  0.021,302.103,  0.000,  0.000
  0.020,301.960,  0.000,  0.000
  0.021,301.952,  0.000,  0.000
  0.021,301.954,  0.000,  0.000
  0.021,301.966,  0.000,  0.000
  0.021,301.972,  0.000,  0.000
  0.021,301.971,  0.000,  0.000
  0.021,301.978,  0.000,  0.010
  0.021,301.995,  0.000,  0.010
  0.021,302.007,  0.000,  0.010
  0.021,302.012,  0.000,  0.010
  0.021,302.017,  0.000,  0.010
  0.021,302.027,  0.000,  0.010
  0.021,302.042,  0.000,  0.010
  0.021,302.057,  0.000,  0.000
  0.021,302.066,  0.000,  0.000
  0.021,302.066,  0.000,  0.000
  0.021,302.064,  0.000,  0.000
  0.021,302.069,  0.000,  0.000
  0.021,302.079,  0.000,  0.000
  0.021,302.087,  0.000,  0.000
  0.021,302.088,  0.000,  0.000
  0.021,302.083,  0.000,  0.000
  0.021,302.079,  0.000,  0.000
  0.021,302.096,  0.000,  0.000
  0.021,302.097,  0.000,  0.000
  0.020,301.964,  0.000,  0.000
  0.020,301.971,  0.000,  0.000
  0.020,301.964,  0.000,  0.000
  0.021,301.954,  0.000,  0.000
  0.021,301.961,  0.000,  0.000
  0.021,301.975,  0.000,  0.000
  0.021,301.980,  0.000,  0.010
  0.021,301.984,  0.000,  0.010
  0.021,302.000,  0.000,  0.010
  0.021,302.017,  0.000,  0.010
  0.021,302.026,  0.000,  0.010
  0.021,302.032,  0.000,  0.010
  0.021,302.042,  0.000,  0.010
  0.021,302.053,  0.000,  0.000
  0.021,302.065,  0.000,  0.000
  0.021,302.074,  0.000,  0.000
  0.021,302.076,  0.000,  0.000
  0.021,302.074,  0.000,  0.000
  0.021,302.075,  0.000,  0.000
  0.021,302.081,  0.000,  0.000
  0.021,302.087,  0.000,  0.000
  0.021,302.087,  0.000,  0.000
  0.021,302.081,  0.000,  0.000
  0.021,302.093,  0.000,  0.000
  0.021,302.092,  0.000,  0.000
  0.021,301.960,  0.000,  0.030
  0.020,301.961,  0.000,  0.030
  0.020,301.973,  0.000,  0.040
  0.020,301.973,  0.000,  0.040
  0.021,301.963,  0.000,  0.040
  0.021,301.965,  0.000,  0.040
  0.021,301.979,  0.000,  0.020
  0.021,301.986,  0.000,  0.020
  0.021,301.990,  0.000,  0.020
  0.021,302.007,  0.000,  0.010
  0.021,302.027,  0.000,  0.010
  0.021,302.038,  0.000,  0.010
  0.021,302.045,  0.000,  0.010
  0.021,302.052,  0.000,  0.000
  0.021,302.058,  0.000,  0.000
  0.021,302.067,  0.000,  0.000
  0.020,302.076,  0.000,  0.000
  0.021,302.079,  0.000,  0.000
  0.021,302.076,  0.000,  0.000
  0.021,302.074,  0.000,  0.000
  0.021,302.078,  0.000,  0.000
  0.020,302.083,  0.000,  0.000
  0.020,302.083,  0.000,  0.000
  0.021,302.090,  0.000,  0.000
  0.021,302.085,  0.000,  0.000
  0.020,301.999,  0.000,  0.030
  0.020,301.972,  0.000,  0.030
  0.021,301.966,  0.000,  0.040
  0.020,301.981,  0.000,  0.040
  0.020,301.986,  0.000,  0.040
  0.020,301.977,  0.000,  0.040
  0.021,301.975,  0.000,  0.020
  0.021,301.988,  0.000,  0.020
  0.021,301.996,  0.000,  0.020
  0.021,302.000,  0.000,  0.010
  0.021,302.015,  0.000,  0.010
  0.020,302.032,  0.000,  0.010
  0.021,302.039,  0.000,  0.010
  0.021,302.044,  0.000,  0.000
  0.021,302.052,  0.000,  0.000
  0.021,302.058,  0.000,  0.000
  0.020,302.066,  0.000,  0.000
  0.020,302.076,  0.000,  0.000
  0.020,302.080,  0.000,  0.000
  0.021,302.076,  0.000,  0.000
  0.021,302.072,  0.000,  0.000
  0.021,302.074,  0.000,  0.000
  0.020,302.078,  0.000,  0.000
  0.020,302.088,  0.000,  0.000
  0.021,302.082,  0.000,  0.000
  0.020,302.017,  0.000,  0.030
  0.020,302.010,  0.000,  0.030
  0.020,301.987,  0.000,  0.040
  0.021,301.978,  0.000,  0.040
  0.020,301.992,  0.000,  0.040
  0.020,301.998,  0.000,  0.040
  0.020,301.988,  0.000,  0.020
  0.021,301.989,  0.000,  0.020
  0.020,302.004,  0.000,  0.020
  0.020,302.010,  0.000,  0.010
  0.021,302.006,  0.000,  0.010
  0.021,302.012,  0.000,  0.010
  0.020,302.024,  0.000,  0.010
  0.021,302.030,  0.000,  0.000
  0.021,302.035,  0.000,  0.000
  0.020,302.045,  0.000,  0.000
  0.020,302.058,  0.000,  0.000
  0.020,302.070,  0.000,  0.000
  0.020,302.080,  0.000,  0.000
  0.020,302.086,  0.000,  0.000
  0.020,302.082,  0.000,  0.000
  0.020,302.076,  0.000,  0.000
  0.020,302.073,  0.000,  0.000
  0.020,302.081,  0.000,  0.000
  0.020,302.079,  0.000,  0.000
  0.020,302.008,  0.000,  0.030
  0.020,302.016,  0.000,  0.030
  0.020,302.015,  0.000,  0.040
  0.020,301.999,  0.000,  0.040
  0.020,301.992,  0.000,  0.040
  0.020,302.002,  0.000,  0.040
  0.020,302.004,  0.000,  0.020
  0.020,301.993,  0.000,  0.020
  0.021,301.998,  0.000,  0.020
  0.020,302.017,  0.000,  0.010
  0.020,302.021,  0.000,  0.010
  0.021,302.007,  0.000,  0.010
  0.021,302.003,  0.000,  0.010
  0.021,302.015,  0.000,  0.000
  0.020,302.026,  0.000,  0.000
  0.021,302.032,  0.000,  0.000
  0.020,302.042,  0.000,  0.000
  0.020,302.057,  0.000,  0.000
  0.020,302.071,  0.000,  0.000
  0.020,302.084,  0.000,  0.000
  0.020,302.091,  0.000,  0.000
  0.020,302.089,  0.000,  0.000
  0.020,302.081,  0.000,  0.000
  0.020,302.078,  0.000,  0.000
  0.020,302.074,  0.000,  0.000
  0.020,302.032,  0.000,  0.000
  0.020,302.015,  0.000,  0.000
  0.020,302.014,  0.000,  0.030
  0.020,302.015,  0.000,  0.030
  0.020,302.008,  0.000,  0.030
  0.020,302.005,  0.000,  0.030
  0.020,302.012,  0.000,  0.000
  0.020,302.010,  0.000,  0.000
  0.020,301.999,  0.000,  0.000
  0.021,302.002,  0.000,  0.000
  0.020,302.021,  0.000,  0.000
  0.020,302.026,  0.000,  0.000
  0.021,302.010,  0.000,  0.000
  0.021,302.001,  0.000,  0.000
  0.021,302.013,  0.000,  0.000
  0.020,302.027,  0.000,  0.000
  0.020,302.031,  0.000,  0.020
  0.020,302.038,  0.000,  0.020
  0.020,302.053,  0.000,  0.020
  0.020,302.067,  0.000,  0.020
  0.020,302.080,  0.000,  0.040
  0.020,302.089,  0.000,  0.040
  0.020,302.091,  0.000,  0.040
  0.020,302.087,  0.000,  0.000
  0.020,302.078,  0.000,  0.000
  0.020,302.050,  0.000,  0.000
  0.020,302.042,  0.000,  0.000
  0.020,302.023,  0.000,  0.030
  0.020,302.014,  0.000,  0.030
  0.020,302.016,  0.000,  0.030
  0.020,302.016,  0.000,  0.030
  0.020,302.014,  0.000,  0.000
  0.020,302.019,  0.000,  0.000
  0.020,302.019,  0.000,  0.000
  0.020,302.008,  0.000,  0.000
  0.021,302.005,  0.000,  0.000
  0.020,302.021,  0.000,  0.000
  0.020,302.031,  0.000,  0.000
  0.020,302.019,  0.000,  0.000
  0.021,302.007,  0.000,  0.000
  0.021,302.014,  0.000,  0.000
  0.020,302.027,  0.000,  0.020
  0.020,302.029,  0.000,  0.020
  0.020,302.034,  0.000,  0.020
  0.020,302.047,  0.000,  0.020
  0.020,302.060,  0.000,  0.040
  0.020,302.074,  0.000,  0.040
  0.020,302.086,  0.000,  0.040
  0.020,302.092,  0.000,  0.000
  0.020,302.088,  0.000,  0.000
  0.020,302.034,  0.000,  0.000
  0.020,302.043,  0.000,  0.000
  0.020,302.041,  0.000,  0.030
  0.020,302.027,  0.000,  0.030
  0.020,302.017,  0.000,  0.030
  0.020,302.019,  0.000,  0.030
  0.020,302.020,  0.000,  0.000
  0.020,302.019,  0.000,  0.000
  0.020,302.025,  0.000,  0.000
  0.020,302.031,  0.000,  0.000
  0.020,302.019,  0.000,  0.000
  0.021,302.006,  0.000,  0.000
  0.020,302.018,  0.000,  0.000
  0.020,302.033,  0.000,  0.000
  0.020,302.025,  0.000,  0.000
  0.021,302.009,  0.000,  0.000
  0.020,302.015,  0.000,  0.020
  0.020,302.029,  0.000,  0.020
  0.020,302.030,  0.000,  0.020
  0.020,302.030,  0.000,  0.020
  0.020,302.039,  0.000,  0.040
  0.020,302.053,  0.000,  0.040
  0.020,302.068,  0.000,  0.040
  0.020,302.083,  0.000,  0.000
  0.020,302.090,  0.000,  0.000
  0.020,302.023,  0.000,  0.000
  0.020,302.024,  0.000,  0.000
  0.020,302.029,  0.000,  0.030
  0.020,302.032,  0.000,  0.030
  0.020,302.026,  0.000,  0.030
  0.020,302.021,  0.000,  0.030
  0.020,302.024,  0.000,  0.000
  0.020,302.025,  0.000,  0.000
  0.020,302.024,  0.000,  0.000
  0.020,302.031,  0.000,  0.000
  0.020,302.039,  0.000,  0.000
  0.020,302.026,  0.000,  0.000
  0.020,302.006,  0.000,  0.000
  0.020,302.012,  0.000,  0.000
  0.020,302.030,  0.000,  0.000
  0.020,302.024,  0.000,  0.000
  0.021,302.009,  0.000,  0.020
  0.020,302.015,  0.000,  0.020
  0.020,302.029,  0.000,  0.020
  0.020,302.029,  0.000,  0.020
  0.020,302.026,  0.000,  0.040
  0.020,302.030,  0.000,  0.040
  0.020,302.042,  0.000,  0.040
  0.020,302.058,  0.000,  0.000
  0.020,302.075,  0.000,  0.000
  0.020,302.004,  0.000,  0.000
  0.020,302.009,  0.000,  0.000
  0.020,302.010,  0.000,  0.000
  0.020,302.011,  0.000,  0.000
  0.020,302.015,  0.000,  0.000
  0.020,302.017,  0.000,  0.000
  0.020,302.021,  0.000,  0.000
  0.020,302.028,  0.000,  0.000
  0.020,302.028,  0.000,  0.000
  0.020,302.024,  0.000,  0.020
  0.020,302.029,  0.000,  0.020
  0.020,302.038,  0.000,  0.020
  0.020,302.025,  0.000,  0.020
  0.020,302.002,  0.000,  0.080
  0.020,302.002,  0.000,  0.080
  0.020,302.022,  0.000,  0.080
  0.020,302.023,  0.000,  0.050
  0.020,302.011,  0.000,  0.050
  0.020,302.012,  0.000,  0.050
  0.020,302.021,  0.000,  0.050
  0.020,302.022,  0.000,  0.080
  0.020,302.018,  0.000,  0.080
  0.020,302.017,  0.000,  0.080
  0.020,302.027,  0.000,  0.080
  0.020,302.045,  0.000,  0.080
  0.020,301.987,  0.000,  0.000
  0.020,301.987,  0.000,  0.000
  0.020,301.993,  0.000,  0.000
  0.020,301.994,  0.000,  0.000
  0.020,301.994,  0.000,  0.000
  0.020,301.996,  0.000,  0.000
  0.020,302.004,  0.000,  0.000
  0.020,302.015,  0.000,  0.000
  0.020,302.028,  0.000,  0.000
  0.020,302.028,  0.000,  0.020
  0.020,302.017,  0.000,  0.020
  0.020,302.014,  0.000,  0.020
  0.020,302.021,  0.000,  0.020
  0.020,302.013,  0.000,  0.080
  0.020,301.994,  0.000,  0.080
  0.020,301.994,  0.000,  0.080
  0.020,302.013,  0.000,  0.050
  0.020,302.017,  0.000,  0.050
  0.020,302.002,  0.000,  0.050
  0.020,301.999,  0.000,  0.050
  0.020,302.009,  0.000,  0.080
  0.020,302.014,  0.000,  0.080
  0.020,302.011,  0.000,  0.080
  0.020,302.010,  0.000,  0.080
  0.020,302.017,  0.000,  0.080
