  0.020,301.137,  0.000,  0.000
  0.020,301.137,  0.000,  0.000
  0.020,301.136,  0.000,  0.000
  0.020,301.136,  0.000,  0.000
  0.020,301.135,  0.000,  0.000
  0.020,301.135,  0.000,  0.000
  0.020,301.135,  0.000,  0.000
  0.020,301.136,  0.000,  0.000
  0.020,301.137,  0.000,  0.000
  0.020,301.138,  0.000,  0.000
  0.020,301.139,  0.000,  0.000
  0.020,301.140,  0.000,  0.000
  0.019,301.104,  0.000,  0.000
  0.019,301.106,  0.000,  0.000
  0.019,301.108,  0.000,  0.000
  0.019,301.110,  0.000,  0.000
  0.019,301.111,  0.000,  0.000
  0.019,301.113,  0.000,  0.000
  0.019,301.115,  0.000,  0.000
  0.019,301.117,  0.000,  0.000
  0.019,301.119,  0.000,  0.000
  0.019,301.121,  0.000,  0.000
  0.019,301.124,  0.000,  0.000
  0.019,301.142,  0.000,  0.000
  0.019,301.142,  0.000,  0.000
  0.020,301.141,  0.000,  0.000
  0.020,301.141,  0.000,  0.000
  0.020,301.141,  0.000,  0.000
  0.020,301.141,  0.000,  0.000
  0.020,301.140,  0.000,  0.000
  0.020,301.140,  0.000,  0.000
  0.020,301.141,  0.000,  0.000
  0.020,301.142,  0.000,  0.000
  0.020,301.143,  0.000,  0.000
  0.020,301.144,  0.000,  0.000
  0.020,301.146,  0.000,  0.000
  0.020,301.147,  0.000,  0.000
  0.020,301.148,  0.000,  0.000
  0.020,301.150,  0.000,  0.000
  0.019,301.114,  0.000,  0.000
  0.019,301.116,  0.000,  0.000
  0.019,301.118,  0.000,  0.000
  0.019,301.120,  0.000,  0.000
  0.019,301.122,  0.000,  0.000
  0.019,301.123,  0.000,  0.000
  0.019,301.125,  0.000,  0.000
  0.019,301.127,  0.000,  0.000
  0.019,301.129,  0.000,  0.000
  0.019,301.146,  0.000,  0.000
  0.019,301.147,  0.000,  0.000
  0.020,301.146,  0.000,  0.000
  0.020,301.146,  0.000,  0.000
  0.020,301.146,  0.000,  0.000
  0.020,301.146,  0.000,  0.000
  0.020,301.146,  0.000,  0.000
  0.020,301.146,  0.000,  0.000
  0.020,301.147,  0.000,  0.000
  0.020,301.148,  0.000,  0.000
  0.020,301.149,  0.000,  0.000
  0.020,301.151,  0.000,  0.000
  0.020,301.152,  0.000,  0.000
  0.020,301.154,  0.000,  0.000
  0.020,301.155,  0.000,  0.000
  0.020,301.156,  0.000,  0.000
  0.020,301.158,  0.000,  0.000
  0.019,301.122,  0.000,  0.000
  0.019,301.124,  0.000,  0.000
  0.019,301.126,  0.000,  0.000
  0.019,301.127,  0.000,  0.000
  0.019,301.129,  0.000,  0.000
  0.019,301.131,  0.000,  0.000
  0.019,301.132,  0.000,  0.000
  0.019,301.134,  0.000,  0.000
  0.019,301.150,  0.000,  0.000
  0.019,301.151,  0.000,  0.000
  0.020,301.151,  0.000,  0.000
  0.020,301.151,  0.000,  0.000
  0.020,301.151,  0.000,  0.000
  0.020,301.152,  0.000,  0.000
  0.020,301.152,  0.000,  0.000
  0.020,301.152,  0.000,  0.000
  0.020,301.153,  0.000,  0.000
  0.020,301.154,  0.000,  0.000
  0.020,301.156,  0.000,  0.000
  0.020,301.157,  0.000,  0.000
  0.020,301.159,  0.000,  0.000
  0.020,301.160,  0.000,  0.000
  0.020,301.162,  0.000,  0.000
  0.020,301.163,  0.000,  0.000
  0.020,301.164,  0.000,  0.000
  0.020,301.166,  0.000,  0.000
  0.019,301.129,  0.000,  0.000
  0.019,301.131,  0.000,  0.000
  0.019,301.132,  0.000,  0.000
  0.019,301.134,  0.000,  0.000
  0.019,301.135,  0.000,  0.000
  0.019,301.137,  0.000,  0.000
  0.019,301.139,  0.000,  0.000
  0.019,301.153,  0.000,  0.000
  0.019,301.153,  0.000,  0.000
  0.020,301.156,  0.000,  0.000
  0.020,301.156,  0.000,  0.000
  0.020,301.157,  0.000,  0.000
  0.020,301.157,  0.000,  0.000
  0.020,301.158,  0.000,  0.000
  0.020,301.158,  0.000,  0.000
  0.020,301.159,  0.000,  0.000
  0.020,301.161,  0.000,  0.000
  0.020,301.162,  0.000,  0.000
  0.020,301.163,  0.000,  0.000
  0.020,301.165,  0.000,  0.000
  0.020,301.166,  0.000,  0.000
  0.020,301.168,  0.000,  0.000
  0.020,301.169,  0.000,  0.000
  0.020,301.171,  0.000,  0.000
  0.020,301.172,  0.000,  0.000
  0.020,301.173,  0.000,  0.000
  0.019,301.135,  0.000,  0.000
  0.019,301.137,  0.000,  0.000
  0.019,301.138,  0.000,  0.000
  0.019,301.140,  0.000,  0.000
  0.019,301.141,  0.000,  0.000
  0.019,301.143,  0.000,  0.000
  0.019,301.156,  0.000,  0.000
  0.019,301.155,  0.000,  0.000
  0.020,301.162,  0.000,  0.000
  0.020,301.162,  0.000,  0.000
  0.020,301.162,  0.000,  0.000
  0.020,301.163,  0.000,  0.000
  0.020,301.163,  0.000,  0.000
  0.020,301.164,  0.000,  0.000
  0.020,301.165,  0.000,  0.000
  0.020,301.167,  0.000,  0.000
  0.020,301.168,  0.000,  0.000
  0.020,301.170,  0.000,  0.000
  0.020,301.171,  0.000,  0.000
  0.020,301.172,  0.000,  0.000
  0.020,301.174,  0.000,  0.000
  0.020,301.175,  0.000,  0.010
  0.020,301.176,  0.000,  0.010
  0.020,301.178,  0.000,  0.010
  0.020,301.179,  0.000,  0.020
  0.020,301.180,  0.000,  0.020
  0.019,301.140,  0.000,  0.020
  0.019,301.142,  0.000,  0.020
  0.019,301.144,  0.000,  0.000
  0.019,301.145,  0.000,  0.000
  0.019,301.146,  0.000,  0.000
  0.019,301.157,  0.000,  0.000
  0.019,301.156,  0.000,  0.000
  0.020,301.167,  0.000,  0.000
  0.020,301.167,  0.000,  0.000
  0.020,301.168,  0.000,  0.000
  0.020,301.168,  0.000,  0.000
  0.020,301.169,  0.000,  0.000
  0.020,301.170,  0.000,  0.000
  0.020,301.171,  0.000,  0.000
  0.020,301.173,  0.000,  0.000
  0.020,301.174,  0.000,  0.000
  0.020,301.175,  0.000,  0.000
  0.020,301.177,  0.000,  0.000
  0.020,301.178,  0.000,  0.000
  0.020,301.179,  0.000,  0.000
  0.020,301.181,  0.000,  0.010
  0.020,301.182,  0.000,  0.010
  0.020,301.183,  0.000,  0.010
  0.020,301.184,  0.000,  0.020
  0.020,301.185,  0.000,  0.020
  0.020,301.186,  0.000,  0.020
  0.020,301.187,  0.000,  0.020
  0.019,301.146,  0.000,  0.000
  0.019,301.148,  0.000,  0.000
  0.019,301.149,  0.000,  0.000
  0.019,301.157,  0.000,  0.000
  0.019,301.156,  0.000,  0.000
  0.020,301.173,  0.000,  0.000
  0.020,301.173,  0.000,  0.000
  0.020,301.173,  0.000,  0.000
  0.020,301.174,  0.000,  0.000
  0.020,301.175,  0.000,  0.000
  0.020,301.176,  0.000,  0.000
  0.020,301.177,  0.000,  0.000
  0.020,301.178,  0.000,  0.000
  0.020,301.180,  0.000,  0.000
  0.020,301.181,  0.000,  0.000
  0.020,301.182,  0.000,  0.000
  0.020,301.183,  0.000,  0.000
  0.020,301.185,  0.000,  0.000
  0.020,301.186,  0.000,  0.010
  0.020,301.187,  0.000,  0.010
  0.020,301.188,  0.000,  0.010
  0.020,301.189,  0.000,  0.020
  0.020,301.190,  0.000,  0.020
  0.020,301.191,  0.000,  0.020
  0.020,301.191,  0.000,  0.020
  0.020,301.192,  0.000,  0.000
  0.019,301.149,  0.000,  0.000
  0.019,301.150,  0.000,  0.000
  0.019,301.157,  0.000,  0.000
  0.019,301.156,  0.000,  0.000
  0.020,301.178,  0.000,  0.000
  0.020,301.178,  0.000,  0.000
  0.020,301.179,  0.000,  0.000
  0.020,301.180,  0.000,  0.000
  0.020,301.180,  0.000,  0.000
  0.020,301.181,  0.000,  0.000
  0.020,301.182,  0.000,  0.000
  0.020,301.184,  0.000,  0.000
  0.020,301.185,  0.000,  0.000
  0.020,301.186,  0.000,  0.000
  0.020,301.187,  0.000,  0.000
  0.020,301.188,  0.000,  0.000
  0.020,301.189,  0.000,  0.000
  0.020,301.190,  0.000,  0.010
  0.020,301.192,  0.000,  0.010
  0.020,301.192,  0.000,  0.010
  0.020,301.193,  0.000,  0.020
  0.020,301.194,  0.000,  0.020
  0.020,301.195,  0.000,  0.020
  0.020,301.195,  0.000,  0.020
  0.020,301.196,  0.000,  0.000
  0.020,301.196,  0.000,  0.000
  0.020,301.197,  0.000,  0.000
  0.019,301.155,  0.000,  0.000
  0.019,301.154,  0.000,  0.000
  0.020,301.183,  0.000,  0.000
  0.020,301.184,  0.000,  0.000
  0.020,301.184,  0.000,  0.000
  0.020,301.185,  0.000,  0.000
  0.020,301.186,  0.000,  0.000
  0.020,301.186,  0.000,  0.000
  0.020,301.187,  0.000,  0.000
  0.020,301.188,  0.000,  0.000
  0.020,301.190,  0.000,  0.000
  0.020,301.191,  0.000,  0.000
  0.020,301.192,  0.000,  0.000
  0.020,301.193,  0.000,  0.000
  0.020,301.194,  0.000,  0.000
  0.020,301.195,  0.000,  0.040
  0.020,301.196,  0.000,  0.040
  0.020,301.197,  0.000,  0.040
  0.020,301.197,  0.000,  0.070
  0.020,301.198,  0.000,  0.070
  0.020,301.198,  0.000,  0.070
  0.020,301.199,  0.000,  0.070
  0.020,301.200,  0.000,  0.040
  0.020,301.200,  0.000,  0.040
  0.020,301.200,  0.000,  0.040
  0.020,301.202,  0.000,  0.020
  0.020,301.200,  0.000,  0.020
  0.020,301.187,  0.000,  0.000
  0.020,301.188,  0.000,  0.000
  0.020,301.188,  0.000,  0.000
  0.020,301.189,  0.000,  0.000
  0.020,301.190,  0.000,  0.000
  0.020,301.191,  0.000,  0.000
  0.020,301.192,  0.000,  0.000
  0.020,301.193,  0.000,  0.000
  0.020,301.194,  0.000,  0.000
  0.020,301.195,  0.000,  0.000
  0.020,301.197,  0.000,  0.000
  0.020,301.198,  0.000,  0.000
  0.020,301.199,  0.000,  0.000
  0.020,301.200,  0.000,  0.040
  0.020,301.201,  0.000,  0.040
  0.020,301.202,  0.000,  0.040
  0.020,301.203,  0.000,  0.070
  0.020,301.204,  0.000,  0.070
  0.020,301.204,  0.000,  0.070
  0.020,301.204,  0.000,  0.070
  0.020,301.204,  0.000,  0.040
  0.020,301.203,  0.000,  0.040
  0.020,301.202,  0.000,  0.040
  0.020,301.201,  0.000,  0.020
  0.020,301.199,  0.000,  0.020
  0.020,301.190,  0.000,  0.000
  0.020,301.191,  0.000,  0.000
  0.020,301.192,  0.000,  0.000
  0.020,301.192,  0.000,  0.000
  0.020,301.193,  0.000,  0.000
  0.020,301.193,  0.000,  0.000
  0.020,301.194,  0.000,  0.000
  0.020,301.194,  0.000,  0.000
  0.020,301.196,  0.000,  0.000
  0.020,301.197,  0.000,  0.000
  0.020,301.198,  0.000,  0.000
  0.020,301.199,  0.000,  0.000
  0.020,301.200,  0.000,  0.000
  0.020,301.201,  0.000,  0.040
  0.020,301.202,  0.000,  0.040
  0.020,301.202,  0.000,  0.040
  0.020,301.203,  0.000,  0.070
  0.020,301.203,  0.000,  0.070
  0.020,301.203,  0.000,  0.070
  0.020,301.203,  0.000,  0.070
  0.020,301.203,  0.000,  0.040
  0.020,301.202,  0.000,  0.040
  0.020,301.201,  0.000,  0.040
  0.020,301.200,  0.000,  0.020
  0.020,301.198,  0.000,  0.020
  0.020,301.194,  0.000,  0.000
  0.020,301.194,  0.000,  0.000
  0.020,301.194,  0.000,  0.000
  0.020,301.195,  0.000,  0.000
  0.020,301.195,  0.000,  0.000
  0.020,301.195,  0.000,  0.000
  0.020,301.196,  0.000,  0.000
  0.020,301.196,  0.000,  0.000
  0.020,301.196,  0.000,  0.000
  0.020,301.197,  0.000,  0.000
  0.020,301.198,  0.000,  0.000
  0.020,301.199,  0.000,  0.000
  0.020,301.200,  0.000,  0.000
  0.020,301.200,  0.000,  0.040
  0.020,301.201,  0.000,  0.040
  0.020,301.201,  0.000,  0.040
  0.020,301.202,  0.000,  0.070
  0.020,301.202,  0.000,  0.070
  0.020,301.202,  0.000,  0.070
  0.020,301.201,  0.000,  0.070
  0.020,301.201,  0.000,  0.040
  0.020,301.200,  0.000,  0.040
  0.020,301.199,  0.000,  0.040
  0.020,301.198,  0.000,  0.020
  0.020,301.195,  0.000,  0.020
  0.020,301.197,  0.000,  0.000
  0.020,301.197,  0.000,  0.000
  0.020,301.197,  0.000,  0.000
  0.020,301.197,  0.000,  0.000
  0.020,301.197,  0.000,  0.000
  0.020,301.197,  0.000,  0.000
  0.020,301.197,  0.000,  0.000
  0.020,301.197,  0.000,  0.000
  0.020,301.197,  0.000,  0.000
  0.020,301.197,  0.000,  0.000
  0.020,301.198,  0.000,  0.000
  0.020,301.198,  0.000,  0.000
  0.020,301.199,  0.000,  0.000
  0.020,301.199,  0.000,  0.020
  0.020,301.200,  0.000,  0.020
  0.020,301.200,  0.000,  0.020
  0.020,301.200,  0.000,  0.020
  0.020,301.200,  0.000,  0.020
  0.020,301.199,  0.000,  0.020
  0.020,301.199,  0.000,  0.020
  0.020,301.198,  0.000,  0.010
  0.020,301.197,  0.000,  0.010
  0.020,301.196,  0.000,  0.010
  0.020,301.194,  0.000,  0.010
  0.020,301.192,  0.000,  0.010
  0.020,301.200,  0.000,  0.000
  0.020,301.200,  0.000,  0.000
  0.020,301.199,  0.000,  0.000
  0.020,301.199,  0.000,  0.000
  0.020,301.199,  0.000,  0.000
  0.020,301.198,  0.000,  0.000
  0.020,301.198,  0.000,  0.000
  0.020,301.198,  0.000,  0.000
  0.020,301.197,  0.000,  0.000
  0.020,301.197,  0.000,  0.000
  0.020,301.197,  0.000,  0.000
  0.020,301.197,  0.000,  0.000
  0.020,301.198,  0.000,  0.000
  0.020,301.198,  0.000,  0.020
  0.020,301.198,  0.000,  0.020
  0.020,301.198,  0.000,  0.020
  0.020,301.197,  0.000,  0.020
  0.020,301.197,  0.000,  0.020
  0.020,301.196,  0.000,  0.020
  0.020,301.196,  0.000,  0.020
  0.020,301.195,  0.000,  0.010
  0.020,301.194,  0.000,  0.010
  0.020,301.192,  0.000,  0.010
  0.020,301.191,  0.000,  0.010
  0.020,301.189,  0.000,  0.010
