  0.020,300.539,  9.300,  2.750
  0.020,300.522,  4.254,  2.750
  0.020,300.520,  3.581,  1.040
  0.020,300.532,  5.541,  1.040
  0.020,300.519,  7.276,  1.040
  0.020,300.460,  6.110,  1.040
  0.020,300.406,  2.281,  0.000
  0.020,300.411,  0.582,  0.000
  0.020,300.547,  0.043,  0.000
  0.020,300.698,  0.022,  0.000
  0.019,300.716,  0.073,  0.000
  0.019,300.727,  0.287,  0.000
  0.020,300.923,  0.958,  0.000
  0.020,300.988,  2.848,  0.000
  0.020,300.994,  6.577,  0.000
  0.019,300.522,  9.245,  0.000
  0.020,299.769,  9.635,  0.000
  0.020,299.376,  7.715,  0.000
  0.019,299.355,  3.259,  0.000
  0.019,299.310,  0.091,  0.000
  0.020,299.765,  0.062,  0.000
  0.020,299.988,  0.047,  0.000
  0.020,300.471,  0.010,  0.000
  0.019,300.491,  0.000,  0.000
  0.019,300.415,  0.001,  0.000
  0.020,300.555,  0.714,  7.130
  0.020,300.534,  0.691,  7.130
  0.020,300.518,  1.107,  0.800
  0.020,300.512,  4.002,  0.800
  0.020,300.470,  9.442,  0.800
  0.020,300.317, 12.947,  0.800
  0.020,300.113, 10.375,  0.000
  0.020,300.107,  4.263,  0.000
  0.020,300.480,  0.174,  0.000
  0.020,300.762,  0.263,  0.000
  0.019,300.743,  0.736,  0.000
  0.019,300.766,  1.946,  0.000
  0.020,300.990,  3.793,  0.000
  0.019,301.011,  7.592,  0.000
  0.020,300.978, 15.215,  0.000
  0.020,300.407, 19.061,  0.000
  0.020,299.586, 16.654,  0.000
  0.020,299.188,  9.471,  0.000
  0.019,299.114,  2.714,  0.000
  0.019,299.091,  0.731,  0.000
  0.020,299.677,  0.093,  0.000
  0.020,300.099,  0.012,  0.000
  0.020,300.582,  0.007,  0.000
  0.019,300.534,  0.000,  0.000
  0.019,300.534,  0.000,  0.000
  0.020,300.549,  0.109,  7.130
  0.020,300.518,  0.402,  7.130
  0.020,300.496,  1.937,  0.800
  0.020,300.492,  6.114,  0.800
  0.020,300.407, 11.213,  0.800
  0.020,300.146, 13.146,  0.800
  0.020,299.875, 12.113,  0.000
  0.021,300.248,  7.477,  0.000
  0.020,300.613,  1.235,  0.000
  0.020,300.902,  0.516,  0.000
  0.020,300.904,  2.753,  0.000
  0.020,300.965,  7.257,  0.000
  0.019,301.026,  9.982,  0.000
  0.020,301.006, 10.365,  0.000
  0.020,300.957, 10.894,  0.000
  0.020,300.822,  8.837,  0.000
  0.020,300.011,  6.455,  0.000
  0.020,299.283,  4.001,  0.000
  0.020,299.127,  1.753,  0.000
  0.020,299.602,  0.866,  0.000
  0.020,299.641,  0.202,  0.000
  0.020,300.293,  0.016,  0.000
  0.019,300.502,  0.003,  0.000
  0.019,300.443,  0.000,  0.000
  0.019,300.489,  0.000,  0.000
  0.020,300.546,  0.109,  7.130
  0.020,300.508,  0.378,  7.130
  0.020,300.612,  0.951,  0.800
  0.020,300.632,  1.367,  0.800
  0.020,300.623,  1.025,  0.800
  0.021,300.465,  0.821,  0.800
  0.021,300.298,  1.003,  0.000
  0.021,300.417,  0.476,  0.000
  0.020,300.771,  0.248,  0.000
  0.020,300.883,  0.153,  0.000
  0.020,300.909,  0.536,  0.000
  0.019,300.909,  1.167,  0.000
  0.020,301.024,  1.742,  0.000
  0.020,300.991,  1.787,  0.000
  0.020,300.907,  1.214,  0.000
  0.020,300.881,  0.745,  0.000
  0.020,300.673,  0.521,  0.000
  0.020,299.746,  0.207,  0.000
  0.020,299.353,  0.046,  0.000
  0.021,299.814,  0.017,  0.000
  0.020,300.151,  0.004,  0.000
  0.019,300.512,  0.001,  0.000
  0.019,300.577,  0.000,  0.000
  0.019,300.485,  0.000,  0.000
  0.019,300.470,  0.000,  0.000
  0.020,300.543,  0.004,  7.130
  0.020,300.504,  0.002,  7.130
  0.020,300.552,  0.006,  0.800
  0.020,300.669,  0.022,  0.800
  0.020,300.647,  0.079,  0.800
  0.020,300.581,  0.119,  0.800
  0.020,300.541,  0.088,  0.000
  0.020,300.694,  0.037,  0.000
  0.020,300.846,  0.002,  0.000
  0.020,300.850,  0.002,  0.000
  0.020,300.890,  0.009,  0.000
  0.020,300.957,  0.038,  0.000
  0.020,300.976,  0.084,  0.000
  0.020,300.940,  0.090,  0.000
  0.020,300.881,  0.067,  0.000
  0.020,300.867,  0.049,  0.000
  0.020,300.711,  0.037,  0.000
  0.020,299.912,  0.022,  0.000
  0.020,299.743,  0.011,  0.000
  0.021,300.486,  0.005,  0.000
  0.020,300.847,  0.001,  0.000
  0.019,300.669,  0.000,  0.000
  0.019,300.591,  0.000,  0.000
  0.019,300.565,  0.000,  0.000
  0.019,300.471,  0.000,  0.000
  0.020,300.529,  0.001,  0.000
  0.020,300.511,  0.003,  0.000
  0.021,300.716,  0.007,  0.000
  0.020,300.709,  0.009,  0.000
  0.020,300.706,  0.006,  0.000
  0.020,300.691,  0.005,  0.000
  0.020,300.689,  0.009,  0.000
  0.020,300.756,  0.006,  0.000
  0.020,300.807,  0.001,  0.000
  0.020,300.851,  0.001,  0.000
  0.020,300.888,  0.003,  0.000
  0.020,300.919,  0.009,  0.000
  0.020,300.922,  0.009,  0.000
  0.020,300.883,  0.008,  0.000
  0.020,300.862,  0.007,  0.000
  0.020,300.874,  0.006,  0.000
  0.020,300.883,  0.005,  0.000
  0.020,300.801,  0.004,  0.000
  0.020,300.540,  0.001,  0.000
  0.020,300.662,  0.001,  0.000
  0.020,300.690,  0.000,  0.000
  0.019,300.661,  0.000,  0.000
  0.019,300.640,  0.000,  0.000
  0.019,300.561,  0.000,  0.000
  0.019,300.478,  0.000,  0.000
  0.020,300.553,  0.000,  0.000
  0.020,300.554,  0.000,  0.000
  0.020,300.746,  0.000,  0.000
  0.020,300.751,  0.001,  0.000
  0.020,300.750,  0.002,  0.000
  0.020,300.736,  0.002,  0.000
  0.020,300.732,  0.003,  0.000
  0.020,300.765,  0.004,  0.000
  0.020,300.810,  0.001,  0.000
  0.020,300.847,  0.001,  0.000
  0.020,300.880,  0.000,  0.000
  0.020,300.892,  0.002,  0.000
  0.020,300.874,  0.002,  0.000
  0.020,300.863,  0.002,  0.000
  0.020,300.879,  0.001,  0.000
  0.020,300.891,  0.001,  0.000
  0.020,300.902,  0.001,  0.000
  0.019,300.796,  0.001,  0.000
  0.020,300.816,  0.001,  0.000
  0.020,300.745,  0.000,  0.000
  0.020,300.694,  0.000,  0.000
  0.019,300.697,  0.000,  0.000
  0.019,300.655,  0.000,  0.000
  0.020,300.599,  0.000,  0.000
  0.019,300.527,  0.000,  0.000
  0.020,300.566,  0.000,  0.000
  0.020,300.568,  0.000,  0.000
  0.020,300.759,  0.000,  0.000
  0.020,300.765,  0.000,  0.000
  0.020,300.772,  0.000,  0.000
  0.020,300.783,  0.000,  0.000
  0.020,300.788,  0.000,  0.000
  0.020,300.793,  0.000,  0.000
  0.020,300.808,  0.000,  0.000
  0.020,300.837,  0.000,  0.000
  0.020,300.855,  0.000,  0.000
  0.020,300.853,  0.000,  0.000
  0.020,300.862,  0.000,  0.000
  0.020,300.900,  0.000,  0.000
  0.020,300.914,  0.000,  0.000
  0.020,300.895,  0.000,  0.000
  0.020,300.872,  0.000,  0.000
  0.019,300.722,  0.000,  0.000
  0.020,300.712,  0.000,  0.000
  0.020,300.721,  0.000,  0.000
  0.020,300.738,  0.000,  0.000
  0.019,300.719,  0.000,  0.000
  0.019,300.678,  0.000,  0.000
  0.020,300.638,  0.000,  0.000
  0.019,300.597,  0.000,  0.000
  0.020,300.554,  0.000,  0.000
  0.020,300.562,  0.000,  0.000
  0.020,300.764,  0.000,  0.000
  0.020,300.792,  0.000,  0.000
  0.020,300.820,  0.000,  0.000
  0.020,300.831,  0.000,  0.000
  0.020,300.818,  0.000,  0.000
  0.020,300.827,  0.000,  0.000
  0.020,300.839,  0.000,  0.000
  0.020,300.830,  0.000,  0.000
  0.020,300.826,  0.000,  0.000
  0.020,300.820,  0.000,  0.000
  0.020,300.850,  0.000,  0.000
  0.020,300.900,  0.000,  0.000
  0.020,300.915,  0.000,  0.000
  0.020,300.875,  0.000,  0.000
  0.020,300.860,  0.000,  0.000
  0.019,300.765,  0.000,  0.000
  0.019,300.785,  0.000,  0.000
  0.020,300.752,  0.000,  0.000
  0.020,300.758,  0.000,  0.000
  0.019,300.754,  0.000,  0.000
  0.019,300.704,  0.000,  0.000
  0.019,300.649,  0.000,  0.000
  0.019,300.624,  0.000,  0.000
  0.020,300.580,  0.000,  0.000
  0.020,300.738,  0.000,  0.000
  0.020,300.807,  0.000,  0.000
  0.020,300.841,  0.000,  0.000
  0.020,300.851,  0.000,  0.000
  0.020,300.820,  0.000,  0.000
  0.020,300.806,  0.000,  0.000
  0.020,300.824,  0.000,  0.000
  0.020,300.817,  0.000,  0.000
  0.020,300.813,  0.000,  0.000
  0.020,300.803,  0.000,  0.000
  0.020,300.797,  0.000,  0.000
  0.020,300.821,  0.000,  0.000
  0.020,300.859,  0.000,  0.000
  0.020,300.871,  0.000,  0.000
  0.020,300.845,  0.000,  0.000
  0.021,300.824,  0.000,  0.000
  0.020,300.675,  0.000,  0.000
  0.020,300.704,  0.000,  0.000
  0.020,300.745,  0.000,  0.000
  0.019,300.786,  0.000,  0.000
  0.019,300.777,  0.000,  0.000
  0.019,300.720,  0.000,  0.000
  0.019,300.645,  0.000,  0.000
  0.019,300.597,  0.000,  0.000
  0.020,300.653,  0.000,  0.000
  0.021,300.765,  0.000,  0.000
  0.021,300.790,  0.000,  0.000
  0.020,300.841,  0.000,  0.000
  0.020,300.855,  0.000,  0.000
  0.020,300.815,  0.000,  0.000
  0.020,300.810,  0.000,  0.000
  0.020,300.806,  0.000,  0.000
  0.020,300.782,  0.000,  0.000
  0.020,300.793,  0.000,  0.000
  0.020,300.788,  0.000,  0.000
  0.020,300.792,  0.000,  0.000
  0.020,300.796,  0.000,  0.000
  0.020,300.814,  0.000,  0.000
  0.020,300.829,  0.000,  0.000
  0.020,300.842,  0.000,  0.000
  0.020,300.631,  0.000,  0.000
  0.020,300.591,  0.000,  0.000
  0.020,300.638,  0.000,  0.000
  0.020,300.735,  0.000,  0.000
  0.019,300.796,  0.000,  0.000
  0.019,300.786,  0.000,  0.000
  0.019,300.712,  0.000,  0.000
  0.019,300.611,  0.000,  0.000
  0.019,300.532,  0.000,  0.000
  0.021,300.733,  0.000,  0.000
  0.021,300.635,  0.000,  0.000
  0.021,300.664,  0.000,  0.000
  0.020,300.813,  0.000,  0.000
  0.020,300.878,  0.000,  0.000
  0.020,300.830,  0.000,  0.000
  0.020,300.811,  0.000,  0.000
  0.021,300.781,  0.000,  0.000
  0.020,300.763,  0.000,  0.000
  0.020,300.796,  0.000,  0.000
  0.020,300.803,  0.000,  0.000
  0.020,300.807,  0.000,  0.000
  0.020,300.809,  0.000,  0.000
  0.020,300.813,  0.000,  0.000
  0.020,300.850,  0.000,  0.000
  0.020,300.857,  0.000,  0.000
  0.020,300.590,  0.000,  0.000
  0.020,300.518,  0.000,  0.000
  0.020,300.573,  0.000,  0.000
  0.020,300.693,  0.000,  0.000
  0.019,300.797,  0.000,  0.000
  0.019,300.793,  0.000,  0.000
  0.020,300.702,  0.000,  0.000
  0.020,300.581,  0.000,  0.000
  0.020,300.470,  0.000,  0.000
  0.020,300.305,  0.000,  0.000
  0.021,300.401,  0.000,  0.000
  0.021,300.540,  0.000,  0.000
  0.020,300.831,  0.000,  0.000
  0.020,300.845,  0.000,  0.000
  0.020,300.798,  0.000,  0.000
  0.021,300.792,  0.000,  0.000
  0.021,300.771,  0.000,  0.000
  0.020,300.781,  0.000,  0.000
  0.020,300.800,  0.000,  0.000
  0.020,300.823,  0.000,  0.000
  0.020,300.823,  0.000,  0.000
  0.020,300.801,  0.000,  0.000
  0.020,300.821,  0.000,  0.000
  0.020,300.867,  0.000,  0.000
  0.020,300.842,  0.000,  0.000
  0.020,300.527,  0.000,  0.000
  0.020,300.477,  0.000,  0.000
  0.020,300.545,  0.000,  0.000
  0.019,300.671,  0.000,  0.000
  0.019,300.804,  0.000,  0.000
  0.019,300.808,  0.000,  0.000
  0.020,300.713,  0.000,  0.000
  0.020,300.599,  0.000,  0.000
  0.020,300.452,  0.000,  0.000
  0.020,300.322,  0.000,  0.020
  0.021,300.527,  0.000,  0.020
  0.020,300.758,  0.000,  0.000
  0.020,300.873,  0.000,  0.000
  0.020,300.815,  0.000,  0.000
  0.021,300.776,  0.000,  0.000
  0.021,300.751,  0.000,  0.130
  0.020,300.752,  0.000,  0.130
  0.020,300.775,  0.000,  0.130
  0.020,300.803,  0.000,  0.000
  0.020,300.808,  0.000,  0.000
  0.020,300.759,  0.000,  0.000
  0.020,300.708,  0.000,  0.000
  0.020,300.748,  0.000,  0.050
  0.020,300.813,  0.000,  0.050
  0.021,300.792,  0.000,  0.050
  0.020,300.477,  0.000,  0.000
  0.020,300.467,  0.000,  0.000
  0.020,300.570,  0.000,  0.000
  0.019,300.698,  0.000,  0.000
  0.019,300.797,  0.000,  0.000
  0.019,300.813,  0.000,  0.000
  0.020,300.754,  0.000,  0.000
  0.020,300.670,  0.000,  0.000
  0.020,300.488,  0.000,  0.000
  0.021,300.718,  0.000,  0.020
  0.021,300.765,  0.000,  0.020
  0.020,300.877,  0.000,  0.000
  0.020,300.855,  0.000,  0.000
  0.020,300.811,  0.000,  0.000
  0.021,300.767,  0.000,  0.000
  0.021,300.734,  0.000,  0.130
  0.020,300.741,  0.000,  0.130
  0.020,300.767,  0.000,  0.130
  0.020,300.781,  0.000,  0.000
  0.021,300.731,  0.000,  0.000
  0.019,300.375,  0.000,  0.000
  0.019,300.338,  0.000,  0.000
  0.019,300.646,  0.000,  0.050
  0.020,300.733,  0.000,  0.050
  0.021,300.752,  0.000,  0.050
  0.020,300.456,  0.000,  0.000
  0.020,300.452,  0.000,  0.000
  0.020,300.578,  0.000,  0.000
  0.020,300.705,  0.000,  0.000
  0.019,300.764,  0.000,  0.000
  0.019,300.787,  0.000,  0.000
  0.019,300.800,  0.000,  0.000
  0.019,300.779,  0.000,  0.000
  0.020,300.615,  0.000,  0.000
