  0.014,297.405,  0.000,  0.000
  0.014,297.407,  0.000,  0.000
  0.014,297.444,  0.000,  0.000
  0.014,297.494,  0.000,  0.000
  0.015,297.499,  0.000,  0.000
  0.015,297.447,  0.000,  0.000
  0.014,297.392,  0.000,  0.000
  0.014,297.360,  0.000,  0.000
  0.014,297.354,  0.000,  0.000
  0.015,297.353,  0.000,  0.000
  0.015,297.345,  0.000,  0.000
  0.015,297.350,  0.000,  0.000
  0.015,297.369,  0.000,  0.000
  0.014,297.390,  0.000,  0.000
  0.014,297.395,  0.000,  0.000
  0.014,297.379,  0.000,  0.000
  0.014,297.369,  0.000,  0.000
  0.015,297.407,  0.000,  0.000
  0.015,297.494,  0.000,  0.000
  0.015,297.531,  0.000,  0.000
  0.014,297.469,  0.000,  0.000
  0.014,297.397,  0.000,  0.000
  0.014,297.374,  0.000,  0.000
  0.015,297.400,  0.000,  0.000
  0.015,297.421,  0.000,  0.000
  0.014,297.431,  0.000,  0.000
  0.014,297.460,  0.000,  0.000
  0.014,297.482,  0.000,  0.000
  0.014,297.485,  0.000,  0.000
  0.014,297.471,  0.000,  0.000
  0.015,297.436,  0.000,  0.000
  0.015,297.410,  0.000,  0.000
  0.014,297.409,  0.000,  0.000
  0.014,297.410,  0.000,  0.000
  0.014,297.391,  0.000,  0.000
  0.014,297.376,  0.000,  0.000
  0.014,297.371,  0.000,  0.000
  0.015,297.376,  0.000,  0.000
  0.015,297.391,  0.000,  0.000
  0.015,297.408,  0.000,  0.000
  0.014,297.415,  0.000,  0.000
  0.014,297.426,  0.000,  0.000
  0.014,297.460,  0.000,  0.000
  0.014,297.486,  0.000,  0.000
  0.015,297.468,  0.000,  0.000
  0.015,297.439,  0.000,  0.000
  0.014,297.424,  0.000,  0.000
  0.014,297.401,  0.000,  0.000
  0.015,297.393,  0.000,  0.000
  0.015,297.404,  0.000,  0.000
  0.014,297.469,  0.000,  0.000
  0.014,297.524,  0.000,  0.000
  0.014,297.537,  0.000,  0.000
  0.014,297.496,  0.000,  0.000
  0.014,297.453,  0.000,  0.000
  0.014,297.427,  0.000,  0.000
  0.015,297.425,  0.000,  0.000
  0.015,297.436,  0.000,  0.000
  0.015,297.438,  0.000,  0.000
  0.014,297.418,  0.000,  0.000
  0.014,297.411,  0.000,  0.000
  0.014,297.407,  0.000,  0.000
  0.015,297.396,  0.000,  0.000
  0.015,297.390,  0.000,  0.000
  0.015,297.397,  0.000,  0.000
  0.015,297.430,  0.000,  0.000
  0.014,297.493,  0.000,  0.000
  0.014,297.540,  0.000,  0.000
  0.014,297.508,  0.000,  0.000
  0.014,297.432,  0.000,  0.000
  0.015,297.405,  0.000,  0.000
  0.015,297.421,  0.000,  0.000
  0.015,297.411,  0.000,  0.000
  0.015,297.404,  0.000,  0.000
  0.015,297.410,  0.000,  0.000
  0.014,297.525,  0.000,  0.000
  0.014,297.567,  0.000,  0.000
  0.014,297.555,  0.000,  0.000
  0.014,297.520,  0.000,  0.000
  0.014,297.494,  0.000,  0.000
  0.014,297.471,  0.000,  0.000
  0.014,297.459,  0.000,  0.000
  0.015,297.452,  0.000,  0.000
  0.015,297.437,  0.000,  0.000
  0.015,297.421,  0.000,  0.000
  0.015,297.425,  0.000,  0.000
  0.015,297.437,  0.000,  0.000
  0.015,297.432,  0.000,  0.000
  0.014,297.420,  0.000,  0.000
  0.014,297.423,  0.000,  0.000
  0.014,297.465,  0.000,  0.000
  0.014,297.545,  0.000,  0.000
  0.014,297.587,  0.000,  0.000
  0.014,297.535,  0.000,  0.000
  0.014,297.453,  0.000,  0.000
  0.015,297.428,  0.000,  0.000
  0.015,297.448,  0.000,  0.000
  0.015,297.434,  0.000,  0.000
  0.015,297.420,  0.000,  0.000
  0.015,297.430,  0.000,  0.000
  0.014,297.585,  0.000,  0.000
  0.014,297.574,  0.000,  0.000
  0.014,297.536,  0.000,  0.000
  0.014,297.525,  0.000,  0.000
  0.014,297.538,  0.000,  0.000
  0.014,297.549,  0.000,  0.000
  0.014,297.539,  0.000,  0.000
  0.014,297.496,  0.000,  0.000
  0.014,297.450,  0.000,  0.000
  0.015,297.434,  0.000,  0.000
  0.015,297.437,  0.000,  0.000
  0.015,297.446,  0.000,  0.000
  0.015,297.456,  0.000,  0.000
  0.014,297.473,  0.000,  0.000
  0.014,297.500,  0.000,  0.000
  0.014,297.538,  0.000,  0.000
  0.014,297.578,  0.000,  0.000
  0.014,297.577,  0.000,  0.000
  0.015,297.530,  0.000,  0.000
  0.015,297.490,  0.000,  0.000
  0.014,297.500,  0.000,  0.000
  0.015,297.521,  0.000,  0.000
  0.014,297.503,  0.000,  0.000
  0.014,297.475,  0.000,  0.000
  0.014,297.460,  0.000,  0.000
  0.014,297.623,  0.000,  0.000
  0.014,297.569,  0.000,  0.000
  0.014,297.520,  0.000,  0.000
  0.014,297.514,  0.000,  0.000
  0.015,297.544,  0.000,  0.000
  0.015,297.591,  0.000,  0.000
  0.014,297.606,  0.000,  0.000
  0.014,297.564,  0.000,  0.000
  0.014,297.510,  0.000,  0.000
  0.014,297.481,  0.000,  0.000
  0.015,297.468,  0.000,  0.000
  0.015,297.455,  0.000,  0.000
  0.015,297.472,  0.000,  0.000
  0.015,297.525,  0.000,  0.000
  0.014,297.585,  0.000,  0.000
  0.014,297.612,  0.000,  0.000
  0.014,297.586,  0.000,  0.000
  0.014,297.535,  0.000,  0.000
  0.015,297.505,  0.000,  0.000
  0.015,297.524,  0.000,  0.000
  0.014,297.555,  0.000,  0.000
  0.015,297.559,  0.000,  0.000
  0.015,297.560,  0.000,  0.000
  0.014,297.556,  0.000,  0.000
  0.014,297.527,  0.000,  0.000
  0.014,297.635,  0.000,  0.000
  0.014,297.565,  0.000,  0.000
  0.014,297.528,  0.000,  0.000
  0.014,297.514,  0.000,  0.000
  0.015,297.522,  0.000,  0.000
  0.015,297.570,  0.000,  0.000
  0.015,297.606,  0.000,  0.000
  0.014,297.595,  0.000,  0.000
  0.014,297.575,  0.000,  0.000
  0.014,297.554,  0.000,  0.000
  0.014,297.526,  0.000,  0.000
  0.014,297.500,  0.000,  0.000
  0.014,297.511,  0.000,  0.000
  0.015,297.572,  0.000,  0.000
  0.015,297.651,  0.000,  0.000
  0.014,297.661,  0.000,  0.000
  0.014,297.588,  0.000,  0.000
  0.014,297.514,  0.000,  0.000
  0.014,297.508,  0.000,  0.000
  0.014,297.565,  0.000,  0.000
  0.014,297.588,  0.000,  0.000
  0.014,297.547,  0.000,  0.000
  0.015,297.555,  0.000,  0.000
  0.015,297.600,  0.000,  0.000
  0.014,297.595,  0.000,  0.000
  0.014,297.633,  0.000,  0.000
  0.014,297.563,  0.000,  0.000
  0.014,297.544,  0.000,  0.000
  0.014,297.531,  0.000,  0.000
  0.015,297.518,  0.000,  0.000
  0.015,297.536,  0.000,  0.000
  0.015,297.556,  0.000,  0.000
  0.015,297.573,  0.000,  0.000
  0.015,297.588,  0.000,  0.000
  0.014,297.598,  0.000,  0.000
  0.014,297.596,  0.000,  0.000
  0.014,297.586,  0.000,  0.000
  0.014,297.584,  0.000,  0.000
  0.014,297.612,  0.000,  0.000
  0.015,297.670,  0.000,  0.000
  0.015,297.680,  0.000,  0.000
  0.015,297.614,  0.000,  0.000
  0.014,297.550,  0.000,  0.000
  0.014,297.544,  0.000,  0.000
  0.014,297.596,  0.000,  0.000
  0.014,297.618,  0.000,  0.000
  0.014,297.564,  0.000,  0.000
  0.015,297.539,  0.000,  0.000
  0.015,297.585,  0.000,  0.000
  0.015,297.615,  0.000,  0.000
  0.014,297.619,  0.000,  0.000
  0.014,297.578,  0.000,  0.000
  0.014,297.570,  0.000,  0.000
  0.014,297.554,  0.000,  0.000
  0.015,297.542,  0.000,  0.000
  0.015,297.537,  0.000,  0.000
  0.015,297.528,  0.000,  0.000
  0.015,297.540,  0.000,  0.000
  0.015,297.566,  0.000,  0.000
  0.015,297.610,  0.000,  0.000
  0.014,297.655,  0.000,  0.000
  0.014,297.673,  0.000,  0.000
  0.014,297.658,  0.000,  0.000
  0.014,297.629,  0.000,  0.000
  0.014,297.634,  0.000,  0.000
  0.015,297.664,  0.000,  0.000
  0.015,297.659,  0.000,  0.000
  0.014,297.621,  0.000,  0.000
  0.014,297.592,  0.000,  0.000
  0.014,297.601,  0.000,  0.000
  0.015,297.625,  0.000,  0.000
  0.014,297.613,  0.000,  0.000
  0.014,297.578,  0.000,  0.000
  0.015,297.574,  0.000,  0.000
  0.015,297.598,  0.000,  0.000
  0.015,297.607,  0.000,  0.000
  0.014,297.604,  0.000,  0.000
  0.014,297.612,  0.000,  0.000
  0.014,297.594,  0.000,  0.000
  0.014,297.577,  0.000,  0.000
  0.015,297.572,  0.000,  0.000
  0.014,297.561,  0.000,  0.000
  0.014,297.554,  0.000,  0.000
  0.015,297.563,  0.000,  0.000
  0.015,297.621,  0.000,  0.000
  0.015,297.704,  0.000,  0.000
  0.015,297.742,  0.000,  0.000
  0.014,297.710,  0.000,  0.000
  0.014,297.640,  0.000,  0.000
  0.014,297.592,  0.000,  0.000
  0.014,297.623,  0.000,  0.000
  0.015,297.685,  0.000,  0.000
  0.015,297.692,  0.000,  0.000
  0.014,297.647,  0.000,  0.000
  0.014,297.605,  0.000,  0.000
  0.014,297.613,  0.000,  0.000
  0.015,297.638,  0.000,  0.000
  0.014,297.636,  0.000,  0.000
  0.014,297.614,  0.000,  0.000
  0.015,297.599,  0.000,  0.000
  0.015,297.609,  0.000,  0.000
  0.015,297.629,  0.000,  0.000
  0.014,297.657,  0.000,  0.000
  0.014,297.651,  0.000,  0.000
  0.014,297.623,  0.000,  0.000
  0.014,297.611,  0.000,  0.000
  0.015,297.614,  0.000,  0.000
  0.015,297.617,  0.000,  0.000
  0.014,297.623,  0.000,  0.000
  0.014,297.662,  0.000,  0.000
  0.015,297.742,  0.000,  0.000
  0.015,297.787,  0.000,  0.000
  0.015,297.746,  0.000,  0.000
  0.014,297.666,  0.000,  0.000
  0.014,297.600,  0.000,  0.000
  0.014,297.598,  0.000,  0.000
  0.014,297.670,  0.000,  0.000
  0.015,297.726,  0.000,  0.000
  0.015,297.705,  0.000,  0.000
  0.014,297.648,  0.000,  0.000
  0.014,297.620,  0.000,  0.000
  0.015,297.636,  0.000,  0.000
  0.015,297.657,  0.000,  0.000
  0.014,297.660,  0.000,  0.000
  0.014,297.638,  0.000,  0.000
  0.015,297.623,  0.000,  0.000
  0.015,297.647,  0.000,  0.000
  0.015,297.691,  0.000,  0.000
  0.015,297.700,  0.000,  0.000
  0.014,297.667,  0.000,  0.000
  0.014,297.633,  0.000,  0.000
  0.015,297.640,  0.000,  0.000
  0.015,297.673,  0.000,  0.000
  0.015,297.707,  0.000,  0.000
  0.014,297.737,  0.000,  0.000
  0.014,297.777,  0.000,  0.000
  0.015,297.792,  0.000,  0.000
  0.015,297.757,  0.000,  0.000
  0.014,297.701,  0.000,  0.000
  0.014,297.654,  0.000,  0.000
  0.014,297.625,  0.000,  0.000
  0.014,297.644,  0.000,  0.000
  0.015,297.712,  0.000,  0.000
  0.015,297.748,  0.000,  0.000
  0.015,297.717,  0.000,  0.000
  0.014,297.674,  0.000,  0.000
  0.014,297.652,  0.000,  0.000
  0.015,297.653,  0.000,  0.000
  0.015,297.670,  0.000,  0.000
  0.015,297.670,  0.000,  0.000
  0.015,297.644,  0.000,  0.000
  0.015,297.653,  0.000,  0.000
  0.015,297.690,  0.000,  0.000
  0.015,297.717,  0.000,  0.000
  0.015,297.694,  0.000,  0.000
  0.015,297.647,  0.000,  0.000
  0.015,297.638,  0.000,  0.000
  0.015,297.689,  0.000,  0.000
  0.015,297.764,  0.000,  0.000
  0.014,297.812,  0.000,  0.000
  0.014,297.810,  0.000,  0.000
  0.014,297.770,  0.000,  0.000
  0.014,297.729,  0.000,  0.000
  0.015,297.722,  0.000,  0.000
  0.014,297.718,  0.000,  0.000
  0.014,297.688,  0.000,  0.000
  0.014,297.661,  0.000,  0.000
  0.014,297.691,  0.000,  0.000
  0.015,297.762,  0.000,  0.000
  0.015,297.784,  0.000,  0.000
  0.015,297.748,  0.000,  0.000
  0.014,297.708,  0.000,  0.000
  0.015,297.676,  0.000,  0.000
  0.015,297.667,  0.000,  0.000
  0.015,297.672,  0.000,  0.000
  0.015,297.669,  0.000,  0.000
  0.015,297.664,  0.000,  0.000
  0.015,297.675,  0.000,  0.000
  0.015,297.698,  0.000,  0.000
  0.015,297.700,  0.000,  0.000
  0.015,297.668,  0.000,  0.000
  0.015,297.650,  0.000,  0.000
  0.015,297.696,  0.000,  0.000
  0.015,297.792,  0.000,  0.000
  0.014,297.856,  0.000,  0.000
  0.014,297.829,  0.000,  0.000
  0.014,297.755,  0.000,  0.000
  0.014,297.698,  0.000,  0.000
  0.014,297.712,  0.000,  0.000
  0.015,297.759,  0.000,  0.000
  0.015,297.760,  0.000,  0.000
  0.015,297.725,  0.000,  0.000
  0.014,297.713,  0.000,  0.000
  0.014,297.766,  0.000,  0.000
  0.015,297.825,  0.000,  0.000
  0.015,297.819,  0.000,  0.000
  0.015,297.778,  0.000,  0.000
  0.015,297.727,  0.000,  0.000
  0.015,297.687,  0.000,  0.000
  0.015,297.683,  0.000,  0.000
  0.014,297.712,  0.000,  0.000
  0.015,297.685,  0.000,  0.000
  0.015,297.680,  0.000,  0.000
  0.015,297.685,  0.000,  0.000
  0.015,297.701,  0.000,  0.000
  0.014,297.698,  0.000,  0.000
  0.014,297.700,  0.000,  0.000
  0.014,297.748,  0.000,  0.000
  0.015,297.826,  0.000,  0.000
  0.015,297.865,  0.000,  0.000
  0.015,297.829,  0.000,  0.000
  0.014,297.766,  0.000,  0.000
  0.014,297.712,  0.000,  0.000
  0.014,297.705,  0.000,  0.000
  0.014,297.753,  0.000,  0.000
  0.015,297.797,  0.000,  0.000
  0.015,297.797,  0.000,  0.000
  0.015,297.784,  0.000,  0.000
  0.015,297.799,  0.000,  0.000
  0.015,297.845,  0.000,  0.000
  0.015,297.864,  0.000,  0.000
  0.015,297.827,  0.000,  0.000
  0.015,297.764,  0.000,  0.000
  0.015,297.720,  0.000,  0.000
  0.015,297.724,  0.000,  0.000
