  0.021,302.896,  0.000,  0.000
  0.021,302.901,  0.000,  0.000
  0.021,302.909,  0.000,  0.000
  0.021,302.916,  0.000,  0.000
  0.021,302.923,  0.000,  0.000
  0.021,302.929,  0.000,  0.000
  0.021,302.932,  0.000,  0.000
  0.021,302.936,  0.000,  0.000
  0.021,302.944,  0.000,  0.000
  0.021,302.943,  0.000,  0.000
  0.021,302.944,  0.000,  0.000
  0.021,302.945,  0.000,  0.000
  0.021,302.949,  0.000,  0.000
  0.021,302.951,  0.000,  0.000
  0.021,302.948,  0.000,  0.000
  0.021,302.947,  0.000,  0.000
  0.021,302.946,  0.000,  0.000
  0.021,302.946,  0.000,  0.000
  0.021,302.941,  0.000,  0.000
  0.021,302.939,  0.000,  0.000
  0.021,302.941,  0.000,  0.000
  0.021,302.943,  0.000,  0.000
  0.021,302.944,  0.000,  0.000
  0.021,302.966,  0.000,  0.000
  0.021,302.961,  0.000,  0.000
  0.021,302.897,  0.000,  0.000
  0.021,302.903,  0.000,  0.000
  0.021,302.911,  0.000,  0.000
  0.021,302.916,  0.000,  0.000
  0.021,302.920,  0.000,  0.000
  0.021,302.924,  0.000,  0.000
  0.021,302.929,  0.000,  0.000
  0.021,302.936,  0.000,  0.000
  0.021,302.941,  0.000,  0.000
  0.021,302.945,  0.000,  0.000
  0.021,302.947,  0.000,  0.000
  0.021,302.948,  0.000,  0.000
  0.021,302.949,  0.000,  0.000
  0.021,302.943,  0.000,  0.000
  0.021,302.938,  0.000,  0.000
  0.021,302.940,  0.000,  0.000
  0.021,302.940,  0.000,  0.000
  0.021,302.936,  0.000,  0.000
  0.021,302.933,  0.000,  0.000
  0.021,302.936,  0.000,  0.000
  0.021,302.939,  0.000,  0.000
  0.021,302.940,  0.000,  0.000
  0.021,302.939,  0.000,  0.000
  0.021,302.957,  0.000,  0.000
  0.021,302.953,  0.000,  0.000
  0.021,302.901,  0.000,  0.000
  0.021,302.904,  0.000,  0.000
  0.021,302.906,  0.000,  0.000
  0.021,302.910,  0.000,  0.000
  0.021,302.917,  0.000,  0.000
  0.021,302.922,  0.000,  0.000
  0.021,302.928,  0.000,  0.000
  0.021,302.935,  0.000,  0.000
  0.021,302.939,  0.000,  0.000
  0.021,302.942,  0.000,  0.000
  0.021,302.944,  0.000,  0.000
  0.021,302.947,  0.000,  0.000
  0.021,302.943,  0.000,  0.000
  0.021,302.938,  0.000,  0.000
  0.021,302.934,  0.000,  0.000
  0.021,302.935,  0.000,  0.000
  0.021,302.934,  0.000,  0.000
  0.021,302.930,  0.000,  0.000
  0.021,302.930,  0.000,  0.000
  0.021,302.935,  0.000,  0.000
  0.021,302.938,  0.000,  0.000
  0.021,302.934,  0.000,  0.000
  0.021,302.930,  0.000,  0.000
  0.021,302.952,  0.000,  0.000
  0.021,302.952,  0.000,  0.000
  0.021,302.898,  0.000,  0.000
  0.021,302.898,  0.000,  0.000
  0.021,302.900,  0.000,  0.000
  0.021,302.907,  0.000,  0.000
  0.021,302.917,  0.000,  0.000
  0.021,302.923,  0.000,  0.000
  0.021,302.928,  0.000,  0.000
  0.021,302.930,  0.000,  0.000
  0.021,302.932,  0.000,  0.000
  0.021,302.935,  0.000,  0.000
  0.021,302.940,  0.000,  0.000
  0.021,302.944,  0.000,  0.000
  0.021,302.941,  0.000,  0.000
  0.021,302.937,  0.000,  0.000
  0.021,302.932,  0.000,  0.000
  0.021,302.929,  0.000,  0.000
  0.021,302.929,  0.000,  0.000
  0.021,302.927,  0.000,  0.000
  0.021,302.929,  0.000,  0.000
  0.021,302.930,  0.000,  0.000
  0.021,302.927,  0.000,  0.000
  0.021,302.926,  0.000,  0.000
  0.021,302.932,  0.000,  0.000
  0.021,302.955,  0.000,  0.000
  0.021,302.952,  0.000,  0.000
  0.021,302.894,  0.000,  0.000
  0.021,302.898,  0.000,  0.000
  0.021,302.901,  0.000,  0.000
  0.021,302.910,  0.000,  0.000
  0.021,302.917,  0.000,  0.000
  0.021,302.920,  0.000,  0.000
  0.021,302.925,  0.000,  0.000
  0.021,302.925,  0.000,  0.000
  0.021,302.928,  0.000,  0.000
  0.021,302.931,  0.000,  0.000
  0.021,302.937,  0.000,  0.000
  0.021,302.939,  0.000,  0.000
  0.021,302.935,  0.000,  0.000
  0.021,302.931,  0.000,  0.000
  0.021,302.924,  0.000,  0.000
  0.021,302.923,  0.000,  0.000
  0.021,302.924,  0.000,  0.000
  0.021,302.923,  0.000,  0.000
  0.021,302.922,  0.000,  0.000
  0.021,302.922,  0.000,  0.000
  0.021,302.924,  0.000,  0.000
  0.021,302.929,  0.000,  0.000
  0.021,302.935,  0.000,  0.000
  0.021,302.951,  0.000,  0.000
  0.021,302.946,  0.000,  0.000
  0.021,302.894,  0.000,  0.180
  0.021,302.906,  0.000,  0.180
  0.021,302.907,  0.000,  0.180
  0.021,302.910,  0.000,  0.180
  0.021,302.914,  0.000,  0.180
  0.021,302.917,  0.000,  0.180
  0.021,302.927,  0.000,  0.170
  0.021,302.930,  0.000,  0.170
  0.021,302.926,  0.000,  0.170
  0.021,302.925,  0.000,  0.000
  0.021,302.930,  0.000,  0.000
  0.021,302.933,  0.000,  0.000
  0.021,302.928,  0.000,  0.000
  0.021,302.921,  0.000,  0.000
  0.021,302.918,  0.000,  0.000
  0.021,302.918,  0.000,  0.000
  0.021,302.919,  0.000,  0.000
  0.021,302.921,  0.000,  0.000
  0.021,302.922,  0.000,  0.000
  0.021,302.926,  0.000,  0.000
  0.021,302.932,  0.000,  0.000
  0.021,302.933,  0.000,  0.000
  0.021,302.930,  0.000,  0.000
  0.021,302.945,  0.000,  0.000
  0.021,302.945,  0.000,  0.000
  0.021,302.893,  0.000,  0.180
  0.021,302.903,  0.000,  0.180
  0.021,302.906,  0.000,  0.180
  0.021,302.910,  0.000,  0.180
  0.021,302.918,  0.000,  0.180
  0.021,302.928,  0.000,  0.180
  0.021,302.933,  0.000,  0.170
  0.021,302.931,  0.000,  0.170
  0.021,302.925,  0.000,  0.170
  0.021,302.924,  0.000,  0.000
  0.021,302.930,  0.000,  0.000
  0.021,302.926,  0.000,  0.000
  0.021,302.918,  0.000,  0.000
  0.021,302.916,  0.000,  0.000
  0.021,302.914,  0.000,  0.000
  0.021,302.910,  0.000,  0.000
  0.021,302.914,  0.000,  0.000
  0.021,302.921,  0.000,  0.000
  0.021,302.922,  0.000,  0.000
  0.021,302.926,  0.000,  0.000
  0.021,302.928,  0.000,  0.000
  0.021,302.926,  0.000,  0.000
  0.021,302.925,  0.000,  0.000
  0.021,302.939,  0.000,  0.000
  0.021,302.939,  0.000,  0.000
  0.021,302.904,  0.000,  0.180
  0.021,302.908,  0.000,  0.180
  0.021,302.916,  0.000,  0.180
  0.021,302.915,  0.000,  0.180
  0.021,302.922,  0.000,  0.180
  0.021,302.931,  0.000,  0.180
  0.021,302.934,  0.000,  0.170
  0.021,302.932,  0.000,  0.170
  0.021,302.932,  0.000,  0.170
  0.021,302.935,  0.000,  0.000
  0.021,302.935,  0.000,  0.000
  0.021,302.924,  0.000,  0.000
  0.021,302.921,  0.000,  0.000
  0.021,302.919,  0.000,  0.000
  0.021,302.908,  0.000,  0.000
  0.021,302.904,  0.000,  0.000
  0.021,302.910,  0.000,  0.000
  0.021,302.915,  0.000,  0.000
  0.021,302.916,  0.000,  0.000
  0.021,302.916,  0.000,  0.000
  0.021,302.919,  0.000,  0.000
  0.021,302.919,  0.000,  0.000
  0.021,302.919,  0.000,  0.000
  0.021,302.930,  0.000,  0.000
  0.021,302.925,  0.000,  0.000
  0.021,302.907,  0.000,  0.180
  0.021,302.927,  0.000,  0.180
  0.021,302.941,  0.000,  0.180
  0.021,302.935,  0.000,  0.180
  0.021,302.927,  0.000,  0.180
  0.021,302.936,  0.000,  0.180
  0.021,302.938,  0.000,  0.170
  0.021,302.932,  0.000,  0.170
  0.021,302.933,  0.000,  0.170
  0.021,302.935,  0.000,  0.000
  0.021,302.932,  0.000,  0.000
  0.021,302.932,  0.000,  0.000
  0.021,302.927,  0.000,  0.000
  0.021,302.919,  0.000,  0.000
  0.021,302.910,  0.000,  0.000
  0.021,302.908,  0.000,  0.000
  0.021,302.910,  0.000,  0.000
  0.021,302.908,  0.000,  0.000
  0.021,302.909,  0.000,  0.000
  0.021,302.913,  0.000,  0.000
  0.021,302.916,  0.000,  0.000
  0.021,302.915,  0.000,  0.000
  0.021,302.913,  0.000,  0.000
  0.021,302.916,  0.000,  0.000
  0.021,302.910,  0.000,  0.000
  0.021,302.907,  0.000,  0.080
  0.021,302.939,  0.000,  0.080
  0.021,302.950,  0.000,  0.090
  0.021,302.935,  0.000,  0.090
  0.021,302.934,  0.000,  0.090
  0.021,302.945,  0.000,  0.090
  0.021,302.948,  0.000,  0.120
  0.021,302.940,  0.000,  0.120
  0.021,302.930,  0.000,  0.120
  0.021,302.923,  0.000,  0.000
  0.021,302.928,  0.000,  0.000
  0.021,302.933,  0.000,  0.000
  0.021,302.929,  0.000,  0.000
  0.021,302.924,  0.000,  0.230
  0.021,302.917,  0.000,  0.230
  0.021,302.912,  0.000,  0.230
  0.021,302.906,  0.000,  0.000
  0.021,302.903,  0.000,  0.000
  0.021,302.910,  0.000,  0.000
  0.021,302.910,  0.000,  0.000
  0.021,302.905,  0.000,  0.000
  0.021,302.904,  0.000,  0.000
  0.021,302.905,  0.000,  0.000
  0.021,302.905,  0.000,  0.130
  0.021,302.904,  0.000,  0.130
  0.021,302.902,  0.000,  0.080
  0.021,302.933,  0.000,  0.080
  0.021,302.935,  0.000,  0.090
  0.021,302.936,  0.000,  0.090
  0.021,302.946,  0.000,  0.090
  0.021,302.953,  0.000,  0.090
  0.021,302.953,  0.000,  0.120
  0.021,302.951,  0.000,  0.120
  0.021,302.942,  0.000,  0.120
  0.021,302.929,  0.000,  0.000
  0.021,302.928,  0.000,  0.000
  0.021,302.928,  0.000,  0.000
  0.021,302.923,  0.000,  0.000
  0.021,302.926,  0.000,  0.230
  0.021,302.923,  0.000,  0.230
  0.021,302.916,  0.000,  0.230
  0.021,302.917,  0.000,  0.000
  0.021,302.921,  0.000,  0.000
  0.021,302.918,  0.000,  0.000
  0.021,302.907,  0.000,  0.000
  0.021,302.899,  0.000,  0.000
  0.021,302.899,  0.000,  0.000
  0.021,302.898,  0.000,  0.000
  0.021,302.900,  0.000,  0.130
  0.021,302.898,  0.000,  0.130
  0.021,302.916,  0.000,  0.080
  0.021,302.936,  0.000,  0.080
  0.021,302.939,  0.000,  0.090
  0.021,302.941,  0.000,  0.090
  0.021,302.948,  0.000,  0.090
  0.021,302.956,  0.000,  0.090
  0.021,302.968,  0.000,  0.120
  0.021,302.968,  0.000,  0.120
  0.021,302.946,  0.000,  0.120
  0.021,302.928,  0.000,  0.000
  0.021,302.921,  0.000,  0.000
  0.021,302.915,  0.000,  0.000
  0.021,302.914,  0.000,  0.000
  0.021,302.923,  0.000,  0.230
  0.021,302.919,  0.000,  0.230
  0.021,302.910,  0.000,  0.230
  0.021,302.917,  0.000,  0.000
  0.021,302.921,  0.000,  0.000
  0.021,302.909,  0.000,  0.000
  0.021,302.899,  0.000,  0.000
  0.021,302.898,  0.000,  0.000
  0.021,302.896,  0.000,  0.000
  0.021,302.894,  0.000,  0.000
  0.021,302.891,  0.000,  0.130
  0.021,302.887,  0.000,  0.130
  0.021,302.959,  0.000,  0.080
  0.021,302.967,  0.000,  0.080
  0.021,302.958,  0.000,  0.090
  0.021,302.950,  0.000,  0.090
  0.021,302.957,  0.000,  0.090
  0.021,302.975,  0.000,  0.090
  0.021,302.978,  0.000,  0.120
  0.021,302.955,  0.000,  0.120
  0.021,302.928,  0.000,  0.120
  0.021,302.915,  0.000,  0.000
  0.021,302.914,  0.000,  0.000
  0.021,302.922,  0.000,  0.000
  0.021,302.934,  0.000,  0.000
  0.021,302.931,  0.000,  0.230
  0.021,302.916,  0.000,  0.230
  0.021,302.911,  0.000,  0.230
  0.021,302.920,  0.000,  0.000
  0.021,302.914,  0.000,  0.000
  0.021,302.899,  0.000,  0.000
  0.021,302.897,  0.000,  0.000
  0.021,302.893,  0.000,  0.000
  0.021,302.885,  0.000,  0.000
  0.021,302.884,  0.000,  0.000
  0.021,302.884,  0.000,  0.130
  0.021,302.884,  0.000,  0.130
  0.021,302.988,  0.000,  0.000
  0.021,302.969,  0.000,  0.000
  0.021,302.960,  0.000,  0.000
  0.021,302.967,  0.000,  0.000
  0.021,302.977,  0.000,  0.000
  0.021,302.972,  0.000,  0.000
  0.021,302.952,  0.000,  0.210
  0.021,302.935,  0.000,  0.210
  0.021,302.922,  0.000,  0.210
  0.021,302.915,  0.000,  0.220
  0.021,302.922,  0.000,  0.220
  0.021,302.944,  0.000,  0.220
  0.021,302.949,  0.000,  0.220
  0.021,302.933,  0.000,  0.200
  0.021,302.926,  0.000,  0.200
  0.021,302.946,  0.000,  0.200
  0.021,302.943,  0.000,  0.190
  0.021,302.909,  0.000,  0.190
  0.021,302.892,  0.000,  0.190
  0.021,302.891,  0.000,  0.190
  0.021,302.888,  0.000,  0.340
  0.021,302.882,  0.000,  0.340
  0.021,302.882,  0.000,  0.340
  0.021,302.882,  0.000,  0.140
  0.021,302.881,  0.000,  0.140
  0.021,302.955,  0.000,  0.000
  0.021,302.959,  0.000,  0.000
  0.021,302.979,  0.000,  0.000
  0.021,302.985,  0.000,  0.000
  0.021,302.967,  0.000,  0.000
  0.021,302.954,  0.000,  0.000
  0.021,302.956,  0.000,  0.210
  0.021,302.951,  0.000,  0.210
  0.021,302.930,  0.000,  0.210
  0.021,302.917,  0.000,  0.220
  0.021,302.936,  0.000,  0.220
  0.021,302.953,  0.000,  0.220
  0.021,302.947,  0.000,  0.220
  0.021,302.945,  0.000,  0.200
  0.021,302.973,  0.000,  0.200
  0.021,302.981,  0.000,  0.200
  0.021,302.943,  0.000,  0.190
  0.021,302.904,  0.000,  0.190
  0.021,302.898,  0.000,  0.190
  0.021,302.889,  0.000,  0.190
  0.021,302.878,  0.000,  0.340
  0.021,302.882,  0.000,  0.340
  0.021,302.884,  0.000,  0.340
  0.021,302.881,  0.000,  0.140
  0.021,302.879,  0.000,  0.140
