  0.015,299.014,  0.000,  0.000
  0.015,299.014,  0.000,  0.000
  0.015,299.016,  0.000,  0.000
  0.015,299.018,  0.000,  0.000
  0.015,299.020,  0.000,  0.000
  0.015,299.023,  0.000,  0.000
  0.015,299.029,  0.000,  0.000
  0.015,299.036,  0.000,  0.000
  0.015,299.043,  0.000,  0.000
  0.015,299.050,  0.000,  0.000
  0.015,299.057,  0.000,  0.000
  0.015,299.065,  0.000,  0.000
  0.015,299.072,  0.000,  0.000
  0.015,299.079,  0.000,  0.000
  0.015,299.085,  0.000,  0.000
  0.015,299.090,  0.000,  0.000
  0.015,299.095,  0.000,  0.000
  0.015,299.100,  0.000,  0.000
  0.015,299.105,  0.000,  0.000
  0.015,299.109,  0.000,  0.000
  0.015,299.114,  0.000,  0.000
  0.015,299.118,  0.000,  0.000
  0.015,299.122,  0.000,  0.000
  0.015,299.144,  0.000,  0.000
  0.015,299.148,  0.000,  0.000
  0.015,299.033,  0.000,  0.000
  0.015,299.034,  0.000,  0.000
  0.015,299.036,  0.000,  0.000
  0.015,299.038,  0.000,  0.000
  0.015,299.041,  0.000,  0.000
  0.015,299.044,  0.000,  0.000
  0.015,299.049,  0.000,  0.000
  0.015,299.056,  0.000,  0.000
  0.015,299.063,  0.000,  0.000
  0.015,299.069,  0.000,  0.000
  0.015,299.076,  0.000,  0.000
  0.015,299.083,  0.000,  0.000
  0.015,299.090,  0.000,  0.000
  0.015,299.096,  0.000,  0.000
  0.015,299.101,  0.000,  0.000
  0.015,299.106,  0.000,  0.000
  0.015,299.110,  0.000,  0.000
  0.015,299.114,  0.000,  0.000
  0.015,299.119,  0.000,  0.000
  0.015,299.123,  0.000,  0.000
  0.015,299.127,  0.000,  0.000
  0.015,299.130,  0.000,  0.000
  0.015,299.134,  0.000,  0.000
  0.015,299.155,  0.000,  0.000
  0.015,299.158,  0.000,  0.000
  0.015,299.053,  0.000,  0.000
  0.015,299.055,  0.000,  0.000
  0.015,299.057,  0.000,  0.000
  0.015,299.060,  0.000,  0.000
  0.015,299.062,  0.000,  0.000
  0.015,299.065,  0.000,  0.000
  0.015,299.069,  0.000,  0.000
  0.015,299.075,  0.000,  0.000
  0.015,299.081,  0.000,  0.000
  0.015,299.088,  0.000,  0.000
  0.015,299.095,  0.000,  0.000
  0.015,299.101,  0.000,  0.000
  0.015,299.108,  0.000,  0.000
  0.015,299.113,  0.000,  0.000
  0.015,299.117,  0.000,  0.000
  0.015,299.122,  0.000,  0.000
  0.015,299.125,  0.000,  0.000
  0.015,299.129,  0.000,  0.000
  0.015,299.132,  0.000,  0.000
  0.015,299.136,  0.000,  0.000
  0.015,299.140,  0.000,  0.000
  0.015,299.142,  0.000,  0.000
  0.015,299.145,  0.000,  0.000
  0.016,299.163,  0.000,  0.000
  0.016,299.166,  0.000,  0.000
  0.015,299.071,  0.000,  0.000
  0.015,299.073,  0.000,  0.000
  0.015,299.076,  0.000,  0.000
  0.015,299.078,  0.000,  0.000
  0.015,299.081,  0.000,  0.000
  0.015,299.083,  0.000,  0.000
  0.015,299.088,  0.000,  0.000
  0.015,299.094,  0.000,  0.000
  0.015,299.099,  0.000,  0.000
  0.015,299.106,  0.000,  0.000
  0.015,299.112,  0.000,  0.000
  0.015,299.118,  0.000,  0.000
  0.015,299.124,  0.000,  0.000
  0.015,299.129,  0.000,  0.000
  0.015,299.133,  0.000,  0.000
  0.015,299.136,  0.000,  0.000
  0.015,299.140,  0.000,  0.000
  0.015,299.143,  0.000,  0.000
  0.015,299.146,  0.000,  0.000
  0.016,299.149,  0.000,  0.000
  0.016,299.152,  0.000,  0.000
  0.016,299.154,  0.000,  0.000
  0.016,299.155,  0.000,  0.000
  0.016,299.172,  0.000,  0.000
  0.016,299.175,  0.000,  0.000
  0.015,299.088,  0.000,  0.000
  0.015,299.090,  0.000,  0.000
  0.015,299.093,  0.000,  0.000
  0.015,299.096,  0.000,  0.000
  0.015,299.098,  0.000,  0.000
  0.015,299.101,  0.000,  0.000
  0.015,299.105,  0.000,  0.000
  0.015,299.111,  0.000,  0.000
  0.015,299.117,  0.000,  0.000
  0.015,299.122,  0.000,  0.000
  0.015,299.128,  0.000,  0.000
  0.015,299.134,  0.000,  0.000
  0.015,299.139,  0.000,  0.000
  0.015,299.144,  0.000,  0.000
  0.015,299.148,  0.000,  0.000
  0.015,299.150,  0.000,  0.000
  0.016,299.153,  0.000,  0.000
  0.016,299.156,  0.000,  0.000
  0.016,299.159,  0.000,  0.000
  0.016,299.161,  0.000,  0.000
  0.016,299.164,  0.000,  0.000
  0.016,299.164,  0.000,  0.000
  0.016,299.166,  0.000,  0.000
  0.016,299.181,  0.000,  0.000
  0.016,299.182,  0.000,  0.000
  0.015,299.102,  0.000,  0.000
  0.015,299.105,  0.000,  0.000
  0.015,299.108,  0.000,  0.000
  0.015,299.111,  0.000,  0.000
  0.015,299.114,  0.000,  0.000
  0.015,299.117,  0.000,  0.000
  0.015,299.122,  0.000,  0.000
  0.015,299.127,  0.000,  0.000
  0.015,299.133,  0.000,  0.000
  0.015,299.139,  0.000,  0.000
  0.015,299.144,  0.000,  0.000
  0.015,299.148,  0.000,  0.000
  0.015,299.153,  0.000,  0.000
  0.015,299.157,  0.000,  0.000
  0.016,299.160,  0.000,  0.000
  0.016,299.163,  0.000,  0.000
  0.016,299.166,  0.000,  0.000
  0.016,299.168,  0.000,  0.000
  0.016,299.171,  0.000,  0.000
  0.016,299.173,  0.000,  0.000
  0.016,299.175,  0.000,  0.000
  0.016,299.175,  0.000,  0.000
  0.016,299.177,  0.000,  0.000
  0.016,299.188,  0.000,  0.000
  0.016,299.189,  0.000,  0.000
  0.015,299.114,  0.000,  0.000
  0.015,299.117,  0.000,  0.000
  0.015,299.120,  0.000,  0.000
  0.015,299.123,  0.000,  0.000
  0.015,299.126,  0.000,  0.000
  0.015,299.129,  0.000,  0.000
  0.015,299.134,  0.000,  0.000
  0.015,299.140,  0.000,  0.000
  0.015,299.146,  0.000,  0.000
  0.015,299.151,  0.000,  0.000
  0.015,299.157,  0.000,  0.000
  0.016,299.162,  0.000,  0.000
  0.016,299.165,  0.000,  0.000
  0.016,299.169,  0.000,  0.000
  0.016,299.173,  0.000,  0.000
  0.016,299.175,  0.000,  0.000
  0.016,299.178,  0.000,  0.000
  0.016,299.180,  0.000,  0.000
  0.016,299.182,  0.000,  0.000
  0.016,299.184,  0.000,  0.000
  0.016,299.186,  0.000,  0.000
  0.016,299.185,  0.000,  0.000
  0.016,299.186,  0.000,  0.000
  0.016,299.196,  0.000,  0.000
  0.016,299.196,  0.000,  0.000
  0.015,299.122,  0.000,  0.000
  0.015,299.126,  0.000,  0.000
  0.015,299.129,  0.000,  0.000
  0.015,299.132,  0.000,  0.000
  0.015,299.135,  0.000,  0.000
  0.015,299.138,  0.000,  0.000
  0.015,299.143,  0.000,  0.000
  0.015,299.149,  0.000,  0.000
  0.016,299.155,  0.000,  0.000
  0.016,299.161,  0.000,  0.000
  0.016,299.166,  0.000,  0.000
  0.016,299.171,  0.000,  0.000
  0.016,299.175,  0.000,  0.000
  0.016,299.179,  0.000,  0.000
  0.016,299.182,  0.000,  0.000
  0.016,299.185,  0.000,  0.000
  0.016,299.188,  0.000,  0.000
  0.016,299.190,  0.000,  0.000
  0.016,299.193,  0.000,  0.000
  0.016,299.194,  0.000,  0.000
  0.016,299.195,  0.000,  0.000
  0.016,299.196,  0.000,  0.000
  0.016,299.196,  0.000,  0.000
  0.016,299.202,  0.000,  0.000
  0.016,299.202,  0.000,  0.000
  0.015,299.129,  0.000,  0.000
  0.015,299.132,  0.000,  0.000
  0.015,299.136,  0.000,  0.000
  0.015,299.139,  0.000,  0.000
  0.015,299.143,  0.000,  0.000
  0.016,299.146,  0.000,  0.000
  0.016,299.151,  0.000,  0.000
  0.016,299.157,  0.000,  0.000
  0.016,299.163,  0.000,  0.000
  0.016,299.169,  0.000,  0.000
  0.016,299.174,  0.000,  0.000
  0.016,299.180,  0.000,  0.000
  0.016,299.185,  0.000,  0.000
  0.016,299.188,  0.000,  0.000
  0.016,299.192,  0.000,  0.000
  0.016,299.195,  0.000,  0.000
  0.016,299.197,  0.000,  0.000
  0.016,299.200,  0.000,  0.000
  0.016,299.203,  0.000,  0.000
  0.016,299.204,  0.000,  0.000
  0.016,299.205,  0.000,  0.000
  0.016,299.206,  0.000,  0.000
  0.016,299.206,  0.000,  0.000
  0.016,299.209,  0.000,  0.000
  0.016,299.208,  0.000,  0.000
  0.015,299.133,  0.000,  0.000
  0.015,299.137,  0.000,  0.000
  0.016,299.140,  0.000,  0.000
  0.016,299.144,  0.000,  0.000
  0.016,299.147,  0.000,  0.000
  0.016,299.151,  0.000,  0.000
  0.016,299.156,  0.000,  0.000
  0.016,299.162,  0.000,  0.000
  0.016,299.168,  0.000,  0.000
  0.016,299.174,  0.000,  0.000
  0.016,299.180,  0.000,  0.000
  0.016,299.185,  0.000,  0.000
  0.016,299.191,  0.000,  0.000
  0.016,299.194,  0.000,  0.000
  0.016,299.198,  0.000,  0.000
  0.016,299.202,  0.000,  0.000
  0.016,299.206,  0.000,  0.000
  0.016,299.208,  0.000,  0.000
  0.016,299.211,  0.000,  0.000
  0.016,299.213,  0.000,  0.000
  0.016,299.214,  0.000,  0.000
  0.016,299.214,  0.000,  0.000
  0.016,299.215,  0.000,  0.000
  0.016,299.216,  0.000,  0.000
  0.016,299.214,  0.000,  0.000
  0.016,299.131,  0.000,  0.000
  0.016,299.135,  0.000,  0.000
  0.016,299.139,  0.000,  0.000
  0.016,299.144,  0.000,  0.000
  0.016,299.148,  0.000,  0.000
  0.016,299.153,  0.000,  0.000
  0.016,299.158,  0.000,  0.000
  0.016,299.163,  0.000,  0.000
  0.016,299.169,  0.000,  0.000
  0.016,299.175,  0.000,  0.000
  0.016,299.181,  0.000,  0.000
  0.016,299.187,  0.000,  0.000
  0.016,299.193,  0.000,  0.000
  0.016,299.198,  0.000,  0.000
  0.016,299.203,  0.000,  0.000
  0.016,299.208,  0.000,  0.000
  0.016,299.213,  0.000,  0.000
  0.016,299.216,  0.000,  0.000
  0.016,299.219,  0.000,  0.000
  0.016,299.221,  0.000,  0.000
  0.016,299.223,  0.000,  0.000
  0.016,299.223,  0.000,  0.000
  0.016,299.223,  0.000,  0.000
  0.016,299.222,  0.000,  0.000
  0.016,299.221,  0.000,  0.000
  0.016,299.129,  0.000,  0.000
  0.016,299.133,  0.000,  0.000
  0.016,299.138,  0.000,  0.000
  0.016,299.142,  0.000,  0.000
  0.016,299.147,  0.000,  0.000
  0.016,299.152,  0.000,  0.000
  0.016,299.157,  0.000,  0.000
  0.016,299.162,  0.000,  0.000
  0.016,299.168,  0.000,  0.000
  0.016,299.174,  0.000,  0.000
  0.016,299.180,  0.000,  0.000
  0.016,299.187,  0.000,  0.000
  0.016,299.193,  0.000,  0.000
  0.016,299.198,  0.000,  0.000
  0.016,299.204,  0.000,  0.000
  0.016,299.209,  0.000,  0.000
  0.016,299.214,  0.000,  0.000
  0.016,299.219,  0.000,  0.000
  0.016,299.222,  0.000,  0.000
  0.016,299.225,  0.000,  0.000
  0.016,299.227,  0.000,  0.000
  0.016,299.228,  0.000,  0.000
  0.016,299.228,  0.000,  0.000
  0.016,299.228,  0.000,  0.000
  0.016,299.227,  0.000,  0.000
  0.016,299.125,  0.000,  0.000
  0.016,299.130,  0.000,  0.000
  0.016,299.134,  0.000,  0.000
  0.016,299.139,  0.000,  0.000
  0.016,299.144,  0.000,  0.000
  0.016,299.149,  0.000,  0.000
  0.016,299.154,  0.000,  0.000
  0.016,299.160,  0.000,  0.000
  0.016,299.166,  0.000,  0.000
  0.016,299.172,  0.000,  0.000
  0.016,299.179,  0.000,  0.000
  0.016,299.185,  0.000,  0.000
  0.016,299.191,  0.000,  0.000
  0.016,299.197,  0.000,  0.000
  0.016,299.203,  0.000,  0.000
  0.016,299.209,  0.000,  0.000
  0.016,299.214,  0.000,  0.000
  0.016,299.219,  0.000,  0.000
  0.016,299.223,  0.000,  0.000
  0.016,299.227,  0.000,  0.000
  0.016,299.229,  0.000,  0.000
  0.016,299.231,  0.000,  0.000
  0.016,299.232,  0.000,  0.000
  0.016,299.232,  0.000,  0.000
  0.016,299.232,  0.000,  0.000
  0.016,299.120,  0.000,  0.000
  0.016,299.125,  0.000,  0.000
  0.016,299.129,  0.000,  0.000
  0.016,299.134,  0.000,  0.000
  0.016,299.139,  0.000,  0.000
  0.016,299.144,  0.000,  0.000
  0.016,299.150,  0.000,  0.000
  0.016,299.156,  0.000,  0.000
  0.016,299.162,  0.000,  0.000
  0.016,299.168,  0.000,  0.000
  0.016,299.175,  0.000,  0.000
  0.016,299.182,  0.000,  0.000
  0.016,299.188,  0.000,  0.000
  0.016,299.194,  0.000,  0.000
  0.016,299.201,  0.000,  0.000
  0.016,299.207,  0.000,  0.000
  0.016,299.213,  0.000,  0.000
  0.016,299.218,  0.000,  0.000
  0.016,299.222,  0.000,  0.000
  0.016,299.226,  0.000,  0.000
  0.016,299.229,  0.000,  0.000
  0.016,299.231,  0.000,  0.000
  0.016,299.233,  0.000,  0.000
  0.016,299.234,  0.000,  0.000
  0.016,299.234,  0.000,  0.000
  0.016,299.114,  0.000,  0.000
  0.016,299.119,  0.000,  0.000
  0.016,299.123,  0.000,  0.000
  0.016,299.128,  0.000,  0.000
  0.016,299.133,  0.000,  0.000
  0.016,299.138,  0.000,  0.000
  0.016,299.144,  0.000,  0.000
  0.016,299.150,  0.000,  0.000
  0.016,299.157,  0.000,  0.000
  0.016,299.163,  0.000,  0.000
  0.016,299.170,  0.000,  0.000
  0.016,299.177,  0.000,  0.000
  0.016,299.183,  0.000,  0.000
  0.016,299.190,  0.000,  0.000
  0.016,299.196,  0.000,  0.000
  0.016,299.203,  0.000,  0.000
  0.016,299.209,  0.000,  0.000
  0.016,299.215,  0.000,  0.000
  0.016,299.220,  0.000,  0.000
  0.016,299.224,  0.000,  0.000
  0.016,299.227,  0.000,  0.000
  0.016,299.230,  0.000,  0.000
  0.016,299.232,  0.000,  0.000
  0.016,299.233,  0.000,  0.000
  0.016,299.234,  0.000,  0.000
