  0.016,298.574,  0.000,  0.000
  0.016,298.518,  0.000,  0.000
  0.016,298.470,  0.000,  0.000
  0.016,298.496,  0.000,  0.000
  0.016,298.557,  0.000,  0.000
  0.016,298.579,  0.000,  0.000
  0.016,298.556,  0.000,  0.000
  0.016,298.548,  0.000,  0.000
  0.016,298.583,  0.000,  0.000
  0.016,298.613,  0.000,  0.000
  0.016,298.604,  0.000,  0.000
  0.016,298.594,  0.000,  0.000
  0.016,298.610,  0.000,  0.000
  0.016,298.621,  0.000,  0.000
  0.016,298.608,  0.000,  0.000
  0.016,298.598,  0.000,  0.000
  0.016,298.613,  0.000,  0.000
  0.016,298.608,  0.000,  0.000
  0.016,298.571,  0.000,  0.000
  0.016,298.555,  0.000,  0.000
  0.016,298.590,  0.000,  0.000
  0.016,298.638,  0.000,  0.000
  0.016,298.672,  0.000,  0.000
  0.016,298.705,  0.000,  0.000
  0.016,298.688,  0.000,  0.000
  0.016,298.567,  0.000,  0.000
  0.016,298.506,  0.000,  0.000
  0.016,298.492,  0.000,  0.000
  0.016,298.531,  0.000,  0.000
  0.016,298.577,  0.000,  0.000
  0.016,298.575,  0.000,  0.000
  0.016,298.541,  0.000,  0.000
  0.016,298.559,  0.000,  0.000
  0.016,298.617,  0.000,  0.000
  0.016,298.641,  0.000,  0.000
  0.016,298.624,  0.000,  0.000
  0.016,298.616,  0.000,  0.000
  0.016,298.630,  0.000,  0.000
  0.016,298.635,  0.000,  0.000
  0.016,298.624,  0.000,  0.000
  0.016,298.626,  0.000,  0.000
  0.016,298.626,  0.000,  0.000
  0.016,298.603,  0.000,  0.000
  0.016,298.583,  0.000,  0.000
  0.016,298.590,  0.000,  0.000
  0.016,298.607,  0.000,  0.000
  0.016,298.617,  0.000,  0.000
  0.016,298.637,  0.000,  0.000
  0.016,298.690,  0.000,  0.000
  0.016,298.707,  0.000,  0.000
  0.016,298.569,  0.000,  0.000
  0.016,298.539,  0.000,  0.000
  0.016,298.552,  0.000,  0.000
  0.016,298.586,  0.000,  0.000
  0.016,298.603,  0.000,  0.000
  0.016,298.568,  0.000,  0.000
  0.016,298.551,  0.000,  0.000
  0.016,298.600,  0.000,  0.000
  0.016,298.636,  0.000,  0.000
  0.016,298.631,  0.000,  0.000
  0.016,298.626,  0.000,  0.000
  0.016,298.650,  0.000,  0.000
  0.016,298.677,  0.000,  0.000
  0.016,298.680,  0.000,  0.000
  0.016,298.670,  0.000,  0.000
  0.016,298.650,  0.000,  0.000
  0.016,298.627,  0.000,  0.000
  0.016,298.612,  0.000,  0.000
  0.016,298.614,  0.000,  0.000
  0.016,298.615,  0.000,  0.000
  0.016,298.587,  0.000,  0.000
  0.016,298.569,  0.000,  0.000
  0.016,298.597,  0.000,  0.000
  0.016,298.663,  0.000,  0.000
  0.016,298.702,  0.000,  0.000
  0.016,298.586,  0.000,  0.000
  0.016,298.590,  0.000,  0.000
  0.016,298.621,  0.000,  0.000
  0.016,298.644,  0.000,  0.000
  0.016,298.629,  0.000,  0.000
  0.016,298.594,  0.000,  0.000
  0.016,298.614,  0.000,  0.000
  0.016,298.647,  0.000,  0.000
  0.016,298.638,  0.000,  0.000
  0.016,298.629,  0.000,  0.000
  0.016,298.654,  0.000,  0.000
  0.016,298.690,  0.000,  0.000
  0.016,298.705,  0.000,  0.000
  0.016,298.711,  0.000,  0.000
  0.016,298.707,  0.000,  0.000
  0.016,298.672,  0.000,  0.000
  0.016,298.634,  0.000,  0.000
  0.016,298.623,  0.000,  0.000
  0.016,298.618,  0.000,  0.000
  0.016,298.607,  0.000,  0.000
  0.016,298.577,  0.000,  0.000
  0.016,298.571,  0.000,  0.000
  0.016,298.595,  0.000,  0.000
  0.016,298.632,  0.000,  0.000
  0.016,298.645,  0.000,  0.000
  0.016,298.601,  0.000,  0.000
  0.016,298.631,  0.000,  0.000
  0.016,298.669,  0.000,  0.000
  0.016,298.687,  0.000,  0.000
  0.016,298.667,  0.000,  0.000
  0.016,298.665,  0.000,  0.000
  0.016,298.681,  0.000,  0.000
  0.016,298.665,  0.000,  0.000
  0.016,298.637,  0.000,  0.000
  0.016,298.661,  0.000,  0.000
  0.016,298.695,  0.000,  0.000
  0.015,298.416,  0.000,  0.000
  0.015,298.398,  0.000,  0.000
  0.016,298.695,  0.000,  0.000
  0.016,298.712,  0.000,  0.000
  0.016,298.681,  0.000,  0.000
  0.016,298.639,  0.000,  0.000
  0.016,298.619,  0.000,  0.000
  0.016,298.620,  0.000,  0.000
  0.016,298.623,  0.000,  0.000
  0.015,298.314,  0.000,  0.000
  0.016,298.623,  0.000,  0.000
  0.016,298.621,  0.000,  0.000
  0.016,298.586,  0.000,  0.000
  0.016,298.572,  0.000,  0.000
  0.016,298.628,  0.000,  0.000
  0.016,298.662,  0.000,  0.000
  0.016,298.690,  0.000,  0.000
  0.016,298.698,  0.000,  0.000
  0.016,298.705,  0.000,  0.000
  0.016,298.710,  0.000,  0.000
  0.016,298.695,  0.000,  0.000
  0.016,298.662,  0.000,  0.000
  0.016,298.663,  0.000,  0.000
  0.016,298.691,  0.000,  0.000
  0.016,298.687,  0.000,  0.000
  0.016,298.647,  0.000,  0.000
  0.016,298.629,  0.000,  0.000
  0.016,298.671,  0.000,  0.000
  0.016,298.683,  0.000,  0.000
  0.016,298.642,  0.000,  0.000
  0.016,298.613,  0.000,  0.000
  0.016,298.618,  0.000,  0.000
  0.016,298.642,  0.000,  0.000
  0.016,298.646,  0.000,  0.000
  0.015,298.352,  0.000,  0.000
  0.016,298.650,  0.000,  0.000
  0.016,298.622,  0.000,  0.000
  0.016,298.573,  0.000,  0.000
  0.016,298.555,  0.000,  0.000
  0.016,298.676,  0.000,  0.000
  0.016,298.684,  0.000,  0.000
  0.016,298.679,  0.000,  0.000
  0.016,298.677,  0.000,  0.000
  0.016,298.680,  0.000,  0.000
  0.016,298.683,  0.000,  0.000
  0.016,298.674,  0.000,  0.000
  0.016,298.678,  0.000,  0.000
  0.016,298.686,  0.000,  0.000
  0.016,298.675,  0.000,  0.000
  0.016,298.636,  0.000,  0.000
  0.016,298.608,  0.000,  0.000
  0.016,298.635,  0.000,  0.000
  0.016,298.665,  0.000,  0.000
  0.015,298.329,  0.000,  0.000
  0.015,298.270,  0.000,  0.000
  0.016,298.589,  0.000,  0.000
  0.016,298.629,  0.000,  0.000
  0.016,298.644,  0.000,  0.000
  0.016,298.628,  0.000,  0.000
  0.016,298.630,  0.000,  0.000
  0.015,298.333,  0.000,  0.000
  0.016,298.612,  0.000,  0.000
  0.016,298.619,  0.000,  0.000
  0.016,298.647,  0.000,  0.000
  0.016,298.692,  0.000,  0.000
  0.016,298.680,  0.000,  0.000
  0.016,298.655,  0.000,  0.000
  0.016,298.627,  0.000,  0.000
  0.016,298.609,  0.000,  0.000
  0.016,298.616,  0.000,  0.000
  0.016,298.645,  0.000,  0.000
  0.016,298.672,  0.000,  0.000
  0.016,298.667,  0.000,  0.000
  0.016,298.628,  0.000,  0.000
  0.015,298.298,  0.000,  0.000
  0.016,298.620,  0.000,  0.000
  0.016,298.671,  0.000,  0.000
  0.016,298.655,  0.000,  0.000
  0.015,298.278,  0.000,  0.000
  0.015,298.300,  0.000,  0.000
  0.015,298.300,  0.000,  0.000
  0.015,298.329,  0.000,  0.000
  0.016,298.608,  0.000,  0.000
  0.016,298.593,  0.000,  0.000
  0.016,298.591,  0.000,  0.000
  0.015,298.279,  0.000,  0.000
  0.016,298.624,  0.000,  0.000
  0.016,298.676,  0.000,  0.000
  0.016,298.697,  0.000,  0.000
  0.016,298.649,  0.000,  0.000
  0.016,298.643,  0.000,  0.000
  0.016,298.637,  0.000,  0.000
  0.016,298.604,  0.000,  0.000
  0.016,298.569,  0.000,  0.000
  0.016,298.564,  0.000,  0.000
  0.016,298.598,  0.000,  0.000
  0.016,298.628,  0.000,  0.000
  0.016,298.620,  0.000,  0.000
  0.016,298.600,  0.000,  0.000
  0.016,298.612,  0.000,  0.000
  0.016,298.664,  0.000,  0.000
  0.016,298.685,  0.000,  0.000
  0.016,298.633,  0.000,  0.000
  0.015,298.284,  0.000,  0.000
  0.016,298.540,  0.000,  0.000
  0.015,298.330,  0.000,  0.000
  0.015,298.302,  0.000,  0.000
  0.016,298.594,  0.000,  0.000
  0.016,298.593,  0.000,  0.000
  0.016,298.574,  0.000,  0.000
  0.016,298.572,  0.000,  0.000
  0.016,298.626,  0.000,  0.000
  0.016,298.651,  0.000,  0.000
  0.015,298.335,  0.000,  0.000
  0.016,298.572,  0.000,  0.000
  0.016,298.619,  0.000,  0.000
  0.016,298.654,  0.000,  0.000
  0.016,298.634,  0.000,  0.000
  0.016,298.585,  0.000,  0.000
  0.016,298.544,  0.000,  0.000
  0.016,298.558,  0.000,  0.000
  0.016,298.599,  0.000,  0.000
  0.016,298.602,  0.000,  0.000
  0.016,298.596,  0.000,  0.000
  0.016,298.633,  0.000,  0.000
  0.016,298.686,  0.000,  0.000
  0.015,298.381,  0.000,  0.000
  0.016,298.628,  0.000,  0.000
  0.016,298.623,  0.000,  0.000
  0.016,298.579,  0.000,  0.000
  0.015,298.440,  0.000,  0.000
  0.015,298.324,  0.000,  0.000
  0.015,298.334,  0.000,  0.000
  0.016,298.627,  0.000,  0.000
  0.016,298.597,  0.000,  0.000
  0.016,298.588,  0.000,  0.000
  0.016,298.585,  0.000,  0.000
  0.016,298.560,  0.000,  0.000
  0.016,298.566,  0.000,  0.000
  0.016,298.533,  0.000,  0.000
  0.016,298.620,  0.000,  0.000
  0.016,298.680,  0.000,  0.000
  0.016,298.668,  0.000,  0.000
  0.016,298.614,  0.000,  0.000
  0.016,298.574,  0.000,  0.000
  0.016,298.584,  0.000,  0.000
  0.017,298.611,  0.000,  0.000
  0.017,298.597,  0.000,  0.000
  0.016,298.588,  0.000,  0.000
  0.016,298.625,  0.000,  0.000
  0.016,298.660,  0.000,  0.000
  0.016,298.647,  0.000,  0.000
  0.015,298.320,  0.000,  0.000
  0.015,298.421,  0.000,  0.000
  0.016,298.650,  0.000,  0.000
  0.015,298.364,  0.000,  0.000
  0.015,298.368,  0.000,  0.000
  0.015,298.380,  0.000,  0.000
  0.015,298.364,  0.000,  0.000
  0.016,298.635,  0.000,  0.000
  0.016,298.593,  0.000,  0.000
  0.016,298.547,  0.000,  0.000
  0.016,298.538,  0.000,  0.000
  0.016,298.573,  0.000,  0.000
  0.016,298.579,  0.000,  0.000
  0.017,298.628,  0.000,  0.000
  0.017,298.663,  0.000,  0.000
  0.015,298.362,  0.000,  0.000
  0.016,298.647,  0.000,  0.000
  0.016,298.648,  0.000,  0.000
  0.017,298.647,  0.000,  0.000
  0.017,298.623,  0.000,  0.000
  0.016,298.594,  0.000,  0.000
  0.016,298.600,  0.000,  0.000
  0.016,298.629,  0.000,  0.000
  0.017,298.630,  0.000,  0.000
  0.017,298.604,  0.000,  0.000
  0.016,298.605,  0.000,  0.000
  0.016,298.629,  0.000,  0.000
  0.015,298.332,  0.000,  0.000
  0.016,298.640,  0.000,  0.000
  0.015,298.345,  0.000,  0.000
  0.015,298.366,  0.000,  0.000
  0.015,298.372,  0.000,  0.000
  0.015,298.330,  0.000,  0.000
  0.015,298.262,  0.000,  0.000
  0.016,298.568,  0.000,  0.000
  0.016,298.601,  0.000,  0.000
  0.017,298.610,  0.000,  0.000
  0.016,298.651,  0.000,  0.000
  0.017,298.634,  0.000,  0.000
  0.016,298.618,  0.000,  0.000
  0.015,298.453,  0.000,  0.000
  0.016,298.688,  0.000,  0.000
  0.016,298.694,  0.000,  0.000
  0.016,298.661,  0.000,  0.000
  0.016,298.618,  0.000,  0.000
  0.016,298.606,  0.000,  0.000
  0.016,298.642,  0.000,  0.000
  0.017,298.651,  0.000,  0.000
  0.017,298.609,  0.000,  0.000
  0.016,298.580,  0.000,  0.000
  0.016,298.614,  0.000,  0.000
  0.017,298.640,  0.000,  0.000
  0.015,298.302,  0.000,  0.000
  0.015,298.253,  0.000,  0.000
  0.015,298.277,  0.000,  0.000
  0.015,298.333,  0.000,  0.000
  0.015,298.323,  0.000,  0.000
  0.015,298.275,  0.000,  0.000
  0.015,298.263,  0.000,  0.000
  0.015,298.309,  0.000,  0.000
  0.016,298.624,  0.000,  0.000
  0.016,298.594,  0.000,  0.000
  0.015,298.374,  0.000,  0.000
  0.016,298.632,  0.000,  0.000
  0.016,298.618,  0.000,  0.000
  0.016,298.663,  0.000,  0.000
  0.016,298.709,  0.000,  0.000
  0.015,298.406,  0.000,  0.000
  0.016,298.647,  0.000,  0.000
  0.016,298.603,  0.000,  0.000
  0.016,298.621,  0.000,  0.000
  0.016,298.673,  0.000,  0.000
  0.016,298.670,  0.000,  0.000
  0.016,298.620,  0.000,  0.000
  0.016,298.615,  0.000,  0.000
  0.017,298.657,  0.000,  0.000
  0.017,298.646,  0.000,  0.000
  0.015,298.249,  0.000,  0.000
  0.015,298.263,  0.000,  0.000
  0.015,298.264,  0.000,  0.000
  0.015,298.295,  0.000,  0.000
  0.015,298.264,  0.000,  0.000
  0.015,298.342,  0.000,  0.000
  0.015,298.289,  0.000,  0.000
  0.015,298.303,  0.000,  0.000
  0.015,298.260,  0.000,  0.000
  0.016,298.571,  0.000,  0.000
  0.016,298.666,  0.000,  0.000
  0.015,298.330,  0.000,  0.000
  0.015,298.453,  0.000,  0.000
  0.016,298.681,  0.000,  0.000
  0.016,298.704,  0.000,  0.000
  0.015,298.391,  0.000,  0.000
  0.015,298.337,  0.000,  0.000
  0.016,298.601,  0.000,  0.000
  0.015,298.313,  0.000,  0.000
  0.015,298.387,  0.000,  0.000
  0.015,298.393,  0.000,  0.000
  0.016,298.658,  0.000,  0.000
  0.016,298.671,  0.000,  0.000
  0.015,298.372,  0.000,  0.000
  0.016,298.619,  0.000,  0.000
  0.016,298.568,  0.000,  0.000
  0.015,298.259,  0.000,  0.000
  0.015,298.281,  0.000,  0.000
  0.015,298.247,  0.000,  0.000
  0.016,298.558,  0.000,  0.000
  0.015,298.272,  0.000,  0.000
  0.015,298.277,  0.000,  0.000
  0.015,298.227,  0.000,  0.000
  0.016,298.552,  0.000,  0.000
  0.015,298.263,  0.000,  0.000
