  0.018,300.098,  0.000,  0.000
  0.018,300.087,  0.000,  0.000
  0.018,300.109,  0.000,  0.000
  0.018,300.120,  0.000,  0.000
  0.018,300.062,  0.000,  0.000
  0.018,299.997,  0.000,  0.000
  0.018,300.008,  0.000,  0.000
  0.018,300.039,  0.000,  0.000
  0.018,300.018,  0.000,  0.000
  0.018,299.999,  0.000,  0.000
  0.018,300.038,  0.000,  0.000
  0.018,300.072,  0.000,  0.000
  0.018,300.055,  0.000,  0.000
  0.018,300.032,  0.000,  0.000
  0.018,300.038,  0.000,  0.000
  0.018,300.049,  0.000,  0.000
  0.018,300.049,  0.000,  0.000
  0.018,300.063,  0.000,  0.000
  0.018,300.074,  0.000,  0.000
  0.018,300.036,  0.000,  0.000
  0.019,299.987,  0.000,  0.370
  0.019,299.991,  0.000,  0.370
  0.018,300.029,  0.000,  0.370
  0.018,300.052,  0.000,  0.550
  0.018,300.009,  0.000,  0.550
  0.018,300.136,  0.000,  0.000
  0.018,300.125,  0.000,  0.000
  0.018,300.126,  0.000,  0.000
  0.018,300.126,  0.000,  0.000
  0.018,300.106,  0.000,  0.000
  0.018,300.089,  0.000,  0.000
  0.018,300.093,  0.000,  0.000
  0.018,300.080,  0.000,  0.000
  0.018,300.050,  0.000,  0.000
  0.018,300.052,  0.000,  0.000
  0.018,300.083,  0.000,  0.000
  0.018,300.089,  0.000,  0.000
  0.018,300.076,  0.000,  0.000
  0.018,300.078,  0.000,  0.000
  0.018,300.084,  0.000,  0.000
  0.018,300.086,  0.000,  0.000
  0.018,300.103,  0.000,  0.000
  0.018,300.128,  0.000,  0.000
  0.018,300.113,  0.000,  0.000
  0.018,300.070,  0.000,  0.000
  0.018,300.070,  0.000,  0.070
  0.018,300.117,  0.000,  0.070
  0.018,300.127,  0.000,  0.070
  0.019,300.075,  0.000,  0.200
  0.019,299.990,  0.000,  0.200
  0.018,300.182,  0.000,  0.000
  0.018,300.170,  0.000,  0.000
  0.018,300.153,  0.000,  0.000
  0.018,300.143,  0.000,  0.000
  0.018,300.156,  0.000,  0.000
  0.018,300.176,  0.000,  0.000
  0.018,300.170,  0.000,  0.000
  0.018,300.135,  0.000,  0.000
  0.018,300.112,  0.000,  0.000
  0.018,300.120,  0.000,  0.000
  0.018,300.121,  0.000,  0.000
  0.018,300.101,  0.000,  0.000
  0.018,300.100,  0.000,  0.000
  0.018,300.121,  0.000,  0.000
  0.018,300.126,  0.000,  0.000
  0.018,300.124,  0.000,  0.000
  0.018,300.140,  0.000,  0.000
  0.018,300.152,  0.000,  0.000
  0.018,300.133,  0.000,  0.000
  0.019,300.120,  0.000,  0.000
  0.018,300.148,  0.000,  0.070
  0.018,300.170,  0.000,  0.070
  0.019,300.124,  0.000,  0.070
  0.019,300.056,  0.000,  0.200
  0.019,300.007,  0.000,  0.200
  0.018,300.230,  0.000,  0.000
  0.018,300.218,  0.000,  0.000
  0.018,300.197,  0.000,  0.000
  0.018,300.184,  0.000,  0.000
  0.018,300.200,  0.000,  0.000
  0.018,300.223,  0.000,  0.000
  0.018,300.214,  0.000,  0.000
  0.018,300.186,  0.000,  0.000
  0.018,300.179,  0.000,  0.000
  0.018,300.184,  0.000,  0.000
  0.018,300.160,  0.000,  0.000
  0.018,300.121,  0.000,  0.000
  0.018,300.118,  0.000,  0.000
  0.018,300.146,  0.000,  0.000
  0.018,300.160,  0.000,  0.000
  0.018,300.159,  0.000,  0.000
  0.019,300.157,  0.000,  0.000
  0.019,300.148,  0.000,  0.000
  0.019,300.141,  0.000,  0.000
  0.019,300.158,  0.000,  0.000
  0.019,300.179,  0.000,  0.070
  0.019,300.154,  0.000,  0.070
  0.019,300.084,  0.000,  0.070
  0.019,300.052,  0.000,  0.200
  0.019,300.059,  0.000,  0.200
  0.018,300.271,  0.000,  0.000
  0.018,300.262,  0.000,  0.000
  0.018,300.250,  0.000,  0.000
  0.018,300.239,  0.000,  0.000
  0.018,300.238,  0.000,  0.000
  0.018,300.241,  0.000,  0.000
  0.018,300.232,  0.000,  0.000
  0.018,300.222,  0.000,  0.000
  0.018,300.226,  0.000,  0.000
  0.018,300.229,  0.000,  0.000
  0.018,300.202,  0.000,  0.000
  0.018,300.160,  0.000,  0.000
  0.019,300.143,  0.000,  0.000
  0.019,300.159,  0.000,  0.000
  0.019,300.181,  0.000,  0.000
  0.019,300.187,  0.000,  0.000
  0.019,300.170,  0.000,  0.000
  0.019,300.147,  0.000,  0.000
  0.019,300.149,  0.000,  0.000
  0.019,300.172,  0.000,  0.000
  0.019,300.176,  0.000,  0.070
  0.019,300.137,  0.000,  0.070
  0.019,300.084,  0.000,  0.070
  0.019,300.076,  0.000,  0.200
  0.019,300.104,  0.000,  0.200
  0.018,300.303,  0.000,  0.000
  0.018,300.298,  0.000,  0.000
  0.018,300.295,  0.000,  0.000
  0.018,300.287,  0.000,  0.000
  0.018,300.273,  0.000,  0.000
  0.018,300.259,  0.000,  0.000
  0.018,300.250,  0.000,  0.000
  0.018,300.246,  0.000,  0.000
  0.018,300.249,  0.000,  0.000
  0.018,300.252,  0.000,  0.000
  0.018,300.241,  0.000,  0.000
  0.018,300.214,  0.000,  0.000
  0.019,300.186,  0.000,  0.000
  0.019,300.177,  0.000,  0.000
  0.019,300.193,  0.000,  0.000
  0.019,300.207,  0.000,  0.000
  0.019,300.193,  0.000,  0.000
  0.019,300.169,  0.000,  0.000
  0.019,300.169,  0.000,  0.000
  0.019,300.180,  0.000,  0.000
  0.019,300.175,  0.000,  0.000
  0.019,300.150,  0.000,  0.000
  0.019,300.127,  0.000,  0.000
  0.019,300.124,  0.000,  0.040
  0.019,300.131,  0.000,  0.040
  0.018,300.330,  0.000,  0.000
  0.018,300.328,  0.000,  0.000
  0.018,300.327,  0.000,  0.000
  0.018,300.320,  0.000,  0.000
  0.018,300.305,  0.000,  0.000
  0.018,300.289,  0.000,  0.000
  0.018,300.279,  0.000,  0.000
  0.018,300.273,  0.000,  0.000
  0.018,300.266,  0.000,  0.000
  0.018,300.264,  0.000,  0.000
  0.018,300.266,  0.000,  0.000
  0.018,300.261,  0.000,  0.000
  0.019,300.238,  0.000,  0.000
  0.019,300.211,  0.000,  0.000
  0.019,300.206,  0.000,  0.000
  0.019,300.221,  0.000,  0.000
  0.019,300.224,  0.000,  0.000
  0.019,300.210,  0.000,  0.000
  0.019,300.201,  0.000,  0.000
  0.019,300.199,  0.000,  0.000
  0.019,300.190,  0.000,  0.000
  0.019,300.182,  0.000,  0.000
  0.019,300.181,  0.000,  0.000
  0.019,300.181,  0.000,  0.040
  0.019,300.164,  0.000,  0.040
  0.018,300.355,  0.000,  0.000
  0.018,300.353,  0.000,  0.000
  0.018,300.350,  0.000,  0.000
  0.018,300.344,  0.000,  0.000
  0.018,300.333,  0.000,  0.000
  0.018,300.322,  0.001,  0.000
  0.018,300.315,  0.000,  0.000
  0.018,300.307,  0.000,  0.000
  0.018,300.295,  0.000,  0.000
  0.019,300.284,  0.000,  0.000
  0.018,300.282,  0.000,  0.000
  0.019,300.285,  0.000,  0.000
  0.019,300.278,  0.000,  0.000
  0.019,300.256,  0.000,  0.000
  0.019,300.237,  0.000,  0.000
  0.019,300.237,  0.000,  0.000
  0.019,300.251,  0.000,  0.000
  0.019,300.254,  0.000,  0.000
  0.019,300.244,  0.000,  0.000
  0.019,300.229,  0.000,  0.000
  0.019,300.219,  0.000,  0.000
  0.019,300.217,  0.000,  0.000
  0.019,300.222,  0.000,  0.000
  0.019,300.228,  0.000,  0.040
  0.019,300.212,  0.000,  0.040
  0.018,300.380,  0.000,  0.000
  0.018,300.376,  0.000,  0.000
  0.018,300.373,  0.000,  0.000
  0.018,300.368,  0.000,  0.000
  0.018,300.359,  0.000,  0.000
  0.018,300.351,  0.006,  0.000
  0.018,300.346,  0.004,  0.000
  0.018,300.341,  0.000,  0.000
  0.019,300.333,  0.000,  0.000
  0.019,300.319,  0.000,  0.000
  0.019,300.307,  0.000,  0.000
  0.019,300.302,  0.000,  0.000
  0.019,300.300,  0.000,  0.000
  0.019,300.296,  0.000,  0.000
  0.019,300.282,  0.000,  0.000
  0.019,300.268,  0.000,  0.000
  0.019,300.272,  0.000,  0.000
  0.019,300.286,  0.000,  0.000
  0.019,300.286,  0.000,  0.000
  0.019,300.270,  0.000,  0.000
  0.019,300.259,  0.000,  0.000
  0.019,300.253,  0.000,  0.000
  0.019,300.252,  0.000,  0.000
  0.019,300.257,  0.000,  0.040
  0.019,300.253,  0.000,  0.040
  0.018,300.405,  0.000,  0.000
  0.018,300.399,  0.000,  0.000
  0.018,300.396,  0.000,  0.000
  0.018,300.393,  0.000,  0.000
  0.018,300.387,  0.000,  0.000
  0.019,300.377,  0.009,  0.000
  0.019,300.368,  0.013,  0.000
  0.018,300.367,  0.000,  0.000
  0.019,300.366,  0.000,  0.000
  0.019,300.360,  0.000,  0.000
  0.019,300.348,  0.000,  0.000
  0.019,300.329,  0.000,  0.000
  0.019,300.315,  0.000,  0.000
  0.019,300.318,  0.000,  0.000
  0.019,300.325,  0.000,  0.000
  0.019,300.312,  0.000,  0.000
  0.019,300.298,  0.000,  0.000
  0.019,300.302,  0.000,  0.000
  0.019,300.313,  0.000,  0.000
  0.019,300.310,  0.000,  0.000
  0.019,300.298,  0.000,  0.000
  0.019,300.291,  0.000,  0.000
  0.019,300.286,  0.000,  0.000
  0.019,300.283,  0.000,  0.000
  0.019,300.283,  0.000,  0.000
  0.018,300.429,  0.000,  0.000
  0.018,300.421,  0.000,  0.000
  0.018,300.417,  0.000,  0.000
  0.018,300.416,  0.000,  0.000
  0.019,300.413,  0.000,  0.000
  0.019,300.401,  0.004,  0.000
  0.019,300.387,  0.011,  0.000
  0.019,300.382,  0.000,  0.000
  0.019,300.389,  0.000,  0.000
  0.019,300.399,  0.000,  0.000
  0.019,300.395,  0.000,  0.000
  0.019,300.367,  0.000,  0.000
  0.019,300.333,  0.000,  0.000
  0.019,300.329,  0.000,  0.000
  0.019,300.351,  0.000,  0.000
  0.019,300.357,  0.000,  0.000
  0.019,300.338,  0.000,  0.000
  0.019,300.323,  0.000,  0.000
  0.019,300.330,  0.000,  0.000
  0.019,300.342,  0.000,  0.000
  0.019,300.339,  0.000,  0.000
  0.019,300.333,  0.000,  0.000
  0.019,300.327,  0.000,  0.000
  0.019,300.319,  0.000,  0.000
  0.019,300.312,  0.000,  0.000
  0.018,300.452,  0.000,  0.000
  0.018,300.443,  0.000,  0.000
  0.018,300.437,  0.000,  0.000
  0.019,300.434,  0.000,  0.000
  0.019,300.433,  0.000,  0.000
  0.019,300.423,  0.001,  0.000
  0.019,300.407,  0.002,  0.000
  0.019,300.399,  0.000,  0.000
  0.019,300.406,  0.000,  0.000
  0.019,300.424,  0.000,  0.000
  0.019,300.427,  0.000,  0.000
  0.019,300.402,  0.000,  0.000
  0.019,300.364,  0.000,  0.000
  0.019,300.346,  0.000,  0.000
  0.019,300.361,  0.000,  0.000
  0.019,300.381,  0.000,  0.000
  0.019,300.377,  0.000,  0.000
  0.019,300.358,  0.000,  0.000
  0.019,300.350,  0.000,  0.000
  0.019,300.363,  0.000,  0.000
  0.019,300.371,  0.000,  0.000
  0.019,300.365,  0.000,  0.000
  0.019,300.358,  0.000,  0.000
  0.019,300.351,  0.000,  0.000
  0.019,300.341,  0.000,  0.000
  0.018,300.474,  0.000,  0.000
  0.018,300.466,  0.000,  0.000
  0.019,300.456,  0.000,  0.000
  0.019,300.450,  0.000,  0.000
  0.019,300.446,  0.000,  0.000
  0.019,300.442,  0.000,  0.000
  0.019,300.434,  0.000,  0.000
  0.019,300.425,  0.000,  0.000
  0.019,300.424,  0.000,  0.000
  0.019,300.432,  0.000,  0.000
  0.019,300.440,  0.000,  0.000
  0.019,300.432,  0.000,  0.000
  0.019,300.408,  0.000,  0.000
  0.019,300.383,  0.000,  0.000
  0.019,300.373,  0.000,  0.000
  0.019,300.388,  0.000,  0.000
  0.019,300.403,  0.000,  0.000
  0.019,300.397,  0.000,  0.000
  0.019,300.386,  0.000,  0.000
  0.019,300.386,  0.000,  0.000
  0.019,300.388,  0.000,  0.000
  0.019,300.381,  0.000,  0.000
  0.019,300.375,  0.000,  0.000
  0.019,300.369,  0.000,  0.000
  0.019,300.361,  0.000,  0.000
  0.018,300.494,  0.000,  0.000
  0.018,300.487,  0.000,  0.000
  0.019,300.476,  0.000,  0.000
  0.019,300.465,  0.000,  0.000
  0.019,300.459,  0.000,  0.000
  0.019,300.459,  0.000,  0.000
  0.019,300.460,  0.000,  0.000
  0.019,300.454,  0.000,  0.000
  0.019,300.442,  0.000,  0.000
  0.019,300.435,  0.000,  0.000
  0.019,300.442,  0.000,  0.000
  0.019,300.455,  0.000,  0.000
  0.019,300.453,  0.000,  0.000
  0.019,300.429,  0.000,  0.000
  0.019,300.403,  0.000,  0.000
  0.019,300.399,  0.000,  0.000
  0.019,300.413,  0.000,  0.000
  0.019,300.422,  0.000,  0.000
  0.019,300.420,  0.000,  0.000
  0.019,300.410,  0.000,  0.000
  0.019,300.399,  0.000,  0.000
  0.019,300.395,  0.000,  0.000
  0.019,300.393,  0.000,  0.000
  0.019,300.390,  0.000,  0.000
  0.019,300.386,  0.000,  0.000
  0.018,300.512,  0.000,  0.000
  0.018,300.505,  0.000,  0.000
  0.019,300.494,  0.000,  0.000
  0.019,300.482,  0.000,  0.000
  0.019,300.474,  0.000,  0.000
  0.019,300.474,  0.000,  0.000
  0.019,300.479,  0.000,  0.000
  0.019,300.478,  0.001,  0.000
  0.019,300.464,  0.000,  0.000
  0.019,300.449,  0.000,  0.000
  0.019,300.452,  0.000,  0.000
  0.019,300.468,  0.000,  0.000
  0.019,300.479,  0.000,  0.000
  0.019,300.468,  0.000,  0.000
  0.019,300.443,  0.000,  0.000
  0.019,300.427,  0.000,  0.000
  0.019,300.427,  0.000,  0.000
  0.019,300.436,  0.000,  0.000
  0.019,300.442,  0.000,  0.000
  0.019,300.434,  0.000,  0.000
  0.019,300.423,  0.000,  0.000
  0.019,300.420,  0.000,  0.000
  0.019,300.421,  0.000,  0.000
  0.019,300.420,  0.000,  0.000
  0.019,300.415,  0.000,  0.000
