  0.020,302.343,  0.002,  0.000
  0.020,302.329,  0.000,  0.000
  0.020,302.319,  0.000,  0.000
  0.020,302.315,  0.000,  0.000
  0.020,302.315,  0.000,  0.000
  0.020,302.309,  0.000,  0.000
  0.020,302.293,  0.000,  0.170
  0.020,302.281,  0.000,  0.170
  0.020,302.278,  0.000,  0.170
  0.020,302.267,  0.000,  0.000
  0.020,302.252,  0.000,  0.000
  0.020,302.248,  0.000,  0.000
  0.020,302.253,  0.000,  0.000
  0.020,302.255,  0.000,  0.000
  0.020,302.250,  0.000,  0.000
  0.020,302.259,  0.000,  0.000
  0.020,302.272,  0.000,  0.000
  0.020,302.271,  0.000,  0.000
  0.020,302.261,  0.000,  0.000
  0.020,302.252,  0.000,  0.000
  0.021,302.253,  0.000,  0.000
  0.021,302.260,  0.000,  0.000
  0.020,302.262,  0.004,  0.000
  0.020,302.275,  0.002,  0.000
  0.021,302.268,  0.000,  0.000
  0.020,302.333,  0.000,  1.590
  0.020,302.332,  0.000,  1.590
  0.020,302.321,  0.000,  0.000
  0.020,302.322,  0.000,  0.000
  0.020,302.321,  0.000,  0.000
  0.020,302.313,  0.000,  0.000
  0.020,302.296,  0.000,  0.360
  0.020,302.283,  0.000,  0.360
  0.020,302.279,  0.000,  0.360
  0.020,302.266,  0.000,  0.040
  0.020,302.250,  0.001,  0.040
  0.020,302.249,  0.000,  0.040
  0.020,302.255,  0.000,  0.040
  0.020,302.248,  0.000,  0.040
  0.020,302.249,  0.000,  0.040
  0.020,302.262,  0.000,  0.040
  0.020,302.277,  0.000,  0.040
  0.020,302.282,  0.000,  0.040
  0.020,302.270,  0.000,  0.040
  0.021,302.258,  0.000,  0.040
  0.021,302.256,  0.000,  0.090
  0.021,302.261,  0.000,  0.090
  0.020,302.261,  0.073,  0.090
  0.021,302.274,  0.095,  0.000
  0.021,302.276,  0.001,  0.000
  0.020,302.342,  0.000,  1.590
  0.020,302.336,  0.000,  1.590
  0.020,302.319,  0.000,  0.000
  0.020,302.315,  0.000,  0.000
  0.020,302.316,  0.000,  0.000
  0.020,302.307,  0.000,  0.000
  0.020,302.293,  0.000,  0.360
  0.020,302.290,  0.000,  0.360
  0.020,302.285,  0.001,  0.360
  0.020,302.265,  0.015,  0.040
  0.020,302.250,  0.041,  0.040
  0.020,302.254,  0.012,  0.040
  0.020,302.253,  0.000,  0.040
  0.020,302.243,  0.000,  0.040
  0.020,302.251,  0.000,  0.040
  0.020,302.263,  0.000,  0.040
  0.020,302.273,  0.000,  0.040
  0.020,302.279,  0.000,  0.040
  0.020,302.271,  0.000,  0.040
  0.020,302.263,  0.001,  0.040
  0.021,302.263,  0.001,  0.090
  0.020,302.267,  0.207,  0.090
  0.020,302.266,  1.262,  0.090
  0.021,302.277,  0.930,  0.000
  0.021,302.277,  0.041,  0.000
  0.020,302.339,  0.000,  1.590
  0.020,302.328,  0.000,  1.590
  0.020,302.312,  0.000,  0.000
  0.020,302.312,  0.000,  0.000
  0.020,302.315,  0.000,  0.000
  0.020,302.302,  0.000,  0.000
  0.020,302.294,  0.000,  0.360
  0.020,302.297,  0.000,  0.360
  0.020,302.284,  0.008,  0.360
  0.020,302.261,  0.109,  0.040
  0.020,302.255,  0.387,  0.040
  0.020,302.253,  0.252,  0.040
  0.020,302.247,  0.010,  0.040
  0.020,302.248,  0.001,  0.040
  0.020,302.256,  0.000,  0.040
  0.020,302.261,  0.000,  0.040
  0.020,302.268,  0.000,  0.040
  0.020,302.272,  0.000,  0.040
  0.020,302.265,  0.000,  0.040
  0.020,302.264,  0.000,  0.040
  0.020,302.271,  0.000,  0.090
  0.020,302.275,  0.000,  0.090
  0.020,302.272,  0.016,  0.090
  0.020,302.279,  0.075,  0.000
  0.021,302.273,  0.164,  0.000
  0.020,302.347,  0.000,  1.590
  0.020,302.324,  0.000,  1.590
  0.020,302.315,  0.001,  0.000
  0.020,302.310,  0.008,  0.000
  0.020,302.310,  0.020,  0.000
  0.020,302.298,  0.035,  0.000
  0.020,302.293,  0.008,  0.360
  0.020,302.282,  0.000,  0.360
  0.020,302.273,  0.001,  0.360
  0.020,302.263,  0.005,  0.040
  0.020,302.253,  0.012,  0.040
  0.020,302.250,  0.011,  0.040
  0.020,302.250,  0.000,  0.040
  0.020,302.258,  0.000,  0.040
  0.020,302.258,  0.000,  0.040
  0.020,302.264,  0.000,  0.040
  0.020,302.275,  0.000,  0.040
  0.020,302.270,  0.000,  0.040
  0.020,302.261,  0.000,  0.040
  0.020,302.263,  0.000,  0.040
  0.020,302.271,  0.000,  0.090
  0.020,302.280,  0.001,  0.090
  0.020,302.278,  0.043,  0.090
  0.020,302.281,  0.212,  0.000
  0.020,302.269,  0.025,  0.000
  0.021,302.319,  0.000,  0.000
  0.020,302.311,  0.000,  0.000
  0.020,302.307,  0.005,  0.000
  0.020,302.302,  0.035,  0.000
  0.020,302.300,  0.200,  0.000
  0.020,302.296,  0.555,  0.000
  0.020,302.272,  0.124,  0.000
  0.020,302.244,  0.003,  0.000
  0.020,302.248,  0.001,  0.000
  0.020,302.253,  0.000,  0.000
  0.020,302.250,  0.000,  0.000
  0.020,302.255,  0.000,  0.000
  0.020,302.268,  0.000,  0.000
  0.020,302.266,  0.000,  0.040
  0.020,302.260,  0.000,  0.040
  0.020,302.275,  0.000,  0.040
  0.020,302.287,  0.000,  0.000
  0.020,302.274,  0.000,  0.000
  0.020,302.261,  0.000,  0.000
  0.020,302.262,  0.000,  0.000
  0.020,302.266,  0.000,  5.740
  0.020,302.278,  0.000,  5.740
  0.020,302.280,  0.002,  5.740
  0.020,302.279,  0.014,  0.000
  0.020,302.264,  0.001,  0.000
  0.020,302.310,  0.000,  0.000
  0.020,302.306,  0.000,  0.000
  0.020,302.302,  0.000,  0.000
  0.020,302.300,  0.007,  0.000
  0.020,302.303,  0.028,  0.000
  0.020,302.291,  0.037,  0.000
  0.020,302.263,  0.004,  0.000
  0.020,302.248,  0.000,  0.000
  0.020,302.250,  0.000,  0.000
  0.020,302.251,  0.000,  0.000
  0.020,302.252,  0.008,  0.000
  0.020,302.274,  0.101,  0.000
  0.020,302.284,  0.055,  0.000
  0.020,302.266,  0.001,  0.040
  0.020,302.259,  0.000,  0.040
  0.020,302.277,  0.000,  0.040
  0.020,302.290,  0.000,  0.000
  0.020,302.281,  0.000,  0.000
  0.020,302.267, -0.000,  0.000
  0.020,302.264,  0.000,  0.000
  0.020,302.258,  0.000,  5.740
  0.020,302.270,  0.000,  5.740
  0.020,302.279,  0.000,  5.740
  0.020,302.273,  0.001,  0.000
  0.020,302.254,  0.000,  0.000
  0.020,302.352,  0.000,  0.000
  0.020,302.317,  0.000,  0.000
  0.020,302.282,  0.000,  0.000
  0.020,302.274,  0.000,  0.000
  0.020,302.279,  0.001,  0.000
  0.020,302.280,  0.004,  0.000
  0.020,302.274,  0.001,  0.000
  0.020,302.261,  0.001,  0.000
  0.020,302.255,  0.000,  0.000
  0.020,302.253,  0.000,  0.000
  0.020,302.260,  0.196,  0.000
  0.020,302.282,  1.318,  0.000
  0.020,302.280,  0.464,  0.000
  0.020,302.258,  0.008,  0.040
  0.020,302.252,  0.002,  0.040
  0.020,302.260,  0.000,  0.040
  0.020,302.275,  0.000,  0.000
  0.020,302.281,  0.000,  0.000
  0.020,302.274,  0.000,  0.000
  0.020,302.261,  0.000,  0.000
  0.020,302.250,  0.000,  5.740
  0.020,302.268,  0.000,  5.740
  0.020,302.279,  0.000,  5.740
  0.020,302.261,  0.000,  0.000
  0.020,302.244,  0.000,  0.000
  0.020,302.336,  0.000,  0.000
  0.020,302.320,  0.000,  0.000
  0.020,302.300,  0.000,  0.000
  0.020,302.285,  0.000,  0.000
  0.020,302.281,  0.000,  0.000
  0.020,302.271,  0.000,  0.000
  0.020,302.260,  0.000,  0.000
  0.020,302.256,  0.000,  0.000
  0.020,302.259,  0.000,  0.000
  0.020,302.258,  0.000,  0.000
  0.020,302.263,  0.000,  0.000
  0.020,302.270,  0.003,  0.000
  0.020,302.263,  0.025,  0.000
  0.020,302.251,  0.000,  0.040
  0.020,302.244,  0.000,  0.040
  0.020,302.243,  0.000,  0.040
  0.020,302.256,  0.000,  0.000
  0.020,302.272,  0.000,  0.000
  0.020,302.267,  0.000,  0.000
  0.020,302.248,  0.000,  0.000
  0.020,302.246,  0.000,  5.740
  0.020,302.271,  0.000,  5.740
  0.020,302.275,  0.000,  5.740
  0.020,302.250,  0.000,  0.000
  0.020,302.241,  0.000,  0.000
  0.020,302.342,  0.000,  0.000
  0.020,302.310,  0.000,  0.000
  0.020,302.288,  0.000,  0.000
  0.020,302.307,  0.000,  0.000
  0.020,302.309,  0.000,  0.000
  0.020,302.295,  0.000,  0.000
  0.020,302.268,  0.000,  0.000
  0.020,302.260,  0.000,  0.000
  0.020,302.265,  0.000,  0.000
  0.020,302.262,  0.001,  0.000
  0.020,302.257,  0.001,  0.000
  0.020,302.262,  0.004,  0.000
  0.020,302.259,  0.002,  0.000
  0.020,302.246,  0.000,  0.000
  0.020,302.237,  0.000,  0.000
  0.020,302.234,  0.000,  0.000
  0.020,302.248,  0.000,  0.000
  0.020,302.259,  0.000,  0.000
  0.020,302.248,  0.000,  0.000
  0.020,302.233,  0.000,  0.000
  0.020,302.244,  0.000,  0.000
  0.020,302.269,  0.000,  0.000
  0.020,302.268,  0.000,  0.000
  0.020,302.243,  0.000,  0.000
  0.020,302.244,  0.000,  0.000
  0.020,302.300,  0.000,  0.000
  0.020,302.286,  0.000,  0.000
  0.020,302.283,  0.000,  0.000
  0.020,302.290,  0.000,  0.000
  0.020,302.298,  0.000,  0.000
  0.020,302.280,  0.000,  0.000
  0.020,302.272,  0.000,  0.000
  0.020,302.273,  0.000,  0.000
  0.020,302.272,  0.000,  0.000
  0.020,302.255,  0.000,  0.000
  0.020,302.248,  0.000,  0.000
  0.020,302.257,  0.000,  0.000
  0.020,302.255,  0.000,  0.000
  0.020,302.236,  0.000,  0.000
  0.020,302.223,  0.000,  0.000
  0.020,302.227,  0.000,  0.000
  0.020,302.243,  0.000,  0.000
  0.020,302.246,  0.000,  0.000
  0.020,302.234,  0.000,  0.000
  0.020,302.230,  0.000,  0.000
  0.020,302.247,  0.000,  0.000
  0.020,302.267,  0.000,  0.000
  0.020,302.263,  0.000,  0.000
  0.020,302.239,  0.000,  0.000
  0.020,302.251,  0.000,  0.000
  0.020,302.286,  0.000,  0.000
  0.020,302.284,  0.000,  0.000
  0.020,302.280,  0.000,  0.000
  0.020,302.275,  0.000,  0.000
  0.020,302.275,  0.000,  0.000
  0.020,302.277,  0.000,  0.000
  0.020,302.279,  0.000,  0.000
  0.020,302.278,  0.000,  0.000
  0.020,302.258,  0.000,  0.000
  0.020,302.230,  0.000,  0.000
  0.020,302.236,  0.000,  0.000
  0.020,302.244,  0.000,  0.000
  0.020,302.232,  0.000,  0.000
  0.020,302.214,  0.000,  0.000
  0.020,302.212,  0.000,  0.000
  0.020,302.227,  0.000,  0.000
  0.020,302.234,  0.000,  0.000
  0.020,302.229,  0.000,  0.000
  0.020,302.223,  0.000,  0.000
  0.020,302.229,  0.000,  0.000
  0.020,302.250,  0.000,  0.000
  0.020,302.269,  0.000,  0.000
  0.020,302.257,  0.000,  0.000
  0.020,302.236,  0.000,  0.000
  0.020,302.257,  0.000,  0.000
  0.020,302.267,  0.000,  0.000
  0.020,302.270,  0.000,  0.000
  0.020,302.268,  0.000,  0.000
  0.020,302.263,  0.000,  0.000
  0.020,302.257,  0.000,  0.000
  0.020,302.268,  0.000,  0.000
  0.020,302.272,  0.000,  0.000
  0.020,302.254,  0.000,  0.000
  0.020,302.231,  0.000,  0.000
  0.020,302.226,  0.000,  0.000
  0.020,302.223,  0.000,  0.000
  0.020,302.224,  0.000,  0.000
  0.020,302.204,  0.000,  0.000
  0.020,302.199,  0.000,  0.000
  0.020,302.220,  0.000,  0.000
  0.020,302.229,  0.000,  0.000
  0.020,302.220,  0.000,  0.000
  0.020,302.214,  0.000,  0.000
  0.020,302.215,  0.000,  0.000
  0.020,302.229,  0.000,  0.000
  0.020,302.255,  0.000,  0.000
  0.020,302.268,  0.000,  0.000
  0.020,302.246,  0.000,  0.000
  0.020,302.233,  0.000,  0.000
  0.020,302.255,  0.000,  0.000
  0.020,302.265,  0.000,  0.000
  0.020,302.264,  0.000,  0.000
  0.020,302.269,  0.000,  0.000
  0.020,302.268,  0.000,  0.000
  0.020,302.276,  0.000,  0.000
  0.020,302.267,  0.000,  0.000
  0.020,302.243,  0.000,  0.000
  0.020,302.226,  0.000,  0.000
  0.020,302.216,  0.000,  0.000
  0.020,302.212,  0.000,  0.000
  0.020,302.209,  0.000,  0.000
  0.020,302.191,  0.000,  0.000
  0.020,302.180,  0.000,  0.000
  0.020,302.204,  0.000,  0.000
  0.020,302.228,  0.000,  0.000
  0.020,302.213,  0.000,  0.000
  0.020,302.201,  0.000,  0.000
  0.020,302.201,  0.000,  0.000
  0.020,302.202,  0.000,  0.000
  0.020,302.224,  0.000,  0.000
  0.020,302.250,  0.000,  0.000
  0.020,302.248,  0.000,  0.000
  0.020,302.222,  0.000,  0.000
  0.020,302.232,  0.000,  0.000
  0.020,302.250,  0.000,  0.000
  0.020,302.241,  0.000,  0.000
  0.020,302.237,  0.000,  0.000
  0.020,302.234,  0.000,  0.000
  0.020,302.257,  0.000,  0.000
  0.020,302.272,  0.000,  0.000
  0.020,302.251,  0.000,  0.000
  0.020,302.232,  0.000,  0.000
  0.020,302.219,  0.000,  0.000
  0.020,302.214,  0.000,  0.000
  0.020,302.200,  0.000,  0.000
  0.020,302.185,  0.000,  0.000
  0.020,302.162,  0.000,  0.000
  0.020,302.169,  0.000,  0.000
  0.020,302.203,  0.000,  0.000
  0.020,302.206,  0.000,  0.000
  0.020,302.187,  0.000,  0.000
  0.020,302.187,  0.000,  0.000
  0.020,302.184,  0.000,  0.000
  0.020,302.189,  0.000,  0.000
  0.020,302.214,  0.000,  0.000
  0.020,302.232,  0.000,  0.000
  0.020,302.210,  0.000,  0.000
  0.020,302.198,  0.000,  0.000
  0.020,302.234,  0.000,  0.000
  0.020,302.244,  0.000,  0.000
