  0.016,298.670,  0.000,  0.000
  0.016,298.677,  0.000,  0.000
  0.016,298.683,  0.000,  0.000
  0.015,298.687,  0.000,  0.000
  0.015,298.692,  0.000,  0.000
  0.015,298.699,  0.000,  0.000
  0.015,298.707,  0.000,  0.000
  0.016,298.736,  0.000,  0.000
  0.016,298.805,  0.000,  0.000
  0.016,298.904,  0.000,  0.000
  0.016,298.790,  0.000,  0.000
  0.016,298.808,  0.000,  0.000
  0.016,298.965,  0.000,  0.000
  0.016,298.976,  0.000,  0.000
  0.016,298.987,  0.000,  0.000
  0.016,298.901,  0.000,  0.000
  0.016,299.011,  0.000,  0.000
  0.016,299.024,  0.000,  0.000
  0.016,298.943,  0.000,  0.000
  0.017,299.123,  0.000,  0.000
  0.017,299.121,  0.000,  0.000
  0.017,299.132,  0.000,  0.000
  0.017,299.144,  0.000,  0.000
  0.017,299.180,  0.000,  0.000
  0.017,299.191,  0.000,  0.000
  0.016,298.677,  0.000,  0.000
  0.016,298.673,  0.000,  0.000
  0.016,298.677,  0.000,  0.000
  0.016,298.683,  0.000,  0.000
  0.016,298.689,  0.000,  0.000
  0.016,298.694,  0.000,  0.000
  0.016,298.702,  0.000,  0.000
  0.016,298.710,  0.000,  0.000
  0.016,298.718,  0.000,  0.000
  0.016,298.732,  0.000,  0.000
  0.016,298.757,  0.000,  0.000
  0.016,298.791,  0.000,  0.000
  0.016,298.802,  0.000,  0.000
  0.016,298.814,  0.000,  0.000
  0.016,298.832,  0.000,  0.000
  0.016,298.987,  0.000,  0.000
  0.016,298.902,  0.000,  0.000
  0.016,298.915,  0.000,  0.000
  0.016,299.025,  0.000,  0.000
  0.016,299.037,  0.000,  0.000
  0.016,299.050,  0.000,  0.000
  0.016,298.970,  0.000,  0.000
  0.017,299.143,  0.000,  0.000
  0.017,299.184,  0.000,  0.000
  0.017,299.180,  0.000,  0.000
  0.016,298.689,  0.000,  0.000
  0.016,298.684,  0.000,  0.000
  0.016,298.677,  0.000,  0.000
  0.016,298.677,  0.000,  0.000
  0.016,298.683,  0.000,  0.000
  0.016,298.690,  0.000,  0.000
  0.016,298.695,  0.000,  0.000
  0.016,298.703,  0.000,  0.000
  0.016,298.711,  0.000,  0.000
  0.016,298.719,  0.000,  0.000
  0.016,298.728,  0.000,  0.000
  0.016,298.738,  0.000,  0.000
  0.016,298.768,  0.000,  0.000
  0.016,298.799,  0.000,  0.000
  0.016,298.850,  0.000,  0.000
  0.016,298.861,  0.000,  0.000
  0.016,298.838,  0.000,  0.000
  0.016,298.857,  0.000,  0.000
  0.016,299.012,  0.000,  0.000
  0.016,299.025,  0.000,  0.000
  0.016,298.940,  0.000,  0.000
  0.016,299.049,  0.000,  0.000
  0.016,299.063,  0.000,  0.000
  0.016,299.095,  0.000,  0.000
  0.016,299.012,  0.000,  0.000
  0.016,298.687,  0.000,  0.000
  0.016,298.691,  0.000,  0.000
  0.016,298.690,  0.000,  0.000
  0.016,298.683,  0.000,  0.000
  0.016,298.679,  0.000,  0.000
  0.016,298.682,  0.000,  0.000
  0.016,298.691,  0.000,  0.000
  0.016,298.698,  0.000,  0.000
  0.016,298.703,  0.000,  0.000
  0.016,298.712,  0.000,  0.000
  0.016,298.721,  0.000,  0.000
  0.016,298.730,  0.000,  0.000
  0.016,298.739,  0.000,  0.000
  0.016,298.749,  0.000,  0.000
  0.016,298.759,  0.000,  0.000
  0.016,298.790,  0.000,  0.000
  0.016,298.938,  0.000,  0.000
  0.016,298.837,  0.000,  0.000
  0.016,298.886,  0.000,  0.000
  0.016,298.985,  0.000,  0.000
  0.016,298.912,  0.000,  0.000
  0.016,299.037,  0.000,  0.000
  0.016,298.953,  0.000,  0.000
  0.016,298.980,  0.000,  0.000
  0.016,298.993,  0.000,  0.000
  0.016,298.678,  0.000,  0.000
  0.016,298.686,  0.000,  0.000
  0.016,298.692,  0.000,  0.000
  0.016,298.695,  0.000,  0.000
  0.016,298.692,  0.000,  0.000
  0.016,298.685,  0.000,  0.000
  0.016,298.682,  0.000,  0.000
  0.016,298.689,  0.000,  0.000
  0.016,298.699,  0.000,  0.000
  0.016,298.706,  0.000,  0.000
  0.016,298.712,  0.000,  0.000
  0.016,298.721,  0.000,  0.000
  0.016,298.731,  0.000,  0.000
  0.016,298.740,  0.000,  0.000
  0.016,298.750,  0.000,  0.000
  0.016,298.760,  0.000,  0.000
  0.016,298.771,  0.000,  0.000
  0.016,298.782,  0.000,  0.000
  0.016,298.814,  0.000,  0.000
  0.016,298.962,  0.000,  0.000
  0.016,298.862,  0.000,  0.000
  0.016,298.997,  0.000,  0.000
  0.016,299.010,  0.000,  0.000
  0.016,298.914,  0.000,  0.000
  0.016,299.051,  0.000,  0.000
  0.016,298.670,  0.000,  0.000
  0.016,298.677,  0.000,  0.000
  0.016,298.684,  0.000,  0.000
  0.016,298.691,  0.000,  0.000
  0.016,298.696,  0.000,  0.000
  0.016,298.699,  0.000,  0.000
  0.016,298.697,  0.000,  0.000
  0.016,298.693,  0.000,  0.000
  0.016,298.691,  0.000,  0.000
  0.016,298.698,  0.000,  0.000
  0.016,298.709,  0.000,  0.000
  0.016,298.716,  0.000,  0.000
  0.016,298.722,  0.000,  0.000
  0.016,298.731,  0.000,  0.000
  0.016,298.741,  0.000,  0.000
  0.016,298.751,  0.000,  0.000
  0.016,298.762,  0.000,  0.000
  0.016,298.772,  0.000,  0.000
  0.016,298.783,  0.000,  0.000
  0.016,298.795,  0.000,  0.000
  0.016,298.807,  0.000,  0.000
  0.016,298.857,  0.000,  0.000
  0.016,298.902,  0.000,  0.000
  0.016,298.894,  0.000,  0.000
  0.016,298.910,  0.000,  0.000
  0.016,298.664,  0.000,  0.000
  0.016,298.669,  0.000,  0.000
  0.016,298.676,  0.000,  0.000
  0.016,298.682,  0.000,  0.000
  0.016,298.690,  0.000,  0.000
  0.016,298.697,  0.000,  0.000
  0.016,298.703,  0.000,  0.000
  0.016,298.706,  0.000,  0.000
  0.016,298.706,  0.000,  0.000
  0.016,298.702,  0.000,  0.000
  0.016,298.699,  0.000,  0.000
  0.016,298.704,  0.000,  0.000
  0.016,298.716,  0.000,  0.000
  0.016,298.728,  0.000,  0.000
  0.016,298.735,  0.000,  0.000
  0.016,298.742,  0.000,  0.000
  0.016,298.752,  0.000,  0.000
  0.016,298.763,  0.000,  0.000
  0.016,298.774,  0.000,  0.000
  0.016,298.785,  0.000,  0.000
  0.016,298.796,  0.000,  0.000
  0.016,298.808,  0.000,  0.000
  0.016,298.821,  0.000,  0.000
  0.016,298.840,  0.000,  0.000
  0.016,298.852,  0.000,  0.000
  0.016,298.657,  0.000,  0.000
  0.016,298.664,  0.000,  0.000
  0.016,298.670,  0.000,  0.000
  0.016,298.676,  0.000,  0.000
  0.016,298.681,  0.000,  0.000
  0.016,298.688,  0.000,  0.000
  0.016,298.696,  0.000,  0.000
  0.016,298.704,  0.000,  0.000
  0.016,298.711,  0.000,  0.000
  0.016,298.715,  0.000,  0.000
  0.016,298.717,  0.000,  0.000
  0.016,298.717,  0.000,  0.000
  0.016,298.714,  0.000,  0.000
  0.016,298.715,  0.000,  0.000
  0.016,298.723,  0.000,  0.000
  0.016,298.737,  0.000,  0.000
  0.016,298.747,  0.000,  0.000
  0.016,298.756,  0.000,  0.000
  0.016,298.765,  0.000,  0.000
  0.016,298.775,  0.000,  0.000
  0.016,298.787,  0.000,  0.000
  0.016,298.799,  0.000,  0.000
  0.016,298.811,  0.000,  0.000
  0.016,298.827,  0.000,  0.000
  0.016,298.839,  0.000,  0.000
  0.016,298.662,  0.000,  0.000
  0.016,298.659,  0.000,  0.000
  0.016,298.660,  0.000,  0.000
  0.016,298.668,  0.000,  0.000
  0.016,298.676,  0.000,  0.000
  0.016,298.682,  0.000,  0.000
  0.016,298.689,  0.000,  0.000
  0.016,298.697,  0.000,  0.000
  0.016,298.705,  0.000,  0.000
  0.016,298.714,  0.000,  0.000
  0.016,298.722,  0.000,  0.000
  0.016,298.728,  0.000,  0.000
  0.016,298.731,  0.000,  0.000
  0.016,298.732,  0.000,  0.000
  0.016,298.733,  0.000,  0.000
  0.016,298.734,  0.000,  0.000
  0.016,298.738,  0.000,  0.000
  0.016,298.748,  0.000,  0.000
  0.016,298.761,  0.000,  0.000
  0.016,298.771,  0.000,  0.000
  0.016,298.779,  0.000,  0.000
  0.016,298.790,  0.000,  0.000
  0.016,298.802,  0.000,  0.000
  0.016,298.817,  0.000,  0.000
  0.016,298.828,  0.000,  0.000
  0.016,298.676,  0.000,  0.000
  0.016,298.674,  0.000,  0.000
  0.016,298.670,  0.000,  0.000
  0.016,298.669,  0.000,  0.000
  0.016,298.670,  0.000,  0.000
  0.016,298.676,  0.000,  0.000
  0.016,298.685,  0.000,  0.000
  0.016,298.692,  0.000,  0.000
  0.016,298.699,  0.000,  0.000
  0.016,298.708,  0.000,  0.000
  0.016,298.716,  0.000,  0.000
  0.016,298.725,  0.000,  0.000
  0.016,298.734,  0.000,  0.000
  0.016,298.743,  0.000,  0.000
  0.016,298.749,  0.000,  0.000
  0.016,298.752,  0.000,  0.000
  0.016,298.751,  0.000,  0.000
  0.016,298.751,  0.000,  0.000
  0.016,298.754,  0.000,  0.000
  0.016,298.763,  0.000,  0.000
  0.016,298.776,  0.000,  0.000
  0.016,298.787,  0.000,  0.000
  0.016,298.796,  0.000,  0.000
  0.016,298.808,  0.000,  0.000
  0.016,298.820,  0.000,  0.000
  0.016,298.683,  0.000,  0.000
  0.016,298.685,  0.000,  0.000
  0.016,298.686,  0.000,  0.000
  0.016,298.684,  0.000,  0.000
  0.016,298.680,  0.000,  0.000
  0.016,298.678,  0.000,  0.000
  0.016,298.680,  0.000,  0.000
  0.016,298.687,  0.000,  0.000
  0.016,298.696,  0.000,  0.000
  0.016,298.704,  0.000,  0.000
  0.016,298.710,  0.000,  0.000
  0.016,298.719,  0.000,  0.000
  0.016,298.728,  0.000,  0.000
  0.016,298.738,  0.000,  0.000
  0.016,298.748,  0.000,  0.000
  0.016,298.758,  0.000,  0.000
  0.016,298.766,  0.000,  0.000
  0.016,298.771,  0.000,  0.000
  0.016,298.772,  0.000,  0.000
  0.016,298.772,  0.000,  0.000
  0.016,298.774,  0.000,  0.000
  0.016,298.781,  0.000,  0.000
  0.016,298.793,  0.000,  0.000
  0.016,298.804,  0.000,  0.000
  0.016,298.814,  0.000,  0.000
  0.016,298.692,  0.000,  0.000
  0.016,298.692,  0.000,  0.000
  0.016,298.693,  0.000,  0.000
  0.016,298.695,  0.000,  0.000
  0.016,298.696,  0.000,  0.000
  0.016,298.693,  0.000,  0.000
  0.016,298.689,  0.000,  0.000
  0.016,298.689,  0.000,  0.000
  0.016,298.692,  0.000,  0.000
  0.016,298.699,  0.000,  0.000
  0.016,298.708,  0.000,  0.000
  0.016,298.715,  0.000,  0.000
  0.016,298.722,  0.000,  0.000
  0.016,298.732,  0.000,  0.000
  0.016,298.742,  0.000,  0.000
  0.016,298.753,  0.000,  0.000
  0.016,298.764,  0.000,  0.000
  0.016,298.775,  0.000,  0.000
  0.016,298.784,  0.000,  0.000
  0.016,298.790,  0.000,  0.000
  0.016,298.791,  0.000,  0.000
  0.016,298.789,  0.000,  0.000
  0.016,298.791,  0.000,  0.000
  0.016,298.799,  0.000,  0.000
  0.016,298.811,  0.000,  0.000
  0.016,298.702,  0.000,  0.000
  0.016,298.702,  0.000,  0.000
  0.016,298.701,  0.000,  0.000
  0.016,298.702,  0.000,  0.000
  0.016,298.704,  0.000,  0.000
  0.016,298.707,  0.000,  0.000
  0.016,298.707,  0.000,  0.000
  0.016,298.703,  0.000,  0.000
  0.016,298.699,  0.000,  0.000
  0.016,298.699,  0.000,  0.000
  0.016,298.705,  0.000,  0.000
  0.016,298.713,  0.000,  0.000
  0.016,298.721,  0.000,  0.000
  0.016,298.729,  0.000,  0.000
  0.016,298.738,  0.000,  0.000
  0.016,298.748,  0.000,  0.000
  0.016,298.759,  0.000,  0.000
  0.016,298.770,  0.000,  0.000
  0.016,298.782,  0.000,  0.000
  0.016,298.794,  0.000,  0.000
  0.016,298.803,  0.000,  0.000
  0.016,298.809,  0.000,  0.000
  0.016,298.810,  0.000,  0.000
  0.016,298.809,  0.000,  0.000
  0.016,298.810,  0.000,  0.000
  0.016,298.717,  0.000,  0.000
  0.016,298.713,  0.000,  0.000
  0.016,298.713,  0.000,  0.000
  0.016,298.712,  0.000,  0.000
  0.016,298.712,  0.000,  0.000
  0.016,298.713,  0.000,  0.000
  0.016,298.716,  0.000,  0.000
  0.016,298.719,  0.000,  0.000
  0.016,298.718,  0.000,  0.000
  0.016,298.713,  0.000,  0.000
  0.016,298.710,  0.000,  0.000
  0.016,298.714,  0.000,  0.000
  0.016,298.721,  0.000,  0.000
  0.016,298.730,  0.000,  0.000
  0.016,298.738,  0.000,  0.000
  0.016,298.746,  0.000,  0.000
  0.016,298.757,  0.000,  0.000
  0.016,298.767,  0.000,  0.000
  0.016,298.777,  0.000,  0.000
  0.016,298.789,  0.000,  0.000
  0.016,298.801,  0.000,  0.000
  0.016,298.813,  0.000,  0.000
  0.016,298.823,  0.000,  0.000
  0.016,298.828,  0.000,  0.000
  0.016,298.824,  0.000,  0.000
  0.016,298.734,  0.000,  0.000
  0.016,298.729,  0.000,  0.000
  0.016,298.725,  0.000,  0.000
  0.016,298.723,  0.000,  0.000
  0.016,298.723,  0.000,  0.000
  0.016,298.723,  0.000,  0.000
  0.016,298.723,  0.000,  0.000
  0.016,298.726,  0.000,  0.000
  0.016,298.730,  0.000,  0.000
  0.016,298.732,  0.000,  0.000
  0.016,298.729,  0.000,  0.000
  0.016,298.725,  0.000,  0.000
  0.016,298.725,  0.000,  0.000
  0.016,298.732,  0.000,  0.000
  0.016,298.740,  0.000,  0.000
  0.016,298.749,  0.000,  0.000
  0.016,298.756,  0.000,  0.000
  0.016,298.766,  0.000,  0.000
  0.016,298.776,  0.000,  0.000
  0.016,298.786,  0.000,  0.000
  0.016,298.798,  0.000,  0.000
  0.016,298.810,  0.000,  0.000
  0.016,298.822,  0.000,  0.000
  0.016,298.833,  0.000,  0.000
  0.016,298.839,  0.000,  0.000
