  0.015,298.565,  0.000,  0.000
  0.015,298.556,  0.000,  0.000
  0.015,298.547,  0.000,  0.000
  0.015,298.538,  0.000,  0.000
  0.015,298.529,  0.000,  0.000
  0.015,298.521,  0.000,  0.000
  0.015,298.513,  0.000,  0.000
  0.015,298.505,  0.000,  0.000
  0.015,298.497,  0.000,  0.000
  0.015,298.489,  0.000,  0.000
  0.015,298.482,  0.000,  0.000
  0.015,298.474,  0.000,  0.000
  0.015,298.466,  0.000,  0.000
  0.015,298.458,  0.000,  0.000
  0.015,298.450,  0.000,  0.000
  0.015,298.442,  0.000,  0.000
  0.015,298.435,  0.000,  0.000
  0.015,298.427,  0.000,  0.000
  0.015,298.419,  0.000,  0.000
  0.015,298.411,  0.000,  0.000
  0.015,298.403,  0.000,  0.000
  0.015,298.396,  0.000,  0.000
  0.015,298.388,  0.000,  0.000
  0.015,298.381,  0.000,  0.000
  0.015,298.373,  0.000,  0.000
  0.015,298.570,  0.000,  0.000
  0.015,298.562,  0.000,  0.000
  0.015,298.554,  0.000,  0.000
  0.015,298.546,  0.000,  0.000
  0.015,298.539,  0.000,  0.000
  0.015,298.531,  0.000,  0.000
  0.015,298.524,  0.000,  0.000
  0.015,298.517,  0.000,  0.000
  0.015,298.510,  0.000,  0.000
  0.015,298.503,  0.000,  0.000
  0.015,298.496,  0.000,  0.000
  0.015,298.488,  0.000,  0.000
  0.015,298.481,  0.000,  0.000
  0.015,298.474,  0.000,  0.000
  0.015,298.466,  0.000,  0.000
  0.015,298.459,  0.000,  0.000
  0.015,298.451,  0.000,  0.000
  0.015,298.444,  0.000,  0.000
  0.015,298.436,  0.000,  0.000
  0.015,298.429,  0.000,  0.000
  0.015,298.421,  0.000,  0.000
  0.015,298.414,  0.000,  0.000
  0.015,298.406,  0.000,  0.000
  0.015,298.399,  0.000,  0.000
  0.015,298.392,  0.000,  0.000
  0.015,298.574,  0.000,  0.000
  0.015,298.567,  0.000,  0.000
  0.015,298.561,  0.000,  0.000
  0.015,298.554,  0.000,  0.000
  0.015,298.547,  0.000,  0.000
  0.015,298.541,  0.000,  0.000
  0.015,298.535,  0.000,  0.000
  0.015,298.529,  0.000,  0.000
  0.015,298.522,  0.000,  0.000
  0.015,298.516,  0.000,  0.000
  0.015,298.509,  0.000,  0.000
  0.015,298.502,  0.000,  0.000
  0.015,298.495,  0.000,  0.000
  0.015,298.488,  0.000,  0.000
  0.015,298.482,  0.000,  0.000
  0.015,298.474,  0.000,  0.000
  0.015,298.467,  0.000,  0.000
  0.015,298.460,  0.000,  0.000
  0.015,298.453,  0.000,  0.000
  0.015,298.446,  0.000,  0.000
  0.015,298.439,  0.000,  0.000
  0.015,298.431,  0.000,  0.000
  0.015,298.424,  0.000,  0.000
  0.015,298.417,  0.000,  0.000
  0.015,298.409,  0.000,  0.000
  0.015,298.577,  0.000,  0.000
  0.015,298.572,  0.000,  0.000
  0.015,298.566,  0.000,  0.000
  0.015,298.561,  0.000,  0.000
  0.015,298.555,  0.000,  0.000
  0.015,298.550,  0.000,  0.000
  0.015,298.545,  0.000,  0.000
  0.015,298.539,  0.000,  0.000
  0.015,298.533,  0.000,  0.000
  0.015,298.527,  0.000,  0.000
  0.015,298.521,  0.000,  0.000
  0.015,298.515,  0.000,  0.000
  0.015,298.509,  0.000,  0.000
  0.015,298.502,  0.000,  0.000
  0.015,298.496,  0.000,  0.000
  0.015,298.489,  0.000,  0.000
  0.015,298.483,  0.000,  0.000
  0.015,298.476,  0.000,  0.000
  0.015,298.469,  0.000,  0.000
  0.015,298.462,  0.000,  0.000
  0.015,298.455,  0.000,  0.000
  0.015,298.448,  0.000,  0.000
  0.015,298.441,  0.000,  0.000
  0.015,298.434,  0.000,  0.000
  0.015,298.426,  0.000,  0.000
  0.015,298.580,  0.000,  0.000
  0.015,298.576,  0.000,  0.000
  0.015,298.572,  0.000,  0.000
  0.015,298.567,  0.000,  0.000
  0.015,298.563,  0.000,  0.000
  0.015,298.558,  0.000,  0.000
  0.015,298.554,  0.000,  0.000
  0.015,298.549,  0.000,  0.000
  0.015,298.544,  0.000,  0.000
  0.015,298.538,  0.000,  0.000
  0.015,298.533,  0.000,  0.000
  0.015,298.527,  0.000,  0.000
  0.015,298.521,  0.000,  0.000
  0.015,298.515,  0.000,  0.000
  0.015,298.509,  0.000,  0.000
  0.015,298.503,  0.000,  0.000
  0.015,298.497,  0.000,  0.000
  0.015,298.490,  0.000,  0.000
  0.015,298.484,  0.000,  0.000
  0.015,298.477,  0.000,  0.000
  0.015,298.470,  0.000,  0.000
  0.015,298.463,  0.000,  0.000
  0.015,298.457,  0.000,  0.000
  0.015,298.450,  0.000,  0.000
  0.015,298.442,  0.000,  0.000
  0.015,298.583,  0.000,  0.000
  0.015,298.580,  0.000,  0.000
  0.015,298.577,  0.000,  0.000
  0.015,298.573,  0.000,  0.000
  0.015,298.569,  0.000,  0.000
  0.015,298.566,  0.000,  0.000
  0.015,298.562,  0.000,  0.000
  0.015,298.557,  0.000,  0.000
  0.015,298.553,  0.000,  0.000
  0.015,298.548,  0.000,  0.000
  0.015,298.543,  0.000,  0.000
  0.015,298.538,  0.000,  0.000
  0.015,298.533,  0.000,  0.000
  0.015,298.527,  0.000,  0.000
  0.015,298.521,  0.000,  0.000
  0.015,298.516,  0.000,  0.000
  0.015,298.510,  0.000,  0.000
  0.015,298.504,  0.000,  0.000
  0.015,298.497,  0.000,  0.000
  0.015,298.491,  0.000,  0.000
  0.015,298.485,  0.000,  0.000
  0.015,298.478,  0.000,  0.000
  0.015,298.471,  0.000,  0.000
  0.015,298.464,  0.000,  0.000
  0.015,298.458,  0.000,  0.000
  0.015,298.587,  0.000,  0.000
  0.015,298.584,  0.000,  0.000
  0.015,298.582,  0.000,  0.000
  0.015,298.579,  0.000,  0.000
  0.015,298.576,  0.000,  0.000
  0.015,298.572,  0.000,  0.000
  0.015,298.569,  0.000,  0.000
  0.015,298.565,  0.000,  0.000
  0.015,298.561,  0.000,  0.000
  0.015,298.557,  0.000,  0.000
  0.015,298.552,  0.000,  0.000
  0.015,298.547,  0.000,  0.000
  0.015,298.543,  0.000,  0.000
  0.015,298.537,  0.000,  0.000
  0.015,298.532,  0.000,  0.000
  0.015,298.527,  0.000,  0.000
  0.015,298.521,  0.000,  0.000
  0.015,298.516,  0.000,  0.000
  0.015,298.510,  0.000,  0.000
  0.015,298.504,  0.000,  0.000
  0.015,298.498,  0.000,  0.000
  0.015,298.491,  0.000,  0.000
  0.015,298.485,  0.000,  0.000
  0.015,298.478,  0.000,  0.000
  0.015,298.471,  0.000,  0.000
  0.016,298.591,  0.000,  0.000
  0.015,298.589,  0.000,  0.000
  0.015,298.587,  0.000,  0.000
  0.015,298.584,  0.000,  0.000
  0.015,298.581,  0.000,  0.000
  0.015,298.578,  0.000,  0.000
  0.015,298.575,  0.000,  0.000
  0.015,298.572,  0.000,  0.000
  0.015,298.568,  0.000,  0.000
  0.015,298.564,  0.000,  0.000
  0.015,298.560,  0.000,  0.000
  0.015,298.556,  0.000,  0.000
  0.015,298.551,  0.000,  0.000
  0.015,298.546,  0.000,  0.000
  0.015,298.542,  0.000,  0.000
  0.015,298.536,  0.000,  0.000
  0.015,298.531,  0.000,  0.000
  0.015,298.526,  0.000,  0.000
  0.015,298.520,  0.000,  0.000
  0.015,298.515,  0.000,  0.000
  0.015,298.509,  0.000,  0.000
  0.015,298.503,  0.000,  0.000
  0.015,298.497,  0.000,  0.000
  0.015,298.490,  0.000,  0.000
  0.015,298.484,  0.000,  0.000
  0.016,298.596,  0.000,  0.000
  0.016,298.594,  0.000,  0.000
  0.016,298.592,  0.000,  0.000
  0.015,298.589,  0.000,  0.000
  0.015,298.587,  0.000,  0.000
  0.015,298.584,  0.000,  0.000
  0.015,298.581,  0.000,  0.000
  0.015,298.577,  0.000,  0.000
  0.015,298.574,  0.000,  0.000
  0.015,298.570,  0.000,  0.000
  0.015,298.566,  0.000,  0.000
  0.015,298.562,  0.000,  0.000
  0.015,298.558,  0.000,  0.000
  0.015,298.554,  0.000,  0.000
  0.015,298.549,  0.000,  0.000
  0.015,298.545,  0.000,  0.000
  0.015,298.540,  0.000,  0.000
  0.015,298.535,  0.000,  0.000
  0.015,298.530,  0.000,  0.000
  0.015,298.524,  0.000,  0.000
  0.015,298.519,  0.000,  0.000
  0.015,298.513,  0.000,  0.000
  0.015,298.507,  0.000,  0.000
  0.015,298.501,  0.000,  0.000
  0.015,298.495,  0.000,  0.000
  0.016,298.599,  0.000,  0.000
  0.016,298.597,  0.000,  0.000
  0.016,298.595,  0.000,  0.000
  0.016,298.592,  0.000,  0.000
  0.015,298.590,  0.000,  0.000
  0.015,298.587,  0.000,  0.000
  0.015,298.584,  0.000,  0.000
  0.015,298.581,  0.000,  0.000
  0.015,298.577,  0.000,  0.000
  0.015,298.574,  0.000,  0.000
  0.015,298.570,  0.000,  0.000
  0.015,298.567,  0.000,  0.000
  0.015,298.563,  0.000,  0.000
  0.015,298.559,  0.000,  0.000
  0.015,298.555,  0.000,  0.000
  0.015,298.551,  0.000,  0.000
  0.015,298.546,  0.000,  0.000
  0.015,298.542,  0.000,  0.000
  0.015,298.537,  0.000,  0.000
  0.015,298.532,  0.000,  0.000
  0.015,298.527,  0.000,  0.000
  0.015,298.522,  0.000,  0.000
  0.015,298.516,  0.000,  0.000
  0.015,298.511,  0.000,  0.000
  0.015,298.505,  0.000,  0.000
  0.016,298.601,  0.000,  0.000
  0.016,298.598,  0.000,  0.000
  0.016,298.595,  0.000,  0.000
  0.016,298.592,  0.000,  0.000
  0.016,298.590,  0.000,  0.000
  0.016,298.587,  0.000,  0.000
  0.015,298.584,  0.000,  0.000
  0.015,298.581,  0.000,  0.000
  0.015,298.577,  0.000,  0.000
  0.015,298.574,  0.000,  0.000
  0.015,298.571,  0.000,  0.000
  0.015,298.568,  0.000,  0.000
  0.015,298.566,  0.000,  0.000
  0.015,298.562,  0.000,  0.000
  0.015,298.559,  0.000,  0.000
  0.015,298.555,  0.000,  0.000
  0.015,298.551,  0.000,  0.000
  0.015,298.547,  0.000,  0.000
  0.015,298.543,  0.000,  0.000
  0.015,298.538,  0.000,  0.000
  0.015,298.534,  0.000,  0.000
  0.015,298.529,  0.000,  0.000
  0.015,298.524,  0.000,  0.000
  0.015,298.518,  0.000,  0.000
  0.015,298.513,  0.000,  0.000
  0.016,298.601,  0.000,  0.000
  0.016,298.598,  0.000,  0.000
  0.016,298.595,  0.000,  0.000
  0.016,298.592,  0.000,  0.000
  0.016,298.590,  0.000,  0.000
  0.016,298.587,  0.000,  0.000
  0.016,298.584,  0.000,  0.000
  0.016,298.581,  0.000,  0.000
  0.015,298.577,  0.000,  0.000
  0.015,298.574,  0.000,  0.000
  0.015,298.571,  0.000,  0.000
  0.015,298.568,  0.000,  0.000
  0.015,298.566,  0.000,  0.000
  0.015,298.563,  0.000,  0.000
  0.015,298.561,  0.000,  0.000
  0.015,298.557,  0.000,  0.000
  0.015,298.554,  0.000,  0.000
  0.015,298.550,  0.000,  0.000
  0.015,298.547,  0.000,  0.000
  0.015,298.543,  0.000,  0.000
  0.015,298.539,  0.000,  0.000
  0.015,298.534,  0.000,  0.000
  0.015,298.530,  0.000,  0.000
  0.015,298.525,  0.000,  0.000
  0.015,298.519,  0.000,  0.000
  0.016,298.601,  0.000,  0.000
  0.016,298.598,  0.000,  0.000
  0.016,298.594,  0.000,  0.000
  0.016,298.591,  0.000,  0.000
  0.016,298.588,  0.000,  0.000
  0.016,298.585,  0.000,  0.000
  0.016,298.582,  0.000,  0.000
  0.016,298.579,  0.000,  0.000
  0.016,298.576,  0.000,  0.000
  0.016,298.573,  0.000,  0.000
  0.016,298.571,  0.000,  0.000
  0.015,298.568,  0.000,  0.000
  0.015,298.566,  0.000,  0.000
  0.015,298.563,  0.000,  0.000
  0.015,298.561,  0.000,  0.000
  0.015,298.558,  0.000,  0.000
  0.015,298.555,  0.000,  0.000
  0.015,298.552,  0.000,  0.000
  0.015,298.549,  0.000,  0.000
  0.015,298.546,  0.000,  0.000
  0.015,298.543,  0.000,  0.000
  0.015,298.539,  0.000,  0.000
  0.015,298.534,  0.000,  0.000
  0.015,298.530,  0.000,  0.000
  0.015,298.525,  0.000,  0.000
  0.016,298.599,  0.000,  0.000
  0.016,298.595,  0.000,  0.000
  0.016,298.592,  0.000,  0.000
  0.016,298.588,  0.000,  0.000
  0.016,298.585,  0.000,  0.000
  0.016,298.581,  0.000,  0.000
  0.016,298.578,  0.000,  0.000
  0.016,298.575,  0.000,  0.000
  0.016,298.572,  0.000,  0.000
  0.016,298.570,  0.000,  0.000
  0.016,298.568,  0.000,  0.000
  0.016,298.566,  0.000,  0.000
  0.016,298.564,  0.000,  0.000
  0.016,298.562,  0.000,  0.000
  0.015,298.560,  0.000,  0.000
  0.015,298.558,  0.000,  0.000
  0.015,298.555,  0.000,  0.000
  0.015,298.552,  0.000,  0.000
  0.015,298.551,  0.000,  0.000
  0.015,298.548,  0.000,  0.000
  0.015,298.545,  0.000,  0.000
  0.015,298.542,  0.000,  0.000
  0.015,298.538,  0.000,  0.000
  0.015,298.534,  0.000,  0.000
  0.015,298.530,  0.000,  0.000
  0.016,298.596,  0.000,  0.000
  0.016,298.592,  0.000,  0.000
  0.016,298.588,  0.000,  0.000
  0.016,298.584,  0.000,  0.000
  0.016,298.580,  0.000,  0.000
  0.016,298.576,  0.000,  0.000
  0.016,298.573,  0.000,  0.000
  0.016,298.570,  0.000,  0.000
  0.016,298.568,  0.000,  0.000
  0.016,298.566,  0.000,  0.000
  0.016,298.564,  0.000,  0.000
  0.016,298.562,  0.000,  0.000
  0.016,298.561,  0.000,  0.000
  0.016,298.559,  0.000,  0.000
  0.016,298.558,  0.000,  0.000
  0.016,298.556,  0.000,  0.000
  0.015,298.555,  0.000,  0.000
  0.015,298.552,  0.000,  0.000
  0.015,298.551,  0.000,  0.000
  0.015,298.549,  0.000,  0.000
  0.015,298.547,  0.000,  0.000
  0.015,298.544,  0.000,  0.000
  0.015,298.541,  0.000,  0.000
  0.015,298.538,  0.000,  0.000
  0.015,298.534,  0.000,  0.000
