  0.020,302.311,  0.000,  0.330
  0.020,302.339,  0.000,  0.330
  0.020,302.359,  0.000,  0.000
  0.020,302.385,  0.000,  0.000
  0.020,302.426,  0.000,  0.000
  0.020,302.453,  0.000,  0.000
  0.020,302.445,  0.000,  0.080
  0.020,302.431,  0.000,  0.080
  0.020,302.438,  0.000,  0.080
  0.020,302.435,  0.000,  0.090
  0.020,302.415,  0.000,  0.090
  0.020,302.391,  0.000,  0.090
  0.020,302.397,  0.000,  0.090
  0.020,302.412,  0.000,  0.000
  0.020,302.413,  0.000,  0.000
  0.020,302.417,  0.000,  0.000
  0.020,302.430,  0.000,  0.060
  0.020,302.435,  0.000,  0.060
  0.020,302.427,  0.000,  0.060
  0.020,302.419,  0.000,  0.060
  0.020,302.411,  0.000,  0.000
  0.020,302.392,  0.000,  0.000
  0.020,302.365,  0.000,  0.000
  0.020,302.362,  0.000,  0.000
  0.020,302.348,  0.000,  0.000
  0.020,302.290,  0.000,  0.000
  0.020,302.312,  0.000,  0.000
  0.020,302.347,  0.000,  0.000
  0.020,302.390,  0.000,  0.000
  0.020,302.416,  0.000,  0.000
  0.020,302.419,  0.000,  0.000
  0.020,302.425,  0.000,  0.110
  0.020,302.445,  0.000,  0.110
  0.020,302.446,  0.000,  0.110
  0.020,302.412,  0.000,  0.130
  0.020,302.372,  0.000,  0.130
  0.020,302.382,  0.000,  0.130
  0.020,302.414,  0.000,  0.130
  0.020,302.422,  0.000,  0.000
  0.020,302.408,  0.000,  0.000
  0.020,302.401,  0.000,  0.000
  0.020,302.404,  0.000,  0.120
  0.020,302.406,  0.000,  0.120
  0.020,302.411,  0.000,  0.120
  0.020,302.422,  0.000,  0.120
  0.020,302.418,  0.000,  0.000
  0.020,302.388,  0.000,  0.000
  0.020,302.344,  0.000,  0.000
  0.020,302.327,  0.000,  0.000
  0.020,302.306,  0.000,  0.000
  0.020,302.270,  0.000,  0.000
  0.020,302.297,  0.000,  0.000
  0.020,302.342,  0.000,  0.000
  0.020,302.378,  0.000,  0.000
  0.020,302.387,  0.000,  0.000
  0.020,302.395,  0.000,  0.000
  0.020,302.432,  0.000,  0.110
  0.020,302.458,  0.000,  0.110
  0.020,302.433,  0.000,  0.110
  0.020,302.380,  0.000,  0.130
  0.020,302.368,  0.000,  0.130
  0.020,302.398,  0.000,  0.130
  0.020,302.416,  0.000,  0.130
  0.020,302.405,  0.000,  0.000
  0.020,302.390,  0.000,  0.000
  0.020,302.391,  0.000,  0.000
  0.020,302.395,  0.000,  0.120
  0.020,302.397,  0.000,  0.120
  0.020,302.406,  0.000,  0.120
  0.020,302.415,  0.000,  0.120
  0.020,302.405,  0.000,  0.000
  0.020,302.370,  0.000,  0.000
  0.020,302.322,  0.000,  0.000
  0.020,302.299,  0.000,  0.000
  0.020,302.280,  0.000,  0.000
  0.020,302.266,  0.000,  0.000
  0.020,302.295,  0.000,  0.000
  0.020,302.328,  0.000,  0.000
  0.020,302.352,  0.000,  0.000
  0.020,302.368,  0.000,  0.000
  0.020,302.401,  0.000,  0.000
  0.020,302.441,  0.000,  0.110
  0.020,302.442,  0.000,  0.110
  0.020,302.405,  0.000,  0.110
  0.020,302.383,  0.000,  0.130
  0.020,302.389,  0.000,  0.130
  0.020,302.397,  0.000,  0.130
  0.020,302.387,  0.000,  0.130
  0.020,302.373,  0.000,  0.000
  0.020,302.385,  0.000,  0.000
  0.020,302.400,  0.000,  0.000
  0.020,302.397,  0.000,  0.120
  0.020,302.390,  0.000,  0.120
  0.020,302.392,  0.000,  0.120
  0.020,302.394,  0.000,  0.120
  0.020,302.386,  0.000,  0.000
  0.020,302.362,  0.000,  0.000
  0.020,302.323,  0.000,  0.000
  0.020,302.297,  0.000,  0.000
  0.020,302.270,  0.000,  0.000
  0.020,302.269,  0.000,  0.000
  0.020,302.289,  0.000,  0.000
  0.020,302.311,  0.000,  0.000
  0.020,302.336,  0.000,  0.000
  0.020,302.373,  0.000,  0.000
  0.020,302.409,  0.000,  0.000
  0.020,302.422,  0.000,  0.110
  0.020,302.406,  0.000,  0.110
  0.020,302.401,  0.000,  0.110
  0.020,302.404,  0.000,  0.130
  0.020,302.397,  0.000,  0.130
  0.020,302.369,  0.000,  0.130
  0.020,302.346,  0.000,  0.130
  0.020,302.360,  0.000,  0.000
  0.020,302.393,  0.000,  0.000
  0.020,302.402,  0.000,  0.000
  0.020,302.388,  0.000,  0.120
  0.020,302.379,  0.000,  0.120
  0.020,302.379,  0.000,  0.120
  0.020,302.380,  0.000,  0.120
  0.020,302.380,  0.000,  0.000
  0.020,302.371,  0.000,  0.000
  0.020,302.339,  0.000,  0.000
  0.020,302.304,  0.000,  0.000
  0.020,302.259,  0.000,  0.000
  0.020,302.263,  0.000,  0.000
  0.020,302.283,  0.000,  0.000
  0.020,302.308,  0.000,  0.000
  0.020,302.339,  0.000,  0.000
  0.020,302.371,  0.000,  0.000
  0.020,302.389,  0.000,  0.000
  0.020,302.385,  0.000,  0.060
  0.020,302.390,  0.000,  0.060
  0.020,302.410,  0.000,  0.060
  0.020,302.410,  0.000,  0.000
  0.020,302.375,  0.000,  0.000
  0.020,302.334,  0.000,  0.000
  0.020,302.335,  0.000,  0.000
  0.020,302.363,  0.000,  0.000
  0.020,302.382,  0.000,  0.000
  0.020,302.377,  0.000,  0.000
  0.020,302.369,  0.000,  0.140
  0.020,302.375,  0.000,  0.140
  0.020,302.379,  0.000,  0.140
  0.020,302.377,  0.000,  0.140
  0.020,302.376,  0.000,  0.000
  0.020,302.371,  0.000,  0.000
  0.020,302.346,  0.000,  0.000
  0.020,302.308,  0.000,  0.000
  0.020,302.248,  0.000,  0.000
  0.020,302.254,  0.000,  0.000
  0.020,302.290,  0.000,  0.000
  0.020,302.317,  0.000,  0.000
  0.020,302.337,  0.000,  0.000
  0.020,302.351,  0.000,  0.000
  0.020,302.360,  0.000,  0.000
  0.020,302.373,  0.000,  0.060
  0.020,302.397,  0.000,  0.060
  0.020,302.407,  0.000,  0.060
  0.020,302.384,  0.000,  0.000
  0.020,302.342,  0.000,  0.000
  0.020,302.329,  0.000,  0.000
  0.020,302.345,  0.000,  0.000
  0.020,302.354,  0.000,  0.000
  0.020,302.346,  0.000,  0.000
  0.020,302.342,  0.000,  0.000
  0.020,302.361,  0.000,  0.140
  0.020,302.381,  0.000,  0.140
  0.020,302.380,  0.000,  0.140
  0.020,302.369,  0.000,  0.140
  0.020,302.364,  0.000,  0.000
  0.020,302.361,  0.000,  0.000
  0.020,302.346,  0.000,  0.000
  0.020,302.314,  0.000,  0.000
  0.020,302.253,  0.000,  0.000
  0.020,302.259,  0.000,  0.000
  0.020,302.298,  0.000,  0.000
  0.020,302.311,  0.000,  0.000
  0.020,302.316,  0.000,  0.000
  0.020,302.332,  0.000,  0.000
  0.020,302.358,  0.000,  0.000
  0.020,302.383,  0.000,  0.060
  0.020,302.394,  0.000,  0.060
  0.020,302.379,  0.000,  0.060
  0.020,302.350,  0.000,  0.000
  0.020,302.339,  0.000,  0.000
  0.020,302.343,  0.000,  0.000
  0.020,302.342,  0.000,  0.000
  0.020,302.323,  0.000,  0.000
  0.020,302.309,  0.000,  0.000
  0.020,302.328,  0.000,  0.000
  0.020,302.360,  0.000,  0.140
  0.020,302.373,  0.000,  0.140
  0.020,302.365,  0.000,  0.140
  0.020,302.356,  0.000,  0.140
  0.020,302.355,  0.000,  0.000
  0.020,302.356,  0.000,  0.000
  0.020,302.350,  0.000,  0.000
  0.020,302.328,  0.000,  0.000
  0.020,302.280,  0.000,  0.000
  0.020,302.258,  0.000,  0.000
  0.020,302.278,  0.000,  0.000
  0.020,302.283,  0.000,  0.000
  0.020,302.304,  0.000,  0.000
  0.020,302.337,  0.000,  0.000
  0.020,302.368,  0.000,  0.000
  0.020,302.379,  0.000,  0.060
  0.020,302.370,  0.000,  0.060
  0.020,302.354,  0.000,  0.060
  0.020,302.352,  0.000,  0.000
  0.020,302.352,  0.000,  0.000
  0.020,302.343,  0.000,  0.000
  0.020,302.315,  0.000,  0.000
  0.020,302.293,  0.000,  0.000
  0.020,302.303,  0.000,  0.000
  0.020,302.329,  0.000,  0.000
  0.020,302.344,  0.000,  0.140
  0.020,302.343,  0.000,  0.140
  0.020,302.343,  0.000,  0.140
  0.020,302.353,  0.000,  0.140
  0.020,302.357,  0.000,  0.000
  0.020,302.354,  0.000,  0.000
  0.020,302.348,  0.000,  0.000
  0.020,302.338,  0.000,  0.000
  0.020,302.308,  0.000,  0.000
  0.020,302.236,  0.000,  0.000
  0.020,302.247,  0.000,  0.000
  0.020,302.271,  0.000,  0.000
  0.020,302.308,  0.000,  0.000
  0.020,302.344,  0.000,  0.000
  0.020,302.354,  0.000,  0.000
  0.020,302.348,  0.000,  0.000
  0.020,302.351,  0.000,  0.000
  0.020,302.363,  0.000,  0.000
  0.020,302.370,  0.000,  0.330
  0.020,302.357,  0.000,  0.330
  0.020,302.320,  0.000,  0.330
  0.020,302.290,  0.000,  0.330
  0.020,302.292,  0.000,  0.000
  0.020,302.310,  0.000,  0.000
  0.020,302.317,  0.000,  0.000
  0.020,302.311,  0.000,  0.000
  0.020,302.313,  0.000,  0.000
  0.020,302.336,  0.000,  0.000
  0.020,302.356,  0.000,  0.000
  0.020,302.355,  0.000,  0.000
  0.020,302.344,  0.000,  0.000
  0.020,302.339,  0.000,  0.000
  0.020,302.338,  0.000,  0.000
  0.020,302.324,  0.000,  0.000
  0.021,302.210,  0.000,  0.000
  0.020,302.233,  0.000,  0.000
  0.020,302.273,  0.000,  0.000
  0.020,302.310,  0.000,  0.000
  0.020,302.326,  0.000,  0.000
  0.020,302.327,  0.000,  0.000
  0.020,302.335,  0.000,  0.000
  0.020,302.361,  0.000,  0.000
  0.020,302.375,  0.000,  0.000
  0.020,302.367,  0.000,  0.330
  0.020,302.334,  0.000,  0.330
  0.020,302.305,  0.000,  0.330
  0.020,302.298,  0.000,  0.330
  0.020,302.306,  0.000,  0.000
  0.020,302.305,  0.000,  0.000
  0.020,302.292,  0.000,  0.000
  0.020,302.286,  0.000,  0.000
  0.020,302.306,  0.000,  0.000
  0.020,302.333,  0.000,  0.000
  0.020,302.344,  0.000,  0.000
  0.020,302.338,  0.000,  0.000
  0.020,302.333,  0.000,  0.000
  0.020,302.336,  0.000,  0.000
  0.020,302.336,  0.000,  0.000
  0.020,302.324,  0.000,  0.000
  0.020,302.200,  0.000,  0.000
  0.020,302.228,  0.000,  0.000
  0.020,302.261,  0.000,  0.000
  0.020,302.284,  0.000,  0.000
  0.020,302.296,  0.000,  0.000
  0.020,302.317,  0.000,  0.000
  0.020,302.344,  0.000,  0.000
  0.020,302.362,  0.000,  0.000
  0.020,302.356,  0.000,  0.000
  0.020,302.331,  0.000,  0.330
  0.020,302.315,  0.000,  0.330
  0.020,302.313,  0.000,  0.330
  0.020,302.310,  0.000,  0.330
  0.020,302.297,  0.000,  0.000
  0.020,302.275,  0.000,  0.000
  0.020,302.265,  0.000,  0.000
  0.020,302.279,  0.000,  0.000
  0.020,302.299,  0.000,  0.000
  0.020,302.309,  0.000,  0.000
  0.020,302.309,  0.000,  0.000
  0.020,302.316,  0.000,  0.000
  0.020,302.332,  0.000,  0.000
  0.020,302.338,  0.000,  0.000
  0.020,302.330,  0.000,  0.000
  0.020,302.313,  0.000,  0.000
  0.020,302.195,  0.000,  0.000
  0.020,302.208,  0.000,  0.000
  0.020,302.229,  0.000,  0.000
  0.020,302.259,  0.000,  0.000
  0.020,302.286,  0.000,  0.000
  0.020,302.320,  0.000,  0.000
  0.020,302.339,  0.000,  0.000
  0.020,302.331,  0.000,  0.000
  0.020,302.309,  0.000,  0.000
  0.020,302.307,  0.000,  0.330
  0.020,302.320,  0.000,  0.330
  0.020,302.323,  0.000,  0.330
  0.020,302.307,  0.000,  0.330
  0.020,302.275,  0.000,  0.000
  0.020,302.254,  0.000,  0.000
  0.020,302.261,  0.000,  0.000
  0.020,302.275,  0.000,  0.000
  0.020,302.278,  0.000,  0.000
  0.020,302.272,  0.000,  0.000
  0.020,302.279,  0.000,  0.000
  0.020,302.307,  0.000,  0.000
  0.020,302.329,  0.000,  0.000
  0.020,302.329,  0.000,  0.000
  0.020,302.314,  0.000,  0.000
  0.020,302.303,  0.000,  0.000
  0.021,302.172,  0.000,  0.000
  0.021,302.183,  0.000,  0.000
  0.020,302.214,  0.000,  0.000
  0.020,302.256,  0.000,  0.000
  0.020,302.283,  0.000,  0.000
  0.020,302.298,  0.000,  0.000
  0.020,302.295,  0.000,  0.060
  0.020,302.287,  0.000,  0.060
  0.020,302.291,  0.000,  0.060
  0.020,302.305,  0.000,  0.520
  0.020,302.315,  0.000,  0.520
  0.020,302.310,  0.000,  0.520
  0.020,302.287,  0.000,  0.520
  0.020,302.269,  0.000,  0.060
  0.020,302.261,  0.000,  0.060
  0.020,302.262,  0.000,  0.060
  0.020,302.257,  0.000,  0.000
  0.020,302.248,  0.000,  0.000
  0.020,302.249,  0.000,  0.000
  0.020,302.268,  0.000,  0.000
  0.020,302.291,  0.000,  0.000
  0.020,302.303,  0.000,  0.000
  0.020,302.300,  0.000,  0.000
  0.020,302.297,  0.000,  0.000
  0.020,302.299,  0.000,  0.000
  0.021,302.152,  0.000,  0.000
  0.020,302.174,  0.000,  0.000
  0.020,302.214,  0.000,  0.000
  0.020,302.249,  0.000,  0.000
  0.020,302.256,  0.000,  0.000
  0.020,302.254,  0.000,  0.000
  0.020,302.261,  0.000,  0.060
  0.020,302.276,  0.000,  0.060
  0.020,302.290,  0.000,  0.060
  0.020,302.292,  0.000,  0.520
  0.020,302.284,  0.000,  0.520
  0.020,302.277,  0.000,  0.520
  0.020,302.279,  0.000,  0.520
  0.020,302.282,  0.000,  0.060
  0.020,302.271,  0.000,  0.060
  0.020,302.252,  0.000,  0.060
  0.020,302.237,  0.000,  0.000
  0.020,302.237,  0.000,  0.000
  0.020,302.249,  0.000,  0.000
  0.020,302.256,  0.000,  0.000
  0.020,302.259,  0.000,  0.000
  0.020,302.262,  0.000,  0.000
  0.020,302.272,  0.000,  0.000
  0.020,302.285,  0.000,  0.000
  0.020,302.290,  0.000,  0.000
