  0.012,296.402,  0.000,  0.000
  0.012,296.422,  0.000,  0.000
  0.013,296.544,  0.000,  0.000
  0.012,296.463,  0.000,  0.000
  0.012,296.328,  0.000,  0.000
  0.013,296.405,  0.000,  0.000
  0.013,296.495,  0.000,  0.000
  0.012,296.375,  0.000,  0.000
  0.012,296.250,  0.000,  0.000
  0.012,296.297,  0.000,  0.000
  0.013,296.427,  0.000,  0.000
  0.013,296.471,  0.000,  0.000
  0.013,296.343,  0.000,  0.000
  0.012,296.211,  0.000,  0.000
  0.013,296.257,  0.000,  0.000
  0.013,296.387,  0.000,  0.000
  0.013,296.417,  0.000,  0.000
  0.013,296.356,  0.000,  0.000
  0.013,296.309,  0.000,  0.000
  0.013,296.289,  0.000,  0.000
  0.013,296.353,  0.000,  0.000
  0.013,296.425,  0.000,  0.000
  0.013,296.429,  0.000,  0.000
  0.013,296.404,  0.000,  0.000
  0.013,296.335,  0.000,  0.000
  0.012,296.429,  0.000,  0.000
  0.012,296.485,  0.000,  0.000
  0.013,296.581,  0.000,  0.000
  0.012,296.464,  0.000,  0.000
  0.012,296.379,  0.000,  0.000
  0.013,296.489,  0.000,  0.000
  0.013,296.514,  0.000,  0.000
  0.012,296.368,  0.000,  0.000
  0.012,296.311,  0.000,  0.000
  0.013,296.394,  0.000,  0.000
  0.013,296.507,  0.000,  0.000
  0.013,296.507,  0.000,  0.000
  0.013,296.371,  0.000,  0.000
  0.013,296.263,  0.000,  0.000
  0.013,296.325,  0.000,  0.000
  0.013,296.452,  0.000,  0.000
  0.013,296.437,  0.000,  0.000
  0.013,296.404,  0.000,  0.000
  0.013,296.425,  0.000,  0.000
  0.013,296.430,  0.000,  0.000
  0.013,296.414,  0.000,  0.000
  0.013,296.385,  0.000,  0.000
  0.013,296.393,  0.000,  0.000
  0.013,296.448,  0.000,  0.000
  0.013,296.383,  0.000,  0.000
  0.012,296.466,  0.000,  0.000
  0.012,296.560,  0.000,  0.000
  0.012,296.598,  0.000,  0.000
  0.012,296.454,  0.000,  0.000
  0.012,296.429,  0.000,  0.000
  0.013,296.560,  0.000,  0.000
  0.013,296.534,  0.000,  0.000
  0.012,296.377,  0.000,  0.000
  0.012,296.382,  0.000,  0.000
  0.013,296.482,  0.000,  0.000
  0.013,296.564,  0.000,  0.000
  0.013,296.527,  0.000,  0.000
  0.013,296.401,  0.000,  0.000
  0.013,296.328,  0.000,  0.000
  0.013,296.388,  0.000,  0.000
  0.013,296.496,  0.000,  0.000
  0.013,296.482,  0.000,  0.000
  0.013,296.462,  0.000,  0.000
  0.013,296.500,  0.000,  0.000
  0.013,296.540,  0.000,  0.000
  0.013,296.478,  0.000,  0.000
  0.013,296.345,  0.000,  0.000
  0.013,296.342,  0.000,  0.000
  0.013,296.444,  0.000,  0.000
  0.013,296.421,  0.000,  0.000
  0.012,296.499,  0.000,  0.000
  0.013,296.623,  0.000,  0.000
  0.012,296.605,  0.000,  0.000
  0.012,296.441,  0.000,  0.000
  0.012,296.461,  0.000,  0.000
  0.013,296.608,  0.000,  0.000
  0.012,296.541,  0.000,  0.000
  0.012,296.393,  0.000,  0.000
  0.012,296.436,  0.000,  0.000
  0.013,296.552,  0.000,  0.000
  0.013,296.587,  0.000,  0.000
  0.013,296.505,  0.000,  0.000
  0.012,296.403,  0.000,  0.000
  0.013,296.390,  0.000,  0.000
  0.013,296.450,  0.000,  0.000
  0.013,296.533,  0.000,  0.000
  0.013,296.525,  0.000,  0.000
  0.013,296.498,  0.000,  0.000
  0.013,296.508,  0.000,  0.000
  0.013,296.545,  0.000,  0.000
  0.013,296.500,  0.000,  0.000
  0.013,296.392,  0.000,  0.000
  0.013,296.390,  0.000,  0.000
  0.013,296.457,  0.000,  0.000
  0.013,296.435,  0.000,  0.000
  0.012,296.525,  0.000,  0.000
  0.013,296.665,  0.000,  0.000
  0.012,296.606,  0.000,  0.000
  0.012,296.451,  0.000,  0.000
  0.012,296.515,  0.000,  0.000
  0.013,296.637,  0.000,  0.000
  0.012,296.538,  0.000,  0.000
  0.012,296.411,  0.000,  0.000
  0.012,296.483,  0.000,  0.000
  0.013,296.605,  0.000,  0.000
  0.013,296.579,  0.000,  0.000
  0.012,296.455,  0.000,  0.000
  0.012,296.400,  0.000,  0.000
  0.013,296.436,  0.000,  0.000
  0.013,296.515,  0.000,  0.000
  0.013,296.550,  0.000,  0.000
  0.013,296.538,  0.000,  0.000
  0.013,296.510,  0.000,  0.000
  0.013,296.524,  0.000,  0.000
  0.013,296.525,  0.000,  0.000
  0.013,296.515,  0.000,  0.000
  0.014,296.492,  0.000,  0.000
  0.014,296.500,  0.000,  0.000
  0.013,296.478,  0.000,  0.000
  0.013,296.422,  0.000,  0.000
  0.012,296.569,  0.000,  0.000
  0.013,296.697,  0.000,  0.000
  0.012,296.593,  0.000,  0.000
  0.012,296.485,  0.000,  0.000
  0.013,296.594,  0.000,  0.000
  0.013,296.651,  0.000,  0.000
  0.012,296.528,  0.000,  0.000
  0.012,296.459,  0.000,  0.000
  0.012,296.537,  0.000,  0.000
  0.013,296.641,  0.000,  0.000
  0.013,296.554,  0.000,  0.000
  0.012,296.412,  0.000,  0.000
  0.012,296.411,  0.000,  0.000
  0.013,296.484,  0.000,  0.000
  0.013,296.561,  0.000,  0.000
  0.013,296.558,  0.000,  0.000
  0.013,296.508,  0.000,  0.000
  0.013,296.524,  0.000,  0.000
  0.013,296.591,  0.000,  0.000
  0.013,296.571,  0.000,  0.000
  0.013,296.552,  0.000,  0.000
  0.013,296.598,  0.000,  0.000
  0.014,296.606,  0.000,  0.000
  0.013,296.492,  0.000,  0.000
  0.013,296.419,  0.000,  0.000
  0.012,296.646,  0.000,  0.000
  0.013,296.721,  0.000,  0.000
  0.012,296.586,  0.000,  0.000
  0.012,296.518,  0.000,  0.000
  0.013,296.663,  0.000,  0.000
  0.013,296.666,  0.000,  0.000
  0.012,296.520,  0.000,  0.000
  0.012,296.513,  0.000,  0.000
  0.013,296.620,  0.000,  0.000
  0.013,296.679,  0.000,  0.000
  0.013,296.549,  0.000,  0.000
  0.012,296.405,  0.000,  0.000
  0.012,296.459,  0.000,  0.000
  0.013,296.572,  0.000,  0.000
  0.013,296.614,  0.000,  0.000
  0.013,296.543,  0.000,  0.000
  0.012,296.476,  0.000,  0.000
  0.013,296.572,  0.000,  0.000
  0.014,296.680,  0.000,  0.000
  0.013,296.642,  0.000,  0.000
  0.013,296.579,  0.000,  0.000
  0.013,296.653,  0.000,  0.000
  0.013,296.663,  0.000,  0.000
  0.013,296.532,  0.000,  0.000
  0.013,296.461,  0.000,  0.000
  0.013,296.720,  0.000,  0.000
  0.013,296.750,  0.000,  0.000
  0.012,296.596,  0.000,  0.000
  0.012,296.553,  0.000,  0.000
  0.013,296.702,  0.000,  0.000
  0.012,296.666,  0.000,  0.000
  0.012,296.514,  0.000,  0.000
  0.012,296.563,  0.000,  0.000
  0.013,296.697,  0.000,  0.000
  0.013,296.723,  0.000,  0.000
  0.013,296.587,  0.000,  0.000
  0.012,296.458,  0.000,  0.000
  0.013,296.528,  0.000,  0.000
  0.013,296.668,  0.000,  0.000
  0.013,296.668,  0.000,  0.000
  0.013,296.539,  0.000,  0.000
  0.012,296.511,  0.000,  0.000
  0.013,296.647,  0.000,  0.000
  0.013,296.725,  0.000,  0.000
  0.013,296.678,  0.000,  0.000
  0.013,296.612,  0.000,  0.000
  0.013,296.624,  0.000,  0.000
  0.013,296.636,  0.000,  0.000
  0.013,296.590,  0.000,  0.000
  0.013,296.553,  0.000,  0.000
  0.013,296.770,  0.000,  0.000
  0.013,296.773,  0.000,  0.000
  0.012,296.623,  0.000,  0.000
  0.013,296.613,  0.000,  0.000
  0.013,296.733,  0.000,  0.000
  0.012,296.643,  0.000,  0.000
  0.012,296.524,  0.000,  0.000
  0.012,296.625,  0.000,  0.000
  0.013,296.746,  0.000,  0.000
  0.013,296.741,  0.000,  0.000
  0.013,296.632,  0.000,  0.000
  0.013,296.557,  0.000,  0.000
  0.013,296.615,  0.000,  0.000
  0.013,296.701,  0.000,  0.000
  0.013,296.682,  0.000,  0.000
  0.013,296.602,  0.000,  0.000
  0.013,296.631,  0.000,  0.000
  0.013,296.676,  0.000,  0.000
  0.013,296.664,  0.000,  0.000
  0.013,296.676,  0.000,  0.000
  0.013,296.671,  0.000,  0.000
  0.013,296.591,  0.000,  0.000
  0.013,296.540,  0.000,  0.000
  0.013,296.593,  0.000,  0.000
  0.013,296.640,  0.000,  0.000
  0.013,296.801,  0.000,  0.000
  0.013,296.765,  0.000,  0.000
  0.012,296.642,  0.000,  0.000
  0.013,296.696,  0.000,  0.000
  0.013,296.762,  0.000,  0.000
  0.012,296.629,  0.000,  0.000
  0.012,296.552,  0.000,  0.000
  0.013,296.683,  0.000,  0.000
  0.013,296.775,  0.000,  0.000
  0.013,296.726,  0.000,  0.000
  0.013,296.645,  0.000,  0.000
  0.013,296.674,  0.000,  0.000
  0.013,296.702,  0.000,  0.000
  0.013,296.666,  0.000,  0.000
  0.013,296.655,  0.000,  0.000
  0.013,296.709,  0.000,  0.000
  0.013,296.755,  0.000,  0.000
  0.013,296.667,  0.000,  0.000
  0.012,296.560,  0.000,  0.000
  0.013,296.656,  0.000,  0.000
  0.014,296.744,  0.000,  0.000
  0.013,296.631,  0.000,  0.000
  0.013,296.490,  0.000,  0.000
  0.013,296.554,  0.000,  0.000
  0.013,296.704,  0.000,  0.000
  0.013,296.826,  0.000,  0.000
  0.013,296.738,  0.000,  0.000
  0.012,296.651,  0.000,  0.000
  0.013,296.769,  0.000,  0.000
  0.013,296.787,  0.000,  0.000
  0.012,296.634,  0.000,  0.000
  0.012,296.592,  0.000,  0.000
  0.013,296.747,  0.000,  0.000
  0.013,296.815,  0.000,  0.000
  0.013,296.700,  0.000,  0.000
  0.012,296.649,  0.000,  0.000
  0.013,296.772,  0.000,  0.000
  0.013,296.774,  0.000,  0.000
  0.013,296.652,  0.000,  0.000
  0.013,296.658,  0.000,  0.000
  0.013,296.788,  0.000,  0.000
  0.013,296.818,  0.000,  0.000
  0.013,296.684,  0.000,  0.000
  0.013,296.550,  0.000,  0.000
  0.013,296.646,  0.000,  0.000
  0.014,296.807,  0.000,  0.000
  0.014,296.742,  0.000,  0.000
  0.013,296.557,  0.000,  0.000
  0.013,296.543,  0.000,  0.000
  0.013,296.744,  0.000,  0.000
  0.013,296.847,  0.000,  0.000
  0.012,296.732,  0.000,  0.000
  0.012,296.661,  0.000,  0.000
  0.013,296.807,  0.000,  0.000
  0.013,296.828,  0.000,  0.000
  0.012,296.668,  0.000,  0.000
  0.012,296.636,  0.000,  0.000
  0.013,296.810,  0.000,  0.000
  0.013,296.852,  0.000,  0.000
  0.013,296.706,  0.000,  0.000
  0.013,296.705,  0.000,  0.000
  0.013,296.823,  0.000,  0.000
  0.013,296.814,  0.000,  0.000
  0.013,296.717,  0.000,  0.000
  0.013,296.726,  0.000,  0.000
  0.013,296.794,  0.000,  0.000
  0.013,296.792,  0.000,  0.000
  0.013,296.733,  0.000,  0.000
  0.013,296.664,  0.000,  0.000
  0.013,296.676,  0.000,  0.000
  0.013,296.780,  0.000,  0.000
  0.013,296.813,  0.000,  0.000
  0.013,296.689,  0.000,  0.000
  0.013,296.573,  0.000,  0.000
  0.013,296.724,  0.000,  0.000
  0.013,296.882,  0.000,  0.000
  0.013,296.774,  0.000,  0.000
  0.012,296.677,  0.000,  0.000
  0.013,296.827,  0.000,  0.000
  0.013,296.885,  0.000,  0.000
  0.013,296.742,  0.000,  0.000
  0.013,296.715,  0.000,  0.000
  0.013,296.859,  0.000,  0.000
  0.013,296.866,  0.000,  0.000
  0.013,296.767,  0.000,  0.000
  0.013,296.806,  0.000,  0.000
  0.013,296.838,  0.000,  0.000
  0.013,296.822,  0.000,  0.000
  0.013,296.811,  0.000,  0.000
  0.013,296.810,  0.000,  0.000
  0.013,296.779,  0.000,  0.000
  0.013,296.735,  0.000,  0.000
  0.013,296.775,  0.000,  0.000
  0.014,296.813,  0.000,  0.000
  0.013,296.743,  0.000,  0.000
  0.012,296.662,  0.000,  0.000
  0.013,296.768,  0.000,  0.000
  0.014,296.805,  0.000,  0.000
  0.013,296.647,  0.000,  0.000
  0.013,296.636,  0.000,  0.000
  0.013,296.936,  0.000,  0.000
  0.013,296.853,  0.000,  0.000
  0.012,296.721,  0.000,  0.000
  0.013,296.855,  0.000,  0.000
  0.013,296.940,  0.000,  0.000
  0.013,296.841,  0.000,  0.000
  0.013,296.824,  0.000,  0.000
  0.013,296.887,  0.000,  0.000
  0.013,296.864,  0.000,  0.000
  0.013,296.855,  0.000,  0.000
  0.013,296.889,  0.000,  0.000
  0.013,296.850,  0.000,  0.000
  0.013,296.829,  0.000,  0.000
  0.013,296.871,  0.000,  0.000
  0.013,296.861,  0.000,  0.000
  0.013,296.801,  0.000,  0.000
  0.013,296.741,  0.000,  0.000
  0.013,296.786,  0.000,  0.000
  0.013,296.896,  0.000,  0.000
  0.013,296.842,  0.000,  0.000
  0.012,296.647,  0.000,  0.000
  0.013,296.670,  0.000,  0.000
  0.014,296.843,  0.000,  0.000
  0.014,296.759,  0.000,  0.000
  0.013,296.569,  0.000,  0.000
  0.013,296.993,  0.000,  0.000
  0.013,296.948,  0.000,  0.000
  0.012,296.814,  0.000,  0.000
  0.012,296.894,  0.000,  0.000
  0.013,296.967,  0.000,  0.000
  0.013,296.924,  0.000,  0.000
  0.013,296.914,  0.000,  0.000
  0.013,296.902,  0.000,  0.000
  0.013,296.883,  0.000,  0.000
  0.013,296.924,  0.000,  0.000
  0.013,296.926,  0.000,  0.000
  0.013,296.874,  0.000,  0.000
  0.013,296.860,  0.000,  0.000
  0.013,296.886,  0.000,  0.000
  0.013,296.874,  0.000,  0.000
  0.013,296.850,  0.000,  0.000
  0.013,296.812,  0.000,  0.000
  0.013,296.798,  0.000,  0.000
  0.013,296.865,  0.000,  0.000
  0.013,296.911,  0.000,  0.000
  0.013,296.778,  0.000,  0.000
  0.013,296.651,  0.000,  0.000
  0.013,296.794,  0.000,  0.000
  0.014,296.850,  0.000,  0.000
  0.013,296.625,  0.000,  0.000
