  0.018,299.152,  0.000,  0.000
  0.018,299.145,  0.000,  0.000
  0.018,299.139,  0.000,  0.000
  0.018,299.135,  0.000,  0.000
  0.018,299.131,  0.000,  0.000
  0.018,299.125,  0.000,  0.000
  0.018,299.120,  0.000,  0.000
  0.018,299.114,  0.000,  0.000
  0.018,299.108,  0.000,  0.000
  0.018,299.102,  0.000,  0.000
  0.018,299.096,  0.000,  0.000
  0.018,299.090,  0.000,  0.000
  0.018,299.084,  0.000,  0.000
  0.018,299.077,  0.000,  0.000
  0.018,299.070,  0.000,  0.000
  0.018,299.062,  0.000,  0.000
  0.018,299.053,  0.000,  0.000
  0.018,299.044,  0.000,  0.000
  0.018,299.032,  0.000,  0.000
  0.018,299.021,  0.000,  0.000
  0.018,299.012,  0.000,  0.000
  0.018,299.000,  0.000,  0.000
  0.018,298.978,  0.000,  0.000
  0.018,298.980,  0.000,  0.000
  0.018,298.982,  0.000,  0.000
  0.018,299.158,  0.000,  0.000
  0.018,299.152,  0.000,  0.000
  0.018,299.147,  0.000,  0.000
  0.018,299.142,  0.000,  0.000
  0.018,299.136,  0.000,  0.000
  0.018,299.131,  0.000,  0.000
  0.018,299.127,  0.000,  0.000
  0.018,299.122,  0.000,  0.000
  0.018,299.117,  0.000,  0.000
  0.018,299.110,  0.000,  0.000
  0.018,299.104,  0.000,  0.000
  0.018,299.097,  0.000,  0.000
  0.018,299.091,  0.000,  0.000
  0.018,299.085,  0.000,  0.000
  0.018,299.078,  0.000,  0.000
  0.018,299.070,  0.000,  0.000
  0.018,299.062,  0.000,  0.000
  0.018,299.052,  0.000,  0.000
  0.018,299.043,  0.000,  0.000
  0.018,299.033,  0.000,  0.000
  0.018,299.018,  0.000,  0.000
  0.018,298.999,  0.000,  0.000
  0.018,298.982,  0.000,  0.000
  0.018,298.997,  0.000,  0.000
  0.018,298.999,  0.000,  0.000
  0.018,299.166,  0.000,  0.000
  0.018,299.162,  0.000,  0.000
  0.018,299.156,  0.000,  0.000
  0.018,299.150,  0.000,  0.000
  0.018,299.143,  0.000,  0.000
  0.018,299.138,  0.000,  0.000
  0.018,299.134,  0.000,  0.000
  0.018,299.130,  0.000,  0.000
  0.018,299.124,  0.000,  0.000
  0.018,299.118,  0.000,  0.000
  0.018,299.112,  0.000,  0.000
  0.018,299.106,  0.000,  0.000
  0.018,299.099,  0.000,  0.000
  0.018,299.092,  0.000,  0.000
  0.018,299.085,  0.000,  0.000
  0.018,299.078,  0.000,  0.000
  0.018,299.071,  0.000,  0.000
  0.018,299.063,  0.000,  0.000
  0.018,299.054,  0.000,  0.000
  0.018,299.040,  0.000,  0.000
  0.018,299.020,  0.000,  0.000
  0.018,299.007,  0.000,  0.000
  0.017,299.007,  0.000,  0.000
  0.017,299.032,  0.000,  0.000
  0.018,299.023,  0.000,  0.000
  0.018,299.175,  0.000,  0.000
  0.018,299.170,  0.000,  0.000
  0.018,299.164,  0.000,  0.000
  0.018,299.158,  0.000,  0.000
  0.018,299.152,  0.000,  0.000
  0.018,299.147,  0.000,  0.000
  0.018,299.142,  0.000,  0.000
  0.018,299.137,  0.000,  0.000
  0.018,299.132,  0.000,  0.000
  0.018,299.126,  0.000,  0.000
  0.018,299.121,  0.000,  0.000
  0.018,299.115,  0.000,  0.000
  0.018,299.108,  0.000,  0.000
  0.018,299.101,  0.000,  0.000
  0.018,299.094,  0.000,  0.000
  0.018,299.087,  0.000,  0.000
  0.018,299.080,  0.000,  0.000
  0.018,299.073,  0.000,  0.000
  0.018,299.064,  0.000,  0.000
  0.018,299.050,  0.000,  0.000
  0.018,299.036,  0.000,  0.000
  0.018,299.030,  0.000,  0.000
  0.018,299.029,  0.000,  0.000
  0.018,299.042,  0.000,  0.000
  0.017,299.034,  0.000,  0.000
  0.018,299.184,  0.000,  0.000
  0.018,299.179,  0.000,  0.000
  0.018,299.173,  0.000,  0.000
  0.018,299.168,  0.000,  0.000
  0.018,299.164,  0.000,  0.000
  0.018,299.158,  0.000,  0.000
  0.018,299.152,  0.000,  0.000
  0.018,299.146,  0.000,  0.000
  0.018,299.141,  0.000,  0.000
  0.018,299.135,  0.000,  0.000
  0.018,299.130,  0.000,  0.000
  0.018,299.124,  0.000,  0.000
  0.018,299.118,  0.000,  0.000
  0.018,299.111,  0.000,  0.000
  0.018,299.104,  0.000,  0.000
  0.018,299.097,  0.000,  0.000
  0.018,299.090,  0.000,  0.000
  0.018,299.082,  0.000,  0.000
  0.018,299.074,  0.000,  0.000
  0.018,299.066,  0.000,  0.000
  0.018,299.056,  0.000,  0.000
  0.018,299.038,  0.000,  0.000
  0.018,299.018,  0.000,  0.000
  0.018,299.028,  0.000,  0.000
  0.017,299.039,  0.000,  0.000
  0.018,299.193,  0.000,  0.000
  0.018,299.188,  0.000,  0.000
  0.018,299.183,  0.000,  0.000
  0.018,299.180,  0.000,  0.000
  0.018,299.175,  0.000,  0.000
  0.018,299.169,  0.000,  0.000
  0.018,299.162,  0.000,  0.000
  0.018,299.157,  0.000,  0.000
  0.018,299.151,  0.000,  0.000
  0.018,299.146,  0.000,  0.000
  0.018,299.140,  0.000,  0.000
  0.018,299.134,  0.000,  0.000
  0.018,299.128,  0.000,  0.000
  0.018,299.121,  0.000,  0.000
  0.018,299.115,  0.000,  0.000
  0.018,299.108,  0.000,  0.000
  0.018,299.100,  0.000,  0.000
  0.018,299.093,  0.000,  0.000
  0.018,299.086,  0.000,  0.000
  0.018,299.079,  0.000,  0.000
  0.018,299.063,  0.000,  0.000
  0.018,299.044,  0.000,  0.000
  0.018,299.031,  0.000,  0.000
  0.018,299.043,  0.000,  0.000
  0.018,299.040,  0.000,  0.000
  0.018,299.202,  0.000,  0.000
  0.018,299.198,  0.000,  0.000
  0.018,299.195,  0.000,  0.000
  0.018,299.191,  0.000,  0.000
  0.018,299.185,  0.000,  0.000
  0.018,299.179,  0.000,  0.000
  0.018,299.173,  0.000,  0.000
  0.018,299.168,  0.000,  0.000
  0.018,299.163,  0.000,  0.000
  0.018,299.157,  0.000,  0.000
  0.018,299.151,  0.000,  0.000
  0.018,299.144,  0.000,  0.000
  0.018,299.138,  0.000,  0.000
  0.018,299.132,  0.000,  0.000
  0.018,299.125,  0.000,  0.000
  0.018,299.118,  0.000,  0.000
  0.018,299.112,  0.000,  0.000
  0.018,299.105,  0.000,  0.000
  0.018,299.097,  0.000,  0.000
  0.018,299.086,  0.000,  0.000
  0.018,299.073,  0.000,  0.000
  0.018,299.067,  0.000,  0.000
  0.018,299.067,  0.000,  0.000
  0.018,299.068,  0.000,  0.000
  0.018,299.045,  0.000,  0.000
  0.018,299.213,  0.000,  0.000
  0.018,299.210,  0.000,  0.000
  0.018,299.207,  0.000,  0.000
  0.018,299.202,  0.000,  0.000
  0.018,299.195,  0.000,  0.000
  0.018,299.189,  0.000,  0.000
  0.018,299.185,  0.000,  0.000
  0.018,299.181,  0.000,  0.000
  0.018,299.175,  0.000,  0.000
  0.018,299.169,  0.000,  0.000
  0.018,299.162,  0.000,  0.000
  0.018,299.156,  0.000,  0.000
  0.018,299.150,  0.000,  0.000
  0.018,299.143,  0.000,  0.000
  0.018,299.137,  0.000,  0.000
  0.018,299.131,  0.000,  0.000
  0.018,299.124,  0.000,  0.000
  0.018,299.116,  0.000,  0.000
  0.018,299.107,  0.000,  0.000
  0.018,299.099,  0.000,  0.000
  0.018,299.093,  0.000,  0.000
  0.018,299.089,  0.000,  0.000
  0.018,299.077,  0.000,  0.000
  0.018,299.068,  0.000,  0.000
  0.018,299.059,  0.000,  0.000
  0.018,299.224,  0.000,  0.000
  0.018,299.223,  0.000,  0.000
  0.018,299.218,  0.000,  0.000
  0.018,299.211,  0.000,  0.000
  0.018,299.205,  0.000,  0.000
  0.018,299.202,  0.000,  0.000
  0.018,299.199,  0.000,  0.000
  0.018,299.194,  0.000,  0.000
  0.018,299.187,  0.000,  0.000
  0.018,299.180,  0.000,  0.000
  0.018,299.174,  0.000,  0.000
  0.018,299.169,  0.000,  0.000
  0.018,299.163,  0.000,  0.000
  0.018,299.156,  0.000,  0.000
  0.018,299.149,  0.000,  0.000
  0.018,299.143,  0.000,  0.000
  0.018,299.135,  0.000,  0.000
  0.018,299.126,  0.000,  0.000
  0.018,299.120,  0.000,  0.000
  0.018,299.116,  0.000,  0.000
  0.018,299.110,  0.000,  0.000
  0.018,299.097,  0.000,  0.000
  0.018,299.075,  0.000,  0.000
  0.018,299.065,  0.000,  0.000
  0.018,299.070,  0.000,  0.000
  0.018,299.237,  0.000,  0.000
  0.018,299.234,  0.000,  0.000
  0.018,299.228,  0.000,  0.000
  0.018,299.222,  0.000,  0.000
  0.018,299.218,  0.000,  0.000
  0.018,299.216,  0.000,  0.000
  0.018,299.212,  0.000,  0.000
  0.018,299.206,  0.000,  0.000
  0.018,299.198,  0.000,  0.000
  0.018,299.192,  0.000,  0.000
  0.018,299.188,  0.000,  0.000
  0.018,299.182,  0.000,  0.000
  0.018,299.176,  0.000,  0.000
  0.018,299.169,  0.000,  0.000
  0.018,299.162,  0.000,  0.000
  0.018,299.154,  0.000,  0.000
  0.018,299.147,  0.000,  0.000
  0.018,299.140,  0.000,  0.000
  0.018,299.136,  0.000,  0.000
  0.018,299.131,  0.000,  0.000
  0.018,299.122,  0.000,  0.000
  0.018,299.109,  0.000,  0.000
  0.018,299.097,  0.000,  0.000
  0.018,299.088,  0.000,  0.000
  0.018,299.080,  0.000,  0.000
  0.018,299.246,  0.000,  0.000
  0.018,299.242,  0.000,  0.000
  0.018,299.236,  0.000,  0.000
  0.018,299.233,  0.000,  0.000
  0.018,299.232,  0.000,  0.000
  0.018,299.229,  0.000,  0.000
  0.018,299.224,  0.000,  0.000
  0.018,299.217,  0.000,  0.000
  0.018,299.211,  0.000,  0.000
  0.018,299.207,  0.000,  0.000
  0.018,299.203,  0.000,  0.000
  0.018,299.197,  0.000,  0.000
  0.018,299.190,  0.000,  0.000
  0.018,299.183,  0.000,  0.000
  0.018,299.176,  0.000,  0.000
  0.018,299.169,  0.000,  0.000
  0.018,299.164,  0.000,  0.000
  0.018,299.159,  0.000,  0.000
  0.018,299.154,  0.000,  0.000
  0.018,299.144,  0.000,  0.000
  0.018,299.134,  0.000,  0.000
  0.018,299.126,  0.000,  0.000
  0.018,299.120,  0.000,  0.000
  0.018,299.113,  0.000,  0.000
  0.018,299.099,  0.000,  0.000
  0.018,299.253,  0.000,  0.000
  0.018,299.249,  0.000,  0.000
  0.018,299.245,  0.000,  0.000
  0.018,299.244,  0.000,  0.000
  0.018,299.242,  0.000,  0.000
  0.018,299.238,  0.000,  0.000
  0.018,299.232,  0.000,  0.000
  0.018,299.225,  0.000,  0.000
  0.018,299.221,  0.000,  0.000
  0.018,299.218,  0.000,  0.000
  0.018,299.214,  0.000,  0.000
  0.018,299.208,  0.000,  0.000
  0.018,299.200,  0.000,  0.000
  0.018,299.192,  0.000,  0.000
  0.018,299.186,  0.000,  0.000
  0.018,299.182,  0.000,  0.000
  0.018,299.178,  0.000,  0.000
  0.018,299.172,  0.000,  0.000
  0.018,299.163,  0.000,  0.000
  0.018,299.152,  0.000,  0.000
  0.018,299.143,  0.000,  0.000
  0.018,299.138,  0.000,  0.000
  0.018,299.134,  0.000,  0.000
  0.018,299.127,  0.000,  0.000
  0.018,299.111,  0.000,  0.000
  0.018,299.260,  0.000,  0.000
  0.018,299.257,  0.000,  0.000
  0.018,299.255,  0.000,  0.000
  0.018,299.253,  0.000,  0.000
  0.018,299.250,  0.000,  0.000
  0.018,299.245,  0.000,  0.000
  0.018,299.239,  0.000,  0.000
  0.018,299.235,  0.000,  0.000
  0.018,299.232,  0.000,  0.000
  0.018,299.229,  0.000,  0.000
  0.018,299.225,  0.000,  0.000
  0.018,299.218,  0.000,  0.000
  0.018,299.209,  0.000,  0.000
  0.018,299.203,  0.000,  0.000
  0.018,299.200,  0.000,  0.000
  0.018,299.197,  0.000,  0.000
  0.018,299.191,  0.000,  0.000
  0.018,299.181,  0.000,  0.000
  0.018,299.170,  0.000,  0.000
  0.018,299.162,  0.000,  0.000
  0.018,299.157,  0.000,  0.000
  0.018,299.155,  0.000,  0.000
  0.018,299.149,  0.000,  0.000
  0.018,299.136,  0.000,  0.000
  0.018,299.118,  0.000,  0.000
  0.018,299.267,  0.000,  0.000
  0.018,299.266,  0.000,  0.000
  0.018,299.263,  0.000,  0.000
  0.018,299.259,  0.000,  0.000
  0.018,299.256,  0.000,  0.000
  0.018,299.252,  0.000,  0.000
  0.018,299.247,  0.000,  0.000
  0.018,299.243,  0.000,  0.000
  0.018,299.240,  0.000,  0.000
  0.018,299.238,  0.000,  0.000
  0.018,299.233,  0.000,  0.000
  0.018,299.226,  0.000,  0.000
  0.018,299.219,  0.000,  0.000
  0.018,299.215,  0.000,  0.000
  0.018,299.214,  0.000,  0.000
  0.018,299.209,  0.000,  0.000
  0.018,299.199,  0.000,  0.000
  0.018,299.188,  0.000,  0.000
  0.018,299.180,  0.000,  0.000
  0.018,299.177,  0.000,  0.000
  0.018,299.175,  0.000,  0.000
  0.018,299.170,  0.000,  0.000
  0.018,299.159,  0.000,  0.000
  0.018,299.146,  0.000,  0.000
  0.018,299.138,  0.000,  0.000
  0.018,299.275,  0.000,  0.000
  0.018,299.273,  0.000,  0.000
  0.018,299.268,  0.000,  0.000
  0.018,299.264,  0.000,  0.000
  0.018,299.262,  0.000,  0.000
  0.018,299.259,  0.000,  0.000
  0.018,299.255,  0.000,  0.000
  0.018,299.251,  0.000,  0.000
  0.018,299.248,  0.000,  0.000
  0.018,299.246,  0.000,  0.000
  0.018,299.240,  0.000,  0.000
  0.018,299.234,  0.000,  0.000
  0.018,299.229,  0.000,  0.000
  0.018,299.227,  0.000,  0.000
  0.018,299.224,  0.000,  0.000
  0.018,299.216,  0.000,  0.000
  0.018,299.207,  0.000,  0.000
  0.018,299.200,  0.000,  0.000
  0.018,299.196,  0.000,  0.000
  0.018,299.194,  0.000,  0.000
  0.018,299.187,  0.000,  0.000
  0.018,299.178,  0.000,  0.000
  0.018,299.169,  0.000,  0.000
  0.018,299.162,  0.000,  0.000
  0.018,299.156,  0.000,  0.000
