  0.021,301.883,  0.000,  1.940
  0.021,301.863,  0.000,  1.940
  0.021,301.865,  0.000,  0.000
  0.021,301.883,  0.000,  0.000
  0.021,301.905,  0.000,  0.000
  0.021,301.919,  0.000,  0.000
  0.021,301.933,  0.000,  0.000
  0.021,301.974,  0.000,  0.000
  0.021,302.032,  0.000,  0.000
  0.021,302.063,  0.000,  0.000
  0.021,302.064,  0.000,  0.000
  0.021,302.063,  0.000,  0.000
  0.021,302.086,  0.000,  0.000
  0.021,302.122,  0.000,  0.000
  0.021,302.147,  0.000,  0.000
  0.021,302.161,  0.000,  0.000
  0.021,302.168,  0.000,  0.000
  0.020,302.126,  0.000,  0.000
  0.020,302.172,  0.000,  0.000
  0.020,302.204,  0.000,  0.000
  0.021,302.228,  0.000,  0.000
  0.021,302.182,  0.000,  0.000
  0.020,302.097,  0.000,  0.000
  0.020,302.124,  0.000,  0.000
  0.020,302.147,  0.000,  0.000
  0.021,301.884,  0.000,  0.110
  0.021,301.877,  0.000,  0.110
  0.021,301.880,  0.000,  0.000
  0.021,301.889,  0.000,  0.000
  0.021,301.901,  0.000,  0.000
  0.021,301.920,  0.000,  0.000
  0.021,301.953,  0.000,  0.000
  0.021,301.987,  0.000,  0.000
  0.021,302.010,  0.000,  0.000
  0.021,302.034,  0.000,  0.000
  0.021,302.056,  0.000,  0.000
  0.021,302.075,  0.000,  0.000
  0.021,302.089,  0.000,  0.000
  0.021,302.111,  0.000,  0.000
  0.021,302.153,  0.000,  0.000
  0.021,302.179,  0.000,  0.000
  0.021,302.174,  0.000,  0.000
  0.020,302.129,  0.000,  0.000
  0.020,302.189,  0.000,  0.000
  0.019,302.242,  0.000,  0.000
  0.019,302.216,  0.000,  0.000
  0.020,302.118,  0.000,  0.000
  0.020,302.069,  0.000,  0.000
  0.020,302.146,  0.000,  0.000
  0.019,302.189,  0.000,  0.000
  0.021,301.898,  0.000,  0.110
  0.021,301.888,  0.000,  0.110
  0.021,301.883,  0.000,  0.000
  0.021,301.882,  0.000,  0.000
  0.021,301.891,  0.000,  0.000
  0.021,301.920,  0.000,  0.000
  0.021,301.959,  0.000,  0.000
  0.020,301.896,  0.000,  0.000
  0.021,302.011,  0.000,  0.000
  0.021,302.031,  0.000,  0.000
  0.021,302.058,  0.000,  0.000
  0.021,302.085,  0.000,  0.000
  0.021,302.093,  0.000,  0.000
  0.021,302.098,  0.000,  0.000
  0.021,302.139,  0.000,  0.000
  0.021,302.170,  0.000,  0.000
  0.021,302.161,  0.000,  0.000
  0.020,302.116,  0.000,  0.000
  0.020,302.164,  0.000,  0.000
  0.020,302.184,  0.000,  0.000
  0.020,302.121,  0.000,  0.000
  0.020,302.038,  0.000,  0.000
  0.020,302.035,  0.000,  0.000
  0.019,302.153,  0.000,  0.000
  0.019,302.243,  0.000,  0.000
  0.021,301.894,  0.000,  0.110
  0.021,301.872,  0.000,  0.110
  0.021,301.864,  0.000,  0.000
  0.021,301.871,  0.000,  0.000
  0.021,301.890,  0.000,  0.000
  0.021,301.919,  0.000,  0.000
  0.020,301.867,  0.000,  0.000
  0.020,301.940,  0.000,  0.000
  0.021,302.058,  0.000,  0.000
  0.021,302.059,  0.000,  0.000
  0.021,302.071,  0.000,  0.000
  0.021,302.077,  0.000,  0.000
  0.021,302.078,  0.000,  0.000
  0.021,302.086,  0.000,  0.000
  0.021,302.118,  0.000,  0.000
  0.021,302.155,  0.000,  0.000
  0.020,302.115,  0.000,  0.000
  0.020,302.112,  0.000,  0.000
  0.020,302.082,  0.000,  0.000
  0.020,302.026,  0.000,  0.000
  0.021,301.973,  0.000,  0.000
  0.021,301.962,  0.000,  0.000
  0.020,302.026,  0.000,  0.000
  0.020,302.150,  0.000,  0.000
  0.019,302.222,  0.000,  0.000
  0.021,301.867,  0.000,  0.110
  0.021,301.845,  0.000,  0.110
  0.021,301.849,  0.000,  0.000
  0.021,301.875,  0.000,  0.000
  0.021,301.900,  0.000,  0.000
  0.021,301.933,  0.000,  0.000
  0.020,301.921,  0.000,  0.000
  0.020,302.018,  0.000,  0.000
  0.020,302.098,  0.000,  0.000
  0.021,302.095,  0.000,  0.000
  0.021,302.077,  0.000,  0.000
  0.021,302.063,  0.000,  0.000
  0.021,302.063,  0.000,  0.000
  0.021,302.074,  0.000,  0.000
  0.021,302.107,  0.000,  0.000
  0.020,302.132,  0.000,  0.000
  0.020,302.163,  0.000,  0.000
  0.020,302.110,  0.000,  0.000
  0.021,301.975,  0.000,  0.000
  0.021,301.899,  0.000,  0.000
  0.021,301.903,  0.000,  0.000
  0.020,301.948,  0.000,  0.000
  0.020,302.028,  0.000,  0.000
  0.020,302.107,  0.000,  0.000
  0.020,302.111,  0.000,  0.000
  0.021,301.852,  0.000,  0.000
  0.021,301.842,  0.000,  0.000
  0.021,301.858,  0.000,  0.000
  0.021,301.888,  0.000,  0.000
  0.021,301.918,  0.000,  0.000
  0.021,301.958,  0.000,  0.000
  0.021,302.013,  0.000,  0.000
  0.020,302.074,  0.000,  0.000
  0.020,302.111,  0.000,  0.000
  0.021,302.101,  0.000,  0.000
  0.021,302.075,  0.000,  0.000
  0.021,302.067,  0.000,  0.000
  0.021,302.062,  0.000,  0.000
  0.021,302.059,  0.000,  0.000
  0.021,302.100,  0.000,  0.000
  0.020,302.154,  0.000,  0.000
  0.020,302.183,  0.000,  0.000
  0.020,302.080,  0.000,  0.000
  0.021,301.917,  0.000,  0.000
  0.021,301.867,  0.000,  0.000
  0.021,301.900,  0.000,  0.000
  0.020,301.948,  0.000,  0.000
  0.020,302.018,  0.000,  0.000
  0.020,302.057,  0.000,  0.000
  0.020,302.012,  0.000,  0.000
  0.021,301.861,  0.000,  0.000
  0.021,301.871,  0.000,  0.000
  0.021,301.884,  0.000,  0.000
  0.021,301.903,  0.000,  0.000
  0.021,301.933,  0.000,  0.000
  0.021,301.971,  0.000,  0.000
  0.021,302.007,  0.000,  0.000
  0.021,302.050,  0.000,  0.000
  0.021,302.077,  0.000,  0.000
  0.020,302.003,  0.000,  0.000
  0.021,302.087,  0.000,  0.000
  0.021,302.084,  0.000,  0.000
  0.021,302.061,  0.000,  0.000
  0.021,302.035,  0.000,  0.000
  0.021,302.064,  0.000,  0.000
  0.021,302.134,  0.000,  0.000
  0.021,302.173,  0.000,  0.000
  0.020,302.027,  0.000,  0.000
  0.021,301.913,  0.000,  0.000
  0.021,301.879,  0.000,  0.000
  0.020,301.895,  0.000,  0.000
  0.020,301.935,  0.000,  0.000
  0.020,301.984,  0.000,  0.000
  0.020,302.012,  0.000,  0.000
  0.020,302.019,  0.000,  0.000
  0.021,301.884,  0.000,  0.000
  0.021,301.911,  0.000,  0.000
  0.021,301.917,  0.000,  0.000
  0.021,301.915,  0.000,  0.000
  0.021,301.947,  0.000,  0.000
  0.021,301.992,  0.000,  0.000
  0.021,302.023,  0.000,  0.000
  0.021,302.033,  0.000,  0.000
  0.021,302.040,  0.000,  0.000
  0.020,301.979,  0.000,  0.000
  0.020,302.008,  0.000,  0.000
  0.020,302.009,  0.000,  0.000
  0.020,301.981,  0.000,  0.000
  0.021,302.030,  0.000,  0.000
  0.021,302.040,  0.000,  0.000
  0.021,302.076,  0.000,  0.000
  0.020,302.009,  0.000,  0.000
  0.021,301.978,  0.000,  0.000
  0.021,301.932,  0.000,  0.000
  0.020,301.901,  0.000,  0.000
  0.020,301.898,  0.000,  0.000
  0.020,301.920,  0.000,  0.000
  0.020,301.955,  0.000,  0.000
  0.020,302.036,  0.000,  0.000
  0.020,302.134,  0.000,  0.000
  0.021,301.900,  0.000,  0.000
  0.021,301.928,  0.000,  0.000
  0.021,301.938,  0.000,  0.000
  0.021,301.933,  0.000,  0.000
  0.021,301.956,  0.000,  0.000
  0.021,302.005,  0.000,  0.000
  0.021,302.040,  0.000,  0.000
  0.021,302.038,  0.000,  0.000
  0.021,302.030,  0.000,  0.000
  0.021,302.045,  0.000,  0.000
  0.021,302.059,  0.000,  0.000
  0.020,301.975,  0.000,  0.000
  0.020,301.973,  0.000,  0.000
  0.020,301.970,  0.000,  0.000
  0.021,302.047,  0.000,  0.000
  0.021,302.045,  0.000,  0.000
  0.020,301.953,  0.000,  0.000
  0.020,301.956,  0.000,  0.000
  0.020,301.947,  0.000,  0.000
  0.020,301.923,  0.000,  0.000
  0.020,301.913,  0.000,  0.000
  0.020,301.930,  0.000,  0.000
  0.020,302.000,  0.000,  0.000
  0.020,302.131,  0.000,  0.000
  0.019,302.223,  0.000,  0.000
  0.021,301.897,  0.000,  0.000
  0.021,301.915,  0.000,  0.000
  0.021,301.940,  0.000,  0.000
  0.021,301.949,  0.000,  0.000
  0.021,301.952,  0.000,  0.000
  0.021,301.973,  0.000,  0.000
  0.021,302.006,  0.000,  0.000
  0.021,302.026,  0.000,  0.000
  0.021,302.033,  0.000,  0.000
  0.021,302.047,  0.000,  0.000
  0.021,302.057,  0.000,  0.000
  0.021,302.061,  0.000,  0.000
  0.021,302.068,  0.000,  0.000
  0.020,301.993,  0.000,  0.000
  0.020,301.981,  0.000,  0.000
  0.020,301.968,  0.000,  0.000
  0.020,301.968,  0.000,  0.000
  0.020,301.961,  0.000,  0.000
  0.020,301.944,  0.000,  0.000
  0.020,301.924,  0.000,  0.000
  0.020,301.918,  0.000,  0.000
  0.020,301.974,  0.000,  0.000
  0.020,302.088,  0.000,  0.000
  0.020,302.197,  0.000,  0.000
  0.019,302.214,  0.000,  0.000
  0.021,301.885,  0.000,  0.000
  0.021,301.897,  0.000,  0.000
  0.021,301.926,  0.000,  0.000
  0.021,301.940,  0.000,  0.000
  0.021,301.935,  0.000,  0.000
  0.021,301.931,  0.000,  0.000
  0.021,301.944,  0.000,  0.000
  0.021,301.977,  0.000,  0.000
  0.021,302.018,  0.000,  0.000
  0.021,302.069,  0.000,  0.000
  0.021,302.094,  0.000,  0.000
  0.021,302.109,  0.000,  0.000
  0.021,302.099,  0.000,  0.000
  0.021,302.088,  0.000,  0.000
  0.020,301.987,  0.000,  0.000
  0.020,302.010,  0.000,  0.000
  0.020,302.014,  0.000,  0.000
  0.020,302.001, -0.000,  0.000
  0.020,301.964,  0.000,  0.000
  0.020,301.925,  0.000,  0.000
  0.020,301.947,  0.000,  0.000
  0.020,302.062,  0.000,  0.000
  0.020,302.177,  0.000,  0.000
  0.020,302.200,  0.000,  0.000
  0.020,302.146,  0.000,  0.000
  0.021,301.882,  0.000,  0.000
  0.021,301.905,  0.000,  0.000
  0.021,301.929,  0.000,  0.000
  0.021,301.931,  0.000,  0.000
  0.021,301.923,  0.000,  0.000
  0.021,301.923,  0.000,  0.000
  0.021,301.931,  0.000,  0.000
  0.021,301.950,  0.000,  0.000
  0.021,301.998,  0.000,  0.000
  0.021,302.081,  0.000,  0.000
  0.021,302.138,  0.000,  0.000
  0.021,302.168,  0.000,  0.000
  0.021,302.130, -0.000,  0.000
  0.020,302.003,  0.000,  0.000
  0.020,302.003,  0.000,  0.000
  0.020,302.068,  0.000,  0.000
  0.019,302.072,  0.000,  0.000
  0.020,302.050,  0.000,  0.000
  0.020,301.981,  0.000,  0.000
  0.020,301.945,  0.000,  0.000
  0.020,302.035,  0.000,  0.000
  0.020,302.163,  0.000,  0.000
  0.019,302.212,  0.000,  0.000
  0.020,302.144,  0.000,  0.000
  0.020,302.086,  0.000,  0.000
  0.021,301.892,  0.000,  0.000
  0.021,301.933,  0.000,  0.000
  0.021,301.961,  0.000,  0.000
  0.021,301.962,  0.000,  0.000
  0.021,301.953,  0.000,  0.000
  0.021,301.956,  0.000,  0.000
  0.021,301.970,  0.000,  0.000
  0.021,301.975,  0.000,  0.000
  0.021,301.996,  0.000,  0.000
  0.021,302.068,  0.000,  0.000
  0.021,302.156,  0.000,  0.000
  0.021,302.182,  0.000,  0.000
  0.020,302.056,  0.000,  0.000
  0.020,301.986,  0.000,  0.000
  0.020,302.008,  0.000,  0.000
  0.020,302.047,  0.000,  0.000
  0.019,302.077,  0.000,  0.000
  0.020,302.048,  0.000,  0.000
  0.020,301.988,  0.000,  0.000
  0.020,301.995,  0.000,  0.000
  0.020,302.102,  0.000,  0.000
  0.019,302.176,  0.000,  0.000
  0.020,302.140,  0.000,  0.000
  0.020,302.071,  0.000,  0.000
  0.020,302.062,  0.000,  0.000
  0.021,301.895,  0.000,  0.000
  0.021,301.946,  0.000,  0.000
  0.021,301.994,  0.000,  0.000
  0.021,302.017,  0.000,  0.000
  0.021,302.012,  0.000,  0.000
  0.021,302.002,  0.000,  0.000
  0.021,302.005,  0.000,  0.000
  0.021,302.013,  0.000,  0.000
  0.021,302.037,  0.000,  0.000
  0.021,302.086,  0.000,  0.000
  0.021,302.133,  0.000,  0.000
  0.021,302.134,  0.000,  0.000
  0.020,302.016,  0.000,  0.000
  0.020,301.989,  0.000,  0.000
  0.020,302.000,  0.000,  0.000
  0.020,302.004,  0.000,  0.000
  0.020,301.978,  0.000,  0.000
  0.020,301.945,  0.000,  0.000
  0.020,301.956,  0.000,  0.000
  0.020,302.030,  0.000,  0.000
  0.019,302.098,  0.000,  0.000
  0.020,302.088,  0.000,  0.000
  0.020,302.032,  0.000,  0.000
  0.020,302.033,  0.000,  0.000
  0.020,302.054,  0.000,  0.000
  0.021,301.887,  0.000,  0.000
  0.021,301.928,  0.000,  0.000
  0.021,301.984,  0.000,  0.000
  0.021,302.027,  0.000,  0.000
  0.021,302.029,  0.000,  0.000
  0.021,302.014,  0.000,  0.000
  0.021,302.027,  0.000,  0.000
  0.021,302.069,  0.000,  0.000
  0.021,302.113,  0.000,  0.000
  0.021,302.113,  0.000,  0.000
  0.021,302.087,  0.000,  0.000
  0.020,301.999,  0.000,  0.000
  0.020,302.005,  0.000,  0.000
  0.020,302.015,  0.000,  0.000
  0.020,301.993,  0.000,  0.000
  0.020,301.935,  0.000,  0.000
  0.020,301.864,  0.000,  0.000
  0.020,301.849,  0.000,  0.000
  0.020,301.908,  0.000,  0.000
  0.020,301.985,  0.000,  0.000
  0.020,302.003,  0.000,  0.000
  0.020,301.973,  0.000,  0.000
  0.020,301.976,  0.000,  0.000
  0.020,302.023,  0.000,  0.000
  0.020,302.009,  0.000,  0.000
