  0.017,300.186,  0.000,  0.000
  0.018,300.396,  0.000,  0.000
  0.018,300.466,  0.000,  0.000
  0.018,300.558,  0.000,  0.000
  0.017,300.322,  0.000,  0.000
  0.017,300.321,  0.000,  0.000
  0.016,300.325,  0.000,  0.000
  0.017,300.315,  0.000,  0.000
  0.017,300.265,  0.000,  0.000
  0.017,300.213,  0.000,  0.000
  0.017,300.195,  0.000,  0.000
  0.017,300.161,  0.000,  0.000
  0.017,300.135,  0.000,  0.000
  0.017,300.132,  0.000,  0.000
  0.017,300.139,  0.000,  0.000
  0.017,300.164,  0.000,  0.000
  0.017,300.204,  0.000,  0.000
  0.017,300.226,  0.000,  0.000
  0.016,300.224,  0.000,  0.000
  0.016,300.200,  0.000,  0.000
  0.016,300.156,  0.000,  0.000
  0.017,300.112,  0.000,  0.000
  0.017,300.071,  0.000,  0.000
  0.017,300.042,  0.000,  0.000
  0.017,300.002,  0.000,  0.000
  0.017,300.126,  0.000,  0.000
  0.017,300.168,  0.000,  0.000
  0.017,300.247,  0.000,  0.000
  0.018,300.576,  0.000,  0.000
  0.018,300.595,  0.000,  0.000
  0.017,300.324,  0.000,  0.000
  0.017,300.325,  0.000,  0.000
  0.016,300.336,  0.000,  0.000
  0.017,300.310,  0.000,  0.000
  0.017,300.257,  0.000,  0.000
  0.017,300.223,  0.000,  0.000
  0.017,300.194,  0.000,  0.000
  0.017,300.164,  0.000,  0.000
  0.017,300.149,  0.000,  0.000
  0.017,300.148,  0.000,  0.000
  0.017,300.161,  0.000,  0.000
  0.017,300.185,  0.000,  0.000
  0.017,300.204,  0.000,  0.000
  0.017,300.203,  0.000,  0.000
  0.016,300.186,  0.000,  0.000
  0.016,300.159,  0.000,  0.000
  0.016,300.124,  0.000,  0.000
  0.017,300.083,  0.000,  0.000
  0.017,300.061,  0.000,  0.000
  0.017,300.036,  0.000,  0.000
  0.017,300.157,  0.000,  0.000
  0.018,300.457,  0.000,  0.000
  0.018,300.518,  0.000,  0.000
  0.018,300.614,  0.000,  0.000
  0.018,300.648,  0.000,  0.000
  0.017,300.338,  0.000,  0.000
  0.017,300.317,  0.000,  0.000
  0.017,300.339,  0.000,  0.000
  0.017,300.340,  0.000,  0.000
  0.017,300.307,  0.000,  0.000
  0.017,300.272,  0.000,  0.000
  0.017,300.235,  0.000,  0.000
  0.017,300.205,  0.000,  0.000
  0.017,300.180,  0.000,  0.000
  0.017,300.179,  0.000,  0.000
  0.017,300.202,  0.000,  0.000
  0.016,300.237,  0.000,  0.000
  0.016,300.244,  0.000,  0.000
  0.016,300.212,  0.000,  0.000
  0.017,300.173,  0.000,  0.000
  0.017,300.154,  0.000,  0.000
  0.017,300.138,  0.000,  0.000
  0.017,300.118,  0.000,  0.000
  0.017,300.115,  0.000,  0.000
  0.017,300.087,  0.000,  0.000
  0.017,300.163,  0.000,  0.000
  0.018,300.456,  0.000,  0.000
  0.018,300.535,  0.000,  0.000
  0.018,300.649,  0.000,  0.000
  0.018,300.690,  0.000,  0.000
  0.017,300.386,  0.000,  0.000
  0.017,300.339,  0.000,  0.000
  0.017,300.340,  0.000,  0.000
  0.017,300.349,  0.000,  0.000
  0.016,300.329,  0.000,  0.000
  0.017,300.278,  0.000,  0.000
  0.017,300.225,  0.000,  0.000
  0.017,300.215,  0.000,  0.000
  0.017,300.222,  0.000,  0.000
  0.017,300.213,  0.000,  0.000
  0.017,300.213,  0.000,  0.000
  0.017,300.237,  0.000,  0.000
  0.016,300.258,  0.000,  0.000
  0.016,300.241,  0.000,  0.000
  0.017,300.187,  0.000,  0.000
  0.017,300.134,  0.000,  0.000
  0.017,300.106,  0.000,  0.000
  0.017,300.102,  0.000,  0.000
  0.017,300.153,  0.000,  0.000
  0.017,300.202,  0.000,  0.000
  0.018,300.400,  0.000,  0.000
  0.018,300.361,  0.000,  0.000
  0.018,300.481,  0.000,  0.000
  0.018,300.660,  0.000,  0.000
  0.016,300.463,  0.000,  0.000
  0.016,300.408,  0.000,  0.000
  0.017,300.368,  0.000,  0.000
  0.017,300.339,  0.000,  0.000
  0.017,300.339,  0.000,  0.000
  0.016,300.341,  0.000,  0.000
  0.016,300.297,  0.000,  0.000
  0.017,300.231,  0.000,  0.000
  0.017,300.218,  0.000,  0.000
  0.017,300.237,  0.000,  0.000
  0.016,300.248,  0.000,  0.000
  0.017,300.237,  0.000,  0.000
  0.017,300.233,  0.000,  0.000
  0.017,300.243,  0.000,  0.000
  0.016,300.254,  0.000,  0.000
  0.016,300.250,  0.000,  0.000
  0.017,300.213,  0.000,  0.000
  0.017,300.150,  0.000,  0.000
  0.017,300.136,  0.000,  0.000
  0.017,300.200,  0.000,  0.000
  0.016,300.272,  0.000,  0.000
  0.018,300.251,  0.000,  0.000
  0.018,300.199,  0.000,  0.000
  0.018,300.385,  0.000,  0.000
  0.018,300.648,  0.000,  0.000
  0.016,300.447,  0.000,  0.000
  0.016,300.399,  0.000,  0.000
  0.016,300.409,  0.000,  0.000
  0.017,300.360,  0.000,  0.000
  0.017,300.314,  0.000,  0.000
  0.017,300.327,  0.000,  0.000
  0.016,300.315,  0.000,  0.000
  0.016,300.284,  0.000,  0.000
  0.017,300.259,  0.000,  0.000
  0.017,300.257,  0.000,  0.000
  0.016,300.271,  0.000,  0.000
  0.016,300.282,  0.000,  0.000
  0.017,300.284,  0.000,  0.000
  0.017,300.269,  0.000,  0.000
  0.016,300.260,  0.000,  0.000
  0.016,300.292,  0.000,  0.000
  0.016,300.352,  0.000,  0.000
  0.016,300.342,  0.000,  0.000
  0.017,300.278,  0.000,  0.000
  0.017,300.276,  0.000,  0.000
  0.017,300.326,  0.000,  0.000
  0.017,299.729,  0.000,  0.000
  0.018,300.109,  0.000,  0.000
  0.018,300.389,  0.000,  0.000
  0.018,300.690,  0.000,  0.000
  0.017,300.392,  0.000,  0.000
  0.016,300.385,  0.000,  0.000
  0.016,300.432,  0.000,  0.000
  0.016,300.382,  0.000,  0.000
  0.017,300.336,  0.000,  0.000
  0.017,300.322,  0.000,  0.000
  0.016,300.330,  0.000,  0.000
  0.016,300.330,  0.000,  0.000
  0.017,300.309,  0.000,  0.000
  0.017,300.282,  0.000,  0.000
  0.017,300.274,  0.000,  0.000
  0.016,300.292,  0.000,  0.000
  0.016,300.323,  0.000,  0.000
  0.016,300.334,  0.000,  0.000
  0.017,300.321,  0.000,  0.000
  0.016,300.352,  0.000,  0.000
  0.016,300.429,  0.000,  0.000
  0.015,300.471,  0.000,  0.000
  0.016,300.436,  0.000,  0.000
  0.017,300.371,  0.000,  0.000
  0.017,300.358,  0.000,  0.000
  0.017,299.620,  0.000,  0.000
  0.018,300.164,  0.000,  0.000
  0.018,300.606,  0.000,  0.000
  0.016,300.466,  0.000,  0.000
  0.017,300.370,  0.000,  0.000
  0.017,300.393,  0.000,  0.000
  0.016,300.401,  0.000,  0.000
  0.016,300.388,  0.000,  0.000
  0.016,300.366,  0.000,  0.000
  0.017,300.340,  0.000,  0.000
  0.017,300.340,  0.000,  0.000
  0.016,300.346,  0.000,  0.000
  0.016,300.332,  0.000,  0.000
  0.017,300.307,  0.000,  0.000
  0.017,300.296,  0.000,  0.000
  0.016,300.318,  0.000,  0.000
  0.016,300.353,  0.000,  0.000
  0.016,300.378,  0.000,  0.000
  0.016,300.385,  0.000,  0.000
  0.016,300.387,  0.000,  0.000
  0.016,300.415,  0.000,  0.000
  0.016,300.446,  0.000,  0.000
  0.016,300.444,  0.000,  0.000
  0.016,300.411,  0.000,  0.000
  0.017,300.381,  0.000,  0.000
  0.017,299.929,  0.000,  0.000
  0.017,300.236,  0.000,  0.000
  0.016,300.478,  0.000,  0.000
  0.016,300.439,  0.000,  0.000
  0.017,300.428,  0.000,  0.000
  0.017,300.412,  0.000,  0.000
  0.017,300.405,  0.000,  0.000
  0.016,300.408,  0.000,  0.000
  0.016,300.393,  0.000,  0.000
  0.016,300.368,  0.000,  0.000
  0.017,300.361,  0.000,  0.000
  0.017,300.366,  0.000,  0.000
  0.016,300.351,  0.000,  0.000
  0.016,300.323,  0.000,  0.000
  0.016,300.317,  0.000,  0.000
  0.017,300.348,  0.000,  0.000
  0.016,300.388,  0.000,  0.000
  0.016,300.417,  0.000,  0.000
  0.016,300.425,  0.000,  0.000
  0.016,300.416,  0.000,  0.000
  0.016,300.398,  0.000,  0.000
  0.016,300.384,  0.000,  0.000
  0.016,300.381,  0.000,  0.000
  0.016,300.380,  0.000,  0.000
  0.016,300.382,  0.000,  0.000
  0.018,300.659,  0.000,  0.000
  0.018,300.742,  0.000,  0.000
  0.017,300.484,  0.000,  0.000
  0.016,300.466,  0.000,  0.000
  0.016,300.457,  0.000,  0.000
  0.016,300.439,  0.000,  0.000
  0.016,300.424,  0.000,  0.000
  0.016,300.413,  0.000,  0.000
  0.016,300.402,  0.000,  0.000
  0.016,300.379,  0.000,  0.000
  0.017,300.362,  0.000,  0.000
  0.017,300.362,  0.000,  0.000
  0.017,300.362,  0.000,  0.000
  0.016,300.350,  0.000,  0.000
  0.016,300.343,  0.000,  0.000
  0.016,300.365,  0.000,  0.000
  0.017,300.400,  0.000,  0.000
  0.016,300.428,  0.000,  0.000
  0.016,300.445,  0.000,  0.000
  0.015,300.447,  0.000,  0.000
  0.015,300.429,  0.000,  0.000
  0.016,300.394,  0.000,  0.000
  0.017,300.351,  0.000,  0.000
  0.016,300.315,  0.000,  0.000
  0.016,300.311,  0.000,  0.000
  0.016,300.572,  0.000,  0.000
  0.017,300.556,  0.000,  0.000
  0.017,300.513,  0.000,  0.000
  0.017,300.476,  0.000,  0.000
  0.016,300.454,  0.000,  0.000
  0.016,300.437,  0.000,  0.000
  0.016,300.417,  0.000,  0.000
  0.016,300.402,  0.000,  0.000
  0.016,300.387,  0.000,  0.000
  0.016,300.366,  0.000,  0.000
  0.016,300.346,  0.000,  0.000
  0.016,300.346,  0.000,  0.000
  0.017,300.352,  0.000,  0.000
  0.016,300.352,  0.000,  0.000
  0.016,300.348,  0.000,  0.000
  0.016,300.348,  0.000,  0.000
  0.016,300.367,  0.000,  0.000
  0.016,300.402,  0.000,  0.000
  0.016,300.432,  0.000,  0.000
  0.016,300.444,  0.000,  0.000
  0.015,300.431,  0.000,  0.000
  0.016,300.410,  0.000,  0.000
  0.016,300.373,  0.000,  0.000
  0.017,300.327,  0.000,  0.000
  0.016,300.310,  0.000,  0.000
  0.016,300.573,  0.000,  0.000
  0.016,300.550,  0.000,  0.000
  0.017,300.505,  0.000,  0.000
  0.017,300.474,  0.000,  0.000
  0.017,300.460,  0.000,  0.000
  0.016,300.452,  0.000,  0.000
  0.016,300.433,  0.000,  0.000
  0.017,300.412,  0.000,  0.000
  0.017,300.393,  0.000,  0.000
  0.016,300.370,  0.000,  0.000
  0.016,300.345,  0.000,  0.000
  0.016,300.341,  0.000,  0.000
  0.017,300.359,  0.000,  0.000
  0.017,300.362,  0.000,  0.000
  0.016,300.350,  0.000,  0.000
  0.016,300.335,  0.000,  0.000
  0.016,300.338,  0.000,  0.000
  0.016,300.365,  0.000,  0.000
  0.017,300.398,  0.000,  0.000
  0.016,300.426,  0.000,  0.000
  0.016,300.444,  0.000,  0.000
  0.016,300.456,  0.000,  0.000
  0.016,300.455,  0.000,  0.000
  0.016,300.423,  0.000,  0.000
  0.016,300.380,  0.000,  0.000
  0.016,300.555,  0.000,  0.000
  0.016,300.525,  0.000,  0.000
  0.016,300.493,  0.000,  0.000
  0.016,300.475,  0.000,  0.000
  0.017,300.465,  0.000,  0.000
  0.017,300.458,  0.000,  0.000
  0.017,300.446,  0.000,  0.000
  0.017,300.429,  0.000,  0.000
  0.017,300.411,  0.000,  0.000
  0.017,300.394,  0.000,  0.000
  0.017,300.377,  0.000,  0.000
  0.016,300.374,  0.000,  0.000
  0.017,300.390,  0.000,  0.000
  0.017,300.395,  0.000,  0.000
  0.017,300.378,  0.000,  0.000
  0.016,300.367,  0.000,  0.000
  0.016,300.372,  0.000,  0.000
  0.016,300.383,  0.000,  0.000
  0.017,300.392,  0.000,  0.000
  0.017,300.399,  0.000,  0.000
  0.016,300.413,  0.000,  0.000
  0.016,300.448,  0.000,  0.000
  0.015,300.482,  0.000,  0.000
  0.015,300.484,  0.000,  0.000
  0.016,300.439,  0.000,  0.000
  0.017,300.541,  0.000,  0.000
  0.017,300.524,  0.000,  0.000
  0.016,300.506,  0.000,  0.000
  0.016,300.482,  0.000,  0.000
  0.016,300.452,  0.000,  0.000
  0.017,300.426,  0.000,  0.000
  0.017,300.417,  0.000,  0.000
  0.017,300.419,  0.000,  0.000
  0.017,300.417,  0.000,  0.000
  0.017,300.411,  0.000,  0.000
  0.017,300.399,  0.000,  0.000
  0.016,300.395,  0.000,  0.000
  0.016,300.405,  0.000,  0.000
  0.017,300.416,  0.000,  0.000
  0.017,300.409,  0.000,  0.000
  0.017,300.400,  0.000,  0.000
  0.016,300.402,  0.000,  0.000
  0.016,300.401,  0.000,  0.000
  0.016,300.399,  0.000,  0.000
  0.017,300.405,  0.000,  0.000
  0.016,300.422,  0.000,  0.000
  0.016,300.450,  0.000,  0.000
  0.016,300.483,  0.000,  0.000
  0.015,300.499,  0.000,  0.000
  0.016,300.476,  0.000,  0.000
  0.017,300.533,  0.000,  0.000
  0.017,300.509,  0.000,  0.000
  0.016,300.501,  0.000,  0.000
  0.016,300.482,  0.000,  0.000
  0.017,300.439,  0.000,  0.000
  0.017,300.397,  0.000,  0.000
  0.017,300.381,  0.000,  0.000
  0.016,300.391,  0.000,  0.000
  0.016,300.408,  0.000,  0.000
  0.017,300.415,  0.000,  0.000
  0.017,300.398,  0.000,  0.000
  0.017,300.383,  0.000,  0.000
  0.016,300.390,  0.000,  0.000
  0.016,300.414,  0.000,  0.000
  0.017,300.421,  0.000,  0.000
  0.017,300.413,  0.000,  0.000
  0.016,300.409,  0.000,  0.000
  0.016,300.404,  0.000,  0.000
  0.016,300.400,  0.000,  0.000
  0.017,300.416,  0.000,  0.000
  0.017,300.442,  0.000,  0.000
  0.016,300.467,  0.000,  0.000
  0.016,300.485,  0.000,  0.000
  0.016,300.489,  0.000,  0.000
  0.016,300.470,  0.000,  0.000
