  0.022,302.728,  0.000,  0.000
  0.022,302.750,  0.000,  0.000
  0.022,302.790,  0.000,  0.000
  0.022,302.855,  0.000,  0.000
  0.022,302.926,  0.000,  0.000
  0.022,302.977,  0.000,  0.000
  0.022,303.003,  0.000,  0.000
  0.022,303.028,  0.000,  0.000
  0.022,303.073,  0.000,  0.000
  0.022,303.149,  0.000,  0.000
  0.022,303.279,  0.000,  0.000
  0.021,303.446,  0.000,  0.000
  0.021,303.575,  0.000,  0.000
  0.021,303.608,  0.000,  0.000
  0.021,303.529,  0.000,  0.000
  0.022,303.376,  0.000,  0.000
  0.022,303.248,  0.000,  0.000
  0.022,303.218,  0.000,  0.000
  0.022,303.224,  0.000,  0.000
  0.022,303.190,  0.000,  0.000
  0.022,303.145,  0.000,  0.000
  0.021,303.135,  0.000,  0.000
  0.021,303.137,  0.000,  0.000
  0.022,303.113,  0.000,  0.000
  0.022,303.033,  0.000,  0.000
  0.022,302.724,  0.000,  0.000
  0.022,302.764,  0.000,  0.000
  0.022,302.816,  0.000,  0.000
  0.022,302.868,  0.000,  0.000
  0.022,302.919,  0.000,  0.000
  0.022,302.964,  0.000,  0.000
  0.022,303.009,  0.000,  0.000
  0.022,303.072,  0.000,  0.000
  0.023,303.168,  0.000,  0.000
  0.023,303.219,  0.000,  0.000
  0.022,303.243,  0.000,  0.000
  0.022,303.372,  0.000,  0.000
  0.021,303.541,  0.000,  0.000
  0.021,303.642,  0.000,  0.000
  0.021,303.627,  0.000,  0.000
  0.021,303.519,  0.000,  0.000
  0.022,303.346,  0.000,  0.000
  0.022,303.206,  0.000,  0.000
  0.022,303.185,  0.000,  0.000
  0.022,303.198,  0.000,  0.000
  0.022,303.174,  0.000,  0.000
  0.022,303.143,  0.000,  0.000
  0.022,303.114,  0.000,  0.000
  0.022,303.086,  0.000,  0.000
  0.022,303.031,  0.000,  0.000
  0.022,302.740,  0.000,  0.000
  0.022,302.756,  0.000,  0.000
  0.022,302.820,  0.000,  0.000
  0.022,302.891,  0.000,  0.000
  0.022,302.957,  0.000,  0.000
  0.022,302.981,  0.000,  0.000
  0.022,303.015,  0.000,  0.000
  0.022,303.074,  0.000,  0.000
  0.022,303.177,  0.000,  0.000
  0.023,303.282,  0.000,  0.000
  0.023,303.333,  0.000,  0.000
  0.023,303.368,  0.000,  0.000
  0.022,303.428,  0.000,  0.000
  0.021,303.538,  0.000,  0.000
  0.021,303.591,  0.000,  0.000
  0.021,303.545,  0.000,  0.000
  0.021,303.421,  0.000,  0.000
  0.022,303.259,  0.000,  0.000
  0.022,303.163,  0.000,  0.000
  0.022,303.168,  0.000,  0.000
  0.022,303.184,  0.000,  0.000
  0.022,303.166,  0.000,  0.000
  0.022,303.133,  0.000,  0.000
  0.022,303.098,  0.000,  0.000
  0.022,303.033,  0.000,  0.000
  0.022,302.793,  0.000,  0.000
  0.022,302.796,  0.000,  0.000
  0.022,302.812,  0.000,  0.000
  0.022,302.885,  0.000,  0.000
  0.022,302.964,  0.000,  0.000
  0.023,303.089,  0.000,  0.000
  0.022,303.037,  0.000,  0.000
  0.022,303.076,  0.000,  0.000
  0.022,303.180,  0.000,  0.000
  0.022,303.313,  0.000,  0.000
  0.021,303.412,  0.000,  0.000
  0.021,303.457,  0.000,  0.000
  0.022,303.427,  0.000,  0.000
  0.022,303.412,  0.000,  0.000
  0.021,303.454,  0.000,  0.000
  0.021,303.471,  0.000,  0.000
  0.021,303.404,  0.000,  0.000
  0.022,303.277,  0.000,  0.000
  0.022,303.165,  0.000,  0.000
  0.022,303.136,  0.000,  0.000
  0.022,303.165,  0.000,  0.000
  0.022,303.182,  0.000,  0.000
  0.021,303.170,  0.000,  0.000
  0.022,303.135,  0.000,  0.000
  0.022,303.053,  0.000,  0.000
  0.022,302.832,  0.000,  0.000
  0.022,302.873,  0.000,  0.000
  0.022,302.876,  0.000,  0.000
  0.022,302.879,  0.000,  0.000
  0.022,302.945,  0.000,  0.000
  0.022,303.020,  0.000,  0.000
  0.022,303.101,  0.000,  0.000
  0.022,303.067,  0.000,  0.000
  0.022,303.150,  0.000,  0.000
  0.022,303.301,  0.000,  0.000
  0.021,303.448,  0.000,  0.000
  0.021,303.545,  0.000,  0.000
  0.022,303.517,  0.000,  0.000
  0.023,303.442,  0.000,  0.000
  0.022,303.371,  0.000,  0.000
  0.022,303.362,  0.000,  0.000
  0.022,303.342,  0.000,  0.000
  0.022,303.263,  0.000,  0.000
  0.022,303.168,  0.000,  0.000
  0.022,303.117,  0.000,  0.000
  0.022,303.130,  0.000,  0.000
  0.022,303.171,  0.000,  0.000
  0.021,303.190,  0.000,  0.000
  0.022,303.166,  0.000,  0.000
  0.022,303.081,  0.000,  0.000
  0.022,302.831,  0.000,  0.080
  0.022,302.912,  0.000,  0.080
  0.022,302.983,  0.000,  0.120
  0.022,302.944,  0.000,  0.120
  0.022,302.935,  0.000,  0.120
  0.022,302.988,  0.000,  0.120
  0.022,303.038,  0.000,  0.300
  0.022,303.058,  0.000,  0.300
  0.022,303.097,  0.000,  0.300
  0.022,303.227,  0.000,  0.120
  0.022,303.398,  0.000,  0.120
  0.022,303.510,  0.000,  0.120
  0.022,303.563,  0.000,  0.120
  0.022,303.536,  0.000,  0.000
  0.022,303.451,  0.000,  0.000
  0.022,303.354,  0.000,  0.000
  0.022,303.300,  0.000,  0.000
  0.022,303.255,  0.000,  0.000
  0.022,303.184,  0.000,  0.000
  0.022,303.119,  0.000,  0.000
  0.022,303.105,  0.000,  0.000
  0.022,303.142,  0.000,  0.000
  0.022,303.182,  0.000,  0.000
  0.022,303.178,  0.000,  0.000
  0.022,303.101,  0.000,  0.000
  0.022,302.797,  0.000,  0.080
  0.022,302.893,  0.000,  0.080
  0.022,302.979,  0.000,  0.120
  0.022,303.055,  0.000,  0.120
  0.022,302.984,  0.000,  0.120
  0.022,302.986,  0.000,  0.120
  0.022,303.029,  0.000,  0.300
  0.022,303.112,  0.000,  0.300
  0.022,303.081,  0.000,  0.300
  0.023,303.181,  0.001,  0.120
  0.023,303.293,  0.000,  0.120
  0.022,303.432,  0.000,  0.120
  0.022,303.533,  0.000,  0.120
  0.021,303.605,  0.000,  0.000
  0.021,303.558,  0.000,  0.000
  0.021,303.448,  0.000,  0.000
  0.022,303.340,  0.000,  0.000
  0.022,303.279,  0.000,  0.000
  0.022,303.224,  0.000,  0.000
  0.022,303.150,  0.000,  0.000
  0.022,303.102,  0.000,  0.000
  0.022,303.117,  0.000,  0.000
  0.022,303.160,  0.000,  0.000
  0.022,303.175,  0.000,  0.000
  0.022,303.114,  0.000,  0.000
  0.022,302.800,  0.000,  0.080
  0.022,302.845,  0.000,  0.080
  0.022,302.935,  0.000,  0.120
  0.022,303.005,  0.000,  0.120
  0.022,303.043,  0.000,  0.120
  0.022,303.028,  0.000,  0.120
  0.022,303.049,  0.000,  0.300
  0.022,303.083,  0.000,  0.300
  0.023,303.154,  0.000,  0.300
  0.023,303.164,  0.000,  0.120
  0.023,303.208,  0.001,  0.120
  0.023,303.312,  0.002,  0.120
  0.022,303.435,  0.001,  0.120
  0.021,303.541,  0.000,  0.000
  0.021,303.558,  0.000,  0.000
  0.021,303.500,  0.000,  0.000
  0.022,303.408,  0.000,  0.000
  0.022,303.335,  0.000,  0.000
  0.022,303.282,  0.000,  0.000
  0.022,303.205,  0.000,  0.000
  0.022,303.124,  0.000,  0.000
  0.022,303.103,  0.000,  0.000
  0.022,303.136,  0.000,  0.000
  0.022,303.167,  0.000,  0.000
  0.022,303.130,  0.000,  0.000
  0.023,302.910,  0.000,  0.080
  0.023,302.936,  0.000,  0.080
  0.022,302.886,  0.000,  0.120
  0.022,302.951,  0.000,  0.120
  0.022,303.009,  0.000,  0.120
  0.022,303.042,  0.000,  0.120
  0.022,303.065,  0.000,  0.300
  0.023,303.141,  0.000,  0.300
  0.023,303.161,  0.000,  0.300
  0.023,303.187,  0.000,  0.120
  0.023,303.223,  0.002,  0.120
  0.023,303.271,  0.007,  0.120
  0.023,303.334,  0.008,  0.120
  0.022,303.403,  0.002,  0.000
  0.021,303.463,  0.000,  0.000
  0.021,303.470,  0.000,  0.000
  0.021,303.432,  0.000,  0.000
  0.022,303.386,  0.000,  0.000
  0.022,303.339,  0.000,  0.000
  0.022,303.267,  0.000,  0.000
  0.022,303.176,  0.000,  0.000
  0.022,303.119,  0.000,  0.000
  0.022,303.118,  0.000,  0.000
  0.022,303.155,  0.000,  0.000
  0.022,303.146,  0.000,  0.000
  0.022,302.817,  0.000,  0.420
  0.023,302.937,  0.000,  0.420
  0.023,302.970,  0.000,  0.220
  0.023,302.998,  0.000,  0.220
  0.022,302.959,  0.000,  0.220
  0.022,303.017,  0.000,  0.220
  0.023,303.112,  0.000,  0.190
  0.023,303.123,  0.000,  0.190
  0.023,303.143,  0.000,  0.190
  0.023,303.194,  0.000,  0.120
  0.022,303.261,  0.001,  0.120
  0.022,303.314,  0.007,  0.120
  0.022,303.336,  0.030,  0.120
  0.023,303.341,  0.034,  0.050
  0.022,303.348,  0.006,  0.050
  0.022,303.387,  0.000,  0.050
  0.022,303.413,  0.000,  0.060
  0.022,303.412,  0.000,  0.060
  0.022,303.392,  0.000,  0.060
  0.022,303.335,  0.000,  0.060
  0.022,303.238,  0.000,  0.090
  0.022,303.147,  0.000,  0.090
  0.022,303.115,  0.000,  0.090
  0.022,303.136,  0.000,  0.060
  0.022,303.157,  0.000,  0.060
  0.022,302.767,  0.000,  0.420
  0.023,302.919,  0.000,  0.420
  0.023,302.965,  0.000,  0.220
  0.023,302.996,  0.000,  0.220
  0.023,303.013,  0.000,  0.220
  0.023,303.046,  0.000,  0.220
  0.023,303.084,  0.000,  0.190
  0.023,303.101,  0.000,  0.190
  0.023,303.113,  0.000,  0.190
  0.022,303.102,  0.000,  0.120
  0.022,303.213,  0.000,  0.120
  0.022,303.317,  0.001,  0.120
  0.022,303.367,  0.032,  0.120
  0.022,303.366,  0.110,  0.050
  0.023,303.347,  0.073,  0.050
  0.022,303.333,  0.005,  0.050
  0.022,303.375,  0.000,  0.060
  0.022,303.416,  0.000,  0.060
  0.022,303.432,  0.000,  0.060
  0.022,303.405,  0.000,  0.060
  0.022,303.311,  0.000,  0.090
  0.022,303.193,  0.000,  0.090
  0.022,303.125,  0.000,  0.090
  0.022,303.124,  0.000,  0.060
  0.022,303.144,  0.000,  0.060
  0.023,302.841,  0.000,  0.420
  0.023,302.883,  0.000,  0.420
  0.023,302.941,  0.000,  0.220
  0.023,302.978,  0.000,  0.220
  0.023,302.997,  0.000,  0.220
  0.023,303.019,  0.000,  0.220
  0.023,303.057,  0.000,  0.190
  0.023,303.089,  0.000,  0.190
  0.023,303.109,  0.000,  0.190
  0.023,303.127,  0.000,  0.120
  0.022,303.127,  0.000,  0.120
  0.022,303.236,  0.000,  0.120
  0.021,303.326,  0.008,  0.120
  0.022,303.368,  0.072,  0.050
  0.022,303.365,  0.156,  0.050
  0.023,303.356,  0.015,  0.050
  0.023,303.367,  0.002,  0.060
  0.022,303.397,  0.001,  0.060
  0.022,303.443,  0.000,  0.060
  0.021,303.454,  0.000,  0.060
  0.022,303.387,  0.000,  0.090
  0.022,303.256,  0.000,  0.090
  0.022,303.152,  0.000,  0.090
  0.022,303.122,  0.000,  0.060
  0.022,303.135,  0.000,  0.060
  0.023,302.838,  0.000,  0.420
  0.023,302.860,  0.000,  0.420
  0.023,302.908,  0.000,  0.220
  0.023,302.948,  0.000,  0.220
  0.023,302.973,  0.000,  0.220
  0.023,302.996,  0.000,  0.220
  0.023,303.034,  0.000,  0.190
  0.023,303.085,  0.000,  0.190
  0.022,303.128,  0.000,  0.190
  0.022,303.154,  0.000,  0.120
  0.023,303.165,  0.001,  0.120
  0.023,303.192,  0.000,  0.120
  0.022,303.224,  0.011,  0.120
  0.023,303.315,  0.105,  0.050
  0.022,303.350,  0.260,  0.050
  0.022,303.363,  0.131,  0.050
  0.023,303.372,  0.008,  0.060
  0.023,303.386,  0.003,  0.060
  0.022,303.414,  0.001,  0.060
  0.021,303.452,  0.000,  0.060
  0.021,303.436,  0.000,  0.090
  0.022,303.323,  0.000,  0.090
  0.022,303.174,  0.000,  0.090
  0.022,303.100,  0.000,  0.060
  0.022,303.112,  0.000,  0.060
  0.023,302.834,  0.000,  0.410
  0.023,302.860,  0.000,  0.410
  0.023,302.893,  0.000,  0.240
  0.023,302.927,  0.000,  0.240
  0.023,302.952,  0.000,  0.240
  0.023,302.976,  0.000,  0.240
  0.023,303.006,  0.000,  0.220
  0.022,302.996,  0.000,  0.220
  0.022,303.077,  0.000,  0.220
  0.022,303.171,  0.001,  0.110
  0.022,303.190,  0.005,  0.110
  0.022,303.189,  0.007,  0.110
  0.023,303.198,  0.011,  0.110
  0.023,303.236,  0.166,  0.090
  0.023,303.290,  0.850,  0.090
  0.022,303.332,  1.133,  0.090
  0.022,303.355,  0.056,  0.220
  0.022,303.366,  0.011,  0.220
  0.023,303.374,  0.002,  0.220
  0.023,303.393,  0.000,  0.220
  0.021,303.423,  0.000,  0.300
  0.022,303.386,  0.000,  0.300
  0.022,303.265,  0.000,  0.300
  0.022,303.147,  0.000,  0.280
  0.022,303.103,  0.000,  0.280
  0.023,302.816,  0.000,  0.410
  0.023,302.855,  0.000,  0.410
  0.023,302.890,  0.000,  0.240
  0.023,302.920,  0.000,  0.240
  0.023,302.942,  0.000,  0.240
  0.023,302.964,  0.000,  0.240
  0.023,302.992,  0.000,  0.220
  0.023,303.029,  0.000,  0.220
  0.023,303.082,  0.000,  0.220
  0.023,303.139,  0.000,  0.110
  0.022,303.175,  0.003,  0.110
  0.022,303.190,  0.018,  0.110
  0.022,303.193,  0.033,  0.110
  0.023,303.199,  0.055,  0.090
  0.023,303.225,  0.545,  0.090
  0.023,303.269,  1.442,  0.090
  0.022,303.307,  0.918,  0.220
  0.022,303.326,  0.158,  0.220
  0.022,303.331,  0.009,  0.220
  0.022,303.334,  0.002,  0.220
  0.023,303.353,  0.000,  0.300
  0.022,303.353,  0.000,  0.300
  0.022,303.226,  0.000,  0.300
  0.022,303.066,  0.000,  0.280
  0.022,303.055,  0.000,  0.280
