  0.020,301.216,  0.000,  0.000
  0.020,300.852,  0.000,  0.000
  0.020,300.526,  0.000,  0.000
  0.020,300.499,  0.000,  0.000
  0.020,300.585,  0.000,  0.000
  0.020,300.640,  0.000,  0.000
  0.019,300.590,  0.000,  0.000
  0.019,300.480,  0.000,  0.000
  0.019,300.365,  0.000,  0.000
  0.020,300.363,  0.000,  0.000
  0.020,300.437,  0.000,  0.000
  0.020,300.292,  0.000,  0.000
  0.020,300.010,  0.000,  0.000
  0.020,299.780,  0.000,  0.000
  0.020,299.584,  0.000,  0.000
  0.020,299.443,  0.000,  0.000
  0.020,299.466,  0.000,  0.000
  0.020,299.627,  0.000,  0.000
  0.020,299.885,  0.000,  0.000
  0.020,299.937,  0.000,  0.000
  0.020,299.577,  0.000,  0.070
  0.020,299.205,  0.000,  0.070
  0.020,299.261,  0.000,  0.070
  0.020,299.277,  0.000,  0.020
  0.019,299.345,  0.000,  0.020
  0.020,300.732,  0.000,  0.000
  0.020,300.125,  0.000,  0.000
  0.020,300.096,  0.000,  0.000
  0.020,300.218,  0.000,  0.000
  0.020,300.251,  0.000,  0.000
  0.020,300.444,  0.000,  0.000
  0.019,300.625,  0.000,  0.000
  0.019,300.507,  0.000,  0.000
  0.020,300.236,  0.000,  0.000
  0.020,300.147,  0.000,  0.000
  0.020,300.194,  0.000,  0.000
  0.020,300.173,  0.000,  0.000
  0.020,299.967,  0.000,  0.000
  0.020,299.643,  0.000,  0.000
  0.020,299.408,  0.000,  0.000
  0.020,299.333,  0.000,  0.000
  0.020,299.340,  0.000,  0.000
  0.020,299.416,  0.000,  0.000
  0.020,299.659,  0.000,  0.000
  0.021,300.071,  0.000,  0.000
  0.021,300.328,  0.000,  0.000
  0.020,299.454,  0.000,  0.000
  0.020,299.460,  0.000,  0.000
  0.020,299.402,  0.000,  0.010
  0.020,299.359,  0.000,  0.010
  0.020,300.159,  0.000,  0.000
  0.020,299.893,  0.000,  0.000
  0.020,300.121,  0.000,  0.000
  0.019,300.176,  0.000,  0.000
  0.019,300.177,  0.000,  0.000
  0.019,300.263,  0.000,  0.000
  0.019,300.450,  0.000,  0.000
  0.020,300.357,  0.000,  0.000
  0.020,300.021,  0.000,  0.000
  0.020,299.951,  0.000,  0.000
  0.020,300.060,  0.000,  0.000
  0.020,300.145,  0.000,  0.000
  0.020,299.981,  0.000,  0.000
  0.020,299.631,  0.000,  0.000
  0.020,299.478,  0.000,  0.000
  0.020,299.482,  0.000,  0.000
  0.020,299.440,  0.000,  0.000
  0.020,299.449,  0.000,  0.000
  0.020,299.548,  0.000,  0.000
  0.020,299.808,  0.000,  0.000
  0.021,300.614,  0.000,  0.000
  0.020,300.390,  0.000,  0.000
  0.020,299.996,  0.000,  0.000
  0.020,299.845,  0.000,  0.010
  0.020,299.694,  0.000,  0.010
  0.020,300.036,  0.000,  0.000
  0.020,299.944,  0.000,  0.000
  0.020,299.922,  0.000,  0.000
  0.019,299.825,  0.000,  0.000
  0.019,300.022,  0.000,  0.000
  0.019,300.200,  0.000,  0.000
  0.019,300.230,  0.000,  0.000
  0.020,300.196,  0.000,  0.000
  0.020,299.936,  0.000,  0.000
  0.020,299.849,  0.000,  0.000
  0.020,299.999,  0.000,  0.000
  0.020,300.180,  0.000,  0.000
  0.020,300.063,  0.000,  0.000
  0.020,299.699,  0.000,  0.000
  0.020,299.564,  0.000,  0.000
  0.020,299.586,  0.000,  0.000
  0.020,299.500,  0.000,  0.000
  0.020,299.467,  0.000,  0.000
  0.020,299.624,  0.000,  0.000
  0.020,299.784,  0.000,  0.000
  0.021,300.708,  0.000,  0.000
  0.020,301.382,  0.000,  0.000
  0.020,301.080,  0.000,  0.000
  0.020,300.744,  0.000,  0.010
  0.020,300.697,  0.000,  0.010
  0.020,300.189,  0.000,  0.000
  0.020,299.914,  0.000,  0.000
  0.020,299.634,  0.000,  0.000
  0.019,299.367,  0.000,  0.000
  0.019,299.650,  0.000,  0.000
  0.019,300.008,  0.000,  0.000
  0.019,300.130,  0.000,  0.000
  0.020,300.131,  0.000,  0.000
  0.020,299.999,  0.000,  0.000
  0.020,299.800,  0.000,  0.000
  0.020,299.916,  0.000,  0.000
  0.020,300.199,  0.000,  0.000
  0.020,300.168,  0.000,  0.000
  0.020,299.821,  0.000,  0.000
  0.020,299.602,  0.000,  0.000
  0.020,299.592,  0.000,  0.000
  0.020,299.468,  0.000,  0.000
  0.021,299.937,  0.000,  0.000
  0.021,300.141,  0.000,  0.000
  0.021,300.345,  0.000,  0.000
  0.021,300.926,  0.000,  0.000
  0.020,301.484,  0.000,  0.000
  0.020,301.464,  0.000,  0.000
  0.020,301.508,  0.000,  0.010
  0.020,301.484,  0.000,  0.010
  0.020,300.376,  0.000,  0.000
  0.020,299.990,  0.000,  0.000
  0.020,299.713,  0.000,  0.000
  0.020,300.002,  0.000,  0.000
  0.020,299.994,  0.000,  0.000
  0.020,300.229,  0.000,  0.000
  0.020,300.482,  0.000,  0.000
  0.020,300.142,  0.000,  0.000
  0.020,300.051,  0.000,  0.000
  0.020,299.815,  0.000,  0.000
  0.020,299.860,  0.000,  0.000
  0.020,300.166,  0.000,  0.000
  0.020,300.203,  0.000,  0.000
  0.020,299.943,  0.000,  0.000
  0.020,299.639,  0.000,  0.000
  0.020,299.597,  0.000,  0.000
  0.021,300.086,  0.000,  0.000
  0.021,299.939,  0.000,  0.000
  0.021,300.083,  0.000,  0.000
  0.021,300.489,  0.000,  0.000
  0.021,301.305,  0.000,  0.030
  0.020,301.456,  0.000,  0.030
  0.020,301.373,  0.000,  0.030
  0.020,301.382,  0.000,  0.040
  0.020,301.384,  0.000,  0.040
  0.020,300.483,  0.000,  0.000
  0.020,300.269,  0.000,  0.000
  0.020,300.036,  0.000,  0.000
  0.019,299.869,  0.000,  0.000
  0.020,300.157,  0.000,  0.000
  0.020,300.195,  0.000,  0.000
  0.021,300.420,  0.000,  0.000
  0.021,300.541,  0.000,  0.000
  0.021,300.464,  0.000,  0.000
  0.020,299.840,  0.000,  0.000
  0.020,299.853,  0.000,  0.000
  0.020,300.093,  0.000,  0.000
  0.020,300.181,  0.000,  0.000
  0.021,300.478,  0.000,  0.000
  0.021,300.244,  0.000,  0.000
  0.020,299.626,  0.000,  0.000
  0.021,300.107,  0.000,  0.000
  0.021,299.985,  0.000,  0.000
  0.021,300.139,  0.000,  0.000
  0.021,300.918,  0.000,  0.000
  0.020,301.370,  0.000,  0.030
  0.020,301.442,  0.000,  0.030
  0.020,301.459,  0.000,  0.030
  0.020,301.415,  0.000,  0.040
  0.020,301.425,  0.000,  0.040
  0.019,300.619,  0.000,  0.000
  0.019,300.599,  0.000,  0.000
  0.020,300.386,  0.000,  0.000
  0.020,300.129,  0.000,  0.000
  0.020,299.768,  0.000,  0.000
  0.020,299.640,  0.000,  0.000
  0.020,299.813,  0.000,  0.000
  0.021,300.463,  0.000,  0.000
  0.021,300.460,  0.000,  0.000
  0.021,300.354,  0.000,  0.000
  0.021,300.285,  0.000,  0.000
  0.021,300.457,  0.000,  0.000
  0.020,300.190,  0.000,  0.000
  0.021,300.611,  0.000,  0.000
  0.021,300.498,  0.000,  0.000
  0.021,300.303,  0.000,  0.000
  0.021,300.215,  0.000,  0.000
  0.021,300.215,  0.000,  0.000
  0.021,300.588,  0.000,  0.000
  0.020,300.977,  0.000,  0.000
  0.020,301.137,  0.000,  0.030
  0.020,301.369,  0.000,  0.030
  0.020,301.450,  0.000,  0.030
  0.020,301.413,  0.000,  0.040
  0.020,301.442,  0.000,  0.040
  0.019,300.745,  0.000,  0.000
  0.019,300.784,  0.000,  0.000
  0.020,300.590,  0.000,  0.000
  0.020,299.879,  0.000,  0.000
  0.020,299.370,  0.000,  0.000
  0.020,299.404,  0.000,  0.000
  0.020,299.596,  0.000,  0.000
  0.020,299.941,  0.000,  0.000
  0.020,300.230,  0.000,  0.000
  0.021,300.536,  0.000,  0.000
  0.021,300.321,  0.000,  0.000
  0.021,300.378,  0.000,  0.000
  0.021,300.287,  0.000,  0.000
  0.021,300.895,  0.000,  0.000
  0.021,301.093,  0.000,  0.000
  0.021,301.115,  0.000,  0.000
  0.021,301.040,  0.000,  0.000
  0.021,301.105,  0.000,  0.000
  0.020,301.099,  0.000,  0.000
  0.020,301.025,  0.000,  0.000
  0.020,300.992,  0.000,  0.030
  0.020,301.331,  0.000,  0.030
  0.020,301.442,  0.000,  0.030
  0.020,301.371,  0.000,  0.040
  0.020,301.397,  0.000,  0.040
  0.019,300.612,  0.000,  0.000
  0.019,300.648,  0.000,  0.000
  0.020,300.362,  0.000,  0.180
  0.020,299.570,  0.000,  0.180
  0.020,299.263,  0.000,  0.180
  0.020,299.303,  0.000,  0.180
  0.020,299.510,  0.000,  0.000
  0.020,299.973,  0.000,  0.000
  0.020,300.360,  0.000,  0.000
  0.020,300.468,  0.000,  0.000
  0.020,300.406,  0.000,  0.000
  0.021,300.737,  0.000,  0.000
  0.021,300.950,  0.000,  0.000
  0.020,301.121,  0.000,  0.000
  0.020,301.344,  0.000,  0.000
  0.020,301.393,  0.000,  0.000
  0.020,301.394,  0.000,  0.040
  0.020,301.378,  0.000,  0.040
  0.020,301.312,  0.000,  0.040
  0.020,301.213,  0.000,  0.040
  0.020,301.218,  0.000,  0.040
  0.020,301.320,  0.000,  0.040
  0.020,301.415,  0.000,  0.040
  0.020,301.389,  0.000,  0.000
  0.020,301.391,  0.000,  0.000
  0.019,300.292,  0.000,  0.000
  0.020,300.348,  0.000,  0.000
  0.020,300.207,  0.000,  0.180
  0.020,299.643,  0.000,  0.180
  0.020,299.340,  0.000,  0.180
  0.020,299.253,  0.000,  0.180
  0.020,299.413,  0.000,  0.000
  0.020,299.860,  0.000,  0.000
  0.020,300.183,  0.000,  0.000
  0.020,300.301,  0.000,  0.000
  0.020,300.349,  0.000,  0.000
  0.020,300.527,  0.000,  0.000
  0.020,301.152,  0.000,  0.000
  0.020,301.480,  0.000,  0.000
  0.020,301.366,  0.000,  0.000
  0.020,301.392,  0.000,  0.000
  0.020,301.346,  0.000,  0.040
  0.020,301.330,  0.000,  0.040
  0.020,301.394,  0.000,  0.040
  0.020,301.444,  0.000,  0.040
  0.020,301.428,  0.000,  0.040
  0.020,301.373,  0.000,  0.040
  0.020,301.370,  0.000,  0.040
  0.020,301.376,  0.000,  0.000
  0.020,301.375,  0.000,  0.000
  0.020,300.067,  0.000,  0.000
  0.020,300.191,  0.000,  0.000
  0.020,300.249,  0.000,  0.180
  0.020,299.793,  0.000,  0.180
  0.020,299.411,  0.000,  0.180
  0.020,299.377,  0.001,  0.180
  0.020,299.412,  0.000,  0.000
  0.020,299.666,  0.000,  0.000
  0.020,299.895,  0.000,  0.000
  0.020,299.927,  0.000,  0.000
  0.020,299.942,  0.000,  0.000
  0.021,300.057,  0.000,  0.000
  0.020,300.708,  0.000,  0.000
  0.020,301.445,  0.000,  0.000
  0.020,301.402,  0.000,  0.000
  0.020,301.459,  0.000,  0.000
  0.020,301.431,  0.000,  0.040
  0.020,301.410,  0.000,  0.040
  0.020,301.424,  0.000,  0.040
  0.020,301.386,  0.000,  0.040
  0.020,301.392,  0.000,  0.040
  0.020,301.394,  0.000,  0.040
  0.020,301.368,  0.000,  0.040
  0.020,301.366,  0.000,  0.000
  0.020,301.360,  0.000,  0.000
  0.020,300.055,  0.000,  0.000
  0.020,300.142,  0.000,  0.000
  0.020,300.271,  0.000,  0.180
  0.020,300.062,  0.000,  0.180
  0.020,299.706,  0.001,  0.180
  0.020,299.641,  0.001,  0.180
  0.020,299.547,  0.000,  0.000
  0.020,299.620,  0.001,  0.000
  0.020,299.805,  0.000,  0.000
  0.020,299.738,  0.000,  0.000
  0.020,299.561,  0.000,  0.000
  0.021,299.624,  0.000,  0.000
  0.021,300.704,  0.000,  0.000
  0.020,301.418,  0.000,  0.000
  0.020,301.371,  0.000,  0.000
  0.020,301.401,  0.000,  0.000
  0.020,301.386,  0.000,  0.040
  0.020,301.361,  0.000,  0.040
  0.020,301.376,  0.000,  0.040
  0.020,301.348,  0.000,  0.040
  0.020,301.351,  0.000,  0.040
  0.020,301.370,  0.000,  0.040
  0.020,301.375,  0.000,  0.040
  0.020,301.353,  0.000,  0.000
  0.020,301.341,  0.000,  0.000
  0.020,300.179,  0.000,  0.000
  0.021,300.592,  0.000,  0.000
  0.021,300.638,  0.000,  0.000
  0.021,300.661,  0.000,  0.000
  0.021,300.457,  0.000,  0.000
  0.020,299.820,  0.001,  0.000
  0.020,299.822,  0.001,  0.000
  0.021,300.351,  0.000,  0.000
  0.021,300.425,  0.000,  0.000
  0.020,299.882,  0.001,  0.000
  0.021,300.043,  0.000,  0.000
  0.021,299.902,  0.001,  0.000
  0.021,300.451,  0.000,  0.000
  0.020,301.447,  0.000,  0.000
  0.020,301.359,  0.000,  0.000
  0.020,301.408,  0.000,  0.000
  0.020,301.388,  0.000,  0.000
  0.020,301.364,  0.000,  0.000
  0.020,301.367,  0.000,  0.000
  0.020,301.354,  0.000,  0.000
  0.020,301.352,  0.000,  0.000
  0.020,301.335,  0.000,  0.000
  0.020,301.323,  0.000,  0.000
  0.020,301.328,  0.000,  0.000
  0.020,301.318,  0.000,  0.000
  0.020,300.322,  0.000,  0.000
  0.021,300.656,  0.000,  0.000
  0.021,300.699,  0.000,  0.000
  0.021,300.798,  0.001,  0.000
  0.021,300.773,  0.000,  0.000
  0.021,300.600,  0.001,  0.000
  0.022,300.616,  0.000,  0.000
  0.021,300.386,  0.000,  0.000
  0.021,300.379,  0.000,  0.000
  0.021,300.603,  0.000,  0.000
  0.021,300.363,  0.000,  0.000
  0.021,300.141,  0.000,  0.000
  0.021,300.698,  0.001,  0.000
  0.020,301.399,  0.000,  0.000
  0.020,301.394,  0.000,  0.000
  0.020,301.398,  0.000,  0.000
  0.020,301.371,  0.000,  0.000
  0.020,301.349,  0.000,  0.000
  0.020,301.336,  0.000,  0.000
  0.020,301.330,  0.000,  0.000
  0.020,301.322,  0.000,  0.000
  0.020,301.298,  0.000,  0.000
  0.020,301.282,  0.000,  0.000
  0.020,301.291,  0.000,  0.000
  0.020,301.299,  0.000,  0.000
