  0.013,297.760,  0.000,  0.000
  0.013,297.761,  0.000,  0.000
  0.013,297.754,  0.000,  0.000
  0.013,297.722,  0.000,  0.000
  0.013,297.689,  0.000,  0.000
  0.013,297.681,  0.000,  0.000
  0.014,297.683,  0.000,  0.000
  0.014,297.670,  0.000,  0.000
  0.014,297.662,  0.000,  0.000
  0.014,297.659,  0.000,  0.000
  0.014,297.652,  0.000,  0.000
  0.014,297.648,  0.000,  0.000
  0.014,297.648,  0.000,  0.000
  0.014,297.648,  0.000,  0.000
  0.014,297.648,  0.000,  0.000
  0.014,297.648,  0.000,  0.000
  0.014,297.645,  0.000,  0.000
  0.014,297.648,  0.000,  0.000
  0.014,297.665,  0.000,  0.000
  0.014,297.684,  0.000,  0.000
  0.014,297.697,  0.000,  0.000
  0.014,297.710,  0.000,  0.000
  0.013,297.725,  0.000,  0.000
  0.013,297.747,  0.000,  0.000
  0.013,297.750,  0.000,  0.000
  0.013,297.776,  0.000,  0.000
  0.013,297.771,  0.000,  0.000
  0.014,297.759,  0.000,  0.000
  0.014,297.739,  0.000,  0.000
  0.013,297.718,  0.000,  0.000
  0.013,297.721,  0.000,  0.000
  0.013,297.740,  0.000,  0.000
  0.013,297.740,  0.000,  0.000
  0.013,297.726,  0.000,  0.000
  0.014,297.710,  0.000,  0.000
  0.014,297.687,  0.000,  0.000
  0.014,297.657,  0.000,  0.000
  0.014,297.629,  0.000,  0.000
  0.014,297.613,  0.000,  0.000
  0.014,297.622,  0.000,  0.000
  0.014,297.658,  0.000,  0.000
  0.014,297.694,  0.000,  0.000
  0.014,297.710,  0.000,  0.000
  0.014,297.718,  0.000,  0.000
  0.014,297.734,  0.000,  0.000
  0.014,297.755,  0.000,  0.000
  0.014,297.768,  0.000,  0.000
  0.014,297.766,  0.000,  0.000
  0.014,297.776,  0.000,  0.000
  0.015,298.202,  0.000,  0.000
  0.013,297.791,  0.000,  0.000
  0.013,297.778,  0.000,  0.000
  0.014,297.758,  0.000,  0.000
  0.014,297.741,  0.000,  0.000
  0.014,297.729,  0.000,  0.000
  0.014,297.726,  0.000,  0.000
  0.013,297.739,  0.000,  0.000
  0.013,297.746,  0.000,  0.000
  0.014,297.736,  0.000,  0.000
  0.014,297.719,  0.000,  0.000
  0.014,297.701,  0.000,  0.000
  0.014,297.680,  0.000,  0.000
  0.014,297.657,  0.000,  0.000
  0.014,297.638,  0.000,  0.000
  0.014,297.632,  0.000,  0.000
  0.014,297.657,  0.000,  0.000
  0.014,297.710,  0.000,  0.000
  0.014,297.760,  0.000,  0.000
  0.014,297.792,  0.000,  0.000
  0.014,297.817,  0.000,  0.000
  0.014,297.829,  0.000,  0.000
  0.014,297.821,  0.000,  0.000
  0.014,297.812,  0.000,  0.000
  0.014,297.830,  0.000,  0.000
  0.015,298.257,  0.000,  0.000
  0.013,297.774,  0.000,  0.000
  0.013,297.774,  0.000,  0.000
  0.014,297.770,  0.000,  0.000
  0.014,297.754,  0.000,  0.000
  0.014,297.738,  0.000,  0.000
  0.014,297.724,  0.000,  0.000
  0.014,297.720,  0.000,  0.000
  0.014,297.718,  0.000,  0.000
  0.014,297.707,  0.000,  0.000
  0.014,297.692,  0.000,  0.000
  0.014,297.686,  0.000,  0.000
  0.014,297.689,  0.000,  0.000
  0.014,297.694,  0.000,  0.000
  0.014,297.691,  0.000,  0.000
  0.014,297.683,  0.000,  0.000
  0.014,297.690,  0.000,  0.000
  0.014,297.737,  0.000,  0.000
  0.014,297.812,  0.000,  0.000
  0.014,297.873,  0.000,  0.000
  0.014,297.892,  0.000,  0.000
  0.014,297.881,  0.000,  0.000
  0.014,297.873,  0.000,  0.000
  0.014,297.883,  0.000,  0.000
  0.015,298.206,  0.000,  0.000
  0.014,298.235,  0.000,  0.000
  0.014,297.736,  0.000,  0.000
  0.014,297.729,  0.000,  0.000
  0.014,297.746,  0.000,  0.000
  0.014,297.755,  0.000,  0.000
  0.014,297.749,  0.000,  0.000
  0.014,297.732,  0.000,  0.000
  0.014,297.712,  0.000,  0.000
  0.014,297.697,  0.000,  0.000
  0.014,297.687,  0.000,  0.000
  0.014,297.680,  0.000,  0.000
  0.014,297.683,  0.000,  0.000
  0.014,297.701,  0.000,  0.000
  0.014,297.726,  0.000,  0.000
  0.014,297.742,  0.000,  0.000
  0.014,297.746,  0.000,  0.000
  0.014,297.763,  0.000,  0.000
  0.014,297.814,  0.000,  0.000
  0.014,297.891,  0.000,  0.000
  0.014,297.943,  0.000,  0.000
  0.014,297.945,  0.000,  0.000
  0.014,297.935,  0.000,  0.000
  0.014,297.938,  0.000,  0.000
  0.013,297.949,  0.000,  0.000
  0.014,298.204,  0.000,  0.000
  0.015,298.386,  0.000,  0.000
  0.014,297.741,  0.000,  0.000
  0.014,297.708,  0.000,  0.000
  0.014,297.709,  0.000,  0.000
  0.014,297.727,  0.000,  0.000
  0.014,297.742,  0.000,  0.000
  0.014,297.742,  0.000,  0.000
  0.014,297.731,  0.000,  0.000
  0.014,297.718,  0.000,  0.000
  0.015,297.711,  0.000,  0.000
  0.015,297.713,  0.000,  0.000
  0.014,297.722,  0.000,  0.000
  0.014,297.740,  0.000,  0.000
  0.014,297.763,  0.000,  0.000
  0.014,297.778,  0.000,  0.000
  0.014,297.791,  0.000,  0.000
  0.014,297.828,  0.000,  0.000
  0.014,297.902,  0.000,  0.000
  0.014,297.971,  0.000,  0.000
  0.014,297.989,  0.000,  0.000
  0.014,297.978,  0.000,  0.000
  0.014,298.080,  0.000,  0.000
  0.014,297.980,  0.000,  0.000
  0.015,298.365,  0.000,  0.000
  0.015,298.393,  0.000,  0.000
  0.015,298.410,  0.000,  0.000
  0.015,297.793,  0.000,  0.000
  0.015,297.753,  0.000,  0.000
  0.015,297.732,  0.000,  0.000
  0.015,297.728,  0.000,  0.000
  0.015,297.740,  0.000,  0.000
  0.014,297.757,  0.000,  0.000
  0.014,297.764,  0.000,  0.000
  0.014,297.760,  0.000,  0.000
  0.015,297.757,  0.000,  0.000
  0.015,297.761,  0.000,  0.000
  0.014,297.771,  0.000,  0.000
  0.014,297.782,  0.000,  0.000
  0.014,297.797,  0.000,  0.000
  0.014,297.810,  0.000,  0.000
  0.014,297.833,  0.000,  0.000
  0.014,297.885,  0.000,  0.000
  0.014,297.963,  0.000,  0.000
  0.014,298.022,  0.000,  0.000
  0.014,298.031,  0.000,  0.000
  0.014,298.019,  0.000,  0.000
  0.015,298.378,  0.000,  0.000
  0.015,298.391,  0.000,  0.000
  0.015,298.404,  0.000,  0.000
  0.015,298.424,  0.000,  0.000
  0.015,298.396,  0.000,  0.000
  0.014,297.828,  0.000,  0.000
  0.015,297.811,  0.000,  0.000
  0.015,297.789,  0.000,  0.000
  0.015,297.774,  0.000,  0.000
  0.015,297.770,  0.000,  0.000
  0.015,297.785,  0.000,  0.000
  0.015,297.801,  0.000,  0.000
  0.015,297.804,  0.000,  0.000
  0.015,297.801,  0.000,  0.000
  0.015,297.803,  0.000,  0.000
  0.015,297.812,  0.000,  0.000
  0.015,297.819,  0.000,  0.000
  0.015,297.837,  0.000,  0.000
  0.015,297.873,  0.000,  0.000
  0.014,297.928,  0.000,  0.000
  0.014,297.988,  0.000,  0.000
  0.014,298.104,  0.000,  0.000
  0.015,298.308,  0.000,  0.000
  0.015,298.444,  0.000,  0.000
  0.015,298.440,  0.000,  0.000
  0.014,298.064,  0.000,  0.000
  0.015,298.389,  0.000,  0.000
  0.016,298.382,  0.000,  0.000
  0.016,298.389,  0.000,  0.000
  0.016,298.383,  0.000,  0.000
  0.015,297.845,  0.000,  0.000
  0.015,297.847,  0.000,  0.000
  0.015,297.840,  0.000,  0.000
  0.015,297.832,  0.000,  0.000
  0.015,297.824,  0.000,  0.000
  0.015,297.824,  0.000,  0.000
  0.015,297.830,  0.000,  0.000
  0.015,297.833,  0.000,  0.000
  0.015,297.835,  0.000,  0.000
  0.015,297.845,  0.000,  0.000
  0.015,297.862,  0.000,  0.000
  0.015,297.883,  0.000,  0.000
  0.015,297.913,  0.000,  0.000
  0.014,297.967,  0.000,  0.000
  0.014,298.039,  0.000,  0.000
  0.014,298.107,  0.000,  0.000
  0.014,298.261,  0.000,  0.000
  0.015,298.503,  0.000,  0.000
  0.015,298.487,  0.000,  0.000
  0.016,298.464,  0.000,  0.000
  0.016,298.425,  0.000,  0.000
  0.014,297.982,  0.000,  0.000
  0.016,298.316,  0.000,  0.000
  0.016,298.329,  0.000,  0.000
  0.016,298.363,  0.000,  0.000
  0.015,297.857,  0.000,  0.000
  0.015,297.865,  0.000,  0.000
  0.015,297.870,  0.000,  0.000
  0.015,297.873,  0.000,  0.000
  0.015,297.872,  0.000,  0.000
  0.015,297.867,  0.000,  0.000
  0.015,297.866,  0.000,  0.000
  0.015,297.870,  0.000,  0.000
  0.015,297.881,  0.000,  0.000
  0.015,297.904,  0.000,  0.000
  0.015,297.941,  0.000,  0.000
  0.015,297.981,  0.000,  0.000
  0.015,298.017,  0.000,  0.000
  0.014,298.065,  0.000,  0.000
  0.014,298.136,  0.000,  0.000
  0.014,298.218,  0.000,  0.000
  0.015,298.558,  0.000,  0.000
  0.015,298.515,  0.000,  0.000
  0.016,298.463,  0.000,  0.000
  0.014,298.076,  0.000,  0.000
  0.015,298.041,  0.000,  0.000
  0.014,297.974,  0.000,  0.000
  0.014,297.955,  0.000,  0.000
  0.016,298.307,  0.000,  0.000
  0.014,297.973,  0.000,  0.000
  0.015,297.873,  0.000,  0.000
  0.015,297.875,  0.000,  0.000
  0.015,297.885,  0.000,  0.000
  0.015,297.895,  0.000,  0.000
  0.015,297.901,  0.000,  0.000
  0.015,297.910,  0.000,  0.000
  0.015,297.923,  0.000,  0.000
  0.015,297.940,  0.000,  0.000
  0.015,297.954,  0.000,  0.000
  0.015,297.970,  0.000,  0.000
  0.015,297.999,  0.000,  0.000
  0.015,298.050,  0.000,  0.000
  0.015,298.108,  0.000,  0.000
  0.014,298.155,  0.000,  0.000
  0.014,298.209,  0.000,  0.000
  0.014,298.264,  0.000,  0.000
  0.014,298.234,  0.000,  0.000
  0.014,298.106,  0.000,  0.000
  0.014,298.023,  0.000,  0.000
  0.016,298.405,  0.000,  0.000
  0.016,298.427,  0.000,  0.000
  0.014,298.040,  0.000,  0.000
  0.014,297.967,  0.000,  0.000
  0.014,298.079,  0.000,  0.000
  0.014,297.961,  0.000,  0.000
  0.015,297.911,  0.000,  0.000
  0.015,297.908,  0.000,  0.000
  0.015,297.917,  0.000,  0.000
  0.015,297.927,  0.000,  0.000
  0.015,297.940,  0.000,  0.000
  0.015,297.957,  0.000,  0.000
  0.015,297.981,  0.000,  0.000
  0.015,298.005,  0.000,  0.000
  0.015,298.032,  0.000,  0.000
  0.015,298.052,  0.000,  0.000
  0.015,298.075,  0.000,  0.000
  0.015,298.126,  0.000,  0.000
  0.015,298.178,  0.000,  0.000
  0.016,298.533,  0.000,  0.000
  0.016,298.533,  0.000,  0.000
  0.016,298.536,  0.000,  0.000
  0.015,298.186,  0.000,  0.000
  0.014,298.115,  0.000,  0.000
  0.014,298.044,  0.000,  0.000
  0.016,298.426,  0.000,  0.000
  0.014,298.101,  0.000,  0.000
  0.014,298.097,  0.000,  0.000
  0.014,298.053,  0.000,  0.000
  0.014,297.988,  0.000,  0.000
  0.014,298.018,  0.000,  0.000
  0.015,297.980,  0.000,  0.000
  0.015,297.976,  0.000,  0.000
  0.016,298.360,  0.000,  0.000
  0.016,298.363,  0.000,  0.000
  0.015,297.978,  0.000,  0.000
  0.015,297.992,  0.000,  0.000
  0.015,298.018,  0.000,  0.000
  0.015,298.051,  0.000,  0.000
  0.015,298.091,  0.000,  0.000
  0.015,298.133,  0.000,  0.000
  0.015,298.172,  0.000,  0.000
  0.015,298.201,  0.000,  0.000
  0.016,298.534,  0.000,  0.000
  0.016,298.510,  0.000,  0.000
  0.016,298.479,  0.000,  0.000
  0.016,298.470,  0.000,  0.000
  0.016,298.486,  0.000,  0.000
  0.016,298.511,  0.000,  0.000
  0.016,298.493,  0.000,  0.000
  0.014,298.123,  0.000,  0.000
  0.014,298.125,  0.000,  0.000
  0.014,298.123,  0.000,  0.000
  0.014,298.105,  0.000,  0.000
  0.014,298.047,  0.000,  0.000
  0.014,298.130,  0.000,  0.000
  0.015,298.047,  0.000,  0.000
  0.016,298.410,  0.000,  0.000
  0.016,298.407,  0.000,  0.000
  0.015,298.033,  0.000,  0.000
  0.015,298.052,  0.000,  0.000
  0.015,298.083,  0.000,  0.000
  0.015,298.103,  0.000,  0.000
  0.015,298.127,  0.000,  0.000
  0.015,298.182,  0.000,  0.000
  0.015,298.214,  0.000,  0.000
  0.015,298.220,  0.000,  0.000
  0.016,298.549,  0.000,  0.000
  0.016,298.534,  0.000,  0.000
  0.014,298.148,  0.000,  0.000
  0.015,298.459,  0.000,  0.000
  0.015,298.454,  0.000,  0.000
  0.016,298.494,  0.000,  0.000
  0.016,298.536,  0.000,  0.000
  0.014,298.189,  0.000,  0.000
  0.014,298.145,  0.000,  0.000
  0.014,298.122,  0.000,  0.000
  0.014,298.126,  0.000,  0.000
  0.014,298.134,  0.000,  0.000
  0.014,298.114,  0.000,  0.000
  0.014,298.055,  0.000,  0.000
  0.015,298.102,  0.000,  0.000
  0.015,298.100,  0.000,  0.000
  0.016,298.473,  0.000,  0.000
  0.015,298.147,  0.000,  0.000
  0.015,298.178,  0.000,  0.000
  0.015,298.191,  0.000,  0.000
  0.016,298.523,  0.000,  0.000
  0.016,298.539,  0.000,  0.000
  0.016,298.570,  0.000,  0.000
  0.016,298.581,  0.000,  0.000
  0.016,298.543,  0.000,  0.000
  0.016,298.515,  0.000,  0.000
  0.016,298.524,  0.000,  0.000
  0.014,298.175,  0.000,  0.000
  0.014,298.157,  0.000,  0.000
  0.015,298.499,  0.000,  0.000
  0.016,298.528,  0.000,  0.000
  0.014,298.211,  0.000,  0.000
  0.014,298.175,  0.000,  0.000
  0.014,298.120,  0.000,  0.000
  0.014,298.095,  0.000,  0.000
  0.014,298.102,  0.000,  0.000
  0.014,298.129,  0.000,  0.000
  0.014,298.139,  0.000,  0.000
  0.014,298.101,  0.000,  0.000
