  0.013,297.437,  0.000,  0.000
  0.014,297.437,  0.000,  0.000
  0.014,297.400,  0.000,  0.000
  0.014,297.346,  0.000,  0.000
  0.014,297.332,  0.000,  0.000
  0.014,297.356,  0.000,  0.000
  0.014,297.375,  0.000,  0.000
  0.014,297.383,  0.000,  0.000
  0.014,297.384,  0.000,  0.000
  0.014,297.382,  0.000,  0.000
  0.014,297.374,  0.000,  0.000
  0.014,297.353,  0.000,  0.000
  0.014,297.318,  0.000,  0.000
  0.014,297.292,  0.000,  0.000
  0.014,297.302,  0.000,  0.000
  0.014,297.306,  0.000,  0.000
  0.014,297.270,  0.000,  0.000
  0.014,297.283,  0.000,  0.000
  0.014,297.337,  0.000,  0.000
  0.014,297.317,  0.000,  0.000
  0.014,297.244,  0.000,  0.000
  0.014,297.247,  0.000,  0.000
  0.014,297.336,  0.000,  0.000
  0.014,297.389,  0.000,  0.000
  0.014,297.326,  0.000,  0.000
  0.013,297.519,  0.000,  0.000
  0.014,297.496,  0.000,  0.000
  0.014,297.398,  0.000,  0.000
  0.014,297.320,  0.000,  0.000
  0.014,297.325,  0.000,  0.000
  0.014,297.365,  0.000,  0.000
  0.014,297.395,  0.000,  0.000
  0.014,297.408,  0.000,  0.000
  0.014,297.414,  0.000,  0.000
  0.014,297.415,  0.000,  0.000
  0.014,297.395,  0.000,  0.000
  0.014,297.355,  0.000,  0.000
  0.014,297.320,  0.000,  0.000
  0.014,297.322,  0.000,  0.000
  0.014,297.336,  0.000,  0.000
  0.014,297.308,  0.000,  0.000
  0.014,297.284,  0.000,  0.000
  0.014,297.325,  0.000,  0.000
  0.014,297.345,  0.000,  0.000
  0.014,297.310,  0.000,  0.000
  0.014,297.258,  0.000,  0.000
  0.014,297.290,  0.000,  0.000
  0.014,297.376,  0.000,  0.000
  0.014,297.390,  0.000,  0.000
  0.014,297.321,  0.000,  0.000
  0.013,297.616,  0.000,  0.000
  0.014,297.526,  0.000,  0.000
  0.014,297.400,  0.000,  0.000
  0.014,297.351,  0.000,  0.000
  0.014,297.370,  0.000,  0.000
  0.014,297.394,  0.000,  0.000
  0.014,297.401,  0.000,  0.000
  0.014,297.402,  0.000,  0.000
  0.014,297.402,  0.000,  0.000
  0.014,297.397,  0.000,  0.000
  0.014,297.377,  0.000,  0.000
  0.014,297.345,  0.000,  0.000
  0.014,297.342,  0.000,  0.000
  0.014,297.372,  0.000,  0.000
  0.014,297.360,  0.000,  0.000
  0.014,297.315,  0.000,  0.000
  0.014,297.321,  0.000,  0.000
  0.014,297.344,  0.000,  0.000
  0.014,297.333,  0.000,  0.000
  0.014,297.293,  0.000,  0.000
  0.014,297.263,  0.000,  0.000
  0.014,297.329,  0.000,  0.000
  0.014,297.402,  0.000,  0.000
  0.014,297.389,  0.000,  0.000
  0.014,297.322,  0.000,  0.000
  0.014,297.643,  0.000,  0.000
  0.014,297.516,  0.000,  0.000
  0.014,297.435,  0.000,  0.000
  0.014,297.432,  0.000,  0.000
  0.014,297.439,  0.000,  0.000
  0.014,297.420,  0.000,  0.000
  0.014,297.392,  0.000,  0.000
  0.014,297.377,  0.000,  0.000
  0.014,297.372,  0.000,  0.000
  0.014,297.369,  0.000,  0.000
  0.014,297.356,  0.000,  0.000
  0.014,297.349,  0.000,  0.000
  0.014,297.379,  0.000,  0.000
  0.014,297.413,  0.000,  0.000
  0.014,297.379,  0.000,  0.000
  0.014,297.346,  0.000,  0.000
  0.014,297.349,  0.000,  0.000
  0.014,297.336,  0.000,  0.000
  0.014,297.312,  0.000,  0.000
  0.014,297.272,  0.000,  0.000
  0.014,297.285,  0.000,  0.000
  0.014,297.374,  0.000,  0.000
  0.014,297.420,  0.000,  0.000
  0.014,297.379,  0.000,  0.000
  0.014,297.309,  0.000,  0.000
  0.014,297.588,  0.000,  0.000
  0.014,297.485,  0.000,  0.000
  0.014,297.479,  0.000,  0.000
  0.014,297.513,  0.000,  0.000
  0.013,297.498,  0.000,  0.000
  0.014,297.440,  0.000,  0.000
  0.014,297.388,  0.000,  0.000
  0.014,297.366,  0.000,  0.000
  0.014,297.362,  0.000,  0.000
  0.014,297.359,  0.000,  0.000
  0.014,297.352,  0.000,  0.000
  0.014,297.361,  0.000,  0.000
  0.014,297.400,  0.000,  0.000
  0.014,297.418,  0.000,  0.000
  0.014,297.391,  0.000,  0.000
  0.014,297.383,  0.000,  0.000
  0.014,297.367,  0.000,  0.000
  0.014,297.335,  0.000,  0.000
  0.014,297.313,  0.000,  0.000
  0.014,297.296,  0.000,  0.000
  0.014,297.347,  0.000,  0.000
  0.014,297.426,  0.000,  0.000
  0.014,297.419,  0.000,  0.000
  0.014,297.344,  0.000,  0.000
  0.014,297.298,  0.000,  0.000
  0.014,297.554,  0.000,  0.000
  0.014,297.518,  0.000,  0.000
  0.014,297.542,  0.000,  0.000
  0.013,297.571,  0.000,  0.000
  0.014,297.540,  0.000,  0.000
  0.014,297.469,  0.000,  0.000
  0.014,297.410,  0.000,  0.000
  0.014,297.383,  0.000,  0.000
  0.014,297.374,  0.000,  0.000
  0.014,297.366,  0.000,  0.000
  0.014,297.359,  0.000,  0.000
  0.014,297.369,  0.000,  0.000
  0.014,297.392,  0.000,  0.000
  0.014,297.401,  0.000,  0.000
  0.014,297.409,  0.000,  0.000
  0.014,297.419,  0.000,  0.000
  0.014,297.384,  0.000,  0.000
  0.014,297.351,  0.000,  0.000
  0.014,297.345,  0.000,  0.000
  0.014,297.367,  0.000,  0.000
  0.014,297.425,  0.000,  0.000
  0.014,297.453,  0.000,  0.000
  0.014,297.381,  0.000,  0.000
  0.014,297.304,  0.000,  0.000
  0.014,297.320,  0.000,  0.000
  0.014,297.607,  0.000,  0.000
  0.014,297.639,  0.000,  0.000
  0.014,297.627,  0.000,  0.000
  0.014,297.608,  0.000,  0.000
  0.014,297.568,  0.000,  0.000
  0.014,297.511,  0.000,  0.000
  0.014,297.460,  0.000,  0.000
  0.014,297.415,  0.000,  0.000
  0.014,297.388,  0.000,  0.000
  0.014,297.382,  0.000,  0.000
  0.014,297.383,  0.000,  0.000
  0.014,297.387,  0.000,  0.000
  0.014,297.394,  0.000,  0.000
  0.014,297.414,  0.000,  0.000
  0.014,297.446,  0.000,  0.000
  0.014,297.436,  0.000,  0.000
  0.014,297.382,  0.000,  0.000
  0.014,297.369,  0.000,  0.000
  0.014,297.396,  0.000,  0.000
  0.014,297.439,  0.000,  0.000
  0.014,297.471,  0.000,  0.000
  0.014,297.425,  0.000,  0.000
  0.014,297.323,  0.000,  0.000
  0.014,297.301,  0.000,  0.000
  0.014,297.373,  0.000,  0.000
  0.014,297.687,  0.000,  0.000
  0.014,297.724,  0.000,  0.000
  0.014,297.677,  0.000,  0.000
  0.014,297.618,  0.000,  0.000
  0.014,297.578,  0.000,  0.000
  0.014,297.559,  0.000,  0.000
  0.014,297.522,  0.000,  0.000
  0.014,297.454,  0.000,  0.000
  0.014,297.412,  0.000,  0.000
  0.014,297.411,  0.000,  0.000
  0.014,297.422,  0.000,  0.000
  0.014,297.426,  0.000,  0.000
  0.014,297.433,  0.000,  0.000
  0.014,297.458,  0.000,  0.000
  0.014,297.465,  0.000,  0.000
  0.014,297.419,  0.000,  0.000
  0.014,297.384,  0.000,  0.000
  0.014,297.408,  0.000,  0.000
  0.014,297.449,  0.000,  0.000
  0.014,297.480,  0.000,  0.000
  0.014,297.458,  0.000,  0.000
  0.014,297.363,  0.000,  0.000
  0.014,297.295,  0.000,  0.000
  0.014,297.342,  0.000,  0.000
  0.014,297.427,  0.000,  0.000
  0.014,297.725,  0.000,  0.000
  0.014,297.703,  0.000,  0.000
  0.014,297.648,  0.000,  0.000
  0.014,297.607,  0.000,  0.000
  0.014,297.603,  0.000,  0.000
  0.014,297.620,  0.000,  0.000
  0.014,297.579,  0.000,  0.000
  0.014,297.497,  0.000,  0.000
  0.014,297.451,  0.000,  0.000
  0.014,297.444,  0.000,  0.000
  0.014,297.446,  0.000,  0.000
  0.014,297.456,  0.000,  0.000
  0.014,297.473,  0.000,  0.000
  0.014,297.479,  0.000,  0.000
  0.014,297.452,  0.000,  0.000
  0.014,297.422,  0.000,  0.000
  0.014,297.435,  0.000,  0.000
  0.014,297.467,  0.000,  0.000
  0.014,297.485,  0.000,  0.000
  0.014,297.475,  0.000,  0.000
  0.014,297.403,  0.000,  0.000
  0.014,297.319,  0.000,  0.000
  0.014,297.317,  0.000,  0.000
  0.014,297.401,  0.000,  0.000
  0.014,297.456,  0.000,  0.000
  0.014,297.698,  0.000,  0.000
  0.014,297.620,  0.000,  0.000
  0.014,297.585,  0.000,  0.000
  0.014,297.620,  0.000,  0.000
  0.014,297.665,  0.000,  0.000
  0.014,297.669,  0.000,  0.000
  0.014,297.613,  0.000,  0.000
  0.014,297.547,  0.000,  0.000
  0.014,297.503,  0.000,  0.000
  0.014,297.468,  0.000,  0.000
  0.014,297.441,  0.000,  0.000
  0.014,297.454,  0.000,  0.000
  0.014,297.481,  0.000,  0.000
  0.014,297.479,  0.000,  0.000
  0.014,297.466,  0.000,  0.000
  0.014,297.483,  0.000,  0.000
  0.014,297.506,  0.000,  0.000
  0.014,297.505,  0.000,  0.000
  0.014,297.475,  0.000,  0.000
  0.014,297.417,  0.000,  0.000
  0.014,297.344,  0.000,  0.000
  0.014,297.321,  0.000,  0.000
  0.014,297.371,  0.000,  0.000
  0.014,297.453,  0.000,  0.000
  0.014,297.466,  0.000,  0.000
  0.014,297.650,  0.000,  0.000
  0.013,297.582,  0.000,  0.000
  0.014,297.598,  0.000,  0.000
  0.014,297.695,  0.000,  0.000
  0.014,297.719,  0.000,  0.000
  0.014,297.674,  0.000,  0.000
  0.014,297.620,  0.000,  0.000
  0.014,297.596,  0.000,  0.000
  0.014,297.564,  0.000,  0.000
  0.014,297.498,  0.000,  0.000
  0.014,297.448,  0.000,  0.000
  0.014,297.456,  0.000,  0.000
  0.014,297.484,  0.000,  0.000
  0.014,297.500,  0.000,  0.000
  0.014,297.521,  0.000,  0.000
  0.014,297.543,  0.000,  0.000
  0.014,297.533,  0.000,  0.000
  0.014,297.488,  0.000,  0.000
  0.014,297.417,  0.000,  0.000
  0.014,297.347,  0.000,  0.000
  0.014,297.327,  0.000,  0.000
  0.014,297.367,  0.000,  0.000
  0.014,297.438,  0.000,  0.000
  0.014,297.496,  0.000,  0.000
  0.014,297.466,  0.000,  0.000
  0.013,297.636,  0.000,  0.000
  0.013,297.624,  0.000,  0.000
  0.014,297.682,  0.000,  0.000
  0.014,297.745,  0.000,  0.000
  0.014,297.730,  0.000,  0.000
  0.014,297.674,  0.000,  0.000
  0.014,297.644,  0.000,  0.000
  0.014,297.658,  0.000,  0.000
  0.014,297.627,  0.000,  0.000
  0.014,297.542,  0.000,  0.000
  0.014,297.481,  0.000,  0.000
  0.014,297.477,  0.000,  0.000
  0.014,297.502,  0.000,  0.000
  0.014,297.531,  0.000,  0.000
  0.014,297.551,  0.000,  0.000
  0.014,297.535,  0.000,  0.000
  0.014,297.492,  0.000,  0.000
  0.014,297.437,  0.000,  0.000
  0.014,297.369,  0.000,  0.000
  0.014,297.336,  0.000,  0.000
  0.014,297.373,  0.000,  0.000
  0.014,297.440,  0.000,  0.000
  0.014,297.502,  0.000,  0.000
  0.014,297.496,  0.000,  0.000
  0.014,297.426,  0.000,  0.000
  0.013,297.662,  0.000,  0.000
  0.014,297.703,  0.000,  0.000
  0.014,297.733,  0.000,  0.000
  0.014,297.699,  0.000,  0.000
  0.014,297.686,  0.000,  0.000
  0.014,297.711,  0.000,  0.000
  0.014,297.725,  0.000,  0.000
  0.014,297.728,  0.000,  0.000
  0.014,297.674,  0.000,  0.000
  0.014,297.590,  0.000,  0.000
  0.014,297.537,  0.000,  0.000
  0.014,297.524,  0.000,  0.000
  0.014,297.532,  0.000,  0.000
  0.014,297.536,  0.000,  0.000
  0.014,297.510,  0.000,  0.000
  0.014,297.467,  0.000,  0.000
  0.014,297.442,  0.000,  0.000
  0.014,297.423,  0.000,  0.000
  0.014,297.396,  0.000,  0.000
  0.014,297.403,  0.000,  0.000
  0.014,297.457,  0.000,  0.000
  0.014,297.508,  0.000,  0.000
  0.014,297.500,  0.000,  0.000
  0.014,297.417,  0.000,  0.000
  0.014,297.352,  0.000,  0.000
  0.014,297.719,  0.000,  0.000
  0.014,297.762,  0.000,  0.000
  0.014,297.715,  0.000,  0.000
  0.014,297.602,  0.000,  0.000
  0.014,297.630,  0.000,  0.000
  0.014,297.740,  0.000,  0.000
  0.014,297.780,  0.000,  0.000
  0.014,297.755,  0.000,  0.000
  0.014,297.698,  0.000,  0.000
  0.014,297.629,  0.000,  0.000
  0.014,297.588,  0.000,  0.000
  0.014,297.583,  0.000,  0.000
  0.014,297.568,  0.000,  0.000
  0.014,297.515,  0.000,  0.000
  0.014,297.454,  0.000,  0.000
  0.014,297.432,  0.000,  0.000
  0.014,297.447,  0.000,  0.000
  0.014,297.460,  0.000,  0.000
  0.014,297.466,  0.000,  0.000
  0.014,297.489,  0.000,  0.000
  0.014,297.516,  0.000,  0.000
  0.014,297.498,  0.000,  0.000
  0.014,297.411,  0.000,  0.000
  0.014,297.322,  0.000,  0.000
  0.014,297.325,  0.000,  0.000
  0.014,297.778,  0.000,  0.000
  0.014,297.774,  0.000,  0.000
  0.014,297.683,  0.000,  0.000
  0.014,297.582,  0.000,  0.000
  0.014,297.652,  0.000,  0.000
  0.014,297.736,  0.000,  0.000
  0.014,297.748,  0.000,  0.000
  0.014,297.729,  0.000,  0.000
  0.014,297.691,  0.000,  0.000
  0.014,297.655,  0.000,  0.000
  0.014,297.659,  0.000,  0.000
  0.014,297.666,  0.000,  0.000
  0.014,297.611,  0.000,  0.000
  0.014,297.513,  0.000,  0.000
  0.014,297.454,  0.000,  0.000
  0.014,297.463,  0.000,  0.000
  0.014,297.495,  0.000,  0.000
  0.014,297.512,  0.000,  0.000
  0.014,297.521,  0.000,  0.000
  0.014,297.529,  0.000,  0.000
  0.014,297.502,  0.000,  0.000
  0.014,297.422,  0.000,  0.000
  0.014,297.339,  0.000,  0.000
  0.014,297.321,  0.000,  0.000
  0.014,297.386,  0.000,  0.000
