  0.021,302.214,  0.000,  0.000
  0.021,302.209,  0.000,  0.000
  0.021,302.202,  0.000,  0.000
  0.021,302.195,  0.000,  0.000
  0.021,302.189,  0.000,  0.000
  0.021,302.184,  0.000,  0.000
  0.021,302.180,  0.000,  0.000
  0.021,302.178,  0.000,  0.000
  0.021,302.177,  0.000,  0.000
  0.021,302.177,  0.000,  0.000
  0.021,302.178,  0.000,  0.000
  0.021,302.179,  0.000,  0.000
  0.021,302.180,  0.000,  0.000
  0.021,302.182,  0.000,  0.000
  0.021,302.183,  0.000,  0.000
  0.021,302.185,  0.000,  0.000
  0.021,302.187,  0.000,  0.000
  0.021,302.191,  0.000,  0.000
  0.021,302.196,  0.000,  0.000
  0.021,302.202,  0.000,  0.000
  0.021,302.208,  0.000,  0.000
  0.021,302.214,  0.000,  0.000
  0.021,302.220,  0.000,  0.000
  0.021,302.250,  0.000,  0.000
  0.021,302.251,  0.000,  0.000
  0.021,302.214,  0.000,  0.000
  0.021,302.207,  0.000,  0.000
  0.021,302.200,  0.000,  0.000
  0.021,302.193,  0.000,  0.000
  0.021,302.187,  0.000,  0.000
  0.021,302.182,  0.000,  0.000
  0.021,302.179,  0.000,  0.000
  0.021,302.178,  0.000,  0.000
  0.021,302.177,  0.000,  0.000
  0.021,302.178,  0.000,  0.000
  0.021,302.179,  0.000,  0.000
  0.021,302.180,  0.000,  0.000
  0.021,302.181,  0.000,  0.000
  0.021,302.182,  0.000,  0.000
  0.021,302.183,  0.000,  0.000
  0.021,302.185,  0.000,  0.000
  0.021,302.187,  0.000,  0.000
  0.021,302.191,  0.000,  0.000
  0.021,302.196,  0.000,  0.000
  0.021,302.201,  0.000,  0.000
  0.021,302.207,  0.000,  0.000
  0.021,302.212,  0.000,  0.000
  0.021,302.217,  0.000,  0.000
  0.021,302.245,  0.000,  0.000
  0.021,302.246,  0.000,  0.000
  0.021,302.212,  0.000,  0.000
  0.021,302.204,  0.000,  0.000
  0.021,302.197,  0.000,  0.000
  0.021,302.190,  0.000,  0.000
  0.021,302.185,  0.000,  0.000
  0.021,302.181,  0.000,  0.000
  0.021,302.179,  0.000,  0.000
  0.021,302.178,  0.000,  0.000
  0.021,302.178,  0.000,  0.000
  0.021,302.179,  0.000,  0.000
  0.021,302.180,  0.000,  0.000
  0.021,302.180,  0.000,  0.000
  0.021,302.180,  0.000,  0.000
  0.021,302.181,  0.000,  0.000
  0.021,302.183,  0.000,  0.000
  0.021,302.184,  0.000,  0.000
  0.021,302.187,  0.000,  0.000
  0.021,302.191,  0.000,  0.000
  0.021,302.195,  0.000,  0.000
  0.021,302.200,  0.000,  0.000
  0.021,302.205,  0.000,  0.000
  0.021,302.210,  0.000,  0.000
  0.021,302.214,  0.000,  0.000
  0.021,302.240,  0.000,  0.000
  0.021,302.240,  0.000,  0.000
  0.021,302.208,  0.000,  0.000
  0.021,302.201,  0.000,  0.000
  0.021,302.194,  0.000,  0.000
  0.021,302.188,  0.000,  0.000
  0.021,302.184,  0.000,  0.000
  0.021,302.181,  0.000,  0.000
  0.021,302.179,  0.000,  0.000
  0.021,302.179,  0.000,  0.000
  0.021,302.180,  0.000,  0.000
  0.021,302.180,  0.000,  0.000
  0.021,302.180,  0.000,  0.000
  0.021,302.180,  0.000,  0.000
  0.021,302.180,  0.000,  0.000
  0.021,302.181,  0.000,  0.000
  0.021,302.182,  0.000,  0.000
  0.021,302.183,  0.000,  0.000
  0.021,302.186,  0.000,  0.000
  0.021,302.190,  0.000,  0.000
  0.021,302.195,  0.000,  0.000
  0.021,302.199,  0.000,  0.000
  0.021,302.203,  0.000,  0.000
  0.021,302.207,  0.000,  0.000
  0.021,302.212,  0.000,  0.000
  0.021,302.234,  0.000,  0.000
  0.021,302.234,  0.000,  0.000
  0.020,302.082,  0.000,  0.000
  0.021,302.197,  0.000,  0.000
  0.021,302.192,  0.000,  0.000
  0.021,302.187,  0.000,  0.000
  0.021,302.184,  0.000,  0.000
  0.021,302.181,  0.000,  0.000
  0.021,302.181,  0.000,  0.000
  0.021,302.180,  0.000,  0.000
  0.021,302.181,  0.000,  0.000
  0.021,302.180,  0.000,  0.000
  0.021,302.180,  0.000,  0.000
  0.021,302.180,  0.000,  0.000
  0.021,302.179,  0.000,  0.000
  0.021,302.180,  0.000,  0.000
  0.021,302.181,  0.000,  0.000
  0.021,302.183,  0.000,  0.000
  0.021,302.187,  0.000,  0.000
  0.021,302.190,  0.000,  0.000
  0.021,302.194,  0.000,  0.000
  0.021,302.198,  0.000,  0.000
  0.021,302.202,  0.000,  0.000
  0.021,302.206,  0.000,  0.000
  0.021,302.210,  0.000,  0.000
  0.021,302.229,  0.000,  0.000
  0.021,302.229,  0.000,  0.000
  0.020,302.058,  0.000,  0.000
  0.020,302.048,  0.000,  0.000
  0.020,302.040,  0.000,  0.000
  0.021,302.187,  0.000,  0.000
  0.021,302.185,  0.000,  0.000
  0.021,302.183,  0.000,  0.000
  0.021,302.183,  0.000,  0.000
  0.021,302.182,  0.000,  0.000
  0.021,302.181,  0.000,  0.000
  0.021,302.180,  0.000,  0.000
  0.021,302.179,  0.000,  0.000
  0.021,302.178,  0.000,  0.000
  0.021,302.178,  0.000,  0.000
  0.021,302.179,  0.000,  0.000
  0.021,302.181,  0.000,  0.000
  0.021,302.183,  0.000,  0.000
  0.021,302.186,  0.000,  0.000
  0.021,302.190,  0.000,  0.000
  0.021,302.193,  0.000,  0.000
  0.021,302.197,  0.000,  0.000
  0.021,302.202,  0.000,  0.000
  0.021,302.205,  0.000,  0.000
  0.021,302.208,  0.000,  0.000
  0.021,302.224,  0.000,  0.000
  0.021,302.224,  0.000,  0.000
  0.020,302.057,  0.001,  0.000
  0.020,302.049,  0.000,  0.000
  0.020,302.044,  0.000,  0.000
  0.020,302.039,  0.000,  0.000
  0.020,302.036,  0.000,  0.000
  0.020,302.034,  0.000,  0.000
  0.020,302.032,  0.000,  0.000
  0.020,302.031,  0.000,  0.000
  0.020,302.027,  0.000,  0.000
  0.021,302.180,  0.000,  0.000
  0.021,302.178,  0.000,  0.000
  0.021,302.176,  0.000,  0.000
  0.021,302.177,  0.000,  0.000
  0.021,302.179,  0.000,  0.000
  0.021,302.181,  0.000,  0.000
  0.021,302.183,  0.000,  0.000
  0.021,302.186,  0.000,  0.000
  0.021,302.190,  0.000,  0.000
  0.021,302.193,  0.000,  0.000
  0.021,302.197,  0.000,  0.000
  0.021,302.201,  0.000,  0.000
  0.021,302.204,  0.000,  0.000
  0.021,302.207,  0.000,  0.000
  0.021,302.219,  0.000,  0.000
  0.021,302.219,  0.000,  0.000
  0.020,302.053,  0.012,  0.000
  0.020,302.048,  0.008,  0.000
  0.020,302.044,  0.004,  0.000
  0.020,302.040,  0.000,  0.000
  0.020,302.038,  0.000,  0.000
  0.020,302.036,  0.000,  0.000
  0.020,302.034,  0.000,  0.000
  0.020,302.031,  0.000,  0.000
  0.020,302.027,  0.000,  0.000
  0.020,302.021,  0.000,  0.000
  0.020,302.017,  0.000,  0.000
  0.021,302.175,  0.000,  0.000
  0.021,302.177,  0.000,  0.000
  0.021,302.178,  0.000,  0.000
  0.021,302.180,  0.000,  0.000
  0.021,302.183,  0.000,  0.000
  0.021,302.186,  0.000,  0.000
  0.021,302.190,  0.000,  0.000
  0.021,302.193,  0.000,  0.000
  0.021,302.197,  0.000,  0.000
  0.021,302.200,  0.000,  0.000
  0.021,302.203,  0.000,  0.000
  0.021,302.206,  0.000,  0.000
  0.021,302.214,  0.000,  0.000
  0.021,302.214,  0.000,  0.000
  0.020,302.052,  0.059,  0.000
  0.020,302.047,  0.055,  0.000
  0.020,302.044,  0.041,  0.000
  0.020,302.041,  0.022,  0.000
  0.020,302.040,  0.006,  0.000
  0.020,302.038,  0.001,  0.000
  0.020,302.034,  0.000,  0.000
  0.020,302.028,  0.000,  0.000
  0.020,302.021,  0.000,  0.000
  0.020,302.017,  0.000,  0.000
  0.020,302.015,  0.000,  0.000
  0.020,302.015,  0.000,  0.000
  0.021,302.176,  0.000,  0.000
  0.021,302.178,  0.000,  0.000
  0.021,302.180,  0.000,  0.000
  0.021,302.184,  0.000,  0.000
  0.021,302.187,  0.000,  0.000
  0.021,302.190,  0.000,  0.000
  0.021,302.193,  0.000,  0.000
  0.021,302.197,  0.000,  0.000
  0.021,302.200,  0.000,  0.000
  0.021,302.203,  0.000,  0.000
  0.021,302.205,  0.000,  0.000
  0.021,302.210,  0.000,  0.000
  0.021,302.210,  0.000,  0.000
  0.020,302.052,  0.127,  0.000
  0.020,302.049,  0.151,  0.000
  0.020,302.046,  0.159,  0.000
  0.020,302.044,  0.116,  0.000
  0.020,302.041,  0.040,  0.000
  0.020,302.036,  0.002,  0.000
  0.020,302.029,  0.001,  0.000
  0.020,302.024,  0.000,  0.000
  0.020,302.020,  0.000,  0.000
  0.020,302.018,  0.000,  0.000
  0.020,302.017,  0.000,  0.000
  0.020,302.017,  0.000,  0.000
  0.020,302.016,  0.000,  0.000
  0.021,302.179,  0.000,  0.000
  0.021,302.181,  0.000,  0.000
  0.021,302.184,  0.000,  0.000
  0.021,302.187,  0.000,  0.000
  0.021,302.190,  0.000,  0.000
  0.021,302.193,  0.000,  0.000
  0.021,302.197,  0.000,  0.000
  0.021,302.200,  0.000,  0.000
  0.021,302.202,  0.000,  0.000
  0.021,302.204,  0.000,  0.000
  0.021,302.206,  0.000,  0.000
  0.021,302.206,  0.000,  0.000
  0.020,302.053,  0.437,  0.000
  0.020,302.050,  0.466,  0.000
  0.020,302.046,  0.475,  0.000
  0.020,302.042,  0.406,  0.000
  0.020,302.037,  0.221,  0.000
  0.020,302.032,  0.042,  0.000
  0.020,302.027,  0.003,  0.000
  0.020,302.022,  0.002,  0.000
  0.020,302.019,  0.001,  0.000
  0.020,302.016,  0.000,  0.000
  0.020,302.017,  0.000,  0.000
  0.020,302.018,  0.000,  0.000
  0.020,302.019,  0.000,  0.000
  0.020,302.020,  0.000,  0.000
  0.021,302.183,  0.000,  0.000
  0.021,302.187,  0.000,  0.000
  0.021,302.189,  0.000,  0.000
  0.021,302.192,  0.000,  0.000
  0.021,302.195,  0.000,  0.000
  0.021,302.198,  0.000,  0.000
  0.021,302.200,  0.000,  0.000
  0.021,302.202,  0.000,  0.000
  0.021,302.203,  0.000,  0.000
  0.021,302.203,  0.000,  0.000
  0.021,302.202,  0.000,  0.000
  0.020,302.050,  0.556,  0.000
  0.020,302.045,  0.712,  0.000
  0.020,302.041,  0.906,  0.000
  0.020,302.037,  0.972,  0.000
  0.020,302.033,  0.631,  0.000
  0.020,302.027,  0.130,  0.000
  0.020,302.021,  0.008,  0.000
  0.020,302.016,  0.007,  0.000
  0.020,302.014,  0.003,  0.000
  0.020,302.014,  0.002,  0.000
  0.020,302.016,  0.002,  0.000
  0.020,302.017,  0.001,  0.000
  0.020,302.017,  0.001,  0.000
  0.020,302.019,  0.000,  0.000
  0.020,302.022,  0.000,  0.000
  0.020,302.024,  0.000,  0.000
  0.021,302.186,  0.000,  0.000
  0.021,302.189,  0.000,  0.000
  0.021,302.192,  0.000,  0.000
  0.021,302.194,  0.001,  0.000
  0.021,302.196,  0.000,  0.000
  0.021,302.198,  0.000,  0.000
  0.021,302.200,  0.000,  0.000
  0.021,302.200,  0.000,  0.000
  0.021,302.199,  0.000,  0.000
  0.020,302.046,  0.657,  0.000
  0.020,302.041,  0.474,  0.000
  0.020,302.036,  0.352,  0.000
  0.020,302.030,  0.281,  0.000
  0.020,302.025,  0.210,  0.000
  0.020,302.019,  0.117,  0.000
  0.020,302.013,  0.080,  0.000
  0.020,302.010,  0.088,  0.000
  0.020,302.010,  0.096,  0.000
  0.020,302.011,  0.095,  0.000
  0.020,302.012,  0.075,  0.000
  0.020,302.013,  0.044,  0.000
  0.020,302.014,  0.020,  0.000
  0.020,302.017,  0.008,  0.000
  0.020,302.020,  0.005,  0.000
  0.020,302.023,  0.003,  0.000
  0.020,302.025,  0.003,  0.000
  0.021,302.185,  0.005,  0.000
  0.021,302.188,  0.007,  0.000
  0.021,302.190,  0.007,  0.000
  0.021,302.192,  0.004,  0.000
  0.021,302.194,  0.000,  0.000
  0.021,302.195,  0.000,  0.000
  0.021,302.195,  0.000,  0.000
  0.021,302.195,  0.000,  0.000
  0.020,302.040,  2.119,  0.000
  0.020,302.034,  1.961,  0.000
  0.020,302.028,  1.628,  0.000
  0.020,302.023,  1.252,  0.000
  0.020,302.018,  0.920,  0.000
  0.020,302.012,  0.697,  0.000
  0.020,302.006,  0.602,  0.000
  0.020,302.004,  0.637,  0.000
  0.020,302.005,  0.797,  0.000
  0.020,302.007,  0.996,  0.000
  0.020,302.007,  1.027,  0.000
  0.020,302.009,  0.779,  0.000
  0.020,302.011,  0.405,  0.000
  0.020,302.014,  0.168,  0.000
  0.020,302.017,  0.066,  0.000
  0.020,302.021,  0.035,  0.000
  0.020,302.023,  0.051,  0.000
  0.020,302.025,  0.090,  0.000
  0.021,302.183,  0.137,  0.000
  0.021,302.186,  0.118,  0.000
  0.021,302.188,  0.037,  0.000
  0.021,302.190,  0.001,  0.000
  0.021,302.191,  0.001,  0.000
  0.021,302.191,  0.001,  0.000
  0.021,302.191,  0.000,  0.000
  0.020,302.032,  0.699,  0.000
  0.020,302.025,  0.779,  0.000
  0.020,302.018,  0.723,  0.000
  0.020,302.010,  0.638,  0.000
  0.020,302.004,  0.583,  0.000
  0.020,302.000,  0.543,  0.000
  0.020,302.000,  0.540,  0.000
  0.020,302.000,  0.589,  0.000
  0.020,302.000,  0.674,  0.000
  0.020,302.001,  0.648,  0.000
  0.020,302.002,  0.338,  0.000
  0.020,302.004,  0.078,  0.000
  0.020,302.007,  0.032,  0.000
  0.020,302.010,  0.013,  0.000
  0.020,302.014,  0.005,  0.000
  0.020,302.017,  0.002,  0.000
  0.020,302.021,  0.004,  0.000
  0.020,302.023,  0.006,  0.000
  0.020,302.025,  0.011,  0.000
  0.021,302.181,  0.012,  0.000
  0.021,302.184,  0.007,  0.000
  0.021,302.186,  0.002,  0.000
  0.021,302.187,  0.001,  0.000
  0.021,302.187,  0.000,  0.000
  0.021,302.186,  0.000,  0.000
