  0.016,298.926,  0.000,  0.000
  0.016,298.888,  0.000,  0.000
  0.016,298.899,  0.000,  0.000
  0.016,298.938,  0.000,  0.000
  0.016,298.965,  0.000,  0.000
  0.016,298.964,  0.000,  0.000
  0.016,298.952,  0.000,  0.000
  0.016,298.946,  0.000,  0.000
  0.016,298.949,  0.000,  0.000
  0.016,298.948,  0.000,  0.000
  0.016,298.911,  0.000,  0.000
  0.016,298.812,  0.000,  0.000
  0.016,298.711,  0.000,  0.000
  0.017,299.179,  0.000,  0.000
  0.017,299.318,  0.000,  0.000
  0.017,299.448,  0.000,  0.000
  0.016,299.078,  0.000,  0.000
  0.016,299.037,  0.000,  0.000
  0.016,299.054,  0.000,  0.000
  0.016,299.086,  0.000,  0.000
  0.016,299.089,  0.000,  0.000
  0.016,299.099,  0.000,  0.000
  0.016,299.121,  0.000,  0.000
  0.016,299.129,  0.000,  0.000
  0.016,299.092,  0.000,  0.000
  0.016,298.979,  0.000,  0.000
  0.016,298.945,  0.000,  0.000
  0.016,298.930,  0.000,  0.000
  0.016,298.943,  0.000,  0.000
  0.016,298.966,  0.000,  0.000
  0.016,298.979,  0.000,  0.000
  0.016,298.982,  0.000,  0.000
  0.016,298.982,  0.000,  0.000
  0.016,298.989,  0.000,  0.000
  0.016,298.994,  0.000,  0.000
  0.016,298.959,  0.000,  0.000
  0.016,298.878,  0.000,  0.000
  0.016,298.803,  0.000,  0.000
  0.016,298.809,  0.000,  0.000
  0.017,299.075,  0.000,  0.000
  0.016,299.074,  0.000,  0.000
  0.016,299.115,  0.000,  0.000
  0.016,299.093,  0.000,  0.000
  0.016,299.127,  0.000,  0.000
  0.016,299.163,  0.000,  0.000
  0.016,299.141,  0.000,  0.000
  0.016,299.122,  0.000,  0.000
  0.016,299.139,  0.000,  0.000
  0.016,299.169,  0.000,  0.000
  0.016,299.213,  0.000,  0.000
  0.016,298.999,  0.000,  0.000
  0.016,298.992,  0.000,  0.000
  0.016,298.978,  0.000,  0.000
  0.016,298.979,  0.000,  0.000
  0.016,298.994,  0.000,  0.000
  0.016,299.001,  0.000,  0.000
  0.016,299.007,  0.000,  0.000
  0.016,299.024,  0.000,  0.000
  0.016,299.039,  0.000,  0.000
  0.016,299.042,  0.000,  0.000
  0.016,299.019,  0.000,  0.000
  0.016,298.964,  0.000,  0.000
  0.016,298.910,  0.000,  0.000
  0.016,298.903,  0.000,  0.000
  0.016,298.981,  0.000,  0.000
  0.016,299.101,  0.000,  0.000
  0.016,299.178,  0.000,  0.000
  0.016,299.200,  0.000,  0.000
  0.016,299.223,  0.000,  0.000
  0.016,299.236,  0.000,  0.000
  0.016,299.206,  0.000,  0.000
  0.016,299.157,  0.000,  0.000
  0.016,299.144,  0.000,  0.000
  0.016,299.248,  0.000,  0.000
  0.016,299.395,  0.000,  0.000
  0.016,298.997,  0.000,  0.000
  0.016,299.012,  0.000,  0.000
  0.016,299.016,  0.000,  0.000
  0.016,299.016,  0.000,  0.000
  0.016,299.025,  0.000,  0.000
  0.016,299.029,  0.000,  0.000
  0.016,299.040,  0.000,  0.000
  0.016,299.065,  0.000,  0.000
  0.016,299.083,  0.000,  0.000
  0.016,299.092,  0.000,  0.000
  0.016,299.092,  0.000,  0.000
  0.016,299.067,  0.000,  0.000
  0.016,299.024,  0.000,  0.000
  0.016,299.004,  0.000,  0.000
  0.016,299.056,  0.000,  0.000
  0.016,299.171,  0.000,  0.000
  0.016,299.278,  0.000,  0.000
  0.016,299.306,  0.000,  0.000
  0.016,299.287,  0.000,  0.000
  0.016,299.282,  0.000,  0.000
  0.016,299.262,  0.000,  0.000
  0.016,299.231,  0.000,  0.000
  0.016,299.276,  0.000,  0.000
  0.016,299.404,  0.000,  0.000
  0.016,299.460,  0.000,  0.000
  0.016,299.016,  0.000,  0.000
  0.016,299.031,  0.000,  0.000
  0.016,299.039,  0.000,  0.000
  0.016,299.025,  0.000,  0.000
  0.016,299.017,  0.000,  0.000
  0.016,299.039,  0.000,  0.000
  0.016,299.074,  0.000,  0.000
  0.016,299.107,  0.000,  0.000
  0.016,299.131,  0.000,  0.000
  0.016,299.164,  0.000,  0.000
  0.016,299.179,  0.000,  0.000
  0.016,299.159,  0.000,  0.000
  0.016,299.115,  0.000,  0.000
  0.016,299.094,  0.000,  0.000
  0.016,299.145,  0.000,  0.000
  0.016,299.268,  0.000,  0.000
  0.016,299.373,  0.000,  0.000
  0.016,299.364,  0.000,  0.000
  0.016,299.318,  0.000,  0.000
  0.016,299.306,  0.000,  0.000
  0.016,299.319,  0.000,  0.000
  0.016,299.369,  0.000,  0.000
  0.016,299.443,  0.000,  0.000
  0.016,299.463,  0.000,  0.000
  0.016,299.394,  0.000,  0.000
  0.016,299.060,  0.000,  0.000
  0.016,299.062,  0.000,  0.000
  0.016,299.067,  0.000,  0.000
  0.016,299.047,  0.000,  0.000
  0.016,299.030,  0.000,  0.000
  0.016,299.052,  0.000,  0.000
  0.016,299.104,  0.000,  0.000
  0.016,299.157,  0.000,  0.000
  0.016,299.201,  0.000,  0.000
  0.016,299.243,  0.000,  0.000
  0.016,299.250,  0.000,  0.000
  0.016,299.219,  0.000,  0.000
  0.016,299.178,  0.000,  0.000
  0.016,299.171,  0.000,  0.000
  0.016,299.241,  0.000,  0.000
  0.016,299.360,  0.000,  0.000
  0.016,299.420,  0.000,  0.000
  0.016,299.382,  0.000,  0.000
  0.016,299.332,  0.000,  0.000
  0.016,299.329,  0.000,  0.000
  0.016,299.390,  0.000,  0.000
  0.016,299.471,  0.000,  0.000
  0.016,299.477,  0.000,  0.000
  0.016,299.419,  0.000,  0.000
  0.016,299.353,  0.000,  0.000
  0.016,299.113,  0.000,  0.000
  0.016,299.111,  0.000,  0.000
  0.016,299.108,  0.000,  0.000
  0.016,299.092,  0.000,  0.000
  0.016,299.082,  0.000,  0.000
  0.016,299.095,  0.000,  0.000
  0.016,299.143,  0.000,  0.000
  0.016,299.212,  0.000,  0.000
  0.016,299.270,  0.000,  0.000
  0.016,299.292,  0.000,  0.000
  0.016,299.279,  0.000,  0.000
  0.016,299.258,  0.000,  0.000
  0.016,299.243,  0.000,  0.000
  0.016,299.264,  0.000,  0.000
  0.016,299.340,  0.000,  0.000
  0.016,299.422,  0.000,  0.000
  0.016,299.428,  0.000,  0.000
  0.016,299.380,  0.000,  0.000
  0.016,299.362,  0.000,  0.000
  0.016,299.406,  0.000,  0.000
  0.016,299.466,  0.000,  0.000
  0.016,299.470,  0.000,  0.000
  0.016,299.426,  0.000,  0.000
  0.016,299.392,  0.000,  0.000
  0.016,299.368,  0.000,  0.000
  0.016,299.165,  0.000,  0.000
  0.016,299.169,  0.000,  0.000
  0.016,299.158,  0.000,  0.000
  0.016,299.144,  0.000,  0.000
  0.016,299.136,  0.000,  0.000
  0.016,299.146,  0.000,  0.000
  0.016,299.188,  0.000,  0.000
  0.016,299.250,  0.000,  0.000
  0.016,299.293,  0.000,  0.000
  0.016,299.296,  0.000,  0.000
  0.016,299.291,  0.000,  0.000
  0.016,299.310,  0.000,  0.000
  0.016,299.337,  0.000,  0.000
  0.016,299.367,  0.000,  0.000
  0.016,299.412,  0.000,  0.000
  0.016,299.439,  0.000,  0.000
  0.016,299.415,  0.000,  0.000
  0.016,299.395,  0.000,  0.000
  0.016,299.435,  0.000,  0.000
  0.016,299.494,  0.000,  0.000
  0.016,299.486,  0.000,  0.000
  0.016,299.432,  0.000,  0.000
  0.016,299.399,  0.000,  0.000
  0.016,299.406,  0.000,  0.000
  0.016,299.419,  0.000,  0.000
  0.016,299.206,  0.000,  0.000
  0.016,299.216,  0.000,  0.000
  0.016,299.206,  0.000,  0.000
  0.016,299.191,  0.000,  0.000
  0.016,299.185,  0.000,  0.000
  0.016,299.202,  0.000,  0.000
  0.016,299.236,  0.000,  0.000
  0.016,299.268,  0.000,  0.000
  0.016,299.286,  0.000,  0.000
  0.016,299.300,  0.000,  0.000
  0.016,299.334,  0.000,  0.000
  0.016,299.384,  0.000,  0.000
  0.016,299.417,  0.000,  0.000
  0.016,299.434,  0.000,  0.000
  0.016,299.442,  0.000,  0.000
  0.016,299.434,  0.000,  0.000
  0.016,299.430,  0.000,  0.000
  0.016,299.461,  0.000,  0.000
  0.016,299.503,  0.000,  0.000
  0.016,299.509,  0.000,  0.000
  0.016,299.470,  0.000,  0.000
  0.016,299.435,  0.000,  0.000
  0.016,299.431,  0.000,  0.000
  0.016,299.449,  0.000,  0.000
  0.016,299.443,  0.000,  0.000
  0.016,299.232,  0.000,  0.000
  0.016,299.240,  0.000,  0.000
  0.016,299.242,  0.000,  0.000
  0.016,299.244,  0.000,  0.000
  0.016,299.262,  0.000,  0.000
  0.016,299.289,  0.000,  0.000
  0.016,299.302,  0.000,  0.000
  0.016,299.299,  0.000,  0.000
  0.016,299.314,  0.000,  0.000
  0.016,299.363,  0.000,  0.000
  0.016,299.419,  0.000,  0.000
  0.016,299.450,  0.000,  0.000
  0.016,299.455,  0.000,  0.000
  0.016,299.455,  0.000,  0.000
  0.016,299.449,  0.000,  0.000
  0.016,299.460,  0.000,  0.000
  0.016,299.489,  0.000,  0.000
  0.016,299.508,  0.000,  0.000
  0.016,299.508,  0.000,  0.000
  0.016,299.498,  0.000,  0.000
  0.016,299.501,  0.000,  0.000
  0.016,299.498,  0.000,  0.000
  0.016,299.485,  0.000,  0.000
  0.017,299.466,  0.000,  0.000
  0.016,299.433,  0.000,  0.000
  0.016,299.249,  0.000,  0.000
  0.016,299.255,  0.000,  0.000
  0.016,299.272,  0.000,  0.000
  0.016,299.314,  0.000,  0.000
  0.016,299.361,  0.000,  0.000
  0.016,299.380,  0.000,  0.000
  0.016,299.370,  0.000,  0.000
  0.016,299.363,  0.000,  0.000
  0.016,299.398,  0.000,  0.000
  0.016,299.462,  0.000,  0.000
  0.016,299.495,  0.000,  0.000
  0.016,299.484,  0.000,  0.000
  0.016,299.462,  0.000,  0.000
  0.016,299.460,  0.000,  0.000
  0.016,299.486,  0.000,  0.000
  0.016,299.515,  0.000,  0.000
  0.016,299.522,  0.000,  0.000
  0.016,299.508,  0.000,  0.000
  0.016,299.498,  0.000,  0.000
  0.016,299.518,  0.000,  0.000
  0.016,299.542,  0.000,  0.000
  0.016,299.524,  0.000,  0.000
  0.016,299.469,  0.000,  0.000
  0.016,299.432,  0.000,  0.000
  0.016,299.418,  0.000,  0.000
  0.016,299.278,  0.000,  0.000
  0.016,299.293,  0.000,  0.000
  0.016,299.329,  0.000,  0.000
  0.016,299.383,  0.000,  0.000
  0.016,299.417,  0.000,  0.000
  0.016,299.423,  0.000,  0.000
  0.016,299.424,  0.000,  0.000
  0.016,299.439,  0.000,  0.000
  0.016,299.478,  0.000,  0.000
  0.016,299.515,  0.000,  0.000
  0.016,299.517,  0.000,  0.000
  0.016,299.488,  0.000,  0.000
  0.016,299.475,  0.000,  0.000
  0.016,299.501,  0.000,  0.000
  0.016,299.530,  0.000,  0.000
  0.016,299.532,  0.000,  0.000
  0.016,299.515,  0.000,  0.000
  0.016,299.511,  0.000,  0.000
  0.016,299.536,  0.000,  0.000
  0.016,299.550,  0.000,  0.000
  0.016,299.526,  0.000,  0.000
  0.016,299.470,  0.000,  0.000
  0.016,299.421,  0.000,  0.000
  0.016,299.402,  0.000,  0.000
  0.016,299.421,  0.000,  0.000
  0.016,299.347,  0.000,  0.000
  0.016,299.375,  0.000,  0.000
  0.016,299.399,  0.000,  0.000
  0.016,299.413,  0.000,  0.000
  0.016,299.420,  0.000,  0.000
  0.016,299.434,  0.000,  0.000
  0.016,299.467,  0.000,  0.000
  0.016,299.494,  0.000,  0.000
  0.016,299.509,  0.000,  0.000
  0.016,299.515,  0.000,  0.000
  0.016,299.511,  0.000,  0.000
  0.016,299.513,  0.000,  0.000
  0.016,299.532,  0.000,  0.000
  0.016,299.541,  0.000,  0.000
  0.016,299.534,  0.000,  0.000
  0.016,299.525,  0.000,  0.000
  0.016,299.537,  0.000,  0.000
  0.016,299.568,  0.000,  0.000
  0.016,299.574,  0.000,  0.000
  0.017,299.530,  0.000,  0.000
  0.017,299.476,  0.000,  0.000
  0.016,299.438,  0.000,  0.000
  0.016,299.414,  0.000,  0.000
  0.016,299.416,  0.000,  0.000
  0.016,299.445,  0.000,  0.000
  0.016,299.442,  0.000,  0.000
  0.016,299.462,  0.000,  0.000
  0.016,299.452,  0.000,  0.000
  0.016,299.434,  0.000,  0.000
  0.016,299.432,  0.000,  0.000
  0.016,299.459,  0.000,  0.000
  0.016,299.496,  0.000,  0.000
  0.016,299.510,  0.000,  0.000
  0.016,299.508,  0.000,  0.000
  0.016,299.512,  0.000,  0.000
  0.016,299.539,  0.000,  0.000
  0.016,299.571,  0.000,  0.000
  0.016,299.568,  0.000,  0.000
  0.016,299.539,  0.000,  0.000
  0.016,299.533,  0.000,  0.000
  0.016,299.561,  0.000,  0.000
  0.016,299.593,  0.000,  0.000
  0.016,299.589,  0.000,  0.000
  0.016,299.537,  0.000,  0.000
  0.016,299.479,  0.000,  0.000
  0.016,299.447,  0.000,  0.000
  0.016,299.437,  0.000,  0.000
  0.016,299.442,  0.000,  0.000
  0.016,299.459,  0.000,  0.000
  0.016,299.472,  0.000,  0.000
  0.016,299.506,  0.000,  0.000
  0.016,299.516,  0.000,  0.000
  0.016,299.503,  0.000,  0.000
  0.016,299.488,  0.000,  0.000
  0.016,299.484,  0.000,  0.000
  0.016,299.500,  0.000,  0.000
  0.016,299.509,  0.000,  0.000
  0.016,299.507,  0.000,  0.000
  0.016,299.519,  0.000,  0.000
  0.016,299.555,  0.000,  0.000
  0.016,299.598,  0.000,  0.000
  0.016,299.602,  0.000,  0.000
  0.016,299.570,  0.000,  0.000
  0.016,299.555,  0.000,  0.000
  0.016,299.581,  0.000,  0.000
  0.016,299.611,  0.000,  0.000
  0.016,299.600,  0.000,  0.000
  0.016,299.552,  0.000,  0.000
  0.016,299.503,  0.000,  0.000
  0.016,299.467,  0.000,  0.000
  0.016,299.455,  0.000,  0.000
  0.017,299.458,  0.000,  0.000
  0.017,299.475,  0.000,  0.000
  0.016,299.485,  0.000,  0.000
  0.016,299.479,  0.000,  0.000
