  0.020,301.538,  0.000,  0.000
  0.020,301.534,  0.000,  0.000
  0.020,301.531,  0.000,  0.000
  0.020,301.527,  0.000,  0.000
  0.020,301.525,  0.000,  0.000
  0.020,301.522,  0.000,  0.000
  0.020,301.520,  0.000,  0.000
  0.020,301.519,  0.000,  0.000
  0.020,301.517,  0.000,  0.000
  0.020,301.517,  0.000,  0.000
  0.020,301.516,  0.000,  0.000
  0.020,301.515,  0.000,  0.000
  0.020,301.515,  0.000,  0.000
  0.020,301.515,  0.000,  0.050
  0.020,301.515,  0.000,  0.050
  0.020,301.515,  0.000,  0.050
  0.020,301.515,  0.000,  0.000
  0.020,301.516,  0.000,  0.000
  0.020,301.516,  0.000,  0.000
  0.020,301.516,  0.000,  0.000
  0.020,301.516,  0.000,  0.000
  0.020,301.516,  0.000,  0.000
  0.020,301.516,  0.000,  0.000
  0.020,301.516,  0.000,  0.000
  0.020,301.515,  0.000,  0.000
  0.020,301.537,  0.000,  0.000
  0.020,301.533,  0.000,  0.000
  0.020,301.529,  0.000,  0.000
  0.020,301.525,  0.000,  0.000
  0.020,301.522,  0.000,  0.000
  0.020,301.519,  0.000,  0.000
  0.020,301.517,  0.000,  0.000
  0.020,301.515,  0.000,  0.000
  0.020,301.514,  0.000,  0.000
  0.020,301.513,  0.000,  0.000
  0.020,301.512,  0.000,  0.000
  0.020,301.511,  0.000,  0.000
  0.020,301.511,  0.000,  0.000
  0.020,301.511,  0.000,  0.000
  0.020,301.511,  0.000,  0.000
  0.020,301.511,  0.000,  0.000
  0.020,301.512,  0.000,  0.000
  0.020,301.512,  0.000,  0.000
  0.020,301.512,  0.000,  0.000
  0.020,301.513,  0.000,  0.000
  0.020,301.513,  0.000,  0.000
  0.020,301.513,  0.000,  0.000
  0.020,301.513,  0.000,  0.000
  0.020,301.513,  0.000,  0.000
  0.020,301.513,  0.000,  0.000
  0.020,301.536,  0.000,  0.000
  0.020,301.531,  0.000,  0.000
  0.020,301.526,  0.000,  0.000
  0.020,301.522,  0.000,  0.000
  0.020,301.518,  0.000,  0.000
  0.020,301.515,  0.000,  0.000
  0.020,301.513,  0.000,  0.000
  0.020,301.511,  0.000,  0.000
  0.020,301.510,  0.000,  0.000
  0.020,301.508,  0.000,  0.000
  0.020,301.508,  0.000,  0.000
  0.020,301.507,  0.000,  0.000
  0.020,301.507,  0.000,  0.000
  0.020,301.507,  0.000,  0.000
  0.020,301.507,  0.000,  0.000
  0.020,301.508,  0.000,  0.000
  0.020,301.508,  0.000,  0.000
  0.020,301.509,  0.000,  0.000
  0.020,301.509,  0.000,  0.000
  0.020,301.510,  0.000,  0.000
  0.020,301.510,  0.000,  0.000
  0.020,301.510,  0.000,  0.000
  0.020,301.510,  0.000,  0.000
  0.020,301.510,  0.000,  0.000
  0.020,301.510,  0.000,  0.000
  0.020,301.534,  0.000,  0.000
  0.020,301.529,  0.000,  0.000
  0.020,301.524,  0.000,  0.000
  0.020,301.519,  0.000,  0.000
  0.020,301.515,  0.000,  0.000
  0.020,301.512,  0.000,  0.000
  0.020,301.509,  0.000,  0.000
  0.020,301.507,  0.000,  0.000
  0.020,301.506,  0.000,  0.000
  0.020,301.505,  0.000,  0.000
  0.020,301.504,  0.000,  0.000
  0.020,301.503,  0.000,  0.000
  0.020,301.503,  0.000,  0.000
  0.020,301.503,  0.000,  0.000
  0.020,301.504,  0.000,  0.000
  0.020,301.504,  0.000,  0.000
  0.020,301.505,  0.000,  0.000
  0.020,301.505,  0.000,  0.000
  0.020,301.506,  0.000,  0.000
  0.020,301.506,  0.000,  0.000
  0.020,301.507,  0.000,  0.000
  0.020,301.507,  0.000,  0.000
  0.020,301.507,  0.000,  0.000
  0.020,301.508,  0.000,  0.000
  0.020,301.508,  0.000,  0.000
  0.020,301.533,  0.000,  0.000
  0.020,301.527,  0.000,  0.000
  0.020,301.522,  0.000,  0.000
  0.020,301.517,  0.000,  0.000
  0.020,301.512,  0.000,  0.000
  0.020,301.509,  0.000,  0.000
  0.020,301.506,  0.000,  0.000
  0.020,301.504,  0.000,  0.000
  0.020,301.502,  0.000,  0.000
  0.020,301.501,  0.000,  0.000
  0.020,301.500,  0.000,  0.000
  0.020,301.500,  0.000,  0.000
  0.020,301.500,  0.000,  0.000
  0.020,301.500,  0.000,  0.000
  0.020,301.500,  0.000,  0.000
  0.020,301.501,  0.000,  0.000
  0.020,301.501,  0.000,  0.000
  0.020,301.502,  0.000,  0.000
  0.020,301.503,  0.000,  0.000
  0.020,301.504,  0.000,  0.000
  0.020,301.504,  0.000,  0.000
  0.020,301.505,  0.000,  0.000
  0.020,301.505,  0.000,  0.000
  0.020,301.505,  0.000,  0.000
  0.020,301.505,  0.000,  0.000
  0.020,301.532,  0.000,  0.000
  0.020,301.526,  0.000,  0.000
  0.020,301.520,  0.000,  0.000
  0.020,301.514,  0.000,  0.000
  0.020,301.510,  0.000,  0.000
  0.020,301.506,  0.000,  0.000
  0.020,301.503,  0.000,  0.000
  0.020,301.501,  0.000,  0.000
  0.020,301.499,  0.000,  0.000
  0.020,301.498,  0.000,  0.000
  0.020,301.497,  0.000,  0.000
  0.020,301.497,  0.000,  0.000
  0.020,301.497,  0.000,  0.000
  0.020,301.497,  0.000,  0.000
  0.020,301.497,  0.000,  0.000
  0.020,301.498,  0.000,  0.000
  0.020,301.498,  0.000,  0.000
  0.020,301.499,  0.000,  0.000
  0.020,301.500,  0.000,  0.000
  0.020,301.501,  0.000,  0.000
  0.020,301.502,  0.000,  0.000
  0.020,301.502,  0.000,  0.000
  0.020,301.503,  0.000,  0.000
  0.020,301.503,  0.000,  0.000
  0.020,301.503,  0.000,  0.000
  0.020,301.531,  0.000,  0.000
  0.020,301.524,  0.000,  0.000
  0.020,301.518,  0.000,  0.000
  0.020,301.513,  0.000,  0.000
  0.020,301.508,  0.000,  0.000
  0.020,301.504,  0.000,  0.000
  0.020,301.501,  0.000,  0.000
  0.020,301.498,  0.000,  0.000
  0.020,301.497,  0.000,  0.000
  0.020,301.495,  0.000,  0.000
  0.020,301.495,  0.000,  0.000
  0.020,301.494,  0.000,  0.000
  0.020,301.494,  0.000,  0.000
  0.020,301.494,  0.000,  0.000
  0.020,301.495,  0.000,  0.000
  0.020,301.496,  0.000,  0.000
  0.020,301.497,  0.000,  0.000
  0.020,301.497,  0.000,  0.000
  0.020,301.498,  0.000,  0.000
  0.020,301.499,  0.000,  0.000
  0.020,301.500,  0.000,  0.000
  0.020,301.501,  0.000,  0.000
  0.020,301.501,  0.000,  0.000
  0.020,301.501,  0.000,  0.000
  0.020,301.501,  0.000,  0.000
  0.020,301.530,  0.000,  0.000
  0.020,301.524,  0.000,  0.000
  0.020,301.517,  0.000,  0.000
  0.020,301.512,  0.000,  0.000
  0.020,301.507,  0.000,  0.000
  0.020,301.503,  0.000,  0.000
  0.020,301.500,  0.000,  0.000
  0.020,301.497,  0.000,  0.000
  0.020,301.495,  0.000,  0.000
  0.020,301.494,  0.000,  0.000
  0.020,301.493,  0.000,  0.000
  0.020,301.493,  0.000,  0.000
  0.020,301.493,  0.000,  0.000
  0.020,301.494,  0.000,  0.000
  0.020,301.494,  0.000,  0.000
  0.020,301.495,  0.000,  0.000
  0.020,301.496,  0.000,  0.000
  0.020,301.497,  0.000,  0.000
  0.020,301.498,  0.000,  0.000
  0.020,301.499,  0.000,  0.000
  0.020,301.499,  0.000,  0.000
  0.020,301.500,  0.000,  0.000
  0.020,301.500,  0.000,  0.000
  0.020,301.500,  0.000,  0.000
  0.020,301.500,  0.000,  0.000
  0.020,301.530,  0.000,  0.000
  0.020,301.523,  0.000,  0.000
  0.020,301.517,  0.000,  0.000
  0.020,301.512,  0.000,  0.000
  0.020,301.507,  0.000,  0.000
  0.020,301.503,  0.000,  0.000
  0.020,301.500,  0.000,  0.000
  0.020,301.497,  0.000,  0.000
  0.020,301.495,  0.000,  0.000
  0.020,301.494,  0.000,  0.000
  0.020,301.493,  0.000,  0.000
  0.020,301.493,  0.000,  0.000
  0.020,301.493,  0.000,  0.000
  0.020,301.494,  0.000,  0.000
  0.020,301.494,  0.000,  0.000
  0.020,301.495,  0.000,  0.000
  0.020,301.496,  0.000,  0.000
  0.020,301.497,  0.000,  0.000
  0.020,301.498,  0.000,  0.000
  0.020,301.499,  0.000,  0.000
  0.020,301.499,  0.000,  0.000
  0.020,301.500,  0.000,  0.000
  0.020,301.500,  0.000,  0.000
  0.020,301.500,  0.000,  0.000
  0.020,301.500,  0.000,  0.000
  0.020,301.530,  0.000,  0.000
  0.020,301.523,  0.000,  0.000
  0.020,301.517,  0.000,  0.000
  0.020,301.511,  0.000,  0.000
  0.020,301.507,  0.000,  0.000
  0.020,301.503,  0.000,  0.000
  0.020,301.500,  0.000,  0.000
  0.020,301.497,  0.000,  0.000
  0.020,301.495,  0.000,  0.000
  0.020,301.494,  0.000,  0.000
  0.020,301.493,  0.000,  0.000
  0.020,301.493,  0.000,  0.000
  0.020,301.493,  0.000,  0.000
  0.020,301.494,  0.000,  0.000
  0.020,301.494,  0.000,  0.000
  0.020,301.495,  0.000,  0.000
  0.020,301.496,  0.000,  0.000
  0.020,301.497,  0.000,  0.000
  0.020,301.498,  0.000,  0.000
  0.020,301.499,  0.000,  0.000
  0.020,301.499,  0.000,  0.000
  0.020,301.500,  0.000,  0.000
  0.020,301.500,  0.000,  0.000
  0.020,301.500,  0.000,  0.000
  0.020,301.500,  0.000,  0.000
  0.020,301.530,  0.000,  0.000
  0.020,301.523,  0.000,  0.000
  0.020,301.517,  0.000,  0.000
  0.020,301.512,  0.000,  0.000
  0.020,301.507,  0.000,  0.000
  0.020,301.503,  0.000,  0.000
  0.020,301.500,  0.000,  0.000
  0.020,301.498,  0.000,  0.000
  0.020,301.496,  0.000,  0.000
  0.020,301.495,  0.000,  0.000
  0.020,301.494,  0.000,  0.000
  0.020,301.494,  0.000,  0.000
  0.020,301.494,  0.000,  0.000
  0.020,301.494,  0.000,  0.000
  0.020,301.495,  0.000,  0.000
  0.020,301.496,  0.000,  0.000
  0.020,301.497,  0.000,  0.000
  0.020,301.498,  0.000,  0.000
  0.020,301.499,  0.000,  0.000
  0.020,301.499,  0.000,  0.000
  0.020,301.500,  0.000,  0.000
  0.020,301.501,  0.000,  0.000
  0.020,301.501,  0.000,  0.000
  0.020,301.501,  0.000,  0.000
  0.020,301.500,  0.000,  0.000
  0.020,301.529,  0.000,  0.000
  0.020,301.523,  0.000,  0.000
  0.020,301.517,  0.000,  0.000
  0.020,301.512,  0.000,  0.000
  0.020,301.507,  0.000,  0.000
  0.020,301.504,  0.000,  0.000
  0.020,301.501,  0.000,  0.000
  0.020,301.498,  0.000,  0.000
  0.020,301.497,  0.000,  0.000
  0.020,301.496,  0.000,  0.000
  0.020,301.495,  0.000,  0.000
  0.020,301.495,  0.000,  0.000
  0.020,301.495,  0.000,  0.000
  0.020,301.496,  0.000,  0.000
  0.020,301.496,  0.000,  0.000
  0.020,301.497,  0.000,  0.000
  0.020,301.498,  0.000,  0.000
  0.020,301.499,  0.000,  0.000
  0.020,301.500,  0.000,  0.000
  0.020,301.501,  0.000,  0.000
  0.020,301.501,  0.000,  0.000
  0.020,301.501,  0.000,  0.000
  0.020,301.502,  0.000,  0.000
  0.020,301.501,  0.000,  0.000
  0.020,301.501,  0.000,  0.000
  0.020,301.529,  0.000,  0.000
  0.020,301.523,  0.000,  0.000
  0.020,301.517,  0.000,  0.000
  0.020,301.512,  0.000,  0.000
  0.020,301.508,  0.000,  0.000
  0.020,301.504,  0.000,  0.000
  0.020,301.502,  0.000,  0.000
  0.020,301.499,  0.000,  0.000
  0.020,301.498,  0.000,  0.000
  0.020,301.497,  0.000,  0.000
  0.020,301.496,  0.000,  0.000
  0.020,301.496,  0.000,  0.000
  0.020,301.497,  0.000,  0.000
  0.020,301.497,  0.000,  0.000
  0.020,301.498,  0.000,  0.000
  0.020,301.499,  0.000,  0.000
  0.020,301.499,  0.000,  0.000
  0.020,301.500,  0.000,  0.000
  0.020,301.501,  0.000,  0.000
  0.020,301.502,  0.000,  0.000
  0.020,301.502,  0.000,  0.000
  0.020,301.502,  0.000,  0.000
  0.020,301.502,  0.000,  0.000
  0.020,301.502,  0.000,  0.000
  0.020,301.501,  0.000,  0.000
  0.020,301.528,  0.000,  0.000
  0.020,301.522,  0.000,  0.000
  0.020,301.517,  0.000,  0.000
  0.020,301.512,  0.000,  0.000
  0.020,301.508,  0.000,  0.000
  0.020,301.505,  0.000,  0.000
  0.020,301.502,  0.000,  0.000
  0.020,301.500,  0.000,  0.000
  0.020,301.499,  0.000,  0.000
  0.020,301.498,  0.000,  0.000
  0.020,301.498,  0.000,  0.000
  0.020,301.498,  0.000,  0.000
  0.020,301.498,  0.000,  0.000
  0.020,301.499,  0.000,  0.000
  0.020,301.499,  0.000,  0.000
  0.020,301.500,  0.000,  0.000
  0.020,301.501,  0.000,  0.000
  0.020,301.502,  0.000,  0.000
  0.020,301.503,  0.000,  0.000
  0.020,301.503,  0.000,  0.000
  0.020,301.504,  0.000,  0.000
  0.020,301.504,  0.000,  0.000
  0.020,301.504,  0.000,  0.000
  0.020,301.503,  0.000,  0.000
  0.020,301.502,  0.000,  0.000
  0.020,301.527,  0.000,  0.000
  0.020,301.522,  0.000,  0.000
  0.020,301.517,  0.000,  0.000
  0.020,301.513,  0.000,  0.000
  0.020,301.509,  0.000,  0.000
  0.020,301.506,  0.000,  0.000
  0.020,301.503,  0.000,  0.000
  0.020,301.502,  0.000,  0.000
  0.020,301.500,  0.000,  0.000
  0.020,301.500,  0.000,  0.000
  0.020,301.499,  0.000,  0.000
  0.020,301.499,  0.000,  0.000
  0.020,301.500,  0.000,  0.000
  0.020,301.500,  0.000,  0.000
  0.020,301.501,  0.000,  0.000
  0.020,301.502,  0.000,  0.000
  0.020,301.503,  0.000,  0.000
  0.020,301.504,  0.000,  0.000
  0.020,301.504,  0.000,  0.000
  0.020,301.505,  0.000,  0.000
  0.020,301.505,  0.000,  0.000
  0.020,301.505,  0.000,  0.000
  0.020,301.505,  0.000,  0.000
  0.020,301.504,  0.000,  0.000
  0.020,301.502,  0.000,  0.000
