  0.014,297.744,  0.000,  0.000
  0.014,297.741,  0.000,  0.000
  0.014,297.714,  0.000,  0.000
  0.014,297.685,  0.000,  0.000
  0.014,297.673,  0.000,  0.000
  0.014,297.669,  0.000,  0.000
  0.014,297.664,  0.000,  0.000
  0.014,297.655,  0.000,  0.000
  0.014,297.641,  0.000,  0.000
  0.014,297.627,  0.000,  0.000
  0.014,297.617,  0.000,  0.000
  0.014,297.610,  0.000,  0.000
  0.014,297.603,  0.000,  0.000
  0.014,297.594,  0.000,  0.000
  0.014,297.581,  0.000,  0.000
  0.014,297.569,  0.000,  0.000
  0.014,297.563,  0.000,  0.000
  0.014,297.561,  0.000,  0.000
  0.014,297.559,  0.000,  0.000
  0.014,297.551,  0.000,  0.000
  0.014,297.531,  0.000,  0.000
  0.014,297.500,  0.000,  0.000
  0.014,297.467,  0.000,  0.000
  0.014,297.460,  0.000,  0.000
  0.014,297.457,  0.000,  0.000
  0.014,297.797,  0.000,  0.000
  0.014,297.782,  0.000,  0.000
  0.014,297.749,  0.000,  0.000
  0.014,297.729,  0.000,  0.000
  0.014,297.727,  0.000,  0.000
  0.014,297.731,  0.000,  0.000
  0.014,297.726,  0.000,  0.000
  0.014,297.713,  0.000,  0.000
  0.014,297.694,  0.000,  0.000
  0.014,297.681,  0.000,  0.000
  0.014,297.674,  0.000,  0.000
  0.014,297.669,  0.000,  0.000
  0.014,297.661,  0.000,  0.000
  0.014,297.648,  0.000,  0.000
  0.014,297.636,  0.000,  0.000
  0.014,297.624,  0.000,  0.000
  0.014,297.618,  0.000,  0.000
  0.014,297.615,  0.000,  0.000
  0.014,297.613,  0.000,  0.000
  0.014,297.607,  0.000,  0.000
  0.014,297.590,  0.000,  0.000
  0.014,297.561,  0.000,  0.000
  0.014,297.529,  0.000,  0.000
  0.014,297.526,  0.000,  0.000
  0.014,297.533,  0.000,  0.000
  0.014,297.844,  0.000,  0.000
  0.014,297.816,  0.000,  0.000
  0.014,297.784,  0.000,  0.000
  0.014,297.776,  0.000,  0.000
  0.014,297.782,  0.000,  0.000
  0.014,297.787,  0.000,  0.000
  0.014,297.780,  0.000,  0.000
  0.014,297.762,  0.000,  0.000
  0.014,297.742,  0.000,  0.000
  0.014,297.732,  0.000,  0.000
  0.014,297.730,  0.000,  0.000
  0.014,297.725,  0.000,  0.000
  0.014,297.716,  0.000,  0.000
  0.014,297.702,  0.000,  0.000
  0.014,297.690,  0.000,  0.000
  0.014,297.679,  0.000,  0.000
  0.014,297.673,  0.000,  0.000
  0.014,297.668,  0.000,  0.000
  0.014,297.665,  0.000,  0.000
  0.014,297.662,  0.000,  0.000
  0.014,297.651,  0.000,  0.000
  0.014,297.629,  0.000,  0.000
  0.014,297.602,  0.000,  0.000
  0.014,297.604,  0.000,  0.000
  0.014,297.614,  0.000,  0.000
  0.014,297.884,  0.000,  0.000
  0.014,297.848,  0.000,  0.000
  0.014,297.822,  0.000,  0.000
  0.014,297.825,  0.000,  0.000
  0.014,297.837,  0.000,  0.000
  0.014,297.839,  0.000,  0.000
  0.014,297.826,  0.000,  0.000
  0.014,297.805,  0.000,  0.000
  0.014,297.790,  0.000,  0.000
  0.014,297.786,  0.000,  0.000
  0.014,297.784,  0.000,  0.000
  0.014,297.777,  0.000,  0.000
  0.014,297.767,  0.000,  0.000
  0.014,297.753,  0.000,  0.000
  0.014,297.742,  0.000,  0.000
  0.014,297.734,  0.000,  0.000
  0.014,297.726,  0.000,  0.000
  0.014,297.720,  0.000,  0.000
  0.014,297.717,  0.000,  0.000
  0.014,297.716,  0.000,  0.000
  0.014,297.709,  0.000,  0.000
  0.014,297.693,  0.000,  0.000
  0.014,297.676,  0.000,  0.000
  0.014,297.683,  0.000,  0.000
  0.014,297.690,  0.000,  0.000
  0.014,297.919,  0.000,  0.000
  0.014,297.881,  0.000,  0.000
  0.014,297.866,  0.000,  0.000
  0.014,297.880,  0.000,  0.000
  0.014,297.893,  0.000,  0.000
  0.014,297.888,  0.000,  0.000
  0.014,297.867,  0.000,  0.000
  0.014,297.847,  0.000,  0.000
  0.014,297.839,  0.000,  0.000
  0.014,297.840,  0.000,  0.000
  0.014,297.837,  0.000,  0.000
  0.014,297.828,  0.000,  0.000
  0.014,297.815,  0.000,  0.000
  0.014,297.804,  0.000,  0.000
  0.014,297.795,  0.000,  0.000
  0.014,297.786,  0.000,  0.000
  0.014,297.778,  0.000,  0.000
  0.014,297.772,  0.000,  0.000
  0.014,297.770,  0.000,  0.000
  0.014,297.769,  0.000,  0.000
  0.014,297.762,  0.000,  0.000
  0.014,297.750,  0.000,  0.000
  0.014,297.742,  0.000,  0.000
  0.014,297.753,  0.000,  0.000
  0.014,297.755,  0.000,  0.000
  0.014,297.951,  0.000,  0.000
  0.014,297.918,  0.000,  0.000
  0.014,297.918,  0.000,  0.000
  0.014,297.941,  0.000,  0.000
  0.014,297.949,  0.000,  0.000
  0.014,297.933,  0.000,  0.000
  0.014,297.907,  0.000,  0.000
  0.014,297.891,  0.000,  0.000
  0.014,297.892,  0.000,  0.000
  0.014,297.895,  0.000,  0.000
  0.014,297.889,  0.000,  0.000
  0.014,297.877,  0.000,  0.000
  0.014,297.864,  0.000,  0.000
  0.014,297.854,  0.000,  0.000
  0.014,297.846,  0.000,  0.000
  0.014,297.837,  0.000,  0.000
  0.014,297.828,  0.000,  0.000
  0.014,297.824,  0.000,  0.000
  0.014,297.823,  0.000,  0.000
  0.014,297.820,  0.000,  0.000
  0.014,297.810,  0.000,  0.000
  0.014,297.800,  0.000,  0.000
  0.014,297.799,  0.000,  0.000
  0.014,297.812,  0.000,  0.000
  0.014,297.811,  0.000,  0.000
  0.014,297.982,  0.000,  0.000
  0.014,297.959,  0.000,  0.000
  0.014,297.976,  0.000,  0.000
  0.014,298.003,  0.000,  0.000
  0.014,298.002,  0.000,  0.000
  0.014,297.975,  0.000,  0.000
  0.014,297.948,  0.000,  0.000
  0.014,297.940,  0.000,  0.000
  0.014,297.946,  0.000,  0.000
  0.014,297.948,  0.000,  0.000
  0.014,297.939,  0.000,  0.000
  0.014,297.926,  0.000,  0.000
  0.014,297.914,  0.000,  0.000
  0.014,297.905,  0.000,  0.000
  0.014,297.897,  0.000,  0.000
  0.014,297.887,  0.000,  0.000
  0.014,297.879,  0.000,  0.000
  0.014,297.876,  0.000,  0.000
  0.014,297.876,  0.000,  0.000
  0.014,297.869,  0.000,  0.000
  0.014,297.859,  0.000,  0.000
  0.014,297.852,  0.000,  0.000
  0.014,297.853,  0.000,  0.000
  0.014,297.864,  0.000,  0.000
  0.014,297.860,  0.000,  0.000
  0.014,298.019,  0.000,  0.000
  0.014,298.010,  0.000,  0.000
  0.014,298.041,  0.000,  0.000
  0.014,298.064,  0.000,  0.000
  0.014,298.050,  0.000,  0.000
  0.014,298.017,  0.000,  0.000
  0.014,297.995,  0.000,  0.000
  0.014,297.995,  0.000,  0.000
  0.014,298.003,  0.000,  0.000
  0.014,298.001,  0.000,  0.000
  0.014,297.990,  0.000,  0.000
  0.014,297.976,  0.000,  0.000
  0.014,297.966,  0.000,  0.000
  0.014,297.958,  0.000,  0.000
  0.014,297.949,  0.000,  0.000
  0.014,297.939,  0.000,  0.000
  0.014,297.932,  0.000,  0.000
  0.014,297.928,  0.000,  0.000
  0.014,297.925,  0.000,  0.000
  0.014,297.921,  0.000,  0.000
  0.014,297.911,  0.000,  0.000
  0.014,297.906,  0.000,  0.000
  0.014,297.908,  0.000,  0.000
  0.014,297.913,  0.000,  0.000
  0.014,297.907,  0.000,  0.000
  0.014,298.063,  0.000,  0.000
  0.014,298.071,  0.000,  0.000
  0.014,298.107,  0.000,  0.000
  0.014,298.119,  0.000,  0.000
  0.014,298.094,  0.000,  0.000
  0.014,298.060,  0.000,  0.000
  0.014,298.048,  0.000,  0.000
  0.014,298.056,  0.000,  0.000
  0.014,298.062,  0.000,  0.000
  0.014,298.056,  0.000,  0.000
  0.014,298.044,  0.000,  0.000
  0.014,298.031,  0.000,  0.000
  0.014,298.021,  0.000,  0.000
  0.014,298.013,  0.000,  0.000
  0.014,298.004,  0.000,  0.000
  0.014,297.995,  0.000,  0.000
  0.014,297.987,  0.000,  0.000
  0.014,297.982,  0.000,  0.000
  0.014,297.977,  0.000,  0.000
  0.014,297.970,  0.000,  0.000
  0.014,297.965,  0.000,  0.000
  0.014,297.962,  0.000,  0.000
  0.014,297.962,  0.000,  0.000
  0.014,297.963,  0.000,  0.000
  0.014,297.955,  0.000,  0.000
  0.014,298.114,  0.000,  0.000
  0.014,298.138,  0.000,  0.000
  0.014,298.170,  0.000,  0.000
  0.014,298.169,  0.000,  0.000
  0.014,298.138,  0.000,  0.000
  0.014,298.110,  0.000,  0.000
  0.014,298.108,  0.000,  0.000
  0.014,298.120,  0.000,  0.000
  0.014,298.122,  0.000,  0.000
  0.014,298.113,  0.000,  0.000
  0.014,298.101,  0.000,  0.000
  0.014,298.090,  0.000,  0.000
  0.014,298.080,  0.000,  0.000
  0.014,298.071,  0.000,  0.000
  0.014,298.061,  0.000,  0.000
  0.014,298.052,  0.000,  0.000
  0.014,298.044,  0.000,  0.000
  0.014,298.038,  0.000,  0.000
  0.014,298.031,  0.000,  0.000
  0.014,298.022,  0.000,  0.000
  0.014,298.017,  0.000,  0.000
  0.014,298.015,  0.000,  0.000
  0.014,298.016,  0.000,  0.000
  0.014,298.013,  0.000,  0.000
  0.014,298.006,  0.000,  0.000
  0.014,298.170,  0.000,  0.000
  0.014,298.203,  0.000,  0.000
  0.014,298.228,  0.000,  0.000
  0.014,298.217,  0.000,  0.000
  0.014,298.188,  0.000,  0.000
  0.014,298.169,  0.000,  0.000
  0.014,298.174,  0.000,  0.000
  0.014,298.185,  0.000,  0.000
  0.014,298.183,  0.000,  0.000
  0.014,298.172,  0.000,  0.000
  0.014,298.160,  0.000,  0.000
  0.014,298.149,  0.000,  0.000
  0.014,298.140,  0.000,  0.000
  0.014,298.130,  0.000,  0.000
  0.014,298.120,  0.000,  0.000
  0.014,298.110,  0.000,  0.000
  0.014,298.102,  0.000,  0.000
  0.014,298.096,  0.000,  0.000
  0.014,298.087,  0.000,  0.000
  0.014,298.077,  0.000,  0.000
  0.014,298.071,  0.000,  0.000
  0.014,298.070,  0.000,  0.000
  0.014,298.068,  0.000,  0.000
  0.014,298.063,  0.000,  0.000
  0.014,298.057,  0.000,  0.000
  0.014,298.230,  0.000,  0.000
  0.014,298.265,  0.000,  0.000
  0.014,298.281,  0.000,  0.000
  0.014,298.267,  0.000,  0.000
  0.014,298.244,  0.000,  0.000
  0.014,298.233,  0.000,  0.000
  0.014,298.241,  0.000,  0.000
  0.014,298.250,  0.000,  0.000
  0.014,298.245,  0.000,  0.000
  0.014,298.232,  0.000,  0.000
  0.014,298.219,  0.000,  0.000
  0.014,298.208,  0.000,  0.000
  0.014,298.199,  0.000,  0.000
  0.014,298.189,  0.000,  0.000
  0.014,298.179,  0.000,  0.000
  0.014,298.170,  0.000,  0.000
  0.014,298.164,  0.000,  0.000
  0.014,298.156,  0.000,  0.000
  0.014,298.146,  0.000,  0.000
  0.014,298.134,  0.000,  0.000
  0.014,298.127,  0.000,  0.000
  0.014,298.126,  0.000,  0.000
  0.014,298.124,  0.000,  0.000
  0.014,298.117,  0.000,  0.000
  0.014,298.108,  0.000,  0.000
  0.014,298.291,  0.000,  0.000
  0.014,298.322,  0.000,  0.000
  0.014,298.333,  0.000,  0.000
  0.014,298.321,  0.000,  0.000
  0.014,298.305,  0.000,  0.000
  0.014,298.302,  0.000,  0.000
  0.014,298.312,  0.000,  0.000
  0.014,298.319,  0.000,  0.000
  0.014,298.313,  0.000,  0.000
  0.014,298.299,  0.000,  0.000
  0.014,298.285,  0.000,  0.000
  0.014,298.272,  0.000,  0.000
  0.014,298.261,  0.000,  0.000
  0.014,298.250,  0.000,  0.000
  0.014,298.240,  0.000,  0.000
  0.014,298.234,  0.000,  0.000
  0.014,298.230,  0.000,  0.000
  0.014,298.223,  0.000,  0.000
  0.014,298.211,  0.000,  0.000
  0.014,298.196,  0.000,  0.000
  0.014,298.187,  0.000,  0.000
  0.014,298.186,  0.000,  0.000
  0.014,298.183,  0.000,  0.000
  0.014,298.176,  0.000,  0.000
  0.014,298.165,  0.000,  0.000
  0.014,298.350,  0.000,  0.000
  0.014,298.376,  0.000,  0.000
  0.014,298.384,  0.000,  0.000
  0.014,298.376,  0.000,  0.000
  0.014,298.369,  0.000,  0.000
  0.014,298.373,  0.000,  0.000
  0.014,298.385,  0.000,  0.000
  0.014,298.391,  0.000,  0.000
  0.014,298.386,  0.000,  0.000
  0.014,298.374,  0.000,  0.000
  0.014,298.360,  0.000,  0.000
  0.014,298.346,  0.000,  0.000
  0.014,298.332,  0.000,  0.000
  0.014,298.318,  0.000,  0.000
  0.014,298.308,  0.000,  0.000
  0.014,298.302,  0.000,  0.000
  0.014,298.298,  0.000,  0.000
  0.014,298.290,  0.000,  0.000
  0.014,298.275,  0.000,  0.000
  0.014,298.260,  0.000,  0.000
  0.014,298.251,  0.000,  0.000
  0.014,298.248,  0.000,  0.000
  0.014,298.245,  0.000,  0.000
  0.014,298.238,  0.000,  0.000
  0.014,298.226,  0.000,  0.000
  0.014,298.407,  0.000,  0.000
  0.014,298.429,  0.000,  0.000
  0.014,298.434,  0.000,  0.000
  0.014,298.431,  0.000,  0.000
  0.014,298.432,  0.000,  0.000
  0.014,298.442,  0.000,  0.000
  0.014,298.455,  0.000,  0.000
  0.014,298.462,  0.000,  0.000
  0.014,298.460,  0.000,  0.000
  0.014,298.452,  0.000,  0.000
  0.014,298.443,  0.000,  0.000
  0.014,298.431,  0.000,  0.000
  0.014,298.416, -0.000,  0.000
  0.014,298.400,  0.000,  0.000
  0.014,298.388,  0.000,  0.000
  0.014,298.378,  0.000,  0.000
  0.014,298.368, -0.000,  0.000
  0.014,298.352,  0.000,  0.000
  0.014,298.335,  0.000,  0.000
  0.014,298.322,  0.000,  0.000
  0.014,298.315,  0.000,  0.000
  0.014,298.313, -0.000,  0.000
  0.014,298.309,  0.000,  0.000
  0.014,298.301,  0.000,  0.000
  0.014,298.289,  0.000,  0.000
