  0.017,299.498,  0.000,  0.000
  0.017,299.518,  0.000,  0.000
  0.016,299.502,  0.000,  0.000
  0.016,299.498,  0.000,  0.000
  0.016,299.505,  0.000,  0.000
  0.016,299.505,  0.000,  0.000
  0.017,299.497,  0.000,  0.000
  0.017,299.490,  0.000,  0.000
  0.016,299.496,  0.000,  0.000
  0.016,299.524,  0.000,  0.000
  0.016,299.543,  0.000,  0.000
  0.016,299.528,  0.000,  0.000
  0.016,299.476,  0.000,  0.000
  0.016,299.425,  0.000,  0.000
  0.016,299.394,  0.000,  0.000
  0.016,299.384,  0.000,  0.000
  0.016,299.380,  0.000,  0.000
  0.016,299.370,  0.000,  0.000
  0.017,299.341,  0.000,  0.000
  0.017,299.296,  0.000,  0.000
  0.017,299.273,  0.000,  0.000
  0.016,299.317,  0.000,  0.000
  0.016,299.429,  0.000,  0.000
  0.016,299.553,  0.000,  0.000
  0.016,299.593,  0.000,  0.000
  0.016,299.552,  0.000,  0.000
  0.017,299.529,  0.000,  0.000
  0.017,299.499,  0.000,  0.000
  0.016,299.522,  0.000,  0.000
  0.016,299.547,  0.000,  0.000
  0.016,299.558,  0.000,  0.000
  0.016,299.548,  0.000,  0.000
  0.017,299.520,  0.000,  0.000
  0.017,299.500,  0.000,  0.000
  0.016,299.511,  0.000,  0.000
  0.016,299.539,  0.000,  0.000
  0.016,299.536,  0.000,  0.000
  0.016,299.490,  0.000,  0.000
  0.016,299.431,  0.000,  0.000
  0.017,299.385,  0.000,  0.000
  0.016,299.367,  0.000,  0.000
  0.016,299.349,  0.000,  0.000
  0.016,299.335,  0.000,  0.000
  0.016,299.338,  0.000,  0.000
  0.016,299.336,  0.000,  0.000
  0.016,299.316,  0.000,  0.000
  0.016,299.333,  0.000,  0.000
  0.016,299.413,  0.000,  0.000
  0.016,299.531,  0.000,  0.000
  0.016,299.621,  0.000,  0.000
  0.017,299.510,  0.000,  0.000
  0.017,299.512,  0.000,  0.000
  0.017,299.517,  0.000,  0.000
  0.017,299.544,  0.000,  0.000
  0.016,299.558,  0.000,  0.000
  0.016,299.569,  0.000,  0.000
  0.016,299.571,  0.000,  0.000
  0.016,299.554,  0.000,  0.000
  0.016,299.519,  0.000,  0.000
  0.016,299.493,  0.000,  0.000
  0.016,299.490,  0.000,  0.000
  0.016,299.493,  0.000,  0.000
  0.016,299.477,  0.000,  0.000
  0.016,299.438,  0.000,  0.000
  0.017,299.401,  0.000,  0.000
  0.017,299.372,  0.000,  0.000
  0.017,299.323,  0.000,  0.000
  0.017,299.305,  0.000,  0.000
  0.016,299.356,  0.000,  0.000
  0.016,299.422,  0.000,  0.000
  0.016,299.465,  0.000,  0.000
  0.016,299.496,  0.000,  0.000
  0.016,299.534,  0.000,  0.000
  0.016,299.577,  0.000,  0.000
  0.016,299.631,  0.000,  0.000
  0.017,299.502,  0.000,  0.000
  0.017,299.497,  0.000,  0.000
  0.017,299.526,  0.000,  0.000
  0.017,299.565,  0.000,  0.000
  0.016,299.573,  0.000,  0.000
  0.016,299.572,  0.000,  0.000
  0.016,299.569,  0.000,  0.000
  0.016,299.566,  0.000,  0.000
  0.016,299.543,  0.000,  0.000
  0.016,299.499,  0.000,  0.000
  0.017,299.451,  0.000,  0.000
  0.017,299.412,  0.000,  0.000
  0.017,299.386,  0.000,  0.000
  0.017,299.373,  0.000,  0.000
  0.016,299.383,  0.000,  0.000
  0.016,299.406,  0.000,  0.000
  0.016,299.380,  0.000,  0.000
  0.017,299.335,  0.000,  0.000
  0.017,299.354,  0.000,  0.000
  0.016,299.474,  0.000,  0.000
  0.016,299.580,  0.000,  0.000
  0.016,299.637,  0.000,  0.000
  0.016,299.649,  0.000,  0.000
  0.016,299.621,  0.000,  0.000
  0.016,299.594,  0.000,  0.000
  0.017,299.488,  0.000,  0.000
  0.017,299.489,  0.000,  0.000
  0.017,299.524,  0.000,  0.000
  0.017,299.565,  0.000,  0.000
  0.017,299.582,  0.000,  0.000
  0.017,299.567,  0.000,  0.000
  0.017,299.530,  0.000,  0.000
  0.016,299.504,  0.000,  0.000
  0.016,299.494,  0.000,  0.000
  0.017,299.462,  0.000,  0.000
  0.017,299.401,  0.000,  0.000
  0.017,299.345,  0.000,  0.000
  0.017,299.319,  0.000,  0.000
  0.017,299.332,  0.000,  0.000
  0.016,299.380,  0.000,  0.000
  0.016,299.429,  0.000,  0.000
  0.016,299.447,  0.000,  0.000
  0.016,299.445,  0.000,  0.000
  0.017,299.462,  0.000,  0.000
  0.016,299.523,  0.000,  0.000
  0.016,299.589,  0.000,  0.000
  0.016,299.626,  0.000,  0.000
  0.016,299.632,  0.000,  0.000
  0.016,299.614,  0.000,  0.000
  0.016,299.581,  0.000,  0.000
  0.017,299.484,  0.000,  0.000
  0.016,299.552,  0.000,  0.000
  0.016,299.579,  0.000,  0.000
  0.016,299.583,  0.000,  0.000
  0.017,299.576,  0.000,  0.000
  0.017,299.551,  0.000,  0.000
  0.017,299.510,  0.000,  0.000
  0.017,299.468,  0.000,  0.000
  0.017,299.436,  0.000,  0.000
  0.017,299.407,  0.000,  0.000
  0.017,299.381,  0.000,  0.000
  0.017,299.381,  0.000,  0.000
  0.017,299.394,  0.000,  0.000
  0.017,299.393,  0.000,  0.000
  0.017,299.395,  0.000,  0.000
  0.017,299.422,  0.000,  0.000
  0.016,299.470,  0.000,  0.000
  0.016,299.539,  0.000,  0.000
  0.016,299.605,  0.000,  0.000
  0.016,299.618,  0.000,  0.000
  0.016,299.585,  0.000,  0.000
  0.016,299.564,  0.000,  0.000
  0.016,299.574,  0.000,  0.000
  0.016,299.602,  0.000,  0.000
  0.016,299.613,  0.000,  0.000
  0.017,299.559,  0.000,  0.000
  0.017,299.579,  0.000,  0.000
  0.016,299.595,  0.000,  0.000
  0.016,299.593,  0.000,  0.000
  0.017,299.548,  0.000,  0.000
  0.017,299.523,  0.000,  0.000
  0.016,299.518,  0.000,  0.000
  0.017,299.501,  0.000,  0.000
  0.017,299.441,  0.000,  0.000
  0.017,299.377,  0.000,  0.000
  0.017,299.375,  0.000,  0.000
  0.016,299.445,  0.000,  0.000
  0.016,299.510,  0.000,  0.000
  0.016,299.512,  0.000,  0.000
  0.017,299.470,  0.000,  0.000
  0.017,299.455,  0.000,  0.000
  0.017,299.493,  0.000,  0.000
  0.016,299.577,  0.000,  0.000
  0.016,299.637,  0.000,  0.000
  0.016,299.623,  0.000,  0.000
  0.016,299.568,  0.000,  0.000
  0.017,299.531,  0.000,  0.000
  0.016,299.538,  0.000,  0.000
  0.016,299.586,  0.000,  0.000
  0.016,299.628,  0.000,  0.000
  0.017,299.550,  0.000,  0.000
  0.017,299.549,  0.000,  0.000
  0.017,299.563,  0.000,  0.000
  0.017,299.583,  0.000,  0.000
  0.017,299.518,  0.000,  0.000
  0.017,299.491,  0.000,  0.000
  0.016,299.516,  0.000,  0.000
  0.016,299.539,  0.000,  0.000
  0.017,299.488,  0.000,  0.000
  0.017,299.383,  0.000,  0.000
  0.017,299.347,  0.000,  0.000
  0.016,299.418,  0.000,  0.000
  0.016,299.507,  0.000,  0.000
  0.016,299.549,  0.000,  0.000
  0.016,299.556,  0.000,  0.000
  0.016,299.557,  0.000,  0.000
  0.016,299.580,  0.000,  0.000
  0.016,299.604,  0.000,  0.000
  0.016,299.610,  0.000,  0.000
  0.016,299.599,  0.000,  0.000
  0.016,299.593,  0.000,  0.000
  0.017,299.590,  0.000,  0.000
  0.017,299.584,  0.000,  0.000
  0.016,299.590,  0.000,  0.000
  0.016,299.610,  0.000,  0.000
  0.017,299.480,  0.000,  0.000
  0.016,299.524,  0.000,  0.000
  0.016,299.530,  0.000,  0.000
  0.017,299.560,  0.000,  0.000
  0.017,299.500,  0.000,  0.000
  0.017,299.467,  0.000,  0.000
  0.017,299.504,  0.000,  0.000
  0.017,299.573,  0.000,  0.000
  0.017,299.576,  0.000,  0.000
  0.017,299.476,  0.000,  0.000
  0.017,299.373,  0.000,  0.000
  0.017,299.363,  0.000,  0.000
  0.016,299.426,  0.000,  0.000
  0.016,299.500,  0.000,  0.000
  0.016,299.569,  0.000,  0.000
  0.016,299.628,  0.000,  0.000
  0.016,299.655,  0.000,  0.000
  0.016,299.640,  0.000,  0.000
  0.016,299.610,  0.000,  0.000
  0.016,299.605,  0.000,  0.000
  0.016,299.645,  0.000,  0.000
  0.016,299.689,  0.000,  0.000
  0.016,299.693,  0.000,  0.000
  0.016,299.657,  0.000,  0.000
  0.016,299.631,  0.000,  0.000
  0.016,299.439,  0.001,  0.000
  0.016,299.477,  0.001,  0.000
  0.016,299.488,  0.000,  0.000
  0.017,299.540,  0.000,  0.000
  0.017,299.538,  0.000,  0.000
  0.017,299.524,  0.000,  0.000
  0.017,299.537,  0.000,  0.000
  0.017,299.593,  0.001,  0.000
  0.017,299.638,  0.001,  0.000
  0.017,299.603,  0.001,  0.000
  0.017,299.513,  0.001,  0.000
  0.017,299.441,  0.001,  0.000
  0.017,299.436,  0.000,  0.000
  0.017,299.495,  0.000,  0.000
  0.016,299.580,  0.000,  0.000
  0.016,299.649,  0.000,  0.000
  0.016,299.674,  0.000,  0.000
  0.016,299.655,  0.000,  0.000
  0.017,299.616,  0.000,  0.000
  0.017,299.598,  0.000,  0.000
  0.016,299.641,  0.000,  0.000
  0.016,299.708,  0.000,  0.000
  0.016,299.746,  0.000,  0.000
  0.016,299.732,  0.000,  0.000
  0.016,299.703,  0.000,  0.000
  0.017,299.412,  0.001,  0.000
  0.016,299.440,  0.001,  0.000
  0.017,299.478,  0.001,  0.000
  0.017,299.561,  0.001,  0.000
  0.017,299.604,  0.000,  0.000
  0.017,299.599,  0.000,  0.000
  0.017,299.573,  0.000,  0.000
  0.017,299.568,  0.002,  0.000
  0.017,299.600,  0.006,  0.000
  0.016,299.626,  0.005,  0.000
  0.016,299.635,  0.001,  0.000
  0.016,299.613,  0.000,  0.000
  0.017,299.592,  0.000,  0.000
  0.017,299.609,  0.000,  0.000
  0.016,299.650,  0.000,  0.000
  0.016,299.671,  0.000,  0.000
  0.016,299.662,  0.000,  0.000
  0.016,299.634,  0.000,  0.000
  0.017,299.608,  0.000,  0.000
  0.017,299.596,  0.000,  0.000
  0.016,299.617,  0.000,  0.000
  0.016,299.675,  0.000,  0.000
  0.016,299.725,  0.000,  0.000
  0.016,299.749,  0.000,  0.000
  0.016,299.744,  0.000,  0.000
  0.017,299.482,  0.061,  0.000
  0.017,299.485,  0.017,  0.000
  0.017,299.544,  0.004,  0.000
  0.017,299.602,  0.001,  0.000
  0.017,299.591,  0.001,  0.000
  0.017,299.568,  0.001,  0.000
  0.017,299.554,  0.013,  0.000
  0.017,299.557,  0.045,  0.000
  0.017,299.581,  0.054,  0.000
  0.016,299.629,  0.023,  0.000
  0.016,299.690,  0.007,  0.000
  0.016,299.735,  0.003,  0.000
  0.016,299.736,  0.001,  0.000
  0.016,299.708,  0.001,  0.000
  0.016,299.678,  0.001,  0.000
  0.016,299.645,  0.001,  0.000
  0.017,299.608,  0.001,  0.000
  0.017,299.585,  0.000,  0.000
  0.016,299.592,  0.000,  0.000
  0.016,299.615,  0.000,  0.000
  0.016,299.630,  0.000,  0.000
  0.016,299.649,  0.000,  0.000
  0.016,299.681,  0.000,  0.000
  0.016,299.716,  0.000,  0.000
  0.016,299.726,  0.000,  0.000
  0.017,299.627,  1.075,  0.000
  0.017,299.583,  0.574,  0.000
  0.017,299.605,  0.206,  0.000
  0.017,299.600,  0.050,  0.000
  0.017,299.568,  0.009,  0.000
  0.017,299.560,  0.007,  0.000
  0.017,299.573,  0.089,  0.000
  0.017,299.592,  0.295,  0.000
  0.017,299.617,  0.409,  0.000
  0.017,299.657,  0.345,  0.000
  0.017,299.699,  0.253,  0.000
  0.016,299.727,  0.141,  0.000
  0.016,299.727,  0.052,  0.000
  0.016,299.707,  0.016,  0.000
  0.016,299.675,  0.006,  0.000
  0.017,299.615,  0.002,  0.000
  0.017,299.548,  0.000,  0.000
  0.017,299.529,  0.000,  0.000
  0.016,299.566,  0.000,  0.000
  0.016,299.614,  0.000,  0.000
  0.016,299.636,  0.000,  0.000
  0.016,299.643,  0.000,  0.000
  0.017,299.659,  0.000,  0.000
  0.017,299.686,  0.000,  0.000
  0.016,299.707,  0.000,  0.000
  0.017,299.616,  2.871,  0.000
  0.017,299.657,  3.284,  0.000
  0.017,299.661,  2.137,  0.000
  0.017,299.617,  0.906,  0.000
  0.017,299.589,  0.312,  0.000
  0.017,299.608,  0.035,  0.000
  0.017,299.641,  0.070,  0.000
  0.017,299.660,  0.240,  0.000
  0.017,299.664,  0.562,  0.000
  0.017,299.665,  0.990,  0.000
  0.017,299.664,  1.297,  0.000
  0.016,299.667,  1.170,  0.000
  0.016,299.671,  0.745,  0.000
  0.016,299.677,  0.462,  0.000
  0.016,299.672,  0.287,  0.000
  0.017,299.630,  0.138,  0.000
  0.017,299.551,  0.047,  0.000
  0.017,299.505,  0.011,  0.000
  0.017,299.528,  0.001,  0.000
  0.016,299.584,  0.001,  0.000
  0.016,299.625,  0.000,  0.000
  0.016,299.647,  0.000,  0.000
  0.016,299.666,  0.000,  0.000
  0.017,299.685,  0.000,  0.000
  0.017,299.703,  0.000,  0.000
  0.016,299.514,  0.135,  0.000
  0.017,299.655,  0.661,  0.000
  0.017,299.675,  1.691,  0.000
  0.017,299.671,  2.196,  0.000
  0.017,299.663,  1.234,  0.000
  0.017,299.643,  0.080,  0.000
  0.017,299.652,  0.011,  0.000
  0.017,299.677,  0.006,  0.000
  0.016,299.677,  0.020,  0.000
  0.017,299.649,  0.105,  0.000
  0.017,299.627,  0.381,  0.000
  0.017,299.631,  0.857,  0.000
  0.016,299.647,  1.379,  0.000
  0.016,299.663,  1.763,  0.000
  0.016,299.673,  1.844,  0.000
  0.016,299.672,  1.425,  0.000
  0.017,299.639,  0.620,  0.000
  0.017,299.582,  0.099,  0.000
  0.017,299.555,  0.008,  0.000
  0.017,299.571,  0.003,  0.000
  0.016,299.609,  0.000,  0.000
  0.016,299.637,  0.000,  0.000
  0.016,299.653,  0.000,  0.000
  0.017,299.666,  0.000,  0.000
  0.017,299.677,  0.000,  0.000
