  0.016,298.376,  0.000,  0.000
  0.016,298.349,  0.000,  0.000
  0.016,298.343,  0.000,  0.000
  0.016,298.369,  0.000,  0.000
  0.016,298.401,  0.000,  0.000
  0.015,298.382,  0.000,  0.000
  0.015,298.347,  0.000,  0.000
  0.015,298.317,  0.000,  0.000
  0.015,298.318,  0.000,  0.000
  0.016,298.349,  0.000,  0.000
  0.016,298.356,  0.000,  0.000
  0.015,298.322,  0.000,  0.000
  0.015,298.269,  0.000,  0.000
  0.015,298.230,  0.000,  0.000
  0.016,298.210,  0.000,  0.000
  0.016,298.211,  0.000,  0.000
  0.016,298.194,  0.000,  0.000
  0.016,298.152,  0.000,  0.000
  0.016,298.122,  0.000,  0.000
  0.016,298.135,  0.000,  0.000
  0.016,298.131,  0.000,  0.000
  0.016,298.101,  0.000,  0.000
  0.016,298.095,  0.000,  0.000
  0.016,298.136,  0.000,  0.000
  0.016,298.147,  0.000,  0.000
  0.016,298.400,  0.000,  0.000
  0.016,298.382,  0.000,  0.000
  0.016,298.382,  0.000,  0.000
  0.016,298.406,  0.000,  0.000
  0.016,298.422,  0.000,  0.000
  0.015,298.390,  0.000,  0.000
  0.015,298.356,  0.000,  0.000
  0.016,298.333,  0.000,  0.000
  0.015,298.326,  0.000,  0.000
  0.015,298.333,  0.000,  0.000
  0.016,298.339,  0.000,  0.000
  0.016,298.340,  0.000,  0.000
  0.016,298.314,  0.000,  0.000
  0.015,298.260,  0.000,  0.000
  0.016,298.206,  0.000,  0.000
  0.016,298.198,  0.000,  0.000
  0.016,298.215,  0.000,  0.000
  0.016,298.199,  0.000,  0.000
  0.016,298.163,  0.000,  0.000
  0.016,298.143,  0.000,  0.000
  0.016,298.140,  0.000,  0.000
  0.016,298.123,  0.000,  0.000
  0.016,298.099,  0.000,  0.000
  0.016,298.113,  0.000,  0.000
  0.016,298.133,  0.000,  0.000
  0.016,298.448,  0.000,  0.000
  0.016,298.451,  0.000,  0.000
  0.016,298.448,  0.000,  0.000
  0.016,298.433,  0.000,  0.000
  0.016,298.412,  0.000,  0.000
  0.016,298.387,  0.000,  0.000
  0.016,298.370,  0.000,  0.000
  0.016,298.367,  0.000,  0.000
  0.016,298.367,  0.000,  0.000
  0.015,298.348,  0.000,  0.000
  0.015,298.326,  0.000,  0.000
  0.016,298.325,  0.000,  0.000
  0.016,298.326,  0.000,  0.000
  0.016,298.292,  0.000,  0.000
  0.016,298.230,  0.000,  0.000
  0.016,298.193,  0.000,  0.000
  0.016,298.205,  0.000,  0.000
  0.016,298.221,  0.000,  0.000
  0.016,298.211,  0.000,  0.000
  0.016,298.187,  0.000,  0.000
  0.016,298.172,  0.000,  0.000
  0.016,298.164,  0.000,  0.000
  0.016,298.139,  0.000,  0.000
  0.016,298.119,  0.000,  0.000
  0.016,298.118,  0.000,  0.000
  0.016,298.493,  0.000,  0.000
  0.016,298.503,  0.000,  0.000
  0.016,298.486,  0.000,  0.000
  0.016,298.440,  0.000,  0.000
  0.016,298.408,  0.000,  0.000
  0.016,298.399,  0.000,  0.000
  0.016,298.398,  0.000,  0.000
  0.016,298.402,  0.000,  0.000
  0.016,298.403,  0.000,  0.000
  0.016,298.389,  0.000,  0.000
  0.015,298.341,  0.000,  0.000
  0.016,298.304,  0.000,  0.000
  0.016,298.299,  0.000,  0.000
  0.016,298.298,  0.000,  0.000
  0.016,298.277,  0.000,  0.000
  0.016,298.242,  0.000,  0.000
  0.016,298.220,  0.000,  0.000
  0.016,298.217,  0.000,  0.000
  0.016,298.222,  0.000,  0.000
  0.016,298.208,  0.000,  0.000
  0.016,298.182,  0.000,  0.000
  0.016,298.164,  0.000,  0.000
  0.016,298.166,  0.000,  0.000
  0.016,298.165,  0.000,  0.000
  0.016,298.159,  0.000,  0.000
  0.016,298.506,  0.000,  0.000
  0.016,298.499,  0.000,  0.000
  0.016,298.468,  0.000,  0.000
  0.016,298.427,  0.000,  0.000
  0.016,298.408,  0.000,  0.000
  0.016,298.409,  0.000,  0.000
  0.016,298.416,  0.000,  0.000
  0.016,298.421,  0.000,  0.000
  0.016,298.420,  0.000,  0.000
  0.016,298.406,  0.000,  0.000
  0.016,298.352,  0.000,  0.000
  0.016,298.296,  0.000,  0.000
  0.016,298.273,  0.000,  0.000
  0.016,298.280,  0.000,  0.000
  0.016,298.299,  0.000,  0.000
  0.016,298.298,  0.000,  0.000
  0.016,298.265,  0.000,  0.000
  0.016,298.231,  0.000,  0.000
  0.016,298.207,  0.000,  0.000
  0.016,298.189,  0.000,  0.000
  0.016,298.163,  0.000,  0.000
  0.016,298.151,  0.000,  0.000
  0.016,298.171,  0.000,  0.000
  0.016,298.211,  0.000,  0.000
  0.016,298.230,  0.000,  0.000
  0.016,298.511,  0.000,  0.000
  0.016,298.494,  0.000,  0.000
  0.016,298.454,  0.000,  0.000
  0.016,298.424,  0.000,  0.000
  0.016,298.419,  0.000,  0.000
  0.016,298.421,  0.000,  0.000
  0.016,298.423,  0.000,  0.000
  0.016,298.427,  0.000,  0.000
  0.016,298.431,  0.000,  0.000
  0.016,298.414,  0.000,  0.000
  0.016,298.359,  0.000,  0.000
  0.016,298.300,  0.000,  0.000
  0.016,298.272,  0.000,  0.000
  0.016,298.273,  0.000,  0.000
  0.016,298.297,  0.000,  0.000
  0.016,298.314,  0.000,  0.000
  0.016,298.297,  0.000,  0.000
  0.016,298.248,  0.000,  0.000
  0.016,298.196,  0.000,  0.000
  0.016,298.175,  0.000,  0.000
  0.016,298.167,  0.000,  0.000
  0.016,298.170,  0.000,  0.000
  0.016,298.197,  0.000,  0.000
  0.016,298.243,  0.000,  0.000
  0.016,298.263,  0.000,  0.000
  0.016,298.523,  0.000,  0.000
  0.016,298.515,  0.000,  0.000
  0.016,298.487,  0.000,  0.000
  0.016,298.461,  0.000,  0.000
  0.016,298.449,  0.000,  0.000
  0.016,298.439,  0.000,  0.000
  0.016,298.425,  0.000,  0.000
  0.016,298.422,  0.000,  0.000
  0.016,298.436,  0.000,  0.000
  0.016,298.429,  0.000,  0.000
  0.016,298.385,  0.000,  0.000
  0.016,298.323,  0.000,  0.000
  0.016,298.283,  0.000,  0.000
  0.016,298.280,  0.000,  0.000
  0.016,298.291,  0.000,  0.000
  0.016,298.302,  0.000,  0.000
  0.016,298.298,  0.000,  0.000
  0.016,298.256,  0.000,  0.000
  0.016,298.201,  0.000,  0.000
  0.016,298.178,  0.000,  0.000
  0.016,298.194,  0.000,  0.000
  0.016,298.224,  0.000,  0.000
  0.016,298.254,  0.000,  0.000
  0.016,298.270,  0.000,  0.000
  0.016,298.252,  0.000,  0.000
  0.016,298.531,  0.000,  0.000
  0.016,298.535,  0.000,  0.000
  0.016,298.522,  0.000,  0.000
  0.016,298.495,  0.000,  0.000
  0.016,298.475,  0.000,  0.000
  0.016,298.464,  0.000,  0.000
  0.016,298.452,  0.000,  0.000
  0.016,298.443,  0.000,  0.000
  0.016,298.444,  0.000,  0.000
  0.016,298.438,  0.000,  0.000
  0.016,298.409,  0.000,  0.000
  0.016,298.358,  0.000,  0.000
  0.016,298.316,  0.000,  0.000
  0.016,298.295,  0.000,  0.000
  0.016,298.290,  0.000,  0.000
  0.016,298.284,  0.000,  0.000
  0.016,298.279,  0.000,  0.000
  0.016,298.257,  0.000,  0.000
  0.016,298.224,  0.000,  0.000
  0.016,298.208,  0.000,  0.000
  0.016,298.230,  0.000,  0.000
  0.016,298.273,  0.000,  0.000
  0.016,298.307,  0.000,  0.000
  0.016,298.300,  0.000,  0.000
  0.016,298.252,  0.000,  0.000
  0.016,298.536,  0.000,  0.000
  0.016,298.538,  0.000,  0.000
  0.016,298.519,  0.000,  0.000
  0.016,298.495,  0.000,  0.000
  0.016,298.487,  0.000,  0.000
  0.016,298.499,  0.000,  0.000
  0.016,298.504,  0.000,  0.000
  0.015,298.486,  0.000,  0.000
  0.016,298.465,  0.000,  0.000
  0.016,298.442,  0.000,  0.000
  0.016,298.418,  0.000,  0.000
  0.016,298.390,  0.000,  0.000
  0.016,298.353,  0.000,  0.000
  0.016,298.318,  0.000,  0.000
  0.016,298.290,  0.000,  0.000
  0.016,298.272,  0.000,  0.000
  0.016,298.256,  0.000,  0.000
  0.016,298.245,  0.000,  0.000
  0.016,298.234,  0.000,  0.000
  0.016,298.230,  0.000,  0.000
  0.016,298.253,  0.000,  0.000
  0.016,298.296,  0.000,  0.000
  0.016,298.334,  0.000,  0.000
  0.016,298.331,  0.000,  0.000
  0.016,298.286,  0.000,  0.000
  0.016,298.537,  0.000,  0.000
  0.016,298.520,  0.000,  0.000
  0.016,298.496,  0.000,  0.000
  0.016,298.476,  0.000,  0.000
  0.016,298.470,  0.000,  0.000
  0.016,298.503,  0.000,  0.000
  0.016,298.554,  0.000,  0.000
  0.015,298.525,  0.000,  0.000
  0.015,298.485,  0.000,  0.000
  0.016,298.445,  0.000,  0.000
  0.016,298.425,  0.000,  0.000
  0.016,298.414,  0.000,  0.000
  0.016,298.380,  0.000,  0.000
  0.016,298.329,  0.000,  0.000
  0.016,298.297,  0.000,  0.000
  0.016,298.286,  0.000,  0.000
  0.016,298.267,  0.000,  0.000
  0.016,298.251,  0.000,  0.000
  0.016,298.248,  0.000,  0.000
  0.016,298.251,  0.000,  0.000
  0.016,298.263,  0.000,  0.000
  0.016,298.291,  0.000,  0.000
  0.016,298.325,  0.000,  0.000
  0.016,298.339,  0.000,  0.000
  0.016,298.316,  0.000,  0.000
  0.016,298.551,  0.000,  0.000
  0.016,298.523,  0.000,  0.000
  0.016,298.501,  0.000,  0.000
  0.016,298.486,  0.000,  0.000
  0.016,298.481,  0.000,  0.000
  0.016,298.494,  0.000,  0.000
  0.016,298.528,  0.000,  0.000
  0.015,298.529,  0.000,  0.000
  0.015,298.489,  0.000,  0.000
  0.016,298.450,  0.000,  0.000
  0.016,298.431,  0.000,  0.000
  0.016,298.416,  0.000,  0.000
  0.016,298.380,  0.000,  0.000
  0.016,298.327,  0.000,  0.000
  0.016,298.300,  0.000,  0.000
  0.016,298.303,  0.000,  0.000
  0.016,298.300,  0.000,  0.000
  0.016,298.294,  0.000,  0.000
  0.016,298.297,  0.000,  0.000
  0.016,298.299,  0.000,  0.000
  0.016,298.292,  0.000,  0.000
  0.016,298.289,  0.000,  0.000
  0.016,298.308,  0.000,  0.000
  0.016,298.325,  0.000,  0.000
  0.016,298.314,  0.000,  0.000
  0.016,298.558,  0.000,  0.000
  0.016,298.545,  0.000,  0.000
  0.016,298.529,  0.000,  0.000
  0.016,298.510,  0.000,  0.000
  0.016,298.488,  0.000,  0.000
  0.016,298.480,  0.000,  0.000
  0.016,298.495,  0.000,  0.000
  0.016,298.510,  0.000,  0.000
  0.015,298.500,  0.000,  0.000
  0.015,298.470,  0.000,  0.000
  0.016,298.445,  0.000,  0.000
  0.016,298.419,  0.000,  0.000
  0.016,298.381,  0.000,  0.000
  0.016,298.336,  0.000,  0.000
  0.016,298.307,  0.000,  0.000
  0.016,298.311,  0.000,  0.000
  0.016,298.328,  0.000,  0.000
  0.016,298.344,  0.000,  0.000
  0.016,298.361,  0.000,  0.000
  0.016,298.358,  0.000,  0.000
  0.016,298.331,  0.000,  0.000
  0.016,298.305,  0.000,  0.000
  0.016,298.299,  0.000,  0.000
  0.016,298.297,  0.000,  0.000
  0.016,298.291,  0.000,  0.000
  0.016,298.561,  0.000,  0.000
  0.016,298.558,  0.000,  0.000
  0.016,298.542,  0.000,  0.000
  0.016,298.514,  0.000,  0.000
  0.016,298.476,  0.000,  0.000
  0.016,298.464,  0.000,  0.000
  0.016,298.482,  0.000,  0.000
  0.016,298.500,  0.000,  0.000
  0.016,298.505,  0.000,  0.000
  0.015,298.487,  0.000,  0.000
  0.016,298.450,  0.000,  0.000
  0.016,298.420,  0.000,  0.000
  0.016,298.390,  0.000,  0.000
  0.016,298.362,  0.000,  0.000
  0.016,298.340,  0.000,  0.000
  0.016,298.334,  0.000,  0.000
  0.016,298.347,  0.000,  0.000
  0.016,298.374,  0.000,  0.000
  0.016,298.396,  0.000,  0.000
  0.016,298.395,  0.000,  0.000
  0.016,298.364,  0.000,  0.000
  0.016,298.326,  0.000,  0.000
  0.016,298.298,  0.000,  0.000
  0.016,298.285,  0.000,  0.000
  0.016,298.288,  0.000,  0.000
  0.016,298.574,  0.000,  0.000
  0.016,298.571,  0.000,  0.000
  0.016,298.558,  0.000,  0.000
  0.016,298.526,  0.000,  0.000
  0.016,298.488,  0.000,  0.000
  0.016,298.467,  0.000,  0.000
  0.016,298.480,  0.000,  0.000
  0.016,298.498,  0.000,  0.000
  0.016,298.505,  0.000,  0.000
  0.016,298.491,  0.000,  0.000
  0.016,298.451,  0.000,  0.000
  0.016,298.407,  0.000,  0.000
  0.016,298.392,  0.000,  0.000
  0.016,298.391,  0.000,  0.000
  0.016,298.392,  0.000,  0.000
  0.016,298.389,  0.000,  0.000
  0.016,298.391,  0.000,  0.000
  0.016,298.396,  0.000,  0.000
  0.016,298.399,  0.000,  0.000
  0.016,298.400,  0.000,  0.000
  0.016,298.387,  0.000,  0.000
  0.016,298.352,  0.000,  0.000
  0.016,298.313,  0.000,  0.000
  0.016,298.288,  0.000,  0.000
  0.016,298.286,  0.000,  0.000
  0.016,298.580,  0.000,  0.000
  0.016,298.585,  0.000,  0.000
  0.016,298.583,  0.000,  0.000
  0.016,298.548,  0.000,  0.000
  0.016,298.505,  0.000,  0.000
  0.016,298.473,  0.000,  0.000
  0.016,298.475,  0.000,  0.000
  0.016,298.497,  0.000,  0.000
  0.016,298.503,  0.000,  0.000
  0.016,298.490,  0.000,  0.000
  0.016,298.452,  0.000,  0.000
  0.016,298.408,  0.000,  0.000
  0.016,298.389,  0.000,  0.000
  0.016,298.403,  0.000,  0.000
  0.016,298.423,  0.000,  0.000
  0.016,298.439,  0.000,  0.000
  0.016,298.440,  0.000,  0.000
  0.016,298.416,  0.000,  0.000
  0.016,298.388,  0.000,  0.000
  0.016,298.385,  0.000,  0.000
  0.016,298.394,  0.000,  0.000
  0.016,298.385,  0.000,  0.000
  0.016,298.344,  0.000,  0.000
  0.016,298.297,  0.000,  0.000
  0.016,298.272,  0.000,  0.000
