  0.018,299.377,  0.000,  0.000
  0.018,299.573,  0.000,  0.000
  0.018,299.639,  0.000,  0.000
  0.018,299.607,  0.000,  0.000
  0.018,299.571,  0.000,  0.000
  0.018,299.560,  0.000,  0.000
  0.018,299.562,  0.000,  0.000
  0.018,299.578,  0.000,  0.000
  0.018,299.593,  0.000,  0.000
  0.018,299.602,  0.000,  0.000
  0.018,299.608,  0.000,  0.000
  0.018,299.612,  0.000,  0.000
  0.018,299.601,  0.000,  0.000
  0.018,299.578,  0.000,  0.000
  0.018,299.547,  0.000,  0.000
  0.018,299.517,  0.000,  0.000
  0.018,299.500,  0.000,  0.000
  0.017,299.521,  0.000,  0.000
  0.017,299.578,  0.000,  0.000
  0.017,299.605,  0.000,  0.000
  0.018,299.574,  0.000,  0.000
  0.018,299.523,  0.000,  0.000
  0.017,299.504,  0.000,  0.000
  0.017,299.525,  0.000,  0.000
  0.017,299.518,  0.000,  0.000
  0.018,299.612,  0.000,  0.000
  0.018,299.714,  0.000,  0.000
  0.018,299.698,  0.000,  0.000
  0.018,299.643,  0.000,  0.000
  0.018,299.604,  0.000,  0.000
  0.018,299.583,  0.000,  0.000
  0.018,299.568,  0.000,  0.000
  0.018,299.570,  0.000,  0.000
  0.018,299.584,  0.000,  0.000
  0.018,299.606,  0.000,  0.000
  0.018,299.634,  0.000,  0.000
  0.017,299.650,  0.000,  0.000
  0.018,299.637,  0.000,  0.000
  0.017,299.609,  0.000,  0.000
  0.017,299.570,  0.000,  0.000
  0.018,299.523,  0.000,  0.000
  0.018,299.491,  0.000,  0.000
  0.018,299.499,  0.000,  0.000
  0.017,299.552,  0.000,  0.000
  0.017,299.601,  0.000,  0.000
  0.017,299.590,  0.000,  0.000
  0.018,299.541,  0.000,  0.000
  0.018,299.516,  0.000,  0.000
  0.017,299.539,  0.000,  0.000
  0.017,299.547,  0.000,  0.000
  0.017,299.678,  0.000,  0.000
  0.017,299.711,  0.000,  0.000
  0.017,299.715,  0.000,  0.000
  0.018,299.711,  0.000,  0.000
  0.018,299.714,  0.000,  0.000
  0.018,299.692,  0.000,  0.000
  0.018,299.638,  0.000,  0.000
  0.018,299.596,  0.000,  0.000
  0.018,299.593,  0.000,  0.000
  0.018,299.612,  0.000,  0.000
  0.018,299.637,  0.000,  0.000
  0.017,299.651,  0.000,  0.000
  0.017,299.636,  0.000,  0.000
  0.017,299.604,  0.000,  0.000
  0.017,299.560,  0.000,  0.000
  0.017,299.527,  0.000,  0.000
  0.018,299.514,  0.000,  0.000
  0.018,299.519,  0.000,  0.000
  0.018,299.536,  0.000,  0.000
  0.018,299.553,  0.000,  0.000
  0.018,299.548,  0.000,  0.000
  0.018,299.524,  0.000,  0.000
  0.018,299.511,  0.000,  0.000
  0.018,299.532,  0.000,  0.000
  0.018,299.537,  0.000,  0.000
  0.018,299.633,  0.000,  0.000
  0.018,299.633,  0.000,  0.000
  0.017,299.672,  0.000,  0.000
  0.017,299.738,  0.000,  0.000
  0.017,299.788,  0.000,  0.000
  0.017,299.771,  0.000,  0.000
  0.018,299.698,  0.000,  0.000
  0.018,299.624,  0.000,  0.000
  0.018,299.593,  0.000,  0.000
  0.018,299.596,  0.000,  0.000
  0.018,299.617,  0.000,  0.000
  0.018,299.633,  0.000,  0.000
  0.017,299.621,  0.000,  0.000
  0.018,299.584,  0.000,  0.000
  0.018,299.545,  0.000,  0.000
  0.018,299.532,  0.000,  0.000
  0.017,299.540,  0.000,  0.000
  0.017,299.550,  0.000,  0.000
  0.018,299.555,  0.000,  0.000
  0.018,299.546,  0.000,  0.000
  0.018,299.527,  0.000,  0.000
  0.018,299.514,  0.000,  0.000
  0.018,299.524,  0.000,  0.000
  0.018,299.553,  0.000,  0.000
  0.018,299.558,  0.000,  0.000
  0.018,299.624,  0.000,  0.000
  0.018,299.557,  0.000,  0.000
  0.018,299.574,  0.000,  0.000
  0.017,299.664,  0.000,  0.000
  0.017,299.752,  0.000,  0.000
  0.017,299.758,  0.000,  0.000
  0.017,299.693,  0.000,  0.000
  0.018,299.623,  0.000,  0.000
  0.018,299.586,  0.000,  0.000
  0.018,299.588,  0.000,  0.000
  0.018,299.613,  0.000,  0.000
  0.018,299.631,  0.000,  0.000
  0.018,299.625,  0.000,  0.000
  0.018,299.594,  0.000,  0.000
  0.018,299.557,  0.000,  0.000
  0.018,299.537,  0.000,  0.000
  0.018,299.542,  0.000,  0.000
  0.017,299.564,  0.000,  0.000
  0.017,299.592,  0.000,  0.000
  0.017,299.619,  0.000,  0.000
  0.018,299.622,  0.000,  0.000
  0.018,299.602,  0.000,  0.000
  0.018,299.578,  0.000,  0.000
  0.018,299.589,  0.000,  0.000
  0.018,299.599,  0.000,  0.000
  0.018,299.731,  0.000,  0.000
  0.018,299.636,  0.000,  0.000
  0.018,299.606,  0.000,  0.000
  0.018,299.667,  0.000,  0.000
  0.017,299.723,  0.000,  0.000
  0.017,299.720,  0.000,  0.000
  0.017,299.671,  0.000,  0.000
  0.018,299.614,  0.000,  0.000
  0.018,299.578,  0.000,  0.000
  0.018,299.591,  0.000,  0.000
  0.018,299.621,  0.000,  0.000
  0.018,299.639,  0.000,  0.000
  0.018,299.646,  0.000,  0.000
  0.018,299.638,  0.000,  0.000
  0.018,299.614,  0.000,  0.000
  0.018,299.576,  0.000,  0.000
  0.018,299.542,  0.000,  0.000
  0.018,299.544,  0.000,  0.000
  0.017,299.602,  0.000,  0.000
  0.017,299.669,  0.000,  0.000
  0.017,299.717,  0.000,  0.000
  0.018,299.710,  0.000,  0.000
  0.018,299.646,  0.000,  0.000
  0.018,299.610,  0.000,  0.000
  0.017,299.613,  0.000,  0.000
  0.017,299.789,  0.000,  0.000
  0.018,299.673,  0.000,  0.000
  0.018,299.572,  0.000,  0.000
  0.018,299.599,  0.000,  0.000
  0.018,299.679,  0.000,  0.000
  0.017,299.714,  0.000,  0.000
  0.018,299.672,  0.000,  0.000
  0.018,299.622,  0.000,  0.000
  0.018,299.603,  0.000,  0.000
  0.018,299.620,  0.000,  0.000
  0.018,299.651,  0.000,  0.000
  0.018,299.670,  0.000,  0.000
  0.018,299.684,  0.000,  0.000
  0.018,299.689,  0.000,  0.000
  0.018,299.684,  0.000,  0.000
  0.018,299.647,  0.000,  0.000
  0.018,299.595,  0.000,  0.000
  0.018,299.558,  0.000,  0.000
  0.018,299.585,  0.000,  0.000
  0.017,299.649,  0.000,  0.000
  0.017,299.709,  0.000,  0.000
  0.017,299.717,  0.000,  0.000
  0.018,299.673,  0.000,  0.000
  0.018,299.617,  0.000,  0.000
  0.018,299.594,  0.000,  0.000
  0.017,299.696,  0.000,  0.000
  0.018,299.504,  0.000,  0.000
  0.018,299.305,  0.000,  0.000
  0.018,299.291,  0.000,  0.000
  0.018,299.468,  0.000,  0.000
  0.018,299.643,  0.000,  0.000
  0.018,299.692,  0.000,  0.000
  0.018,299.647,  0.000,  0.000
  0.018,299.635,  0.000,  0.000
  0.018,299.656,  0.000,  0.000
  0.018,299.679,  0.000,  0.000
  0.018,299.689,  0.000,  0.000
  0.018,299.710,  0.000,  0.000
  0.018,299.735,  0.000,  0.000
  0.018,299.731,  0.000,  0.000
  0.018,299.711,  0.000,  0.000
  0.018,299.677,  0.000,  0.000
  0.018,299.640,  0.000,  0.000
  0.018,299.620,  0.000,  0.000
  0.018,299.635,  0.000,  0.000
  0.018,299.669,  0.000,  0.000
  0.017,299.675,  0.000,  0.000
  0.018,299.659,  0.000,  0.000
  0.018,299.622,  0.000,  0.000
  0.018,299.575,  0.000,  0.000
  0.018,299.577,  0.000,  0.000
  0.018,299.376,  0.000,  0.000
  0.018,299.204,  0.000,  0.000
  0.018,299.175,  0.000,  0.000
  0.018,299.318,  0.000,  0.000
  0.018,299.552,  0.000,  0.000
  0.018,299.689,  0.000,  0.000
  0.018,299.684,  0.000,  0.000
  0.018,299.653,  0.000,  0.000
  0.018,299.654,  0.000,  0.000
  0.018,299.668,  0.000,  0.000
  0.018,299.688,  0.000,  0.000
  0.017,299.725,  0.000,  0.000
  0.018,299.761,  0.000,  0.000
  0.018,299.749,  0.000,  0.000
  0.018,299.724,  0.000,  0.000
  0.018,299.711,  0.000,  0.000
  0.018,299.703,  0.000,  0.000
  0.018,299.680,  0.000,  0.000
  0.018,299.653,  0.000,  0.000
  0.018,299.646,  0.000,  0.000
  0.018,299.651,  0.000,  0.000
  0.018,299.651,  0.000,  0.000
  0.018,299.626,  0.000,  0.000
  0.018,299.573,  0.000,  0.000
  0.018,299.496,  0.000,  0.000
  0.018,299.319,  0.000,  0.000
  0.018,299.223,  0.000,  0.000
  0.018,299.233,  0.000,  0.000
  0.018,299.356,  0.000,  0.000
  0.018,299.566,  0.000,  0.000
  0.018,299.713,  0.000,  0.000
  0.018,299.728,  0.000,  0.000
  0.018,299.683,  0.000,  0.000
  0.018,299.655,  0.000,  0.000
  0.018,299.647,  0.000,  0.000
  0.018,299.670,  0.000,  0.000
  0.018,299.716,  0.000,  0.000
  0.018,299.750,  0.000,  0.000
  0.018,299.738,  0.000,  0.000
  0.018,299.714,  0.000,  0.000
  0.018,299.709,  0.000,  0.000
  0.018,299.716,  0.000,  0.000
  0.018,299.704,  0.000,  0.000
  0.018,299.677,  0.000,  0.000
  0.018,299.657,  0.000,  0.000
  0.018,299.655,  0.000,  0.000
  0.018,299.649,  0.000,  0.000
  0.018,299.626,  0.000,  0.000
  0.018,299.577,  0.000,  0.000
  0.018,299.497,  0.000,  0.000
  0.018,299.328,  0.000,  0.000
  0.018,299.261,  0.000,  0.000
  0.018,299.308,  0.000,  0.000
  0.018,299.454,  0.000,  0.000
  0.018,299.639,  0.000,  0.000
  0.018,299.740,  0.000,  0.000
  0.018,299.736,  0.000,  0.000
  0.018,299.712,  0.000,  0.000
  0.018,299.705,  0.000,  0.000
  0.018,299.689,  0.000,  0.000
  0.018,299.687,  0.000,  0.000
  0.018,299.714,  0.000,  0.000
  0.018,299.737,  0.000,  0.000
  0.018,299.732,  0.000,  0.000
  0.018,299.715,  0.000,  0.000
  0.018,299.714,  0.000,  0.000
  0.018,299.717,  0.000,  0.000
  0.018,299.713,  0.000,  0.000
  0.018,299.701,  0.000,  0.000
  0.018,299.687,  0.000,  0.000
  0.018,299.671,  0.000,  0.000
  0.018,299.640,  0.000,  0.000
  0.018,299.608,  0.000,  0.000
  0.018,299.583,  0.000,  0.000
  0.018,299.595,  0.000,  0.000
  0.018,299.428,  0.000,  0.000
  0.018,299.336,  0.000,  0.000
  0.018,299.387,  0.000,  0.000
  0.018,299.537,  0.000,  0.000
  0.018,299.673,  0.000,  0.000
  0.018,299.717,  0.000,  0.000
  0.018,299.709,  0.000,  0.000
  0.018,299.718,  0.000,  0.000
  0.018,299.743,  0.000,  0.000
  0.018,299.747,  0.000,  0.000
  0.018,299.734,  0.000,  0.000
  0.018,299.730,  0.000,  0.000
  0.018,299.736,  0.000,  0.000
  0.018,299.743,  0.000,  0.000
  0.018,299.740,  0.000,  0.000
  0.018,299.732,  0.000,  0.000
  0.018,299.723,  0.000,  0.000
  0.018,299.712,  0.000,  0.000
  0.018,299.698,  0.000,  0.000
  0.018,299.683,  0.000,  0.000
  0.018,299.665,  0.000,  0.000
  0.018,299.649,  0.000,  0.000
  0.018,299.628,  0.000,  0.000
  0.018,299.597,  0.000,  0.000
  0.018,299.746,  0.000,  0.000
  0.018,299.650,  0.000,  0.000
  0.018,299.545,  0.000,  0.000
  0.018,299.535,  0.000,  0.000
  0.018,299.599,  0.000,  0.000
  0.018,299.649,  0.000,  0.000
  0.018,299.666,  0.000,  0.000
  0.018,299.685,  0.000,  0.000
  0.018,299.720,  0.000,  0.000
  0.018,299.762,  0.000,  0.000
  0.018,299.780,  0.000,  0.000
  0.018,299.760,  0.000,  0.000
  0.018,299.730,  0.000,  0.000
  0.018,299.721,  0.000,  0.000
  0.018,299.733,  0.000,  0.000
  0.018,299.744,  0.000,  0.000
  0.018,299.736,  0.000,  0.000
  0.018,299.711,  0.000,  0.000
  0.018,299.685,  0.000,  0.000
  0.018,299.667,  0.000,  0.000
  0.018,299.655,  0.000,  0.000
  0.018,299.643,  0.000,  0.000
  0.018,299.616,  0.000,  0.000
  0.018,299.577,  0.000,  0.000
  0.018,299.562,  0.000,  0.000
  0.017,299.855,  0.000,  0.000
  0.018,299.884,  0.000,  0.000
  0.018,299.824,  0.000,  0.000
  0.018,299.733,  0.000,  0.000
  0.018,299.678,  0.000,  0.000
  0.018,299.644,  0.000,  0.000
  0.018,299.633,  0.000,  0.000
  0.018,299.658,  0.000,  0.000
  0.018,299.723,  0.000,  0.000
  0.018,299.793,  0.000,  0.000
  0.018,299.820,  0.000,  0.000
  0.018,299.782,  0.000,  0.000
  0.018,299.723,  0.000,  0.000
  0.018,299.697,  0.000,  0.000
  0.018,299.700,  0.000,  0.000
  0.018,299.718,  0.000,  0.000
  0.018,299.720,  0.000,  0.000
  0.018,299.698,  0.000,  0.000
  0.018,299.672,  0.000,  0.000
  0.018,299.662,  0.000,  0.000
  0.018,299.654,  0.000,  0.000
  0.018,299.613,  0.000,  0.000
  0.018,299.533,  0.000,  0.000
  0.018,299.472,  0.000,  0.000
  0.017,299.519,  0.000,  0.000
  0.017,299.895,  0.000,  0.000
  0.017,299.993,  0.000,  0.000
  0.017,300.000,  0.000,  0.000
  0.018,299.899,  0.000,  0.000
  0.018,299.788,  0.000,  0.000
  0.018,299.711,  0.000,  0.000
  0.018,299.660,  0.000,  0.000
  0.018,299.668,  0.000,  0.000
  0.018,299.735,  0.000,  0.000
  0.017,299.813,  0.000,  0.000
  0.017,299.843,  0.000,  0.000
  0.018,299.801,  0.000,  0.000
  0.018,299.729,  0.000,  0.000
  0.018,299.689,  0.000,  0.000
  0.018,299.688,  0.000,  0.000
  0.018,299.700,  0.000,  0.000
  0.018,299.702,  0.000,  0.000
  0.018,299.692,  0.000,  0.000
  0.018,299.692,  0.000,  0.000
  0.018,299.704,  0.000,  0.000
  0.018,299.690,  0.000,  0.000
  0.018,299.611,  0.000,  0.000
  0.018,299.499,  0.000,  0.000
  0.018,299.467,  0.000,  0.000
  0.017,299.549,  0.000,  0.000
