  0.020,302.624,  0.000,  0.000
  0.020,302.635,  0.000,  0.000
  0.020,302.652,  0.000,  0.000
  0.020,302.692,  0.000,  0.000
  0.020,302.710,  0.000,  0.000
  0.020,302.684,  0.000,  0.000
  0.020,302.650,  0.000,  0.000
  0.020,302.629,  0.000,  0.000
  0.020,302.632,  0.000,  0.000
  0.020,302.643,  0.000,  0.000
  0.020,302.651,  0.000,  0.000
  0.021,302.653,  0.000,  0.000
  0.021,302.662,  0.000,  0.000
  0.020,302.695,  0.000,  0.000
  0.020,302.730,  0.000,  0.000
  0.020,302.724,  0.000,  0.000
  0.020,302.726,  0.000,  0.000
  0.020,302.735,  0.000,  0.000
  0.020,302.732,  0.000,  0.000
  0.020,302.731,  0.000,  0.000
  0.020,302.727,  0.000,  0.000
  0.021,302.719,  0.000,  0.000
  0.021,302.717,  0.000,  0.000
  0.021,302.735,  0.000,  0.000
  0.020,302.744,  0.001,  0.000
  0.020,302.602,  0.000,  0.000
  0.020,302.616,  0.000,  0.000
  0.020,302.627,  0.000,  0.000
  0.020,302.637,  0.000,  0.000
  0.020,302.657,  0.000,  0.000
  0.020,302.646,  0.000,  0.000
  0.020,302.620,  0.000,  0.000
  0.020,302.604,  0.000,  0.000
  0.020,302.617,  0.000,  0.000
  0.020,302.640,  0.000,  0.000
  0.020,302.659,  0.000,  0.000
  0.020,302.676,  0.000,  0.000
  0.020,302.693,  0.000,  0.000
  0.020,302.713,  0.000,  0.000
  0.020,302.721,  0.000,  0.000
  0.020,302.717,  0.000,  0.000
  0.020,302.718,  0.000,  0.000
  0.020,302.726,  0.000,  0.000
  0.020,302.728,  0.000,  0.000
  0.020,302.724,  0.000,  0.000
  0.020,302.722,  0.000,  0.000
  0.021,302.723,  0.000,  0.000
  0.021,302.723,  0.000,  0.000
  0.021,302.730,  0.000,  0.000
  0.021,302.731,  0.017,  0.000
  0.020,302.585,  0.000,  0.000
  0.020,302.608,  0.000,  0.000
  0.020,302.616,  0.000,  0.000
  0.020,302.619,  0.000,  0.000
  0.020,302.627,  0.000,  0.000
  0.020,302.628,  0.000,  0.000
  0.020,302.616,  0.000,  0.000
  0.020,302.600,  0.000,  0.000
  0.020,302.602,  0.000,  0.000
  0.021,302.618,  0.000,  0.000
  0.020,302.634,  0.000,  0.000
  0.020,302.647,  0.000,  0.000
  0.020,302.659,  0.000,  0.000
  0.020,302.673,  0.000,  0.000
  0.020,302.698,  0.000,  0.000
  0.020,302.714,  0.000,  0.000
  0.020,302.720,  0.000,  0.000
  0.020,302.720,  0.000,  0.000
  0.020,302.715,  0.000,  0.000
  0.020,302.708,  0.000,  0.000
  0.021,302.707,  0.000,  0.000
  0.021,302.712,  0.000,  0.000
  0.021,302.720,  0.000,  0.000
  0.021,302.736,  0.001,  0.000
  0.021,302.737,  0.311,  0.000
  0.021,302.587,  0.001,  0.000
  0.020,302.595,  0.000,  0.000
  0.020,302.597,  0.000,  0.000
  0.020,302.580,  0.000,  0.000
  0.020,302.599,  0.000,  0.000
  0.020,302.614,  0.003,  0.000
  0.020,302.607,  0.000,  0.000
  0.020,302.592,  0.000,  0.000
  0.020,302.589,  0.000,  0.000
  0.020,302.595,  0.000,  0.000
  0.020,302.607,  0.000,  0.000
  0.020,302.629,  0.000,  0.000
  0.020,302.655,  0.000,  0.000
  0.020,302.670,  0.000,  0.000
  0.020,302.671,  0.000,  0.000
  0.020,302.682,  0.000,  0.000
  0.020,302.690,  0.000,  0.000
  0.020,302.688,  0.000,  0.000
  0.020,302.693,  0.000,  0.000
  0.020,302.704,  0.003,  0.000
  0.021,302.714,  0.005,  0.000
  0.021,302.717,  0.001,  0.000
  0.021,302.724,  0.004,  0.000
  0.021,302.740,  0.303,  0.000
  0.021,302.739,  3.380,  0.000
  0.020,302.596,  0.000,  0.000
  0.020,302.584,  0.001,  0.000
  0.020,302.565,  0.000,  0.000
  0.020,302.558,  0.000,  0.000
  0.020,302.590,  0.001,  0.000
  0.020,302.606,  0.004,  0.000
  0.020,302.599,  0.000,  0.000
  0.020,302.596,  0.000,  0.000
  0.021,302.587,  0.000,  0.000
  0.021,302.568,  0.000,  0.000
  0.021,302.581,  0.000,  0.000
  0.021,302.615,  0.000,  0.000
  0.020,302.644,  0.000,  0.000
  0.020,302.662,  0.000,  0.000
  0.020,302.662,  0.000,  0.000
  0.021,302.661,  0.002,  0.000
  0.021,302.671,  0.000,  0.000
  0.021,302.682,  0.000,  0.000
  0.021,302.689,  0.006,  0.000
  0.021,302.705,  0.051,  0.000
  0.021,302.716,  0.080,  0.000
  0.021,302.730,  0.004,  0.000
  0.021,302.747,  0.002,  0.000
  0.020,302.763,  0.173,  0.000
  0.020,302.753,  1.110,  0.000
  0.020,302.636,  0.038,  0.000
  0.020,302.617,  0.002,  0.000
  0.020,302.591,  0.000,  0.120
  0.020,302.581,  0.000,  0.120
  0.020,302.596,  0.040,  0.120
  0.020,302.615,  0.542,  0.120
  0.020,302.626,  0.001,  0.000
  0.020,302.638,  0.002,  0.000
  0.021,302.628,  0.008,  0.000
  0.021,302.609,  0.003,  0.150
  0.020,302.611,  0.000,  0.150
  0.020,302.625,  0.000,  0.150
  0.020,302.634,  0.000,  0.150
  0.021,302.626,  0.000,  0.000
  0.021,302.622,  0.004,  0.000
  0.021,302.635,  0.050,  0.000
  0.021,302.644,  0.002,  0.000
  0.021,302.673,  0.001,  0.000
  0.021,302.692,  0.112,  0.000
  0.021,302.701,  1.231,  0.000
  0.021,302.715,  2.018,  0.000
  0.021,302.729,  0.163,  0.000
  0.020,302.744,  0.012,  0.000
  0.020,302.767,  0.022,  0.000
  0.020,302.757,  0.135,  0.000
  0.020,302.639,  0.205,  0.000
  0.020,302.640,  0.001,  0.000
  0.020,302.641,  0.001,  0.120
  0.020,302.628,  0.000,  0.120
  0.020,302.615,  0.007,  0.120
  0.020,302.623,  0.060,  0.120
  0.020,302.657,  0.000,  0.000
  0.020,302.674,  0.001,  0.000
  0.020,302.665,  0.004,  0.000
  0.020,302.656,  0.006,  0.150
  0.020,302.643,  0.003,  0.150
  0.020,302.637,  0.001,  0.150
  0.020,302.632,  0.003,  0.150
  0.020,302.611,  0.012,  0.000
  0.021,302.592,  0.069,  0.000
  0.021,302.602,  0.472,  0.000
  0.021,302.630,  0.037,  0.000
  0.021,302.666,  0.007,  0.000
  0.021,302.708,  2.321,  0.000
  0.021,302.707, 14.643,  0.000
  0.021,302.711,  5.916,  0.000
  0.021,302.715,  0.527,  0.000
  0.021,302.714,  0.046,  0.000
  0.021,302.726,  0.001,  0.000
  0.021,302.725,  0.004,  0.000
  0.020,302.643,  0.108,  0.000
  0.020,302.645,  0.010,  0.000
  0.020,302.653,  0.001,  0.120
  0.020,302.664,  0.000,  0.120
  0.020,302.649,  0.000,  0.120
  0.020,302.647,  0.001,  0.120
  0.020,302.679,  0.000,  0.000
  0.020,302.695,  0.018,  0.000
  0.020,302.668,  0.302,  0.000
  0.020,302.645,  0.776,  0.150
  0.020,302.648,  0.042,  0.150
  0.020,302.658,  0.030,  0.150
  0.020,302.644,  0.024,  0.150
  0.020,302.620,  0.134,  0.000
  0.021,302.603,  0.669,  0.000
  0.021,302.599,  2.468,  0.000
  0.021,302.627,  0.813,  0.000
  0.021,302.673,  0.007,  0.000
  0.021,302.716,  1.796,  0.000
  0.021,302.698, 12.274,  0.000
  0.021,302.703,  1.018,  0.000
  0.021,302.719,  0.125,  0.000
  0.021,302.706,  0.008,  0.000
  0.021,302.713,  0.000,  0.000
  0.021,302.719,  0.001,  0.000
  0.020,302.612,  0.047,  0.000
  0.020,302.634,  0.015,  0.000
  0.020,302.643,  0.000,  0.120
  0.020,302.635,  0.000,  0.120
  0.020,302.622,  0.001,  0.120
  0.020,302.638,  0.002,  0.120
  0.020,302.660,  0.002,  0.000
  0.020,302.665,  0.263,  0.000
  0.020,302.663,  2.997,  0.000
  0.020,302.653,  4.293,  0.150
  0.020,302.644,  0.453,  0.150
  0.020,302.635,  0.371,  0.150
  0.020,302.616,  0.998,  0.150
  0.020,302.600,  2.699,  0.000
  0.021,302.607,  8.391,  0.000
  0.021,302.620, 21.073,  0.000
  0.021,302.646,  4.469,  0.000
  0.021,302.704,  0.148,  0.000
  0.021,302.725,  0.644,  0.000
  0.021,302.694,  3.079,  0.000
  0.021,302.703,  0.048,  0.000
  0.021,302.717,  0.036,  0.000
  0.021,302.710,  0.001,  0.000
  0.021,302.722,  0.000,  0.000
  0.021,302.734,  0.001,  0.000
  0.021,302.588,  0.019,  0.000
  0.020,302.605,  0.008,  0.000
  0.020,302.624,  0.000,  0.160
  0.020,302.623,  0.001,  0.160
  0.020,302.637,  0.004,  0.160
  0.020,302.681,  0.005,  0.160
  0.020,302.666,  0.000,  0.000
  0.020,302.636,  0.642,  0.000
  0.020,302.656,  6.547,  0.000
  0.020,302.666,  5.555,  0.180
  0.020,302.638,  1.420,  0.180
  0.021,302.623,  3.915,  0.180
  0.021,302.604,  4.493,  0.180
  0.021,302.575,  4.094,  0.110
  0.021,302.587,  7.356,  0.110
  0.021,302.613,  9.887,  0.110
  0.021,302.655,  2.269,  0.000
  0.021,302.717,  0.030,  0.000
  0.021,302.727,  0.133,  0.000
  0.021,302.708,  0.415,  0.000
  0.021,302.714,  0.009,  0.110
  0.021,302.711,  0.002,  0.110
  0.021,302.709,  0.000,  0.110
  0.021,302.728,  0.000,  0.000
  0.021,302.744,  0.000,  0.000
  0.020,302.551,  0.002,  0.000
  0.020,302.593,  0.004,  0.000
  0.020,302.642,  0.000,  0.160
  0.020,302.656,  0.000,  0.160
  0.020,302.635,  0.005,  0.160
  0.020,302.615,  0.007,  0.160
  0.021,302.607,  0.002,  0.000
  0.020,302.618,  0.579,  0.000
  0.020,302.646,  3.996,  0.000
  0.020,302.669,  0.697,  0.180
  0.020,302.660,  0.898,  0.180
  0.020,302.628,  2.765,  0.180
  0.020,302.592,  0.597,  0.180
  0.021,302.569,  0.753,  0.110
  0.021,302.587,  1.715,  0.110
  0.021,302.614,  1.669,  0.110
  0.021,302.676,  0.072,  0.000
  0.021,302.715,  0.009,  0.000
  0.021,302.699,  0.013,  0.000
  0.021,302.708,  0.042,  0.000
  0.021,302.720,  0.003,  0.110
  0.021,302.711,  0.000,  0.110
  0.021,302.714,  0.000,  0.110
  0.021,302.732,  0.000,  0.000
  0.021,302.756,  0.000,  0.000
  0.020,302.539,  0.000,  0.000
  0.020,302.591,  0.002,  0.000
  0.020,302.644,  0.000,  0.160
  0.020,302.658,  0.002,  0.160
  0.020,302.640,  0.023,  0.160
  0.020,302.613,  0.054,  0.160
  0.021,302.596,  0.002,  0.000
  0.020,302.595,  0.177,  0.000
  0.020,302.609,  0.771,  0.000
  0.020,302.629,  0.038,  0.180
  0.020,302.646,  0.183,  0.180
  0.020,302.641,  0.533,  0.180
  0.020,302.598,  0.046,  0.180
  0.021,302.543,  0.071,  0.110
  0.021,302.562,  0.194,  0.110
  0.021,302.633,  0.230,  0.110
  0.021,302.713,  0.006,  0.000
  0.021,302.713,  0.001,  0.000
  0.021,302.701,  0.001,  0.000
  0.021,302.712,  0.009,  0.000
  0.021,302.735,  0.001,  0.110
  0.021,302.759,  0.000,  0.110
  0.021,302.761,  0.000,  0.110
  0.021,302.757,  0.000,  0.000
  0.021,302.765,  0.000,  0.000
  0.020,302.554,  0.000,  0.000
  0.020,302.585,  0.000,  0.000
  0.020,302.617,  0.000,  0.160
  0.020,302.627,  0.000,  0.160
  0.020,302.621,  0.018,  0.160
  0.020,302.608,  0.041,  0.160
  0.020,302.592,  0.001,  0.000
  0.021,302.576,  0.017,  0.000
  0.021,302.565,  0.037,  0.000
  0.020,302.586,  0.008,  0.180
  0.020,302.628,  0.012,  0.180
  0.021,302.652,  0.038,  0.180
  0.021,302.617,  0.004,  0.180
  0.021,302.537,  0.005,  0.110
  0.021,302.519,  0.015,  0.110
  0.021,302.629,  0.052,  0.110
  0.020,302.740,  0.002,  0.000
  0.021,302.750,  0.000,  0.000
  0.021,302.727,  0.002,  0.000
  0.021,302.729,  0.002,  0.000
  0.021,302.754,  0.000,  0.110
  0.021,302.778,  0.000,  0.110
  0.021,302.765,  0.000,  0.110
  0.021,302.738,  0.000,  0.000
  0.021,302.725,  0.000,  0.000
  0.020,302.603,  0.000,  0.000
  0.020,302.592,  0.000,  0.000
  0.020,302.585,  0.000,  0.000
  0.020,302.584,  0.000,  0.000
  0.020,302.593,  0.003,  0.000
  0.020,302.604,  0.007,  0.000
  0.020,302.601,  0.000,  0.000
  0.020,302.573,  0.001,  0.000
  0.020,302.557,  0.004,  0.000
  0.021,302.567,  0.003,  0.000
  0.021,302.597,  0.001,  0.000
  0.021,302.656,  0.003,  0.000
  0.021,302.678,  0.002,  0.000
  0.021,302.643,  0.002,  0.120
  0.021,302.623,  0.004,  0.120
  0.020,302.679,  0.011,  0.120
  0.020,302.758,  0.002,  0.000
  0.021,302.773,  0.000,  0.000
  0.021,302.747,  0.003,  0.000
  0.021,302.749,  0.000,  0.000
  0.021,302.771,  0.000,  0.130
  0.021,302.774,  0.000,  0.130
  0.021,302.754,  0.000,  0.130
  0.021,302.720,  0.000,  0.000
  0.021,302.700,  0.000,  0.000
  0.020,302.626,  0.000,  0.000
  0.020,302.602,  0.000,  0.000
  0.020,302.578,  0.000,  0.000
  0.020,302.584,  0.000,  0.000
  0.020,302.599,  0.000,  0.000
  0.020,302.620,  0.000,  0.000
  0.020,302.614,  0.000,  0.000
  0.020,302.586,  0.000,  0.000
  0.020,302.574,  0.003,  0.000
  0.021,302.585,  0.000,  0.000
  0.021,302.610,  0.000,  0.000
  0.021,302.666,  0.002,  0.000
  0.021,302.685,  0.000,  0.000
  0.021,302.674,  0.000,  0.120
  0.021,302.668,  0.001,  0.120
  0.021,302.699,  0.001,  0.120
  0.021,302.732,  0.000,  0.000
  0.021,302.727,  0.000,  0.000
  0.021,302.714,  0.001,  0.000
  0.021,302.735,  0.000,  0.000
  0.021,302.771,  0.000,  0.130
  0.021,302.785,  0.000,  0.130
  0.021,302.772,  0.000,  0.130
  0.021,302.747,  0.000,  0.000
  0.021,302.713,  0.000,  0.000
