  0.019,300.435,  0.000,  0.000
  0.019,300.441,  0.000,  0.000
  0.019,300.438,  0.000,  0.000
  0.019,300.437,  0.000,  0.000
  0.019,300.444,  0.000,  0.000
  0.019,300.451,  0.000,  0.000
  0.019,300.456,  0.000,  0.000
  0.019,300.458,  0.000,  0.000
  0.019,300.463,  0.000,  0.000
  0.019,300.471,  0.000,  0.000
  0.019,300.479,  0.000,  0.000
  0.019,300.484,  0.000,  0.000
  0.019,300.490,  0.000,  0.000
  0.019,300.496,  0.000,  0.000
  0.019,300.502,  0.000,  0.000
  0.019,300.508,  0.000,  0.000
  0.019,300.514,  0.000,  0.000
  0.019,300.521,  0.000,  0.000
  0.019,300.528,  0.000,  0.000
  0.019,300.533,  0.000,  0.000
  0.019,300.539,  0.000,  0.000
  0.019,300.545,  0.000,  0.000
  0.019,300.552,  0.000,  0.000
  0.019,300.573,  0.000,  0.000
  0.019,300.578,  0.000,  0.000
  0.019,300.443,  0.000,  0.000
  0.019,300.441,  0.000,  0.000
  0.019,300.436,  0.000,  0.000
  0.019,300.440,  0.000,  0.000
  0.019,300.448,  0.000,  0.000
  0.019,300.453,  0.000,  0.000
  0.019,300.455,  0.000,  0.000
  0.019,300.460,  0.000,  0.000
  0.019,300.467,  0.000,  0.000
  0.019,300.475,  0.000,  0.000
  0.019,300.480,  0.000,  0.000
  0.019,300.485,  0.000,  0.000
  0.019,300.490,  0.000,  0.000
  0.019,300.496,  0.000,  0.000
  0.019,300.502,  0.000,  0.000
  0.019,300.508,  0.000,  0.000
  0.019,300.515,  0.000,  0.000
  0.019,300.521,  0.000,  0.000
  0.019,300.526,  0.000,  0.000
  0.019,300.532,  0.000,  0.000
  0.019,300.537,  0.000,  0.000
  0.019,300.543,  0.000,  0.000
  0.019,300.550,  0.000,  0.000
  0.019,300.569,  0.000,  0.000
  0.019,300.574,  0.000,  0.000
  0.019,300.444,  0.000,  0.000
  0.019,300.438,  0.000,  0.000
  0.019,300.441,  0.000,  0.000
  0.019,300.448,  0.000,  0.000
  0.019,300.453,  0.000,  0.000
  0.019,300.454,  0.000,  0.000
  0.019,300.458,  0.000,  0.000
  0.019,300.466,  0.000,  0.000
  0.019,300.473,  0.000,  0.000
  0.019,300.478,  0.000,  0.000
  0.019,300.481,  0.000,  0.000
  0.019,300.486,  0.000,  0.000
  0.019,300.491,  0.000,  0.000
  0.019,300.497,  0.000,  0.000
  0.019,300.503,  0.000,  0.000
  0.019,300.510,  0.000,  0.000
  0.019,300.516,  0.000,  0.000
  0.019,300.521,  0.000,  0.000
  0.019,300.525,  0.000,  0.000
  0.019,300.530,  0.000,  0.000
  0.019,300.536,  0.000,  0.000
  0.019,300.542,  0.000,  0.000
  0.019,300.548,  0.000,  0.000
  0.019,300.565,  0.000,  0.000
  0.019,300.570,  0.000,  0.000
  0.019,300.443,  0.000,  0.000
  0.019,300.443,  0.000,  0.000
  0.019,300.451,  0.000,  0.000
  0.019,300.459,  0.000,  0.000
  0.019,300.461,  0.000,  0.000
  0.019,300.463,  0.000,  0.000
  0.019,300.468,  0.000,  0.000
  0.019,300.474,  0.000,  0.000
  0.019,300.478,  0.000,  0.000
  0.019,300.480,  0.000,  0.000
  0.019,300.485,  0.000,  0.000
  0.019,300.490,  0.000,  0.000
  0.019,300.495,  0.000,  0.000
  0.019,300.501,  0.000,  0.000
  0.019,300.507,  0.000,  0.000
  0.019,300.512,  0.000,  0.000
  0.019,300.516,  0.000,  0.000
  0.019,300.520,  0.000,  0.000
  0.019,300.525,  0.000,  0.000
  0.019,300.531,  0.000,  0.000
  0.019,300.536,  0.000,  0.000
  0.019,300.541,  0.000,  0.000
  0.019,300.545,  0.000,  0.000
  0.019,300.561,  0.000,  0.000
  0.019,300.566,  0.000,  0.000
  0.019,300.450,  0.000,  0.000
  0.019,300.453,  0.000,  0.000
  0.019,300.461,  0.000,  0.000
  0.019,300.471,  0.000,  0.000
  0.019,300.474,  0.000,  0.000
  0.019,300.476,  0.000,  0.000
  0.019,300.478,  0.000,  0.000
  0.019,300.481,  0.000,  0.000
  0.019,300.485,  0.000,  0.000
  0.019,300.489,  0.000,  0.000
  0.019,300.493,  0.000,  0.000
  0.019,300.497,  0.000,  0.000
  0.019,300.502,  0.000,  0.000
  0.019,300.507,  0.000,  0.000
  0.019,300.511,  0.000,  0.000
  0.019,300.514,  0.000,  0.000
  0.019,300.516,  0.000,  0.000
  0.019,300.522,  0.000,  0.000
  0.019,300.528,  0.000,  0.000
  0.019,300.532,  0.000,  0.000
  0.019,300.536,  0.000,  0.000
  0.019,300.539,  0.000,  0.000
  0.019,300.544,  0.000,  0.000
  0.019,300.558,  0.000,  0.000
  0.019,300.562,  0.000,  0.000
  0.019,300.455,  0.000,  0.000
  0.019,300.461,  0.000,  0.000
  0.019,300.474,  0.000,  0.000
  0.019,300.483,  0.000,  0.000
  0.019,300.484,  0.000,  0.000
  0.019,300.483,  0.000,  0.000
  0.019,300.485,  0.000,  0.000
  0.019,300.490,  0.000,  0.000
  0.019,300.498,  0.000,  0.000
  0.019,300.501,  0.000,  0.000
  0.019,300.503,  0.000,  0.000
  0.019,300.507,  0.000,  0.000
  0.019,300.511,  0.000,  0.000
  0.019,300.514,  0.000,  0.000
  0.019,300.515,  0.000,  0.000
  0.019,300.517,  0.000,  0.000
  0.019,300.522,  0.000,  0.000
  0.019,300.527,  0.000,  0.000
  0.019,300.531,  0.000,  0.000
  0.019,300.532,  0.000,  0.000
  0.019,300.535,  0.000,  0.000
  0.019,300.539,  0.000,  0.000
  0.019,300.544,  0.000,  0.000
  0.019,300.555,  0.000,  0.000
  0.019,300.558,  0.000,  0.000
  0.019,300.464,  0.000,  0.000
  0.019,300.475,  0.000,  0.000
  0.019,300.485,  0.000,  0.000
  0.019,300.486,  0.000,  0.000
  0.019,300.486,  0.000,  0.000
  0.019,300.486,  0.000,  0.000
  0.019,300.490,  0.000,  0.000
  0.019,300.500,  0.000,  0.000
  0.019,300.507,  0.000,  0.000
  0.019,300.507,  0.000,  0.000
  0.019,300.509,  0.000,  0.000
  0.019,300.514,  0.000,  0.000
  0.019,300.518,  0.000,  0.000
  0.019,300.519,  0.000,  0.000
  0.019,300.521,  0.000,  0.000
  0.019,300.526,  0.000,  0.000
  0.019,300.530,  0.000,  0.000
  0.019,300.531,  0.000,  0.000
  0.019,300.532,  0.000,  0.000
  0.019,300.534,  0.000,  0.000
  0.019,300.538,  0.000,  0.000
  0.019,300.542,  0.000,  0.000
  0.019,300.544,  0.000,  0.000
  0.019,300.551,  0.000,  0.000
  0.019,300.554,  0.000,  0.000
  0.019,300.477,  0.000,  0.000
  0.019,300.486,  0.000,  0.000
  0.019,300.486,  0.000,  0.000
  0.019,300.483,  0.000,  0.000
  0.019,300.484,  0.000,  0.000
  0.019,300.486,  0.000,  0.000
  0.019,300.492,  0.000,  0.000
  0.019,300.501,  0.000,  0.000
  0.019,300.506,  0.000,  0.000
  0.019,300.509,  0.000,  0.000
  0.019,300.514,  0.000,  0.000
  0.019,300.520,  0.000,  0.000
  0.019,300.524,  0.000,  0.000
  0.019,300.526,  0.000,  0.000
  0.019,300.529,  0.000,  0.000
  0.019,300.532,  0.000,  0.000
  0.019,300.532,  0.000,  0.000
  0.019,300.532,  0.000,  0.000
  0.019,300.536,  0.000,  0.000
  0.019,300.540,  0.000,  0.000
  0.019,300.543,  0.000,  0.000
  0.019,300.543,  0.000,  0.000
  0.019,300.543,  0.000,  0.000
  0.019,300.548,  0.000,  0.000
  0.019,300.550,  0.000,  0.000
  0.019,300.481,  0.000,  0.000
  0.019,300.485,  0.000,  0.000
  0.019,300.483,  0.000,  0.000
  0.019,300.483,  0.000,  0.000
  0.019,300.483,  0.000,  0.000
  0.019,300.486,  0.000,  0.000
  0.019,300.494,  0.000,  0.000
  0.019,300.502,  0.000,  0.000
  0.019,300.508,  0.000,  0.000
  0.019,300.512,  0.000,  0.000
  0.019,300.519,  0.000,  0.000
  0.019,300.526,  0.000,  0.000
  0.019,300.530,  0.000,  0.000
  0.019,300.530,  0.000,  0.000
  0.019,300.530,  0.000,  0.000
  0.019,300.531,  0.000,  0.000
  0.019,300.533,  0.000,  0.000
  0.019,300.538,  0.000,  0.000
  0.019,300.543,  0.000,  0.000
  0.019,300.545,  0.000,  0.000
  0.019,300.543,  0.000,  0.000
  0.019,300.541,  0.000,  0.000
  0.019,300.542,  0.000,  0.000
  0.019,300.548,  0.000,  0.000
  0.019,300.550,  0.000,  0.000
  0.019,300.478,  0.000,  0.000
  0.019,300.481,  0.000,  0.000
  0.019,300.484,  0.000,  0.000
  0.019,300.484,  0.000,  0.000
  0.019,300.485,  0.000,  0.000
  0.019,300.491,  0.000,  0.000
  0.019,300.498,  0.000,  0.000
  0.019,300.506,  0.000,  0.000
  0.019,300.510,  0.000,  0.000
  0.019,300.512,  0.000,  0.000
  0.019,300.518,  0.000,  0.000
  0.019,300.524,  0.000,  0.000
  0.019,300.527,  0.000,  0.000
  0.019,300.526,  0.000,  0.000
  0.019,300.527,  0.000,  0.000
  0.019,300.532,  0.000,  0.000
  0.019,300.540,  0.000,  0.000
  0.019,300.544,  0.000,  0.000
  0.019,300.544,  0.000,  0.000
  0.019,300.542,  0.000,  0.000
  0.019,300.540,  0.000,  0.000
  0.019,300.542,  0.000,  0.000
  0.019,300.546,  0.000,  0.000
  0.019,300.549,  0.000,  0.000
  0.019,300.549,  0.000,  0.000
  0.019,300.476,  0.000,  0.000
  0.019,300.480,  0.000,  0.000
  0.019,300.482,  0.000,  0.000
  0.019,300.484,  0.000,  0.000
  0.019,300.488,  0.000,  0.000
  0.019,300.495,  0.000,  0.000
  0.019,300.502,  0.000,  0.000
  0.019,300.505,  0.000,  0.000
  0.019,300.505,  0.000,  0.000
  0.019,300.506,  0.000,  0.000
  0.019,300.510,  0.000,  0.000
  0.019,300.516,  0.000,  0.000
  0.019,300.520,  0.000,  0.000
  0.019,300.524,  0.000,  0.000
  0.019,300.528,  0.000,  0.000
  0.019,300.537,  0.000,  0.000
  0.019,300.543,  0.000,  0.000
  0.019,300.542,  0.000,  0.000
  0.019,300.539,  0.000,  0.000
  0.019,300.538,  0.000,  0.000
  0.019,300.543,  0.000,  0.000
  0.019,300.547,  0.000,  0.000
  0.019,300.548,  0.000,  0.000
  0.019,300.548,  0.000,  0.000
  0.019,300.548,  0.000,  0.000
  0.019,300.474,  0.000,  0.000
  0.019,300.475,  0.000,  0.000
  0.019,300.477,  0.000,  0.000
  0.019,300.482,  0.000,  0.000
  0.019,300.490,  0.000,  0.000
  0.019,300.497,  0.000,  0.000
  0.019,300.500,  0.000,  0.000
  0.019,300.498,  0.000,  0.000
  0.019,300.496,  0.000,  0.000
  0.019,300.498,  0.000,  0.000
  0.019,300.505,  0.000,  0.000
  0.019,300.511,  0.000,  0.000
  0.019,300.516,  0.000,  0.000
  0.019,300.520,  0.000,  0.000
  0.019,300.527,  0.000,  0.000
  0.019,300.533,  0.000,  0.000
  0.019,300.535,  0.000,  0.000
  0.019,300.534,  0.000,  0.000
  0.019,300.533,  0.000,  0.000
  0.019,300.540,  0.000,  0.000
  0.019,300.545,  0.000,  0.000
  0.019,300.545,  0.000,  0.000
  0.019,300.544,  0.000,  0.000
  0.019,300.546,  0.000,  0.000
  0.019,300.550,  0.000,  0.000
  0.019,300.468,  0.000,  0.000
  0.019,300.470,  0.000,  0.000
  0.019,300.475,  0.000,  0.000
  0.019,300.484,  0.000,  0.000
  0.019,300.492,  0.000,  0.000
  0.019,300.495,  0.000,  0.000
  0.019,300.493,  0.000,  0.000
  0.019,300.489,  0.000,  0.000
  0.019,300.489,  0.000,  0.000
  0.019,300.494,  0.000,  0.000
  0.019,300.501,  0.000,  0.000
  0.019,300.507,  0.000,  0.000
  0.019,300.510,  0.000,  0.000
  0.019,300.515,  0.000,  0.000
  0.019,300.521,  0.000,  0.000
  0.019,300.524,  0.000,  0.000
  0.019,300.524,  0.000,  0.000
  0.019,300.525,  0.000,  0.000
  0.019,300.532,  0.000,  0.000
  0.019,300.540,  0.000,  0.000
  0.019,300.541,  0.000,  0.000
  0.019,300.540,  0.000,  0.000
  0.019,300.541,  0.000,  0.000
  0.019,300.546,  0.000,  0.000
  0.019,300.549,  0.000,  0.000
  0.019,300.467,  0.000,  0.000
  0.019,300.472,  0.000,  0.000
  0.019,300.481,  0.000,  0.000
  0.019,300.488,  0.000,  0.000
  0.019,300.491,  0.000,  0.000
  0.019,300.489,  0.000,  0.000
  0.019,300.485,  0.000,  0.000
  0.019,300.483,  0.000,  0.000
  0.019,300.485,  0.000,  0.000
  0.019,300.492,  0.000,  0.460
  0.019,300.496,  0.000,  0.460
  0.019,300.498,  0.000,  0.460
  0.019,300.502,  0.000,  0.460
  0.019,300.508,  0.000,  0.850
  0.019,300.513,  0.000,  0.850
  0.019,300.513,  0.000,  0.850
  0.019,300.513,  0.000,  0.470
  0.019,300.522,  0.000,  0.470
  0.019,300.531,  0.000,  0.470
  0.019,300.535,  0.000,  0.470
  0.019,300.533,  0.000,  0.000
  0.019,300.531,  0.000,  0.000
  0.019,300.535,  0.000,  0.000
  0.019,300.541,  0.000,  0.010
  0.019,300.543,  0.000,  0.010
  0.019,300.475,  0.000,  0.000
  0.019,300.483,  0.000,  0.000
  0.019,300.488,  0.000,  0.000
  0.019,300.488,  0.000,  0.000
  0.019,300.487,  0.000,  0.000
  0.019,300.484,  0.000,  0.000
  0.019,300.480,  0.000,  0.000
  0.019,300.480,  0.000,  0.000
  0.019,300.485,  0.000,  0.000
  0.019,300.487,  0.000,  0.460
  0.019,300.486,  0.000,  0.460
  0.019,300.488,  0.000,  0.460
  0.019,300.494,  0.000,  0.460
  0.019,300.501,  0.000,  0.850
  0.019,300.502,  0.000,  0.850
  0.019,300.501,  0.000,  0.850
  0.019,300.509,  0.000,  0.470
  0.019,300.519,  0.000,  0.470
  0.019,300.525,  0.000,  0.470
  0.019,300.522,  0.000,  0.470
  0.019,300.516,  0.000,  0.000
  0.019,300.517,  0.000,  0.000
  0.019,300.525,  0.000,  0.000
  0.019,300.533,  0.000,  0.010
  0.019,300.541,  0.000,  0.010
