  0.020,301.006,  0.000,  0.000
  0.020,301.002,  0.000,  0.000
  0.020,300.999,  0.000,  0.000
  0.020,300.995,  0.000,  0.000
  0.020,300.992,  0.000,  0.000
  0.020,300.988,  0.000,  0.000
  0.020,300.985,  0.000,  0.000
  0.020,300.983,  0.000,  0.000
  0.020,300.981,  0.000,  0.000
  0.020,300.978,  0.000,  0.000
  0.020,300.974,  0.000,  0.000
  0.020,300.970,  0.000,  0.000
  0.020,300.968,  0.000,  0.000
  0.020,300.966,  0.000,  0.000
  0.020,300.964,  0.000,  0.000
  0.020,300.962,  0.000,  0.000
  0.020,300.960,  0.000,  0.000
  0.020,300.959,  0.000,  0.000
  0.020,300.957,  0.000,  0.000
  0.020,300.956,  0.000,  0.000
  0.020,300.954,  0.000,  0.000
  0.020,300.952,  0.000,  0.000
  0.020,300.950,  0.000,  0.000
  0.020,300.973,  0.000,  0.000
  0.020,300.968,  0.000,  0.000
  0.020,301.011,  0.000,  0.000
  0.020,301.008,  0.000,  0.000
  0.020,301.004,  0.000,  0.000
  0.020,301.000,  0.000,  0.000
  0.020,300.997,  0.000,  0.000
  0.020,300.993,  0.000,  0.000
  0.020,300.990,  0.000,  0.000
  0.020,300.988,  0.000,  0.000
  0.020,300.985,  0.000,  0.000
  0.020,300.983,  0.000,  0.000
  0.020,300.979,  0.000,  0.000
  0.020,300.975,  0.000,  0.000
  0.020,300.972,  0.000,  0.000
  0.020,300.969,  0.000,  0.030
  0.020,300.967,  0.000,  0.030
  0.020,300.965,  0.000,  0.030
  0.020,300.964,  0.000,  0.030
  0.020,300.962,  0.000,  0.030
  0.020,300.960,  0.000,  0.030
  0.020,300.958,  0.000,  0.030
  0.020,300.956,  0.000,  0.000
  0.020,300.954,  0.000,  0.000
  0.020,300.952,  0.000,  0.000
  0.020,300.971,  0.000,  0.010
  0.020,300.966,  0.000,  0.010
  0.020,301.016,  0.000,  0.000
  0.020,301.012,  0.000,  0.000
  0.020,301.009,  0.000,  0.000
  0.020,301.005,  0.000,  0.000
  0.020,301.001,  0.000,  0.000
  0.020,300.998,  0.000,  0.000
  0.020,300.995,  0.000,  0.000
  0.020,300.992,  0.000,  0.000
  0.020,300.989,  0.000,  0.000
  0.020,300.987,  0.000,  0.000
  0.020,300.984,  0.000,  0.000
  0.020,300.979,  0.000,  0.000
  0.020,300.976,  0.000,  0.000
  0.020,300.973,  0.000,  0.030
  0.020,300.971,  0.000,  0.030
  0.020,300.968,  0.000,  0.030
  0.020,300.966,  0.000,  0.030
  0.020,300.964,  0.000,  0.030
  0.020,300.962,  0.000,  0.030
  0.020,300.960,  0.000,  0.030
  0.020,300.958,  0.000,  0.000
  0.020,300.956,  0.000,  0.000
  0.020,300.953,  0.000,  0.000
  0.020,300.969,  0.000,  0.010
  0.020,300.964,  0.000,  0.010
  0.020,301.021,  0.000,  0.000
  0.020,301.017,  0.000,  0.000
  0.020,301.013,  0.000,  0.000
  0.020,301.010,  0.000,  0.000
  0.020,301.006,  0.000,  0.000
  0.020,301.002,  0.000,  0.000
  0.020,300.999,  0.000,  0.000
  0.020,300.996,  0.000,  0.000
  0.020,300.993,  0.000,  0.000
  0.020,300.990,  0.000,  0.000
  0.020,300.987,  0.000,  0.000
  0.020,300.983,  0.000,  0.000
  0.020,300.979,  0.000,  0.000
  0.020,300.976,  0.000,  0.030
  0.020,300.973,  0.000,  0.030
  0.020,300.971,  0.000,  0.030
  0.020,300.969,  0.000,  0.030
  0.020,300.966,  0.000,  0.030
  0.020,300.964,  0.000,  0.030
  0.020,300.962,  0.000,  0.030
  0.020,300.960,  0.000,  0.000
  0.020,300.957,  0.000,  0.000
  0.020,300.955,  0.000,  0.000
  0.020,300.967,  0.000,  0.010
  0.020,300.961,  0.000,  0.010
  0.020,301.025,  0.000,  0.000
  0.020,301.021,  0.000,  0.000
  0.020,301.018,  0.000,  0.000
  0.020,301.014,  0.000,  0.000
  0.020,301.010,  0.000,  0.000
  0.020,301.006,  0.000,  0.000
  0.020,301.002,  0.000,  0.000
  0.020,301.000,  0.000,  0.000
  0.020,300.997,  0.000,  0.000
  0.020,300.994,  0.000,  0.000
  0.020,300.991,  0.000,  0.000
  0.020,300.987,  0.000,  0.000
  0.020,300.983,  0.000,  0.000
  0.020,300.979,  0.000,  0.030
  0.020,300.976,  0.000,  0.030
  0.020,300.974,  0.000,  0.030
  0.020,300.972,  0.000,  0.030
  0.020,300.969,  0.000,  0.030
  0.020,300.966,  0.000,  0.030
  0.020,300.964,  0.000,  0.030
  0.020,300.961,  0.000,  0.000
  0.020,300.959,  0.000,  0.000
  0.020,300.956,  0.000,  0.000
  0.020,300.964,  0.000,  0.010
  0.020,300.958,  0.000,  0.010
  0.020,301.030,  0.000,  0.000
  0.020,301.026,  0.000,  0.000
  0.020,301.022,  0.000,  0.000
  0.020,301.018,  0.000,  0.000
  0.020,301.014,  0.000,  0.000
  0.020,301.010,  0.000,  0.000
  0.020,301.006,  0.000,  0.010
  0.020,301.004,  0.000,  0.010
  0.020,301.001,  0.000,  0.010
  0.020,300.999,  0.000,  0.020
  0.020,300.996,  0.000,  0.020
  0.020,300.993,  0.000,  0.020
  0.020,300.989,  0.000,  0.020
  0.020,300.986,  0.000,  0.030
  0.020,300.983,  0.000,  0.030
  0.020,300.979,  0.000,  0.030
  0.020,300.977,  0.000,  0.070
  0.020,300.974,  0.000,  0.070
  0.020,300.971,  0.000,  0.070
  0.020,300.968,  0.000,  0.070
  0.020,300.965,  0.000,  0.050
  0.020,300.962,  0.000,  0.050
  0.020,300.958,  0.000,  0.050
  0.020,300.963,  0.000,  0.000
  0.020,300.957,  0.000,  0.000
  0.020,301.035,  0.000,  0.000
  0.020,301.030,  0.000,  0.000
  0.020,301.026,  0.000,  0.000
  0.020,301.022,  0.000,  0.000
  0.020,301.018,  0.000,  0.000
  0.020,301.015,  0.000,  0.000
  0.020,301.013,  0.000,  0.010
  0.020,301.011,  0.000,  0.010
  0.020,301.009,  0.000,  0.010
  0.020,301.007,  0.000,  0.020
  0.020,301.004,  0.000,  0.020
  0.020,301.002,  0.000,  0.020
  0.020,300.999,  0.000,  0.020
  0.020,300.996,  0.000,  0.030
  0.020,300.993,  0.000,  0.030
  0.020,300.989,  0.000,  0.030
  0.020,300.987,  0.000,  0.070
  0.020,300.983,  0.000,  0.070
  0.020,300.979,  0.000,  0.070
  0.020,300.976,  0.000,  0.070
  0.020,300.973,  0.000,  0.050
  0.020,300.968,  0.000,  0.050
  0.020,300.963,  0.000,  0.050
  0.020,300.965,  0.000,  0.000
  0.020,300.959,  0.000,  0.000
  0.020,301.039,  0.000,  0.000
  0.020,301.035,  0.000,  0.000
  0.020,301.032,  0.000,  0.000
  0.020,301.029,  0.000,  0.000
  0.020,301.027,  0.000,  0.000
  0.020,301.025,  0.000,  0.000
  0.020,301.023,  0.000,  0.010
  0.020,301.021,  0.000,  0.010
  0.020,301.019,  0.000,  0.010
  0.020,301.017,  0.000,  0.020
  0.020,301.014,  0.000,  0.020
  0.020,301.011,  0.000,  0.020
  0.019,301.009,  0.000,  0.020
  0.019,301.006,  0.000,  0.030
  0.019,301.002,  0.000,  0.030
  0.019,300.998,  0.000,  0.030
  0.019,300.995,  0.000,  0.070
  0.019,300.991,  0.000,  0.070
  0.019,300.987,  0.000,  0.070
  0.019,300.983,  0.000,  0.070
  0.019,300.980,  0.000,  0.050
  0.019,300.975,  0.000,  0.050
  0.019,300.971,  0.000,  0.050
  0.020,300.969,  0.000,  0.000
  0.020,300.963,  0.000,  0.000
  0.020,301.045,  0.000,  0.000
  0.020,301.043,  0.000,  0.000
  0.020,301.041,  0.000,  0.000
  0.019,301.040,  0.000,  0.000
  0.019,301.038,  0.000,  0.000
  0.019,301.035,  0.000,  0.000
  0.019,301.032,  0.000,  0.010
  0.019,301.030,  0.000,  0.010
  0.019,301.027,  0.000,  0.010
  0.019,301.024,  0.000,  0.020
  0.019,301.021,  0.000,  0.020
  0.019,301.017,  0.000,  0.020
  0.019,301.014,  0.000,  0.020
  0.019,301.011,  0.000,  0.030
  0.019,301.007,  0.000,  0.030
  0.019,301.003,  0.000,  0.030
  0.019,300.999,  0.000,  0.070
  0.019,300.995,  0.000,  0.070
  0.019,300.991,  0.000,  0.070
  0.019,300.987,  0.000,  0.070
  0.019,300.984,  0.000,  0.050
  0.019,300.980,  0.000,  0.050
  0.020,300.976,  0.000,  0.050
  0.019,300.972,  0.000,  0.000
  0.019,300.966,  0.000,  0.000
  0.020,301.054,  0.000,  0.130
  0.019,301.054,  0.000,  0.130
  0.019,301.052,  0.000,  0.000
  0.019,301.050,  0.000,  0.000
  0.019,301.046,  0.000,  0.000
  0.019,301.042,  0.000,  0.000
  0.019,301.039,  0.000,  0.000
  0.019,301.035,  0.000,  0.000
  0.019,301.032,  0.000,  0.000
  0.020,301.028,  0.000,  0.030
  0.020,301.024,  0.000,  0.030
  0.020,301.020,  0.000,  0.030
  0.020,301.017,  0.000,  0.030
  0.020,301.013,  0.000,  0.070
  0.020,301.009,  0.000,  0.070
  0.020,301.004,  0.000,  0.070
  0.020,301.000,  0.000,  0.050
  0.020,300.997,  0.000,  0.050
  0.020,300.993,  0.000,  0.050
  0.020,300.989,  0.000,  0.050
  0.020,300.986,  0.000,  0.020
  0.020,300.982,  0.000,  0.020
  0.020,300.978,  0.000,  0.020
  0.020,300.974,  0.000,  0.010
  0.020,300.968,  0.000,  0.010
  0.019,301.066,  0.000,  0.130
  0.019,301.062,  0.000,  0.130
  0.019,301.058,  0.000,  0.000
  0.019,301.054,  0.000,  0.000
  0.019,301.049,  0.000,  0.000
  0.019,301.045,  0.000,  0.000
  0.020,301.041,  0.000,  0.000
  0.020,301.037,  0.000,  0.000
  0.020,301.033,  0.000,  0.000
  0.020,301.029,  0.000,  0.030
  0.020,301.026,  0.000,  0.030
  0.020,301.022,  0.000,  0.030
  0.020,301.018,  0.000,  0.030
  0.020,301.015,  0.000,  0.070
  0.020,301.012,  0.000,  0.070
  0.020,301.008,  0.000,  0.070
  0.020,301.004,  0.000,  0.050
  0.020,301.000,  0.000,  0.050
  0.020,300.997,  0.000,  0.050
  0.020,300.993,  0.000,  0.050
  0.020,300.989,  0.000,  0.020
  0.020,300.985,  0.000,  0.020
  0.020,300.980,  0.000,  0.020
  0.020,300.975,  0.000,  0.010
  0.020,300.970,  0.000,  0.010
  0.019,301.070,  0.000,  0.130
  0.019,301.065,  0.000,  0.130
  0.019,301.059,  0.000,  0.000
  0.019,301.054,  0.000,  0.000
  0.019,301.048,  0.000,  0.000
  0.020,301.044,  0.000,  0.000
  0.020,301.039,  0.000,  0.000
  0.020,301.035,  0.000,  0.000
  0.020,301.032,  0.000,  0.000
  0.020,301.028,  0.000,  0.030
  0.020,301.024,  0.000,  0.030
  0.020,301.020,  0.000,  0.030
  0.020,301.017,  0.000,  0.030
  0.020,301.014,  0.000,  0.070
  0.020,301.011,  0.000,  0.070
  0.020,301.007,  0.000,  0.070
  0.020,301.004,  0.000,  0.050
  0.020,301.000,  0.000,  0.050
  0.020,300.997,  0.000,  0.050
  0.020,300.993,  0.000,  0.050
  0.020,300.990,  0.000,  0.020
  0.020,300.986,  0.000,  0.020
  0.020,300.981,  0.000,  0.020
  0.020,300.976,  0.000,  0.010
  0.020,300.971,  0.000,  0.010
  0.019,301.070,  0.000,  0.130
  0.019,301.063,  0.000,  0.130
  0.019,301.057,  0.000,  0.000
  0.019,301.052,  0.000,  0.000
  0.020,301.046,  0.000,  0.000
  0.020,301.041,  0.000,  0.000
  0.020,301.037,  0.000,  0.000
  0.020,301.033,  0.000,  0.000
  0.020,301.029,  0.000,  0.000
  0.020,301.025,  0.000,  0.030
  0.020,301.022,  0.000,  0.030
  0.020,301.018,  0.000,  0.030
  0.020,301.015,  0.000,  0.030
  0.020,301.012,  0.000,  0.070
  0.020,301.010,  0.000,  0.070
  0.020,301.007,  0.000,  0.070
  0.020,301.004,  0.000,  0.050
  0.020,301.001,  0.000,  0.050
  0.020,300.998,  0.000,  0.050
  0.020,300.994,  0.000,  0.050
  0.020,300.991,  0.000,  0.020
  0.020,300.987,  0.000,  0.020
  0.020,300.983,  0.000,  0.020
  0.020,300.979,  0.000,  0.010
  0.020,300.973,  0.000,  0.010
  0.019,301.068,  0.000,  0.360
  0.019,301.061,  0.000,  0.360
  0.019,301.054,  0.000,  0.000
  0.020,301.048,  0.000,  0.000
  0.020,301.042,  0.000,  0.000
  0.020,301.037,  0.000,  0.000
  0.020,301.033,  0.000,  0.020
  0.020,301.029,  0.000,  0.020
  0.020,301.025,  0.000,  0.020
  0.020,301.022,  0.000,  0.060
  0.020,301.019,  0.000,  0.060
  0.020,301.015,  0.000,  0.060
  0.020,301.013,  0.000,  0.060
  0.020,301.011,  0.000,  0.100
  0.020,301.008,  0.000,  0.100
  0.020,301.006,  0.000,  0.100
  0.020,301.004,  0.000,  0.090
  0.020,301.001,  0.000,  0.090
  0.020,300.999,  0.000,  0.090
  0.020,300.996,  0.000,  0.090
  0.020,300.992,  0.000,  0.040
  0.020,300.989,  0.000,  0.040
  0.020,300.985,  0.000,  0.040
  0.020,300.981,  0.000,  0.000
  0.020,300.976,  0.000,  0.000
  0.019,301.064,  0.000,  0.360
  0.020,301.057,  0.000,  0.360
  0.020,301.050,  0.000,  0.000
  0.020,301.043,  0.000,  0.000
  0.020,301.037,  0.000,  0.000
  0.020,301.032,  0.000,  0.000
  0.020,301.028,  0.000,  0.020
  0.020,301.024,  0.000,  0.020
  0.020,301.021,  0.000,  0.020
  0.020,301.018,  0.000,  0.060
  0.020,301.016,  0.000,  0.060
  0.020,301.013,  0.000,  0.060
  0.020,301.011,  0.000,  0.060
  0.020,301.009,  0.000,  0.100
  0.020,301.007,  0.000,  0.100
  0.020,301.005,  0.000,  0.100
  0.020,301.003,  0.000,  0.090
  0.020,301.001,  0.000,  0.090
  0.020,300.999,  0.000,  0.090
  0.020,300.996,  0.000,  0.090
  0.020,300.993,  0.000,  0.040
  0.020,300.990,  0.000,  0.040
  0.020,300.986,  0.000,  0.040
  0.020,300.982,  0.000,  0.000
  0.020,300.977,  0.000,  0.000
