  0.017,298.957,  0.000,  0.000
  0.017,298.926,  0.000,  0.000
  0.017,298.858,  0.000,  0.000
  0.017,298.827,  0.000,  0.000
  0.017,298.851,  0.000,  0.000
  0.017,298.859,  0.000,  0.000
  0.017,298.856,  0.000,  0.000
  0.017,298.877,  0.000,  0.000
  0.017,298.908,  0.000,  0.000
  0.016,298.921,  0.000,  0.000
  0.016,298.905,  0.000,  0.000
  0.017,298.872,  0.000,  0.000
  0.017,298.837,  0.000,  0.000
  0.017,298.827,  0.000,  0.000
  0.016,298.849,  0.000,  0.000
  0.016,298.859,  0.000,  0.000
  0.016,298.837,  0.000,  0.000
  0.017,298.811,  0.000,  0.000
  0.017,298.806,  0.000,  0.000
  0.017,298.811,  0.000,  0.000
  0.016,298.804,  0.000,  0.000
  0.016,298.795,  0.000,  0.000
  0.017,298.797,  0.000,  0.000
  0.017,298.826,  0.000,  0.000
  0.017,298.817,  0.000,  0.000
  0.017,298.996,  0.000,  0.000
  0.017,298.959,  0.000,  0.000
  0.017,298.910,  0.000,  0.000
  0.017,298.867,  0.000,  0.000
  0.017,298.862,  0.000,  0.000
  0.017,298.886,  0.000,  0.000
  0.017,298.896,  0.000,  0.000
  0.017,298.889,  0.000,  0.000
  0.017,298.883,  0.000,  0.000
  0.017,298.880,  0.000,  0.000
  0.017,298.870,  0.000,  0.000
  0.017,298.848,  0.000,  0.000
  0.017,298.828,  0.000,  0.000
  0.017,298.812,  0.000,  0.000
  0.017,298.809,  0.000,  0.000
  0.016,298.809,  0.000,  0.000
  0.017,298.793,  0.000,  0.000
  0.017,298.771,  0.000,  0.000
  0.017,298.764,  0.000,  0.000
  0.017,298.773,  0.000,  0.000
  0.016,298.779,  0.000,  0.000
  0.016,298.786,  0.000,  0.000
  0.017,298.794,  0.000,  0.000
  0.017,298.800,  0.000,  0.000
  0.017,298.774,  0.000,  0.000
  0.017,298.988,  0.000,  0.000
  0.017,298.980,  0.000,  0.000
  0.017,298.950,  0.000,  0.000
  0.017,298.922,  0.000,  0.000
  0.017,298.914,  0.000,  0.000
  0.017,298.918,  0.000,  0.000
  0.017,298.920,  0.000,  0.000
  0.017,298.914,  0.000,  0.000
  0.017,298.900,  0.000,  0.000
  0.017,298.891,  0.000,  0.000
  0.017,298.889,  0.000,  0.000
  0.017,298.878,  0.000,  0.000
  0.017,298.850,  0.000,  0.000
  0.017,298.820,  0.000,  0.000
  0.017,298.810,  0.000,  0.000
  0.017,298.818,  0.000,  0.000
  0.017,298.827,  0.000,  0.000
  0.017,298.826,  0.000,  0.000
  0.017,298.813,  0.000,  0.000
  0.017,298.802,  0.000,  0.000
  0.017,298.800,  0.000,  0.000
  0.017,298.801,  0.000,  0.000
  0.017,298.794,  0.000,  0.000
  0.017,298.791,  0.000,  0.000
  0.017,298.767,  0.000,  0.000
  0.017,298.995,  0.000,  0.000
  0.017,298.989,  0.000,  0.000
  0.017,298.978,  0.000,  0.000
  0.017,298.968,  0.000,  0.000
  0.017,298.963,  0.000,  0.000
  0.017,298.965,  0.000,  0.000
  0.017,298.968,  0.000,  0.000
  0.017,298.962,  0.000,  0.000
  0.017,298.950,  0.000,  0.000
  0.017,298.945,  0.000,  0.000
  0.017,298.937,  0.000,  0.000
  0.017,298.917,  0.000,  0.000
  0.017,298.884,  0.000,  0.000
  0.017,298.847,  0.000,  0.000
  0.017,298.814,  0.000,  0.000
  0.017,298.799,  0.000,  0.000
  0.017,298.822,  0.000,  0.000
  0.016,298.858,  0.000,  0.000
  0.017,298.871,  0.000,  0.000
  0.017,298.863,  0.000,  0.000
  0.017,298.843,  0.000,  0.000
  0.017,298.820,  0.000,  0.000
  0.017,298.795,  0.000,  0.000
  0.017,298.790,  0.000,  0.000
  0.017,298.793,  0.000,  0.000
  0.017,299.030,  0.000,  0.000
  0.017,299.026,  0.000,  0.000
  0.017,299.013,  0.000,  0.000
  0.017,299.002,  0.000,  0.000
  0.017,299.003,  0.000,  0.000
  0.017,299.013,  0.000,  0.000
  0.017,299.014,  0.000,  0.000
  0.017,299.006,  0.000,  0.000
  0.017,298.990,  0.000,  0.000
  0.017,298.964,  0.000,  0.000
  0.017,298.941,  0.000,  0.000
  0.017,298.924,  0.000,  0.000
  0.017,298.901,  0.000,  0.000
  0.017,298.861,  0.000,  0.000
  0.017,298.823,  0.000,  0.000
  0.017,298.811,  0.000,  0.000
  0.017,298.836,  0.000,  0.000
  0.017,298.873,  0.000,  0.000
  0.017,298.885,  0.000,  0.000
  0.017,298.868,  0.000,  0.000
  0.017,298.842,  0.000,  0.000
  0.017,298.821,  0.000,  0.000
  0.017,298.805,  0.000,  0.000
  0.017,298.818,  0.000,  0.000
  0.017,298.839,  0.000,  0.000
  0.017,299.094,  0.000,  0.000
  0.017,299.096,  0.000,  0.000
  0.017,299.085,  0.000,  0.000
  0.017,299.064,  0.000,  0.000
  0.017,299.056,  0.000,  0.000
  0.017,299.060,  0.000,  0.000
  0.017,299.061,  0.000,  0.000
  0.017,299.042,  0.000,  0.000
  0.017,299.010,  0.000,  0.000
  0.017,298.991,  0.000,  0.000
  0.017,298.968,  0.000,  0.000
  0.017,298.926,  0.000,  0.000
  0.017,298.896,  0.000,  0.000
  0.017,298.906,  0.000,  0.000
  0.017,298.923,  0.000,  0.000
  0.017,298.932,  0.000,  0.000
  0.017,298.927,  0.000,  0.000
  0.017,298.906,  0.000,  0.000
  0.017,298.883,  0.000,  0.000
  0.017,298.865,  0.000,  0.000
  0.017,298.852,  0.000,  0.000
  0.017,298.847,  0.000,  0.000
  0.017,298.852,  0.000,  0.000
  0.017,298.876,  0.000,  0.000
  0.017,298.889,  0.000,  0.000
  0.017,299.100,  0.000,  0.000
  0.017,299.091,  0.000,  0.000
  0.017,299.069,  0.000,  0.000
  0.017,299.049,  0.000,  0.000
  0.017,299.048,  0.000,  0.000
  0.017,299.056,  0.000,  0.000
  0.017,299.053,  0.000,  0.000
  0.017,299.031,  0.000,  0.000
  0.017,299.003,  0.000,  0.000
  0.017,298.976,  0.000,  0.000
  0.017,298.967,  0.000,  0.000
  0.017,298.958,  0.000,  0.000
  0.017,298.949,  0.000,  0.000
  0.017,298.955,  0.000,  0.000
  0.017,298.961,  0.000,  0.000
  0.017,298.954,  0.000,  0.000
  0.017,298.946,  0.000,  0.000
  0.017,298.934,  0.000,  0.000
  0.017,298.909,  0.000,  0.000
  0.017,298.886,  0.000,  0.000
  0.017,298.885,  0.000,  0.000
  0.017,298.897,  0.000,  0.000
  0.017,298.908,  0.000,  0.000
  0.017,298.911,  0.000,  0.000
  0.017,298.888,  0.000,  0.000
  0.017,299.103,  0.000,  0.000
  0.017,299.097,  0.000,  0.000
  0.017,299.089,  0.000,  0.000
  0.017,299.075,  0.000,  0.000
  0.017,299.070,  0.000,  0.000
  0.017,299.075,  0.000,  0.000
  0.017,299.073,  0.000,  0.000
  0.017,299.058,  0.000,  0.000
  0.017,299.028,  0.000,  0.000
  0.017,298.992,  0.000,  0.000
  0.017,298.981,  0.000,  0.000
  0.017,298.992,  0.000,  0.000
  0.017,299.005,  0.000,  0.000
  0.017,299.002,  0.000,  0.000
  0.017,298.984,  0.000,  0.000
  0.017,298.958,  0.000,  0.000
  0.017,298.934,  0.000,  0.000
  0.017,298.920,  0.000,  0.000
  0.017,298.917,  0.000,  0.000
  0.017,298.912,  0.000,  0.000
  0.017,298.902,  0.000,  0.000
  0.017,298.898,  0.000,  0.000
  0.017,298.882,  0.000,  0.000
  0.017,298.861,  0.000,  0.000
  0.017,298.844,  0.000,  0.000
  0.017,299.137,  0.000,  0.000
  0.017,299.114,  0.000,  0.000
  0.017,299.096,  0.000,  0.000
  0.017,299.080,  0.000,  0.000
  0.017,299.084,  0.000,  0.000
  0.017,299.096,  0.000,  0.000
  0.016,299.091,  0.000,  0.000
  0.017,299.069,  0.000,  0.000
  0.017,299.044,  0.000,  0.000
  0.017,299.037,  0.000,  0.000
  0.017,299.031,  0.000,  0.000
  0.017,299.016,  0.000,  0.000
  0.017,299.007,  0.000,  0.000
  0.017,299.012,  0.000,  0.000
  0.017,299.007,  0.000,  0.000
  0.017,298.978,  0.000,  0.000
  0.017,298.935,  0.000,  0.000
  0.017,298.908,  0.000,  0.000
  0.017,298.911,  0.000,  0.000
  0.017,298.926,  0.000,  0.000
  0.017,298.929,  0.000,  0.000
  0.017,298.914,  0.000,  0.000
  0.017,298.888,  0.000,  0.000
  0.017,298.864,  0.000,  0.000
  0.017,298.844,  0.000,  0.000
  0.017,299.171,  0.000,  0.000
  0.017,299.147,  0.000,  0.000
  0.017,299.144,  0.000,  0.000
  0.017,299.140,  0.000,  0.000
  0.017,299.138,  0.000,  0.000
  0.017,299.126,  0.000,  0.000
  0.017,299.104,  0.000,  0.000
  0.017,299.071,  0.000,  0.000
  0.017,299.037,  0.000,  0.000
  0.017,299.024,  0.000,  0.000
  0.017,299.038,  0.000,  0.000
  0.017,299.043,  0.000,  0.000
  0.017,299.024,  0.000,  0.000
  0.017,298.999,  0.000,  0.000
  0.017,298.983,  0.000,  0.000
  0.017,298.975,  0.000,  0.000
  0.017,298.958,  0.000,  0.000
  0.017,298.936,  0.000,  0.000
  0.017,298.935,  0.000,  0.000
  0.017,298.943,  0.000,  0.000
  0.017,298.945,  0.000,  0.000
  0.017,298.943,  0.000,  0.000
  0.017,298.925,  0.000,  0.000
  0.017,298.903,  0.000,  0.000
  0.017,298.891,  0.000,  0.000
  0.017,299.248,  0.000,  0.000
  0.017,299.200,  0.000,  0.000
  0.017,299.187,  0.000,  0.000
  0.017,299.171,  0.000,  0.000
  0.017,299.147,  0.000,  0.000
  0.017,299.119,  0.000,  0.000
  0.017,299.107,  0.000,  0.000
  0.017,299.088,  0.000,  0.000
  0.017,299.059,  0.000,  0.000
  0.017,299.049,  0.000,  0.000
  0.017,299.055,  0.000,  0.000
  0.017,299.046,  0.000,  0.000
  0.017,299.026,  0.000,  0.000
  0.017,299.008,  0.000,  0.000
  0.017,298.999,  0.000,  0.000
  0.017,298.994,  0.000,  0.000
  0.017,298.984,  0.000,  0.000
  0.017,298.966,  0.000,  0.000
  0.017,298.955,  0.000,  0.000
  0.017,298.958,  0.000,  0.000
  0.017,298.961,  0.000,  0.000
  0.017,298.951,  0.000,  0.000
  0.017,298.937,  0.000,  0.000
  0.017,298.929,  0.000,  0.000
  0.017,298.914,  0.000,  0.000
  0.017,299.279,  0.000,  0.000
  0.017,299.222,  0.000,  0.000
  0.017,299.208,  0.000,  0.000
  0.017,299.187,  0.000,  0.000
  0.017,299.144,  0.000,  0.000
  0.017,299.118,  0.000,  0.000
  0.017,299.112,  0.000,  0.000
  0.017,299.098,  0.000,  0.000
  0.017,299.071,  0.000,  0.000
  0.017,299.057,  0.000,  0.000
  0.017,299.056,  0.000,  0.000
  0.017,299.048,  0.000,  0.000
  0.017,299.031,  0.000,  0.000
  0.017,299.017,  0.000,  0.000
  0.017,299.013,  0.000,  0.000
  0.017,299.015,  0.000,  0.000
  0.017,299.012,  0.000,  0.000
  0.017,298.995,  0.000,  0.000
  0.017,298.969,  0.000,  0.000
  0.017,298.954,  0.000,  0.000
  0.017,298.959,  0.000,  0.000
  0.017,298.959,  0.000,  0.000
  0.017,298.940,  0.000,  0.000
  0.017,298.927,  0.000,  0.000
  0.017,298.929,  0.000,  0.000
  0.017,299.191,  0.000,  0.000
  0.017,299.144,  0.000,  0.000
  0.017,299.163,  0.000,  0.000
  0.017,299.197,  0.000,  0.000
  0.017,299.199,  0.000,  0.000
  0.017,299.182,  0.000,  0.000
  0.017,299.161,  0.000,  0.000
  0.017,299.136,  0.000,  0.000
  0.017,299.109,  0.000,  0.000
  0.017,299.093,  0.000,  0.000
  0.017,299.092,  0.000,  0.000
  0.017,299.094,  0.000,  0.000
  0.017,299.082,  0.000,  0.000
  0.017,299.063,  0.000,  0.000
  0.017,299.047,  0.000,  0.000
  0.017,299.024,  0.000,  0.000
  0.017,299.000,  0.000,  0.000
  0.017,298.980,  0.000,  0.000
  0.017,298.974,  0.000,  0.000
  0.017,298.991,  0.000,  0.000
  0.017,298.992,  0.000,  0.000
  0.017,298.976,  0.000,  0.000
  0.017,298.953,  0.000,  0.000
  0.017,298.931,  0.000,  0.000
  0.017,298.927,  0.000,  0.000
  0.017,299.113,  0.000,  0.000
  0.016,299.063,  0.000,  0.000
  0.016,299.102,  0.000,  0.000
  0.016,299.158,  0.000,  0.000
  0.017,299.209,  0.000,  0.000
  0.017,299.208,  0.000,  0.000
  0.017,299.173,  0.000,  0.000
  0.017,299.155,  0.000,  0.000
  0.017,299.146,  0.000,  0.000
  0.017,299.135,  0.000,  0.000
  0.017,299.126,  0.000,  0.000
  0.017,299.112,  0.000,  0.000
  0.017,299.100,  0.000,  0.000
  0.017,299.083,  0.000,  0.000
  0.017,299.072,  0.000,  0.000
  0.017,299.028,  0.000,  0.000
  0.017,298.799,  0.000,  0.000
  0.017,298.540,  0.000,  0.000
  0.017,298.644,  0.000,  0.000
  0.017,298.926,  0.000,  0.000
  0.017,299.017,  0.000,  0.000
  0.017,298.998,  0.000,  0.000
  0.017,298.965,  0.000,  0.000
  0.017,298.952,  0.000,  0.000
  0.017,298.949,  0.000,  0.000
  0.016,299.084,  0.000,  0.000
  0.016,299.108,  0.000,  0.000
  0.016,299.166,  0.000,  0.000
  0.016,299.187,  0.000,  0.000
  0.016,299.174,  0.000,  0.000
  0.017,299.162,  0.000,  0.000
  0.017,299.178,  0.000,  0.000
  0.017,299.187,  0.000,  0.000
  0.017,299.167,  0.000,  0.000
  0.017,299.147,  0.000,  0.000
  0.017,299.137,  0.000,  0.000
  0.017,299.122,  0.000,  0.000
  0.017,299.112,  0.000,  0.000
  0.017,299.132,  0.000,  0.000
  0.017,299.081,  0.000,  0.000
  0.017,298.729,  0.000,  0.000
  0.017,298.188,  0.000,  0.000
  0.017,298.048,  0.000,  0.000
  0.016,298.418,  0.000,  0.000
  0.016,298.836,  0.000,  0.000
  0.017,299.027,  0.000,  0.000
  0.017,299.043,  0.000,  0.000
  0.017,299.039,  0.000,  0.000
  0.017,299.005,  0.000,  0.000
  0.017,298.975,  0.000,  0.000
