  0.020,301.520,  0.000,  0.000
  0.021,301.503,  0.000,  0.000
  0.020,301.512,  0.000,  0.000
  0.020,301.520,  0.000,  0.000
  0.020,301.503,  0.000,  0.000
  0.020,301.504,  0.004,  0.000
  0.021,301.538,  0.006,  0.000
  0.020,301.562,  0.001,  0.000
  0.020,301.594,  0.000,  0.000
  0.020,301.581,  0.000,  0.000
  0.020,301.626,  0.000,  0.000
  0.021,301.559,  0.000,  0.000
  0.021,301.591,  0.000,  0.000
  0.020,301.640,  0.000,  0.000
  0.021,301.646,  0.000,  0.000
  0.020,301.630,  0.000,  0.000
  0.020,301.659,  0.000,  0.000
  0.021,301.668,  0.000,  0.000
  0.020,301.643,  0.000,  0.000
  0.020,301.600,  0.000,  0.000
  0.021,301.597,  0.000,  0.000
  0.021,301.632,  0.000,  0.000
  0.021,301.642,  0.000,  0.000
  0.021,301.644,  0.000,  0.000
  0.021,301.658,  0.000,  0.000
  0.020,301.482,  0.000,  0.000
  0.020,301.506,  0.000,  0.000
  0.020,301.471,  0.000,  0.000
  0.020,301.505,  0.000,  0.000
  0.020,301.493,  0.000,  0.000
  0.020,301.509,  0.001,  0.000
  0.021,301.508,  0.001,  0.000
  0.020,301.566,  0.000,  0.000
  0.020,301.580,  0.000,  0.000
  0.021,301.571,  0.000,  0.000
  0.021,301.606,  0.001,  0.000
  0.020,301.569,  0.001,  0.000
  0.021,301.575,  0.000,  0.000
  0.021,301.617,  0.000,  0.000
  0.020,301.618,  0.000,  0.000
  0.020,301.617,  0.000,  0.000
  0.020,301.656,  0.000,  0.000
  0.021,301.640,  0.000,  0.000
  0.020,301.607,  0.000,  0.000
  0.021,301.572,  0.000,  0.000
  0.021,301.590,  0.000,  0.000
  0.021,301.621,  0.000,  0.000
  0.021,301.611,  0.000,  0.000
  0.021,301.622,  0.000,  0.000
  0.021,301.638,  0.000,  0.000
  0.021,301.459,  0.000,  0.000
  0.020,301.493,  0.000,  0.000
  0.020,301.457,  0.000,  0.000
  0.020,301.494,  0.000,  0.000
  0.020,301.488,  0.000,  0.000
  0.020,301.495,  0.000,  0.000
  0.020,301.497,  0.000,  0.000
  0.020,301.534,  0.000,  0.000
  0.021,301.548,  0.000,  0.000
  0.021,301.569,  0.000,  0.000
  0.020,301.596,  0.002,  0.000
  0.020,301.603,  0.002,  0.000
  0.021,301.569,  0.000,  0.000
  0.021,301.594,  0.000,  0.000
  0.020,301.605,  0.000,  0.000
  0.020,301.609,  0.000,  0.000
  0.020,301.630,  0.000,  0.000
  0.020,301.609,  0.000,  0.000
  0.021,301.576,  0.000,  0.000
  0.021,301.558,  0.000,  0.000
  0.021,301.594,  0.000,  0.000
  0.020,301.615,  0.000,  0.000
  0.021,301.599,  0.000,  0.000
  0.021,301.616,  0.000,  0.000
  0.021,301.629,  0.000,  0.000
  0.021,301.456,  0.000,  0.000
  0.020,301.474,  0.000,  0.000
  0.020,301.457,  0.000,  0.000
  0.020,301.474,  0.000,  0.000
  0.020,301.483,  0.000,  0.000
  0.020,301.471,  0.000,  0.000
  0.020,301.494,  0.000,  0.000
  0.021,301.515,  0.000,  0.000
  0.021,301.530,  0.000,  0.000
  0.021,301.560,  0.000,  0.000
  0.020,301.582,  0.000,  0.000
  0.020,301.594,  0.000,  0.000
  0.021,301.571,  0.000,  0.000
  0.020,301.585,  0.000,  0.000
  0.020,301.589,  0.000,  0.000
  0.020,301.611,  0.000,  0.000
  0.021,301.597,  0.000,  0.000
  0.020,301.587,  0.000,  0.000
  0.021,301.548,  0.000,  0.000
  0.021,301.553,  0.000,  0.000
  0.020,301.597,  0.000,  0.000
  0.020,301.616,  0.000,  0.000
  0.021,301.607,  0.000,  0.000
  0.021,301.614,  0.000,  0.000
  0.021,301.624,  0.000,  0.000
  0.021,301.457,  0.000,  0.000
  0.020,301.455,  0.000,  0.000
  0.020,301.462,  0.000,  0.000
  0.020,301.451,  0.000,  0.000
  0.020,301.478,  0.000,  0.000
  0.020,301.453,  0.000,  0.000
  0.021,301.480,  0.000,  0.000
  0.020,301.517,  0.000,  0.000
  0.021,301.527,  0.000,  0.000
  0.021,301.540,  0.000,  0.000
  0.021,301.564,  0.000,  0.000
  0.020,301.556,  0.000,  0.000
  0.021,301.560,  0.000,  0.000
  0.020,301.567,  0.000,  0.000
  0.021,301.568,  0.000,  0.000
  0.020,301.604,  0.000,  0.000
  0.020,301.584,  0.000,  0.000
  0.021,301.563,  0.000,  0.000
  0.021,301.527,  0.000,  0.000
  0.021,301.547,  0.000,  0.000
  0.020,301.586,  0.000,  0.000
  0.020,301.607,  0.000,  0.000
  0.021,301.604,  0.000,  0.000
  0.021,301.609,  0.000,  0.000
  0.021,301.617,  0.000,  0.000
  0.020,301.447,  0.000,  0.000
  0.021,301.425,  0.000,  0.000
  0.020,301.453,  0.000,  0.000
  0.021,301.435,  0.000,  0.000
  0.020,301.464,  0.000,  0.000
  0.020,301.445,  0.000,  0.000
  0.021,301.470,  0.000,  0.000
  0.020,301.496,  0.000,  0.000
  0.021,301.513,  0.000,  0.000
  0.021,301.524,  0.000,  0.000
  0.021,301.536,  0.000,  0.000
  0.021,301.528,  0.000,  0.000
  0.021,301.529,  0.000,  0.000
  0.021,301.530,  0.000,  0.000
  0.021,301.553,  0.000,  0.000
  0.020,301.577,  0.000,  0.000
  0.020,301.569,  0.000,  0.000
  0.021,301.523,  0.000,  0.000
  0.021,301.516,  0.000,  0.000
  0.020,301.535,  0.000,  0.000
  0.021,301.557,  0.000,  0.000
  0.021,301.578,  0.000,  0.000
  0.021,301.582,  0.000,  0.000
  0.021,301.597,  0.000,  0.000
  0.021,301.606,  0.000,  0.000
  0.020,301.439,  0.000,  0.000
  0.021,301.408,  0.000,  0.000
  0.020,301.427,  0.000,  0.000
  0.021,301.422,  0.000,  0.000
  0.020,301.428,  0.000,  0.000
  0.021,301.440,  0.000,  0.000
  0.021,301.459,  0.000,  0.000
  0.021,301.459,  0.000,  0.000
  0.021,301.481,  0.000,  0.000
  0.021,301.508,  0.000,  0.000
  0.021,301.513,  0.000,  0.000
  0.021,301.518,  0.000,  0.000
  0.021,301.493,  0.000,  0.000
  0.021,301.493,  0.000,  0.000
  0.020,301.531,  0.000,  0.000
  0.021,301.529,  0.000,  0.000
  0.021,301.536,  0.000,  0.000
  0.021,301.487,  0.000,  0.000
  0.020,301.508,  0.000,  0.000
  0.020,301.517,  0.000,  0.000
  0.021,301.536,  0.000,  0.000
  0.021,301.549,  0.000,  0.000
  0.021,301.562,  0.000,  0.000
  0.021,301.582,  0.000,  0.000
  0.021,301.598,  0.000,  0.000
  0.020,301.417,  0.000,  0.000
  0.021,301.412,  0.000,  0.000
  0.020,301.403,  0.000,  0.000
  0.020,301.421,  0.000,  0.000
  0.021,301.399,  0.000,  0.000
  0.020,301.440,  0.000,  0.000
  0.021,301.439,  0.000,  0.000
  0.021,301.444,  0.000,  0.000
  0.021,301.454,  0.000,  0.000
  0.021,301.483,  0.000,  0.000
  0.021,301.488,  0.000,  0.000
  0.021,301.496,  0.000,  0.000
  0.021,301.469,  0.000,  0.000
  0.021,301.468,  0.000,  0.000
  0.021,301.500,  0.000,  0.000
  0.021,301.502,  0.000,  0.000
  0.021,301.508,  0.000,  0.000
  0.021,301.469,  0.000,  0.000
  0.020,301.496,  0.000,  0.000
  0.021,301.498,  0.000,  0.000
  0.021,301.530,  0.000,  0.000
  0.021,301.539,  0.000,  0.000
  0.021,301.563,  0.000,  0.000
  0.021,301.575,  0.000,  0.000
  0.021,301.599,  0.000,  0.000
  0.020,301.393,  0.000,  0.000
  0.020,301.420,  0.000,  0.000
  0.021,301.391,  0.000,  0.000
  0.020,301.410,  0.000,  0.000
  0.021,301.397,  0.000,  0.000
  0.020,301.438,  0.000,  0.000
  0.020,301.424,  0.000,  0.000
  0.021,301.431,  0.000,  0.000
  0.021,301.435,  0.000,  0.000
  0.021,301.458,  0.000,  0.000
  0.021,301.460,  0.000,  0.000
  0.021,301.466,  0.000,  0.000
  0.021,301.459,  0.000,  0.000
  0.021,301.453,  0.000,  0.000
  0.020,301.475,  0.000,  0.000
  0.021,301.492,  0.000,  0.000
  0.020,301.491,  0.000,  0.000
  0.021,301.461,  0.000,  0.000
  0.020,301.492,  0.000,  0.000
  0.020,301.490,  0.000,  0.000
  0.020,301.533,  0.000,  0.000
  0.020,301.545,  0.000,  0.000
  0.021,301.571,  0.000,  0.000
  0.021,301.574,  0.000,  0.000
  0.021,301.608,  0.000,  0.000
  0.021,301.379,  0.000,  0.000
  0.020,301.400,  0.000,  0.000
  0.021,301.384,  0.000,  0.000
  0.020,301.378,  0.000,  0.000
  0.021,301.397,  0.000,  0.000
  0.020,301.419,  0.000,  0.000
  0.020,301.418,  0.000,  0.000
  0.020,301.421,  0.000,  0.000
  0.020,301.425,  0.000,  0.000
  0.021,301.435,  0.000,  0.000
  0.021,301.430,  0.000,  0.000
  0.021,301.441,  0.000,  0.000
  0.020,301.445,  0.000,  0.000
  0.021,301.436,  0.000,  0.000
  0.020,301.461,  0.000,  0.000
  0.021,301.469,  0.000,  0.000
  0.020,301.476,  0.000,  0.000
  0.020,301.456,  0.000,  0.000
  0.020,301.503,  0.000,  0.000
  0.020,301.485,  0.000,  0.000
  0.020,301.528,  0.000,  0.000
  0.020,301.546,  0.000,  0.000
  0.021,301.560,  0.000,  0.000
  0.021,301.566,  0.000,  0.000
  0.021,301.611,  0.000,  0.000
  0.021,301.371,  0.000,  0.000
  0.021,301.357,  0.000,  0.000
  0.020,301.362,  0.000,  0.000
  0.021,301.354,  0.000,  0.000
  0.020,301.379,  0.000,  0.000
  0.021,301.390,  0.000,  0.000
  0.020,301.414,  0.000,  0.000
  0.020,301.410,  0.000,  0.000
  0.020,301.421,  0.000,  0.000
  0.020,301.415,  0.000,  0.000
  0.020,301.414,  0.000,  0.000
  0.020,301.420,  0.000,  0.000
  0.020,301.426,  0.000,  0.000
  0.020,301.417,  0.000,  0.000
  0.020,301.452,  0.000,  0.000
  0.021,301.445,  0.000,  0.000
  0.021,301.455,  0.000,  0.000
  0.020,301.459,  0.000,  0.000
  0.020,301.512,  0.000,  0.000
  0.020,301.476,  0.000,  0.000
  0.020,301.516,  0.000,  0.000
  0.020,301.534,  0.000,  0.000
  0.021,301.528,  0.000,  0.000
  0.021,301.536,  0.000,  0.000
  0.021,301.597,  0.000,  0.000
  0.021,301.355,  0.000,  0.000
  0.021,301.336,  0.000,  0.000
  0.020,301.330,  0.000,  0.000
  0.021,301.353,  0.000,  0.000
  0.020,301.349,  0.000,  0.000
  0.021,301.371,  0.000,  0.000
  0.020,301.397,  0.000,  0.000
  0.020,301.404,  0.000,  0.000
  0.020,301.414,  0.000,  0.000
  0.020,301.409,  0.000,  0.000
  0.020,301.409,  0.000,  0.000
  0.020,301.413,  0.000,  0.000
  0.020,301.416,  0.000,  0.000
  0.020,301.405,  0.000,  0.000
  0.020,301.446,  0.000,  0.000
  0.020,301.425,  0.000,  0.000
  0.021,301.431,  0.000,  0.000
  0.020,301.466,  0.000,  0.000
  0.020,301.488,  0.000,  0.000
  0.020,301.467,  0.000,  0.000
  0.020,301.499,  0.000,  0.000
  0.020,301.517,  0.000,  0.000
  0.021,301.498,  0.000,  0.000
  0.021,301.492,  0.000,  0.000
  0.021,301.568,  0.000,  0.000
  0.020,301.335,  0.000,  0.000
  0.021,301.323,  0.000,  0.000
  0.021,301.302,  0.000,  0.000
  0.021,301.337,  0.000,  0.000
  0.021,301.330,  0.000,  0.000
  0.021,301.360,  0.000,  0.000
  0.021,301.364,  0.000,  0.000
  0.020,301.396,  0.000,  0.000
  0.020,301.409,  0.000,  0.000
  0.020,301.407,  0.000,  0.000
  0.020,301.408,  0.000,  0.000
  0.020,301.415,  0.000,  0.000
  0.020,301.415,  0.000,  0.000
  0.020,301.406,  0.000,  0.000
  0.020,301.433,  0.000,  0.000
  0.020,301.409,  0.000,  0.000
  0.020,301.417,  0.000,  0.000
  0.020,301.465,  0.000,  0.000
  0.020,301.461,  0.000,  0.000
  0.020,301.469,  0.000,  0.000
  0.020,301.480,  0.000,  0.000
  0.020,301.496,  0.000,  0.000
  0.021,301.481,  0.000,  0.000
  0.021,301.459,  0.000,  0.000
  0.021,301.539,  0.000,  0.000
  0.020,301.312,  0.000,  0.000
  0.021,301.306,  0.000,  0.000
  0.021,301.292,  0.000,  0.000
  0.021,301.301,  0.000,  0.000
  0.021,301.325,  0.000,  0.000
  0.021,301.334,  0.000,  0.000
  0.021,301.338,  0.000,  0.000
  0.020,301.381,  0.000,  0.000
  0.020,301.394,  0.000,  0.000
  0.020,301.402,  0.000,  0.000
  0.020,301.403,  0.000,  0.000
  0.020,301.408,  0.000,  0.000
  0.020,301.410,  0.000,  0.000
  0.020,301.412,  0.000,  0.000
  0.020,301.415,  0.000,  0.000
  0.020,301.399,  0.000,  0.000
  0.020,301.420,  0.000,  0.000
  0.020,301.446,  0.000,  0.000
  0.020,301.457,  0.000,  0.000
  0.020,301.457,  0.000,  0.000
  0.020,301.451,  0.000,  0.000
  0.020,301.466,  0.000,  0.000
  0.020,301.467,  0.000,  0.000
  0.021,301.455,  0.000,  0.000
  0.020,301.504,  0.000,  0.000
  0.020,301.289,  0.000,  0.000
  0.021,301.292,  0.000,  0.000
  0.021,301.279,  0.000,  0.000
  0.021,301.280,  0.000,  0.000
  0.021,301.304,  0.000,  0.000
  0.021,301.304,  0.000,  0.000
  0.021,301.322,  0.000,  0.000
  0.021,301.346,  0.000,  0.000
  0.021,301.364,  0.000,  0.000
  0.020,301.385,  0.000,  0.000
  0.020,301.384,  0.000,  0.000
  0.020,301.398,  0.000,  0.000
  0.020,301.400,  0.000,  0.000
  0.020,301.408,  0.000,  0.000
  0.020,301.409,  0.000,  0.000
  0.020,301.392,  0.000,  0.000
  0.020,301.429,  0.000,  0.000
  0.020,301.419,  0.000,  0.000
  0.020,301.453,  0.000,  0.000
  0.020,301.428,  0.000,  0.000
  0.020,301.427,  0.000,  0.000
  0.020,301.431,  0.000,  0.000
  0.020,301.447,  0.000,  0.000
  0.020,301.461,  0.000,  0.000
  0.021,301.464,  0.000,  0.000
