  0.020,301.395,  4.195,  0.000
  0.020,301.420,  5.427,  0.000
  0.020,301.444,  5.932,  0.000
  0.020,301.458,  5.345,  0.000
  0.020,301.467,  4.515,  0.000
  0.020,301.466,  3.479,  0.000
  0.020,301.457,  5.311,  0.000
  0.020,301.448,  7.315,  0.000
  0.020,301.443,  6.463,  0.000
  0.020,301.456,  4.585,  0.000
  0.020,301.485,  5.619,  0.000
  0.020,301.506,  8.155,  0.000
  0.020,301.509,  8.365,  0.000
  0.019,301.492,  8.419,  0.000
  0.019,301.467,  9.524,  0.000
  0.019,301.461,  8.903,  0.000
  0.019,301.474,  7.229,  0.000
  0.020,301.498,  4.794,  0.000
  0.020,301.505,  3.437,  0.000
  0.020,301.486,  4.357,  0.000
  0.020,301.446,  3.273,  0.000
  0.020,301.415,  1.916,  0.000
  0.020,301.397,  1.260,  0.000
  0.020,301.412,  0.077,  0.000
  0.020,301.417,  0.041,  0.000
  0.020,301.455,  4.563,  0.000
  0.020,301.476,  5.210,  0.000
  0.020,301.481,  6.310,  0.000
  0.020,301.481,  5.666,  0.000
  0.020,301.488,  3.459,  0.000
  0.020,301.496,  2.411,  0.000
  0.020,301.495,  4.156,  0.000
  0.020,301.493,  8.497,  0.000
  0.020,301.494, 10.862,  0.000
  0.020,301.503,  8.244,  0.000
  0.019,301.514,  5.959,  0.000
  0.019,301.517,  6.400,  0.000
  0.019,301.521,  6.819,  0.000
  0.019,301.528,  4.224,  0.000
  0.020,301.528,  6.387,  0.000
  0.020,301.520,  7.348,  0.000
  0.020,301.504,  6.232,  0.000
  0.020,301.484,  4.316,  0.000
  0.020,301.469,  3.173,  0.000
  0.020,301.455,  4.601,  0.000
  0.020,301.449,  5.100,  0.000
  0.020,301.446,  4.316,  0.000
  0.020,301.433,  4.040,  0.000
  0.020,301.451,  1.079,  0.000
  0.020,301.457,  0.082,  0.000
  0.020,301.498,  6.270,  0.000
  0.020,301.504,  5.449,  0.000
  0.020,301.498,  6.552,  0.000
  0.020,301.487,  6.546,  0.000
  0.020,301.492,  3.109,  0.000
  0.020,301.500,  1.593,  0.000
  0.020,301.501,  2.598,  0.000
  0.020,301.508,  8.337,  0.000
  0.020,301.523, 16.282,  0.000
  0.020,301.531, 16.527,  0.000
  0.019,301.531, 10.769,  0.000
  0.019,301.534,  6.662,  0.000
  0.019,301.548,  6.587,  0.000
  0.019,301.560,  3.315,  0.000
  0.020,301.556,  2.298,  0.000
  0.020,301.536,  1.955,  0.000
  0.020,301.509,  2.113,  0.000
  0.020,301.478,  3.453,  0.000
  0.020,301.448,  2.866,  0.000
  0.020,301.431,  2.239,  0.000
  0.020,301.434,  4.307,  0.000
  0.020,301.449,  6.391,  0.000
  0.020,301.460,  8.572,  0.000
  0.020,301.484,  5.408,  0.000
  0.020,301.465,  0.697,  0.000
  0.020,301.500,  7.775,  0.000
  0.020,301.502,  6.475,  0.000
  0.020,301.505,  6.982,  0.000
  0.020,301.511,  7.243,  0.000
  0.020,301.511,  4.409,  0.000
  0.020,301.506,  2.770,  0.000
  0.020,301.497,  2.700,  0.000
  0.020,301.505,  5.598,  0.000
  0.020,301.519, 15.571,  0.000
  0.020,301.536, 24.273,  0.000
  0.020,301.541, 19.326,  0.000
  0.020,301.542,  8.406,  0.000
  0.020,301.544,  5.242,  0.000
  0.020,301.543,  4.586,  0.000
  0.020,301.536,  1.684,  0.000
  0.020,301.528,  0.387,  0.000
  0.020,301.515,  1.015,  0.000
  0.020,301.489,  3.417,  0.000
  0.020,301.458,  5.307,  0.000
  0.020,301.443,  2.611,  0.000
  0.020,301.443,  0.804,  0.000
  0.020,301.450,  3.224,  0.000
  0.020,301.466,  8.321,  0.000
  0.020,301.485, 11.352,  0.000
  0.020,301.465,  3.877,  0.000
  0.020,301.504,  6.314,  0.000
  0.020,301.522,  6.719,  0.000
  0.020,301.538,  6.152,  0.000
  0.020,301.547,  5.829,  0.000
  0.020,301.543,  4.868,  0.000
  0.020,301.535,  3.667,  0.000
  0.020,301.522,  3.358,  0.000
  0.020,301.514,  5.125,  0.000
  0.020,301.515, 10.342,  0.000
  0.020,301.522, 19.632,  0.000
  0.020,301.528, 24.832,  0.000
  0.020,301.524, 12.116,  0.000
  0.020,301.514,  5.136,  0.000
  0.020,301.515,  2.767,  0.000
  0.020,301.528,  2.444,  0.000
  0.020,301.529,  1.230,  0.000
  0.020,301.524,  0.665,  0.000
  0.020,301.509,  2.194,  0.000
  0.020,301.498,  6.462,  0.000
  0.020,301.493,  7.522,  0.000
  0.020,301.470,  2.060,  0.000
  0.020,301.454,  0.446,  0.000
  0.020,301.458,  2.773,  0.000
  0.020,301.492,  7.091,  0.000
  0.020,301.510,  6.891,  0.000
  0.020,301.536,  2.332,  0.000
  0.020,301.554,  4.239,  0.000
  0.020,301.568,  3.514,  0.000
  0.020,301.572,  2.704,  0.000
  0.020,301.575,  3.446,  0.000
  0.020,301.571,  4.313,  0.000
  0.020,301.551,  4.614,  0.000
  0.020,301.535,  4.822,  0.000
  0.020,301.520,  6.641,  0.000
  0.020,301.513,  7.892,  0.000
  0.020,301.512, 14.735,  0.000
  0.020,301.514, 13.963,  0.000
  0.020,301.518,  5.248,  0.000
  0.020,301.523,  0.992,  0.000
  0.020,301.524,  1.403,  0.000
  0.020,301.520,  2.172,  0.000
  0.020,301.518,  1.033,  0.610
  0.020,301.525,  0.624,  0.610
  0.020,301.539,  3.845,  0.610
  0.020,301.531,  9.689,  0.610
  0.020,301.499,  7.169,  0.000
  0.020,301.475,  2.488,  0.000
  0.020,301.481,  3.133,  0.000
  0.020,301.495,  1.013,  0.000
  0.020,301.488,  2.679,  0.000
  0.020,301.577,  0.337,  0.000
  0.020,301.600,  1.048,  0.000
  0.020,301.610,  0.654,  0.000
  0.020,301.618,  0.265,  0.000
  0.020,301.612,  0.923,  0.000
  0.020,301.598,  2.824,  0.000
  0.020,301.574,  5.823,  0.000
  0.020,301.562,  6.506,  0.000
  0.020,301.549,  3.529,  0.000
  0.020,301.539,  1.090,  0.000
  0.020,301.527,  3.985,  0.000
  0.020,301.527, 10.545,  0.000
  0.020,301.546,  7.591,  0.000
  0.020,301.556,  1.670,  0.000
  0.020,301.544,  0.541,  0.000
  0.020,301.529,  0.545,  0.000
  0.020,301.526,  0.718,  0.610
  0.020,301.534,  0.513,  0.610
  0.020,301.537,  1.183,  0.610
  0.020,301.507,  5.007,  0.610
  0.020,301.457,  9.896,  0.000
  0.020,301.436,  4.820,  0.000
  0.020,301.469,  5.541,  0.000
  0.020,301.467,  1.719,  0.000
  0.020,301.302,  0.497,  0.000
  0.020,301.611,  0.049,  0.000
  0.020,301.638,  0.079,  0.000
  0.020,301.638,  0.059,  0.000
  0.020,301.640,  0.041,  0.000
  0.020,301.625,  0.084,  0.000
  0.020,301.602,  0.507,  0.000
  0.020,301.579,  1.913,  0.000
  0.020,301.570,  4.382,  0.000
  0.020,301.568,  4.742,  0.000
  0.020,301.567,  0.387,  0.000
  0.020,301.554,  0.678,  0.000
  0.020,301.551,  4.047,  0.000
  0.020,301.559,  7.081,  0.000
  0.020,301.555,  4.050,  0.000
  0.020,301.552,  1.676,  0.000
  0.020,301.552,  0.889,  0.000
  0.020,301.547,  0.335,  0.610
  0.020,301.532,  0.420,  0.610
  0.020,301.499,  0.881,  0.610
  0.020,301.464,  1.722,  0.610
  0.020,301.438,  3.694,  0.000
  0.020,301.434,  4.093,  0.000
  0.020,301.447,  1.668,  0.000
  0.020,301.447,  3.460,  0.000
  0.020,301.368,  1.116,  0.000
  0.020,301.610,  0.003,  0.000
  0.020,301.644,  0.015,  0.000
  0.020,301.661,  0.018,  0.000
  0.020,301.661,  0.015,  0.000
  0.020,301.640,  0.017,  0.000
  0.020,301.613,  0.015,  0.000
  0.020,301.589,  0.121,  0.000
  0.020,301.575,  0.685,  0.000
  0.020,301.570,  2.058,  0.000
  0.020,301.571,  1.250,  0.000
  0.019,301.573,  0.312,  0.000
  0.020,301.566,  1.802,  0.000
  0.020,301.544,  4.059,  0.000
  0.020,301.522,  5.638,  0.000
  0.020,301.521,  3.815,  0.000
  0.020,301.545,  1.737,  0.000
  0.020,301.558,  0.792,  0.610
  0.020,301.535,  0.354,  0.610
  0.020,301.493,  0.677,  0.610
  0.020,301.477,  0.966,  0.610
  0.020,301.470,  1.279,  0.000
  0.020,301.454,  2.014,  0.000
  0.020,301.452,  2.641,  0.000
  0.020,301.464,  3.067,  0.000
  0.020,301.458,  3.159,  0.000
  0.020,301.599,  0.001,  0.000
  0.020,301.622,  0.001,  0.000
  0.020,301.659,  0.001,  0.000
  0.020,301.678,  0.001,  0.000
  0.020,301.666,  0.001,  0.000
  0.020,301.640,  0.007,  0.000
  0.020,301.622,  0.020,  0.000
  0.020,301.597,  0.031,  0.000
  0.020,301.564,  0.055,  0.000
  0.020,301.552,  0.035,  0.000
  0.019,301.559,  0.037,  0.000
  0.019,301.557,  0.554,  0.000
  0.020,301.531,  2.803,  0.000
  0.020,301.500,  5.469,  0.200
  0.020,301.492,  5.704,  0.200
  0.020,301.520,  3.276,  0.200
  0.020,301.568,  1.664,  1.410
  0.020,301.577,  0.653,  1.410
  0.020,301.540,  0.434,  1.410
  0.020,301.480,  0.486,  1.410
  0.020,301.426,  0.747,  3.060
  0.020,301.417,  1.943,  3.060
  0.020,301.432,  3.876,  3.060
  0.020,301.448,  3.594,  0.030
  0.020,301.477,  2.745,  0.030
  0.020,301.599,  0.000,  0.000
  0.020,301.604,  0.000,  0.000
  0.020,301.642,  0.000,  0.000
  0.020,301.683,  0.000,  0.000
  0.020,301.692,  0.000,  0.000
  0.020,301.667,  0.001,  0.000
  0.020,301.654,  0.001,  0.000
  0.020,301.633,  0.011,  0.000
  0.020,301.579,  0.025,  0.000
  0.020,301.537,  0.015,  0.000
  0.020,301.533,  0.007,  0.000
  0.020,301.541,  0.063,  0.000
  0.020,301.532,  0.862,  0.000
  0.020,301.515,  3.748,  0.200
  0.020,301.510,  5.202,  0.200
  0.020,301.535,  4.062,  0.200
  0.020,301.583,  2.847,  1.410
  0.020,301.598,  2.259,  1.410
  0.020,301.525,  1.223,  1.410
  0.020,301.416,  0.200,  1.410
  0.020,301.368,  0.244,  3.060
  0.020,301.390,  1.160,  3.060
  0.020,301.405,  4.012,  3.060
  0.020,301.428,  5.759,  0.030
  0.020,301.490,  4.191,  0.030
  0.020,301.614,  0.000,  0.000
  0.020,301.617,  0.000,  0.000
  0.020,301.641,  0.000,  0.000
  0.020,301.675,  0.000,  0.000
  0.020,301.677,  0.000,  0.000
  0.020,301.660,  0.000,  0.000
  0.020,301.659,  0.000,  0.000
  0.020,301.669,  0.000,  0.000
  0.020,301.645,  0.000,  0.000
  0.020,301.596,  0.000,  0.000
  0.020,301.569,  0.002,  0.000
  0.020,301.569,  0.006,  0.000
  0.020,301.572,  0.059,  0.000
  0.020,301.569,  0.598,  0.200
  0.020,301.570,  2.023,  0.200
  0.020,301.588,  2.366,  0.200
  0.020,301.599,  2.233,  1.410
  0.020,301.570,  3.427,  1.410
  0.020,301.471,  3.093,  1.410
  0.020,301.382,  0.738,  1.410
  0.020,301.378,  0.153,  3.060
  0.020,301.387,  0.281,  3.060
  0.020,301.384,  1.795,  3.060
  0.019,301.404,  5.417,  0.030
  0.019,301.466,  5.034,  0.030
  0.020,301.637,  0.000,  0.000
  0.020,301.645,  0.000,  0.000
  0.020,301.677,  0.000,  0.000
  0.020,301.709,  0.000,  0.000
  0.020,301.703,  0.000,  0.000
  0.020,301.683,  0.000,  0.000
  0.020,301.673,  0.000,  0.000
  0.020,301.686,  0.000,  0.000
  0.020,301.678,  0.000,  0.000
  0.020,301.624,  0.000,  0.000
  0.020,301.582,  0.000,  0.000
  0.020,301.580,  0.001,  0.000
  0.020,301.604,  0.009,  0.000
  0.020,301.616,  0.025,  0.200
  0.020,301.613,  0.038,  0.200
  0.020,301.607,  0.224,  0.200
  0.020,301.594,  0.735,  1.410
  0.020,301.534,  2.005,  1.410
  0.020,301.445,  3.676,  1.410
  0.020,301.399,  2.248,  1.410
  0.020,301.399,  0.404,  3.060
  0.020,301.381,  0.193,  3.060
  0.020,301.356,  0.374,  3.060
  0.019,301.363,  2.135,  0.030
  0.019,301.414,  5.645,  0.030
  0.020,301.673,  0.000,  0.000
  0.020,301.707,  0.000,  0.000
  0.020,301.741,  0.000,  0.000
  0.020,301.745,  0.000,  0.000
  0.020,301.723,  0.000,  0.000
  0.020,301.702,  0.000,  0.000
  0.020,301.687,  0.000,  0.000
  0.020,301.690,  0.000,  0.000
  0.020,301.696,  0.000,  0.000
  0.020,301.704,  0.000,  0.000
  0.020,301.700,  0.000,  0.000
  0.020,301.696,  0.000,  0.000
  0.020,301.677,  0.002,  0.000
  0.020,301.628,  0.009,  0.000
  0.020,301.617,  0.024,  0.000
  0.020,301.626,  0.028,  0.000
  0.020,301.588,  0.142,  0.810
  0.020,301.521,  0.845,  0.810
  0.020,301.443,  2.492,  0.810
  0.020,301.411,  3.287,  0.810
  0.020,301.414,  1.336,  3.690
  0.020,301.382,  0.266,  3.690
  0.020,301.343,  0.177,  3.690
  0.019,301.334,  0.732,  5.250
  0.020,301.364,  4.306,  5.250
  0.020,301.749,  0.000,  0.000
  0.020,301.798,  0.000,  0.000
  0.020,301.791,  0.000,  0.000
  0.020,301.763,  0.000,  0.000
  0.020,301.739,  0.000,  0.000
  0.020,301.714,  0.000,  0.000
  0.020,301.707,  0.000,  0.000
  0.020,301.728,  0.000,  0.000
  0.020,301.712,  0.000,  0.000
  0.020,301.626,  0.000,  0.000
  0.020,301.538,  0.000,  0.000
  0.020,301.529,  0.000,  0.000
  0.020,301.599,  0.000,  0.000
  0.020,301.659,  0.002,  0.000
  0.020,301.643,  0.003,  0.000
  0.020,301.623,  0.007,  0.000
  0.020,301.590,  0.020,  0.810
  0.020,301.489,  0.233,  0.810
  0.020,301.412,  1.074,  0.810
  0.020,301.396,  2.236,  0.810
  0.020,301.403,  2.297,  3.690
  0.020,301.376,  0.642,  3.690
  0.020,301.337,  0.127,  3.690
  0.020,301.309,  0.555,  5.250
  0.020,301.308,  2.837,  5.250
