  0.020,300.218,  0.001,  0.000
  0.020,300.195,  0.000,  0.000
  0.020,300.167,  0.000,  0.000
  0.019,300.192,  0.000,  0.000
  0.019,300.152,  0.000,  0.000
  0.019,300.216,  0.000,  0.000
  0.019,300.156,  0.000,  0.000
  0.019,300.198,  0.000,  0.000
  0.019,300.209,  0.000,  0.000
  0.019,300.213,  0.002,  0.000
  0.019,300.210,  0.001,  0.000
  0.019,300.214,  0.000,  0.000
  0.019,300.218,  0.000,  0.000
  0.019,300.235,  0.000,  0.000
  0.019,300.228,  0.012,  0.000
  0.020,300.153,  0.125,  0.000
  0.020,300.048,  0.263,  0.000
  0.020,299.975,  0.163,  0.000
  0.020,299.967,  0.194,  0.000
  0.019,299.996,  0.445,  0.000
  0.019,300.043,  0.164,  0.000
  0.020,300.112,  0.081,  0.000
  0.020,300.180,  0.065,  0.000
  0.019,300.247,  0.046,  0.000
  0.019,300.262,  0.073,  0.000
  0.019,300.271,  0.000,  0.000
  0.019,300.253,  0.000,  0.000
  0.019,300.190,  0.000,  0.000
  0.019,300.150,  0.000,  0.000
  0.019,300.151,  0.000,  0.000
  0.019,300.167,  0.000,  0.000
  0.019,300.178,  0.000,  0.000
  0.019,300.174,  0.000,  0.000
  0.019,300.171,  0.000,  0.000
  0.019,300.189,  0.000,  0.000
  0.019,300.215,  0.000,  0.000
  0.019,300.235,  0.000,  0.000
  0.019,300.244,  0.000,  0.000
  0.019,300.263,  0.000,  0.000
  0.019,300.271,  0.017,  0.000
  0.020,300.225,  0.169,  0.000
  0.020,300.147,  0.305,  0.000
  0.020,300.077,  0.226,  0.000
  0.020,300.036,  0.132,  0.000
  0.020,300.025,  0.357,  0.000
  0.020,300.059,  0.356,  0.000
  0.020,300.128,  0.087,  0.000
  0.019,300.155,  0.066,  0.000
  0.019,300.154,  0.054,  0.000
  0.019,300.164,  0.085,  0.000
  0.019,300.292,  0.000,  0.000
  0.019,300.263,  0.000,  0.000
  0.019,300.199,  0.000,  0.000
  0.020,300.136,  0.000,  0.000
  0.019,300.109,  0.000,  0.000
  0.019,300.117,  0.000,  0.000
  0.019,300.132,  0.000,  0.000
  0.019,300.127,  0.000,  0.000
  0.019,300.125,  0.000,  0.000
  0.019,300.160,  0.000,  0.000
  0.020,300.217,  0.000,  0.000
  0.019,300.258,  0.000,  0.000
  0.019,300.270,  0.000,  0.000
  0.019,300.277,  0.000,  0.000
  0.019,300.279,  0.018,  0.000
  0.020,300.260,  0.186,  0.000
  0.020,300.215,  0.332,  0.000
  0.020,300.166,  0.332,  0.000
  0.020,300.115,  0.160,  0.000
  0.020,300.068,  0.134,  0.000
  0.020,300.078,  0.317,  0.000
  0.020,300.119,  0.101,  0.000
  0.019,300.108,  0.060,  0.000
  0.019,300.078,  0.053,  0.000
  0.019,300.067,  0.089,  0.000
  0.019,300.243,  0.000,  0.000
  0.019,300.206,  0.000,  0.000
  0.020,300.176,  0.000,  0.000
  0.020,300.146,  0.000,  0.000
  0.019,300.117,  0.000,  0.000
  0.019,300.096,  0.000,  0.000
  0.019,300.082,  0.000,  0.000
  0.019,300.085,  0.000,  0.000
  0.019,300.102,  0.000,  0.000
  0.020,300.149,  0.000,  0.000
  0.020,300.231,  0.000,  0.000
  0.019,300.293,  0.000,  0.000
  0.019,300.303,  0.000,  0.000
  0.019,300.287,  0.000,  0.000
  0.019,300.281,  0.011,  0.000
  0.019,300.269,  0.136,  0.000
  0.020,300.243,  0.342,  0.000
  0.020,300.223,  0.398,  0.000
  0.020,300.208,  0.196,  0.000
  0.020,300.184,  0.017,  0.000
  0.020,300.150,  0.124,  0.000
  0.019,299.887,  0.121,  0.000
  0.019,299.804,  0.054,  0.000
  0.019,300.012,  0.050,  0.000
  0.019,299.975,  0.087,  0.000
  0.020,300.200,  0.000,  0.000
  0.020,300.168,  0.000,  0.000
  0.020,300.158,  0.000,  0.000
  0.020,300.154,  0.000,  0.000
  0.019,299.914,  0.000,  0.000
  0.019,300.109,  0.000,  0.000
  0.019,300.079,  0.000,  0.000
  0.019,300.066,  0.001,  0.000
  0.020,300.091,  0.001,  0.000
  0.020,300.160,  0.000,  0.000
  0.020,300.256,  0.000,  0.000
  0.019,300.316,  0.000,  0.000
  0.019,300.318,  0.000,  0.000
  0.019,300.298,  0.000,  0.000
  0.019,300.286,  0.004,  0.000
  0.019,300.274,  0.072,  0.000
  0.020,300.252,  0.272,  0.000
  0.020,300.250,  0.363,  0.000
  0.020,300.275,  0.177,  0.000
  0.020,300.281,  0.005,  0.000
  0.020,300.217,  0.094,  0.000
  0.020,300.108,  0.140,  0.000
  0.019,299.760,  0.057,  0.000
  0.019,299.787,  0.046,  0.000
  0.019,299.952,  0.073,  0.000
  0.020,300.175,  0.000,  0.000
  0.020,300.155,  0.000,  0.000
  0.020,300.150,  0.000,  0.000
  0.020,300.140,  0.000,  0.000
  0.019,299.892,  0.000,  0.000
  0.019,300.104,  0.000,  0.000
  0.019,300.076,  0.001,  0.000
  0.020,300.059,  0.002,  0.000
  0.020,300.099,  0.003,  0.000
  0.020,300.200,  0.000,  0.000
  0.020,300.297,  0.000,  0.000
  0.019,300.331,  0.000,  0.000
  0.019,300.315,  0.000,  0.000
  0.019,300.298,  0.000,  0.000
  0.020,300.294,  0.000,  0.000
  0.020,300.285,  0.027,  0.000
  0.020,300.267,  0.166,  0.000
  0.020,300.275,  0.308,  0.000
  0.020,300.311,  0.143,  0.000
  0.020,300.320,  0.009,  0.000
  0.020,300.236,  0.109,  0.000
  0.019,299.873,  0.150,  0.000
  0.019,299.724,  0.064,  0.000
  0.019,299.769,  0.045,  0.000
  0.019,299.961,  0.057,  0.000
  0.020,300.155,  0.000,  0.000
  0.019,300.153,  0.000,  0.000
  0.019,300.161,  0.000,  0.000
  0.019,300.141,  0.000,  0.000
  0.020,300.114,  0.000,  0.000
  0.020,300.098,  0.000,  0.000
  0.020,300.080,  0.000,  0.000
  0.020,300.074,  0.001,  0.000
  0.020,300.127,  0.002,  0.000
  0.020,300.243,  0.000,  0.000
  0.019,300.343,  0.000,  0.000
  0.019,300.363,  0.000,  0.000
  0.019,300.332,  0.000,  0.000
  0.020,300.308,  0.000,  0.000
  0.020,300.306,  0.000,  0.000
  0.020,300.301,  0.012,  0.000
  0.020,300.291,  0.102,  0.000
  0.020,300.298,  0.242,  0.000
  0.020,300.325,  0.120,  0.000
  0.020,300.320,  0.026,  0.000
  0.019,300.052,  0.170,  0.000
  0.020,300.112,  0.195,  0.000
  0.020,300.001,  0.091,  0.000
  0.019,299.871,  0.056,  0.000
  0.020,299.972,  0.049,  0.000
  0.019,299.906,  0.000,  0.000
  0.019,299.875,  0.000,  0.000
  0.019,300.125,  0.000,  0.000
  0.019,300.119,  0.000,  0.000
  0.020,300.112,  0.000,  0.000
  0.020,300.114,  0.000,  0.000
  0.020,300.119,  0.000,  0.000
  0.020,300.130,  0.000,  0.000
  0.020,300.180,  0.001,  0.000
  0.020,300.271,  0.000,  0.000
  0.019,300.340,  0.000,  0.000
  0.019,300.355,  0.000,  0.000
  0.019,300.348,  0.000,  0.000
  0.020,300.337,  0.000,  0.000
  0.020,300.324,  0.000,  0.000
  0.020,300.327,  0.003,  0.000
  0.020,300.326,  0.037,  0.000
  0.020,300.324,  0.109,  0.000
  0.020,300.321,  0.084,  0.000
  0.020,300.312,  0.048,  0.000
  0.020,300.273,  0.231,  0.000
  0.020,300.191,  0.276,  0.000
  0.019,299.868,  0.159,  0.000
  0.019,299.851,  0.097,  0.000
  0.020,299.996,  0.072,  0.000
  0.020,300.174,  0.000,  0.000
  0.020,300.115,  0.000,  0.000
  0.020,300.102,  0.000,  0.000
  0.020,300.115,  0.000,  0.000
  0.020,300.138,  0.000,  0.000
  0.020,300.168,  0.000,  0.000
  0.020,300.196,  0.000,  0.000
  0.020,300.215,  0.000,  0.000
  0.020,300.244,  0.000,  0.000
  0.020,300.289,  0.000,  0.000
  0.019,300.136,  0.000,  0.000
  0.018,300.165,  0.000,  0.000
  0.019,300.189,  0.000,  0.000
  0.019,300.185,  0.000,  0.000
  0.019,300.168,  0.000,  0.000
  0.019,300.165,  0.000,  0.000
  0.019,300.172,  0.007,  0.000
  0.020,300.334,  0.027,  0.000
  0.020,300.316,  0.034,  0.000
  0.020,300.305,  0.027,  0.000
  0.020,300.298,  0.127,  0.000
  0.020,300.266,  0.179,  0.000
  0.020,300.207,  0.113,  0.000
  0.020,300.135,  0.089,  0.000
  0.020,300.074,  0.100,  0.000
  0.020,300.234,  0.000,  0.000
  0.020,300.173,  0.000,  0.000
  0.020,300.158,  0.000,  0.000
  0.020,300.178,  0.000,  0.000
  0.020,300.215,  0.000,  0.000
  0.020,300.248,  0.000,  0.000
  0.020,300.274,  0.000,  0.000
  0.020,300.294,  0.000,  0.000
  0.019,300.112,  0.000,  0.000
  0.019,300.120,  0.000,  0.000
  0.019,300.134,  0.000,  0.000
  0.019,300.172,  0.000,  0.000
  0.019,300.214,  0.000,  0.000
  0.019,300.211,  0.000,  0.000
  0.019,300.179,  0.000,  0.000
  0.019,300.169,  0.000,  0.000
  0.019,300.181,  0.001,  0.000
  0.019,300.187,  0.006,  0.000
  0.020,300.354,  0.011,  0.000
  0.020,300.341,  0.016,  0.000
  0.020,300.326,  0.060,  0.000
  0.020,300.309,  0.097,  0.000
  0.020,300.284,  0.067,  0.000
  0.020,300.244,  0.061,  0.000
  0.020,300.209,  0.067,  0.000
  0.020,300.299,  0.000,  0.000
  0.020,300.256,  0.000,  0.000
  0.019,300.027,  0.000,  0.000
  0.019,300.046,  0.000,  0.000
  0.019,300.065,  0.000,  0.000
  0.020,300.294,  0.000,  0.000
  0.020,300.313,  0.000,  0.000
  0.020,300.340,  0.000,  0.000
  0.020,300.359,  0.000,  0.000
  0.019,300.158,  0.000,  0.000
  0.019,300.164,  0.000,  0.000
  0.019,300.205,  0.000,  0.000
  0.019,300.253,  0.000,  0.000
  0.019,300.252,  0.000,  0.000
  0.019,300.221,  0.000,  0.000
  0.019,300.205,  0.000,  0.000
  0.019,300.221,  0.000,  0.000
  0.019,300.248,  0.002,  0.000
  0.019,300.248,  0.003,  0.000
  0.020,300.385,  0.007,  0.000
  0.019,300.180,  0.019,  0.000
  0.019,300.151,  0.038,  0.000
  0.020,300.313,  0.033,  0.000
  0.019,300.296,  0.039,  0.000
  0.019,300.099,  0.046,  0.000
  0.019,300.125,  0.000,  0.000
  0.019,300.090,  0.000,  0.000
  0.019,300.084,  0.000,  0.000
  0.020,300.303,  0.000,  0.000
  0.020,300.307,  0.000,  0.000
  0.020,300.309,  0.000,  0.000
  0.019,300.123,  0.000,  0.000
  0.019,300.164,  0.000,  0.000
  0.019,300.202,  0.000,  0.000
  0.019,300.208,  0.000,  0.000
  0.019,300.213,  0.000,  0.000
  0.019,300.244,  0.000,  0.000
  0.019,300.272,  0.000,  0.000
  0.019,300.261,  0.000,  0.000
  0.019,300.233,  0.000,  0.000
  0.019,300.225,  0.000,  0.000
  0.019,300.255,  0.000,  0.000
  0.019,300.297,  0.000,  0.000
  0.019,300.295,  0.001,  0.000
  0.019,300.247,  0.002,  0.000
  0.019,300.197,  0.005,  0.000
  0.019,300.166,  0.011,  0.000
  0.019,300.150,  0.012,  0.000
  0.019,300.143,  0.020,  0.000
  0.019,300.151,  0.026,  0.000
  0.020,300.343,  0.000,  0.000
  0.020,300.320,  0.000,  0.000
  0.020,300.308,  0.000,  0.000
  0.019,300.094,  0.000,  0.000
  0.020,300.307,  0.000,  0.000
  0.019,300.105,  0.000,  0.000
  0.019,300.126,  0.000,  0.000
  0.019,300.180,  0.000,  0.000
  0.019,300.235,  0.000,  0.000
  0.019,300.257,  0.000,  0.000
  0.019,300.267,  0.000,  0.000
  0.019,300.287,  0.000,  0.000
  0.019,300.306,  0.000,  0.000
  0.019,300.301,  0.000,  0.000
  0.019,300.280,  0.000,  0.000
  0.019,300.276,  0.000,  0.000
  0.019,300.296,  0.000,  0.000
  0.019,300.310,  0.000,  0.000
  0.019,300.289,  0.000,  0.000
  0.019,300.242,  0.000,  0.000
  0.019,300.198,  0.002,  0.000
  0.019,300.178,  0.003,  0.000
  0.019,300.165,  0.003,  0.000
  0.019,300.169,  0.007,  0.000
  0.019,300.186,  0.012,  0.000
  0.020,300.368,  0.000,  0.000
  0.020,300.332,  0.000,  0.000
  0.020,300.308,  0.000,  0.000
  0.020,300.305,  0.000,  0.000
  0.019,300.105,  0.000,  0.000
  0.019,300.115,  0.000,  0.000
  0.019,300.139,  0.000,  0.000
  0.019,300.196,  0.000,  0.000
  0.019,300.258,  0.000,  0.000
  0.019,300.298,  0.000,  0.000
  0.019,300.319,  0.000,  0.000
  0.019,300.325,  0.000,  0.000
  0.019,300.306,  0.000,  0.000
  0.019,300.258,  0.000,  0.000
  0.019,300.228,  0.000,  0.000
  0.019,300.269,  0.000,  0.000
  0.019,300.324,  0.000,  0.000
  0.019,300.337,  0.000,  0.000
  0.019,300.291,  0.000,  0.000
  0.019,300.171,  0.000,  0.000
  0.019,300.011,  0.000,  0.000
  0.019,299.963,  0.001,  0.000
  0.019,300.224,  0.001,  0.000
  0.019,300.200,  0.003,  0.000
  0.019,300.223,  0.005,  0.000
  0.020,300.392,  0.000,  0.000
  0.020,300.346,  0.000,  0.000
  0.019,300.101,  0.000,  0.000
  0.019,300.091,  0.000,  0.000
  0.019,300.100,  0.000,  0.000
  0.019,300.111,  0.000,  0.000
  0.019,300.145,  0.000,  0.000
  0.019,300.207,  0.000,  0.000
  0.019,300.279,  0.000,  0.000
  0.019,300.332,  0.000,  0.000
  0.019,300.351,  0.000,  0.000
  0.019,300.342,  0.000,  0.000
  0.019,300.308,  0.000,  0.000
  0.019,300.250,  0.000,  0.000
  0.019,300.217,  0.000,  0.000
  0.019,300.259,  0.000,  0.000
  0.019,300.314,  0.000,  0.000
  0.019,300.326,  0.000,  0.000
  0.019,300.263,  0.000,  0.000
  0.019,300.117,  0.000,  0.000
  0.019,299.950,  0.000,  0.000
  0.019,299.898,  0.000,  0.000
  0.019,300.058,  0.000,  0.000
  0.020,300.370,  0.001,  0.000
  0.019,300.190,  0.002,  0.000
