  0.016,299.484,  0.000,  0.000
  0.016,299.443,  0.000,  0.000
  0.017,299.542,  0.000,  0.000
  0.016,299.413,  0.000,  0.000
  0.016,299.383,  0.000,  0.000
  0.016,299.352,  0.000,  0.000
  0.016,299.351,  0.000,  0.000
  0.016,299.357,  0.000,  0.000
  0.016,299.339,  0.000,  0.000
  0.016,299.339,  0.000,  0.000
  0.016,299.310,  0.000,  0.000
  0.016,299.289,  0.000,  0.000
  0.017,299.391,  0.000,  0.000
  0.017,299.370,  0.000,  0.000
  0.016,299.223,  0.000,  0.000
  0.016,299.189,  0.000,  0.000
  0.016,299.177,  0.000,  0.000
  0.017,299.330,  0.000,  0.000
  0.016,299.129,  0.000,  0.000
  0.017,299.296,  0.000,  0.000
  0.017,299.262,  0.000,  0.000
  0.017,299.244,  0.000,  0.000
  0.017,299.258,  0.000,  0.000
  0.017,299.261,  0.000,  0.000
  0.017,299.253,  0.000,  0.000
  0.016,299.499,  0.000,  0.000
  0.017,299.570,  0.000,  0.000
  0.017,299.554,  0.000,  0.000
  0.017,299.548,  0.000,  0.000
  0.016,299.409,  0.000,  0.000
  0.016,299.382,  0.000,  0.000
  0.016,299.377,  0.000,  0.000
  0.016,299.382,  0.000,  0.000
  0.017,299.488,  0.000,  0.000
  0.016,299.351,  0.000,  0.000
  0.016,299.332,  0.000,  0.000
  0.016,299.306,  0.000,  0.000
  0.017,299.401,  0.000,  0.000
  0.017,299.388,  0.000,  0.000
  0.016,299.231,  0.000,  0.000
  0.016,299.213,  0.000,  0.000
  0.016,299.180,  0.000,  0.000
  0.017,299.326,  0.000,  0.000
  0.017,299.315,  0.000,  0.000
  0.017,299.301,  0.000,  0.000
  0.017,299.262,  0.000,  0.000
  0.017,299.254,  0.000,  0.000
  0.017,299.262,  0.000,  0.000
  0.017,299.270,  0.000,  0.000
  0.017,299.254,  0.000,  0.000
  0.017,299.624,  0.000,  0.000
  0.017,299.588,  0.000,  0.000
  0.017,299.572,  0.000,  0.000
  0.017,299.557,  0.000,  0.000
  0.016,299.432,  0.000,  0.000
  0.016,299.415,  0.000,  0.000
  0.016,299.398,  0.000,  0.000
  0.016,299.403,  0.000,  0.000
  0.017,299.501,  0.000,  0.000
  0.016,299.361,  0.000,  0.000
  0.016,299.355,  0.000,  0.000
  0.016,299.312,  0.000,  0.000
  0.017,299.423,  0.000,  0.000
  0.017,299.408,  0.000,  0.000
  0.016,299.253,  0.000,  0.000
  0.016,299.228,  0.000,  0.000
  0.017,299.351,  0.000,  0.000
  0.017,299.339,  0.000,  0.000
  0.017,299.342,  0.000,  0.000
  0.017,299.303,  0.000,  0.000
  0.017,299.267,  0.000,  0.000
  0.017,299.284,  0.000,  0.000
  0.017,299.267,  0.000,  0.000
  0.017,299.267,  0.000,  0.000
  0.017,299.260,  0.000,  0.000
  0.017,299.642,  0.000,  0.000
  0.017,299.610,  0.000,  0.000
  0.017,299.587,  0.000,  0.000
  0.017,299.567,  0.000,  0.000
  0.016,299.442,  0.000,  0.000
  0.016,299.421,  0.000,  0.000
  0.017,299.536,  0.000,  0.000
  0.017,299.536,  0.000,  0.000
  0.017,299.512,  0.000,  0.000
  0.017,299.504,  0.000,  0.000
  0.016,299.363,  0.000,  0.000
  0.016,299.329,  0.000,  0.000
  0.017,299.455,  0.000,  0.000
  0.017,299.428,  0.000,  0.000
  0.017,299.419,  0.000,  0.000
  0.017,299.391,  0.000,  0.000
  0.017,299.368,  0.000,  0.000
  0.017,299.364,  0.000,  0.000
  0.017,299.348,  0.000,  0.000
  0.017,299.312,  0.000,  0.000
  0.017,299.287,  0.000,  0.000
  0.017,299.289,  0.000,  0.000
  0.017,299.267,  0.000,  0.000
  0.017,299.269,  0.000,  0.000
  0.017,299.256,  0.000,  0.000
  0.016,299.554,  0.000,  0.000
  0.017,299.622,  0.000,  0.000
  0.017,299.590,  0.000,  0.000
  0.017,299.578,  0.000,  0.000
  0.016,299.448,  0.000,  0.000
  0.017,299.548,  0.000,  0.000
  0.017,299.539,  0.000,  0.000
  0.017,299.533,  0.000,  0.000
  0.017,299.522,  0.000,  0.000
  0.017,299.510,  0.000,  0.000
  0.017,299.504,  0.000,  0.000
  0.017,299.501,  0.000,  0.000
  0.017,299.478,  0.000,  0.000
  0.017,299.447,  0.000,  0.000
  0.017,299.428,  0.000,  0.000
  0.017,299.406,  0.000,  0.000
  0.017,299.397,  0.000,  0.000
  0.017,299.372,  0.000,  0.000
  0.017,299.349,  0.000,  0.000
  0.017,299.339,  0.000,  0.000
  0.017,299.309,  0.000,  0.000
  0.017,299.280,  0.000,  0.000
  0.017,299.282,  0.000,  0.000
  0.017,299.278,  0.000,  0.000
  0.017,299.248,  0.000,  0.000
  0.017,299.674,  0.000,  0.000
  0.017,299.629,  0.000,  0.000
  0.017,299.591,  0.000,  0.000
  0.017,299.588,  0.000,  0.000
  0.017,299.582,  0.000,  0.000
  0.017,299.561,  0.000,  0.000
  0.017,299.545,  0.000,  0.000
  0.017,299.531,  0.000,  0.000
  0.017,299.527,  0.000,  0.000
  0.017,299.511,  0.000,  0.000
  0.017,299.519,  0.000,  0.000
  0.017,299.522,  0.000,  0.000
  0.017,299.490,  0.000,  0.000
  0.017,299.467,  0.000,  0.000
  0.017,299.445,  0.000,  0.000
  0.017,299.431,  0.000,  0.000
  0.017,299.408,  0.000,  0.000
  0.017,299.381,  0.000,  0.000
  0.017,299.372,  0.000,  0.000
  0.017,299.352,  0.000,  0.000
  0.017,299.311,  0.000,  0.000
  0.017,299.295,  0.000,  0.000
  0.017,299.300,  0.000,  0.000
  0.017,299.279,  0.000,  0.000
  0.017,299.252,  0.000,  0.000
  0.016,299.597,  0.000,  0.000
  0.016,299.539,  0.000,  0.000
  0.017,299.602,  0.000,  0.000
  0.017,299.598,  0.000,  0.000
  0.017,299.598,  0.000,  0.000
  0.017,299.580,  0.000,  0.000
  0.017,299.554,  0.000,  0.000
  0.017,299.530,  0.000,  0.000
  0.017,299.524,  0.000,  0.000
  0.017,299.513,  0.000,  0.000
  0.017,299.531,  0.000,  0.000
  0.017,299.529,  0.000,  0.000
  0.017,299.511,  0.000,  0.000
  0.017,299.497,  0.000,  0.000
  0.017,299.468,  0.000,  0.000
  0.017,299.444,  0.000,  0.000
  0.017,299.419,  0.000,  0.000
  0.017,299.407,  0.000,  0.000
  0.017,299.394,  0.000,  0.000
  0.017,299.351,  0.000,  0.000
  0.017,299.325,  0.000,  0.000
  0.017,299.325,  0.000,  0.000
  0.017,299.301,  0.000,  0.000
  0.017,299.278,  0.000,  0.000
  0.017,299.263,  0.000,  0.000
  0.017,299.722,  0.000,  0.000
  0.016,299.577,  0.000,  0.000
  0.017,299.630,  0.000,  0.000
  0.017,299.609,  0.000,  0.000
  0.017,299.604,  0.000,  0.000
  0.017,299.595,  0.000,  0.000
  0.017,299.571,  0.000,  0.000
  0.017,299.543,  0.000,  0.000
  0.017,299.529,  0.000,  0.000
  0.017,299.519,  0.000,  0.000
  0.017,299.535,  0.000,  0.000
  0.017,299.538,  0.000,  0.000
  0.017,299.538,  0.000,  0.000
  0.017,299.522,  0.000,  0.000
  0.017,299.488,  0.000,  0.000
  0.017,299.456,  0.000,  0.000
  0.017,299.443,  0.000,  0.000
  0.017,299.430,  0.000,  0.000
  0.017,299.395,  0.000,  0.000
  0.017,299.365,  0.000,  0.000
  0.017,299.352,  0.000,  0.000
  0.017,299.332,  0.000,  0.000
  0.017,299.296,  0.000,  0.000
  0.017,299.288,  0.000,  0.000
  0.017,299.265,  0.000,  0.000
  0.016,299.648,  0.000,  0.000
  0.016,299.614,  0.000,  0.000
  0.017,299.669,  0.000,  0.000
  0.017,299.630,  0.000,  0.000
  0.017,299.606,  0.000,  0.000
  0.017,299.600,  0.000,  0.000
  0.017,299.592,  0.000,  0.000
  0.017,299.571,  0.000,  0.000
  0.017,299.545,  0.000,  0.000
  0.017,299.524,  0.000,  0.000
  0.017,299.537,  0.000,  0.000
  0.017,299.551,  0.000,  0.000
  0.017,299.553,  0.000,  0.000
  0.017,299.535,  0.000,  0.000
  0.017,299.508,  0.000,  0.000
  0.017,299.484,  0.000,  0.000
  0.017,299.466,  0.000,  0.000
  0.017,299.433,  0.000,  0.000
  0.017,299.405,  0.000,  0.000
  0.017,299.394,  0.000,  0.000
  0.017,299.370,  0.000,  0.000
  0.017,299.328,  0.000,  0.000
  0.017,299.310,  0.000,  0.000
  0.017,299.303,  0.000,  0.000
  0.017,299.266,  0.000,  0.000
  0.016,299.660,  0.000,  0.000
  0.016,299.643,  0.000,  0.000
  0.016,299.615,  0.000,  0.000
  0.016,299.554,  0.000,  0.000
  0.016,299.493,  0.000,  0.000
  0.016,299.472,  0.000,  0.000
  0.017,299.600,  0.000,  0.000
  0.017,299.597,  0.000,  0.000
  0.017,299.571,  0.000,  0.000
  0.017,299.543,  0.000,  0.000
  0.017,299.545,  0.000,  0.000
  0.017,299.557,  0.000,  0.000
  0.017,299.565,  0.000,  0.000
  0.017,299.554,  0.000,  0.000
  0.017,299.536,  0.000,  0.000
  0.017,299.508,  0.000,  0.000
  0.017,299.475,  0.000,  0.000
  0.017,299.445,  0.000,  0.000
  0.017,299.431,  0.000,  0.000
  0.017,299.408,  0.000,  0.000
  0.017,299.375,  0.000,  0.000
  0.017,299.345,  0.000,  0.000
  0.017,299.329,  0.000,  0.000
  0.017,299.306,  0.000,  0.000
  0.017,299.281,  0.000,  0.000
  0.016,299.669,  0.000,  0.000
  0.016,299.668,  0.000,  0.000
  0.016,299.662,  0.000,  0.000
  0.016,299.606,  0.000,  0.000
  0.017,299.631,  0.000,  0.000
  0.016,299.469,  0.000,  0.000
  0.016,299.469,  0.000,  0.000
  0.017,299.603,  0.000,  0.000
  0.017,299.593,  0.000,  0.000
  0.017,299.563,  0.000,  0.000
  0.017,299.554,  0.000,  0.000
  0.017,299.558,  0.000,  0.000
  0.017,299.575,  0.000,  0.000
  0.017,299.571,  0.000,  0.000
  0.017,299.553,  0.000,  0.000
  0.017,299.520,  0.000,  0.000
  0.017,299.490,  0.000,  0.000
  0.017,299.472,  0.000,  0.000
  0.017,299.450,  0.000,  0.000
  0.017,299.415,  0.000,  0.000
  0.017,299.393,  0.000,  0.000
  0.017,299.370,  0.000,  0.000
  0.017,299.339,  0.000,  0.000
  0.017,299.316,  0.000,  0.000
  0.017,299.298,  0.000,  0.000
  0.016,299.680,  0.000,  0.000
  0.016,299.687,  0.000,  0.000
  0.016,299.690,  0.000,  0.000
  0.016,299.653,  0.000,  0.000
  0.016,299.552,  0.000,  0.000
  0.016,299.484,  0.000,  0.000
  0.017,299.593,  0.000,  0.000
  0.017,299.599,  0.000,  0.000
  0.017,299.610,  0.000,  0.000
  0.017,299.583,  0.000,  0.000
  0.017,299.564,  0.000,  0.000
  0.017,299.564,  0.000,  0.000
  0.017,299.578,  0.000,  0.000
  0.017,299.577,  0.000,  0.000
  0.017,299.561,  0.000,  0.000
  0.017,299.532,  0.000,  0.000
  0.017,299.510,  0.000,  0.000
  0.017,299.485,  0.000,  0.000
  0.017,299.456,  0.000,  0.000
  0.017,299.431,  0.000,  0.000
  0.017,299.412,  0.000,  0.000
  0.017,299.385,  0.000,  0.000
  0.017,299.350,  0.000,  0.000
  0.017,299.332,  0.000,  0.000
  0.017,299.310,  0.000,  0.000
  0.016,299.696,  0.000,  0.000
  0.016,299.700,  0.000,  0.000
  0.016,299.696,  0.000,  0.000
  0.016,299.681,  0.000,  0.000
  0.016,299.610,  0.000,  0.000
  0.016,299.529,  0.000,  0.000
  0.016,299.476,  0.000,  0.000
  0.017,299.598,  0.000,  0.000
  0.017,299.613,  0.000,  0.000
  0.016,299.462,  0.000,  0.000
  0.017,299.575,  0.000,  0.000
  0.017,299.568,  0.000,  0.000
  0.017,299.574,  0.000,  0.000
  0.017,299.577,  0.000,  0.000
  0.017,299.570,  0.000,  0.000
  0.017,299.547,  0.000,  0.000
  0.017,299.519,  0.000,  0.000
  0.017,299.491,  0.000,  0.000
  0.017,299.467,  0.000,  0.000
  0.017,299.448,  0.000,  0.000
  0.017,299.427,  0.000,  0.000
  0.017,299.397,  0.000,  0.000
  0.017,299.370,  0.000,  0.000
  0.017,299.348,  0.000,  0.000
  0.017,299.326,  0.000,  0.000
  0.016,299.715,  0.000,  0.000
  0.016,299.711,  0.000,  0.000
  0.016,299.696,  0.000,  0.000
  0.016,299.692,  0.000,  0.000
  0.016,299.656,  0.000,  0.000
  0.016,299.586,  0.000,  0.000
  0.016,299.511,  0.000,  0.000
  0.017,299.601,  0.000,  0.000
  0.016,299.478,  0.000,  0.000
  0.016,299.473,  0.000,  0.000
  0.017,299.589,  0.000,  0.000
  0.017,299.573,  0.000,  0.000
  0.017,299.570,  0.000,  0.000
  0.017,299.576,  0.000,  0.000
  0.017,299.572,  0.000,  0.000
  0.017,299.553,  0.000,  0.000
  0.017,299.524,  0.000,  0.000
  0.017,299.501,  0.000,  0.000
  0.017,299.477,  0.000,  0.000
  0.017,299.453,  0.000,  0.000
  0.017,299.435,  0.000,  0.000
  0.017,299.414,  0.000,  0.000
  0.017,299.387,  0.000,  0.000
  0.017,299.361,  0.000,  0.000
  0.017,299.342,  0.000,  0.000
  0.016,299.734,  0.000,  0.000
  0.016,299.720,  0.000,  0.000
  0.016,299.704,  0.000,  0.000
  0.016,299.697,  0.000,  0.000
  0.016,299.676,  0.000,  0.000
  0.016,299.635,  0.000,  0.000
  0.016,299.562,  0.000,  0.000
  0.016,299.489,  0.000,  0.000
  0.016,299.465,  0.000,  0.000
  0.016,299.474,  0.000,  0.000
  0.017,299.602,  0.000,  0.000
  0.017,299.586,  0.000,  0.000
  0.017,299.572,  0.000,  0.000
  0.017,299.574,  0.000,  0.000
  0.017,299.566,  0.000,  0.000
  0.017,299.551,  0.000,  0.000
  0.017,299.529,  0.000,  0.000
  0.017,299.505,  0.000,  0.000
  0.017,299.479,  0.000,  0.000
  0.017,299.458,  0.000,  0.000
  0.017,299.445,  0.000,  0.000
  0.017,299.427,  0.000,  0.000
  0.017,299.401,  0.000,  0.000
  0.017,299.379,  0.000,  0.000
  0.017,299.358,  0.000,  0.000
