  0.017,298.700,  0.000,  0.000
  0.017,298.715,  0.000,  0.000
  0.017,298.740,  0.000,  0.000
  0.017,298.751,  0.000,  0.000
  0.017,298.735,  0.000,  0.000
  0.017,298.708,  0.000,  0.000
  0.017,298.717,  0.000,  0.000
  0.017,298.770,  0.000,  0.000
  0.017,298.794,  0.000,  0.000
  0.017,298.770,  0.000,  0.000
  0.017,298.730,  0.000,  0.000
  0.017,298.703,  0.000,  0.000
  0.017,298.725,  0.000,  0.000
  0.017,298.764,  0.000,  0.000
  0.017,298.773,  0.000,  0.000
  0.017,298.719,  0.000,  0.000
  0.017,298.653,  0.000,  0.000
  0.017,298.625,  0.000,  0.000
  0.017,298.629,  0.000,  0.000
  0.017,298.657,  0.000,  0.000
  0.017,298.683,  0.000,  0.000
  0.017,298.711,  0.000,  0.000
  0.017,298.736,  0.000,  0.000
  0.017,298.763,  0.000,  0.000
  0.017,298.769,  0.000,  0.000
  0.017,298.728,  0.000,  0.000
  0.017,298.743,  0.000,  0.000
  0.017,298.754,  0.000,  0.000
  0.017,298.753,  0.000,  0.000
  0.017,298.738,  0.000,  0.000
  0.017,298.730,  0.000,  0.000
  0.017,298.762,  0.000,  0.000
  0.017,298.801,  0.000,  0.000
  0.017,298.793,  0.000,  0.000
  0.017,298.767,  0.000,  0.000
  0.017,298.730,  0.000,  0.000
  0.017,298.724,  0.000,  0.000
  0.017,298.769,  0.000,  0.000
  0.017,298.821,  0.000,  0.000
  0.017,298.801,  0.000,  0.000
  0.017,298.705,  0.000,  0.000
  0.017,298.640,  0.000,  0.000
  0.017,298.628,  0.000,  0.000
  0.017,298.641,  0.000,  0.000
  0.017,298.671,  0.000,  0.000
  0.017,298.692,  0.000,  0.000
  0.017,298.713,  0.000,  0.000
  0.017,298.732,  0.000,  0.000
  0.017,298.766,  0.000,  0.000
  0.017,298.787,  0.000,  0.000
  0.017,298.764,  0.000,  0.000
  0.017,298.778,  0.000,  0.000
  0.017,298.774,  0.000,  0.000
  0.017,298.758,  0.000,  0.000
  0.017,298.740,  0.000,  0.000
  0.017,298.760,  0.000,  0.000
  0.017,298.804,  0.000,  0.000
  0.017,298.812,  0.000,  0.000
  0.017,298.792,  0.000,  0.000
  0.017,298.772,  0.000,  0.000
  0.017,298.747,  0.000,  0.000
  0.017,298.759,  0.000,  0.000
  0.017,298.827,  0.000,  0.000
  0.017,298.859,  0.000,  0.000
  0.017,298.788,  0.000,  0.000
  0.017,298.687,  0.000,  0.000
  0.017,298.642,  0.000,  0.000
  0.017,298.646,  0.000,  0.000
  0.017,298.661,  0.000,  0.000
  0.017,298.683,  0.000,  0.000
  0.017,298.696,  0.000,  0.000
  0.017,298.716,  0.000,  0.000
  0.017,298.741,  0.000,  0.000
  0.017,298.777,  0.000,  0.000
  0.017,298.812,  0.000,  0.000
  0.017,298.790,  0.000,  0.000
  0.017,298.809,  0.000,  0.000
  0.017,298.782,  0.000,  0.000
  0.017,298.745,  0.000,  0.000
  0.017,298.753,  0.000,  0.000
  0.017,298.800,  0.000,  0.000
  0.017,298.831,  0.000,  0.000
  0.017,298.820,  0.000,  0.000
  0.017,298.799,  0.000,  0.000
  0.017,298.788,  0.000,  0.000
  0.017,298.784,  0.000,  0.000
  0.017,298.819,  0.000,  0.000
  0.017,298.880,  0.000,  0.000
  0.017,298.853,  0.000,  0.000
  0.017,298.758,  0.000,  0.000
  0.017,298.689,  0.000,  0.000
  0.017,298.669,  0.000,  0.000
  0.017,298.677,  0.000,  0.000
  0.017,298.685,  0.000,  0.000
  0.017,298.693,  0.000,  0.000
  0.017,298.714,  0.000,  0.000
  0.017,298.762,  0.000,  0.000
  0.017,298.782,  0.000,  0.000
  0.017,298.801,  0.000,  0.000
  0.017,298.837,  0.000,  0.000
  0.017,298.822,  0.000,  0.000
  0.017,298.818,  0.000,  0.000
  0.017,298.763,  0.000,  0.000
  0.017,298.745,  0.000,  0.000
  0.017,298.784,  0.000,  0.000
  0.017,298.837,  0.000,  0.000
  0.017,298.856,  0.000,  0.000
  0.017,298.837,  0.000,  0.000
  0.017,298.809,  0.000,  0.000
  0.017,298.798,  0.000,  0.000
  0.017,298.820,  0.000,  0.000
  0.017,298.878,  0.000,  0.000
  0.017,298.899,  0.000,  0.000
  0.017,298.825,  0.000,  0.000
  0.017,298.740,  0.000,  0.000
  0.017,298.707,  0.000,  0.000
  0.017,298.700,  0.000,  0.000
  0.017,298.707,  0.000,  0.000
  0.017,298.710,  0.000,  0.000
  0.017,298.722,  0.000,  0.000
  0.017,298.771,  0.000,  0.000
  0.017,298.823,  0.000,  0.000
  0.017,298.826,  0.000,  0.000
  0.017,298.820,  0.000,  0.000
  0.017,298.848,  0.000,  0.000
  0.017,298.845,  0.000,  0.000
  0.017,298.810,  0.000,  0.000
  0.017,298.758,  0.000,  0.000
  0.017,298.779,  0.000,  0.000
  0.017,298.831,  0.000,  0.000
  0.017,298.877,  0.000,  0.000
  0.017,298.880,  0.000,  0.000
  0.017,298.854,  0.000,  0.000
  0.017,298.819,  0.000,  0.000
  0.017,298.803,  0.000,  0.000
  0.017,298.842,  0.000,  0.000
  0.017,298.904,  0.000,  0.000
  0.017,298.893,  0.000,  0.000
  0.017,298.806,  0.000,  0.000
  0.017,298.740,  0.000,  0.000
  0.017,298.723,  0.000,  0.000
  0.017,298.721,  0.000,  0.000
  0.017,298.730,  0.000,  0.000
  0.017,298.742,  0.000,  0.000
  0.017,298.779,  0.000,  0.000
  0.017,298.832,  0.000,  0.000
  0.017,298.851,  0.000,  0.000
  0.017,298.842,  0.000,  0.000
  0.017,298.829,  0.000,  0.000
  0.017,298.869,  0.000,  0.000
  0.017,298.849,  0.000,  0.000
  0.017,298.796,  0.000,  0.000
  0.017,298.770,  0.000,  0.000
  0.017,298.820,  0.000,  0.000
  0.017,298.877,  0.000,  0.000
  0.017,298.900,  0.000,  0.000
  0.017,298.887,  0.000,  0.000
  0.017,298.861,  0.000,  0.000
  0.017,298.825,  0.000,  0.000
  0.017,298.829,  0.000,  0.000
  0.017,298.883,  0.000,  0.000
  0.017,298.909,  0.000,  0.000
  0.017,298.871,  0.000,  0.000
  0.017,298.802,  0.000,  0.000
  0.017,298.759,  0.000,  0.000
  0.017,298.745,  0.000,  0.000
  0.017,298.743,  0.000,  0.000
  0.017,298.755,  0.000,  0.000
  0.017,298.780,  0.000,  0.000
  0.017,298.815,  0.000,  0.000
  0.017,298.843,  0.000,  0.000
  0.017,298.860,  0.000,  0.000
  0.017,298.859,  0.000,  0.000
  0.017,298.850,  0.000,  0.000
  0.017,298.915,  0.000,  0.000
  0.017,298.843,  0.000,  0.000
  0.017,298.786,  0.000,  0.000
  0.017,298.791,  0.000,  0.000
  0.017,298.863,  0.000,  0.000
  0.017,298.909,  0.000,  0.000
  0.017,298.908,  0.000,  0.000
  0.017,298.881,  0.000,  0.000
  0.017,298.853,  0.000,  0.000
  0.017,298.841,  0.000,  0.000
  0.017,298.884,  0.000,  0.000
  0.017,298.917,  0.000,  0.000
  0.017,298.903,  0.000,  0.000
  0.017,298.851,  0.000,  0.000
  0.017,298.801,  0.000,  0.000
  0.017,298.783,  0.000,  0.000
  0.017,298.777,  0.000,  0.000
  0.017,298.778,  0.000,  0.000
  0.017,298.791,  0.000,  0.000
  0.017,298.808,  0.000,  0.000
  0.017,298.817,  0.000,  0.000
  0.017,298.836,  0.000,  0.000
  0.017,298.873,  0.000,  0.000
  0.017,298.885,  0.000,  0.000
  0.017,298.906,  0.000,  0.000
  0.017,298.972,  0.000,  0.000
  0.017,298.836,  0.000,  0.000
  0.017,298.799,  0.000,  0.000
  0.017,298.846,  0.000,  0.000
  0.017,298.923,  0.000,  0.000
  0.017,298.938,  0.000,  0.000
  0.017,298.912,  0.000,  0.000
  0.017,298.871,  0.000,  0.000
  0.017,298.849,  0.000,  0.000
  0.017,298.862,  0.000,  0.000
  0.017,298.910,  0.000,  0.000
  0.017,298.930,  0.000,  0.000
  0.017,298.904,  0.000,  0.000
  0.017,298.844,  0.000,  0.000
  0.017,298.800,  0.000,  0.000
  0.017,298.797,  0.000,  0.000
  0.017,298.804,  0.000,  0.000
  0.017,298.814,  0.000,  0.000
  0.017,298.831,  0.000,  0.000
  0.017,298.835,  0.000,  0.000
  0.017,298.830,  0.000,  0.000
  0.017,298.854,  0.000,  0.000
  0.017,298.886,  0.000,  0.000
  0.017,298.905,  0.000,  0.000
  0.017,298.959,  0.000,  0.000
  0.017,299.024,  0.000,  0.000
  0.017,298.846,  0.000,  0.000
  0.017,298.840,  0.000,  0.000
  0.017,298.915,  0.000,  0.000
  0.017,298.982,  0.000,  0.000
  0.017,298.968,  0.000,  0.000
  0.017,298.919,  0.000,  0.000
  0.017,298.867,  0.000,  0.000
  0.017,298.860,  0.000,  0.000
  0.017,298.876,  0.000,  0.000
  0.017,298.911,  0.000,  0.000
  0.017,298.938,  0.000,  0.000
  0.017,298.917,  0.000,  0.000
  0.017,298.866,  0.000,  0.000
  0.017,298.824,  0.000,  0.000
  0.017,298.815,  0.000,  0.000
  0.017,298.820,  0.000,  0.000
  0.017,298.837,  0.000,  0.000
  0.017,298.866,  0.000,  0.000
  0.017,298.870,  0.000,  0.000
  0.017,298.862,  0.000,  0.000
  0.017,298.883,  0.000,  0.000
  0.017,298.917,  0.000,  0.000
  0.017,298.955,  0.000,  0.000
  0.017,299.018,  0.000,  0.000
  0.017,299.067,  0.000,  0.000
  0.017,298.861,  0.000,  0.000
  0.017,298.865,  0.000,  0.000
  0.017,298.920,  0.000,  0.000
  0.017,298.981,  0.000,  0.000
  0.017,298.986,  0.000,  0.000
  0.017,298.922,  0.000,  0.000
  0.017,298.871,  0.000,  0.000
  0.017,298.878,  0.000,  0.000
  0.017,298.890,  0.000,  0.000
  0.017,298.925,  0.000,  0.000
  0.017,298.951,  0.000,  0.000
  0.017,298.934,  0.000,  0.000
  0.017,298.906,  0.000,  0.000
  0.017,298.874,  0.000,  0.000
  0.017,298.857,  0.000,  0.000
  0.017,298.849,  0.000,  0.000
  0.017,298.858,  0.000,  0.000
  0.017,298.885,  0.000,  0.000
  0.017,298.891,  0.000,  0.000
  0.017,298.885,  0.000,  0.000
  0.017,298.905,  0.000,  0.000
  0.017,298.948,  0.000,  0.000
  0.017,299.018,  0.000,  0.000
  0.017,299.085,  0.000,  0.000
  0.017,299.102,  0.000,  0.000
  0.017,298.878,  0.000,  0.000
  0.017,298.858,  0.000,  0.000
  0.017,298.864,  0.000,  0.000
  0.017,298.941,  0.000,  0.000
  0.017,298.989,  0.000,  0.000
  0.017,298.935,  0.000,  0.000
  0.017,298.886,  0.000,  0.000
  0.017,298.899,  0.000,  0.000
  0.017,298.930,  0.000,  0.000
  0.017,298.968,  0.000,  0.000
  0.017,298.965,  0.000,  0.000
  0.017,298.943,  0.000,  0.000
  0.017,298.932,  0.000,  0.000
  0.017,298.915,  0.000,  0.000
  0.017,298.908,  0.000,  0.000
  0.017,298.895,  0.000,  0.000
  0.017,298.886,  0.000,  0.000
  0.017,298.898,  0.000,  0.000
  0.017,298.904,  0.000,  0.000
  0.017,298.907,  0.000,  0.000
  0.017,298.921,  0.000,  0.000
  0.017,298.948,  0.000,  0.000
  0.017,299.011,  0.000,  0.000
  0.017,299.100,  0.000,  0.000
  0.017,299.132,  0.000,  0.000
  0.017,298.894,  0.000,  0.000
  0.017,298.853,  0.000,  0.000
  0.017,298.841,  0.000,  0.000
  0.017,298.912,  0.000,  0.000
  0.017,298.982,  0.000,  0.000
  0.017,298.967,  0.000,  0.000
  0.018,298.924,  0.000,  0.000
  0.018,298.933,  0.000,  0.000
  0.017,298.972,  0.000,  0.000
  0.017,299.006,  0.000,  0.000
  0.017,298.979,  0.000,  0.000
  0.017,298.943,  0.000,  0.000
  0.017,298.934,  0.000,  0.000
  0.017,298.933,  0.000,  0.000
  0.017,298.941,  0.000,  0.000
  0.017,298.932,  0.000,  0.000
  0.018,298.918,  0.000,  0.000
  0.018,298.922,  0.000,  0.000
  0.017,298.931,  0.000,  0.000
  0.017,298.941,  0.000,  0.000
  0.018,298.940,  0.000,  0.000
  0.018,298.928,  0.000,  0.000
  0.017,298.949,  0.000,  0.000
  0.017,299.056,  0.000,  0.000
  0.017,299.141,  0.000,  0.000
  0.017,298.927,  0.000,  0.000
  0.018,298.890,  0.000,  0.000
  0.018,298.871,  0.000,  0.000
  0.018,298.906,  0.000,  0.000
  0.017,298.978,  0.000,  0.000
  0.018,299.009,  0.000,  0.000
  0.018,298.989,  0.000,  0.000
  0.018,298.991,  0.000,  0.000
  0.017,299.020,  0.000,  0.000
  0.017,299.035,  0.000,  0.160
  0.017,298.998,  0.000,  0.160
  0.017,298.951,  0.000,  0.160
  0.017,298.934,  0.000,  0.160
  0.017,298.943,  0.000,  0.000
  0.017,298.956,  0.000,  0.000
  0.018,298.946,  0.000,  0.000
  0.018,298.937,  0.000,  0.000
  0.018,298.947,  0.000,  0.000
  0.018,298.974,  0.000,  0.000
  0.018,298.985,  0.000,  0.000
  0.018,298.955,  0.000,  0.000
  0.018,298.909,  0.000,  0.000
  0.018,298.918,  0.000,  0.000
  0.017,299.022,  0.000,  0.000
  0.017,299.134,  0.000,  0.000
  0.018,298.965,  0.000,  0.000
  0.018,298.934,  0.000,  0.000
  0.018,298.901,  0.000,  0.000
  0.018,298.918,  0.000,  0.000
  0.018,298.987,  0.000,  0.000
  0.018,299.035,  0.000,  0.000
  0.018,299.032,  0.000,  0.000
  0.018,299.035,  0.000,  0.000
  0.017,299.055,  0.000,  0.000
  0.017,299.054,  0.000,  0.160
  0.017,299.010,  0.000,  0.160
  0.017,298.965,  0.000,  0.160
  0.017,298.946,  0.000,  0.160
  0.017,298.954,  0.000,  0.000
  0.018,298.963,  0.000,  0.000
  0.018,298.955,  0.000,  0.000
  0.018,298.955,  0.000,  0.000
  0.018,298.976,  0.000,  0.000
  0.018,299.020,  0.000,  0.000
  0.018,299.027,  0.000,  0.000
  0.018,298.970,  0.000,  0.000
  0.018,298.906,  0.000,  0.000
  0.018,298.918,  0.000,  0.000
  0.018,299.021,  0.000,  0.000
  0.017,299.127,  0.000,  0.000
