  0.015,298.392,  0.000,  0.000
  0.016,298.395,  0.000,  0.000
  0.015,298.399,  0.000,  0.000
  0.015,298.387,  0.000,  0.000
  0.015,298.356,  0.000,  0.000
  0.015,298.326,  0.000,  0.000
  0.015,298.311,  0.000,  0.000
  0.015,298.302,  0.000,  0.000
  0.015,298.297,  0.000,  0.000
  0.015,298.305,  0.000,  0.000
  0.016,298.321,  0.000,  0.000
  0.015,298.329,  0.000,  0.000
  0.015,298.328,  0.000,  0.000
  0.015,298.320,  0.000,  0.000
  0.015,298.322,  0.000,  0.000
  0.015,298.325,  0.000,  0.000
  0.015,298.310,  0.000,  0.000
  0.015,298.287,  0.000,  0.000
  0.015,298.272,  0.000,  0.000
  0.015,298.273,  0.000,  0.000
  0.015,298.284,  0.000,  0.000
  0.015,298.283,  0.000,  0.000
  0.015,298.270,  0.000,  0.000
  0.015,298.268,  0.000,  0.000
  0.015,298.250,  0.000,  0.000
  0.015,298.404,  0.000,  0.000
  0.016,298.397,  0.000,  0.000
  0.016,298.395,  0.000,  0.000
  0.015,298.383,  0.000,  0.000
  0.015,298.355,  0.000,  0.000
  0.015,298.325,  0.000,  0.000
  0.015,298.313,  0.000,  0.000
  0.015,298.309,  0.000,  0.000
  0.015,298.302,  0.000,  0.000
  0.015,298.304,  0.000,  0.000
  0.016,298.321,  0.000,  0.000
  0.016,298.338,  0.000,  0.000
  0.015,298.349,  0.000,  0.000
  0.015,298.349,  0.000,  0.000
  0.015,298.342,  0.000,  0.000
  0.015,298.327,  0.000,  0.000
  0.015,298.308,  0.000,  0.000
  0.015,298.297,  0.000,  0.000
  0.015,298.296,  0.000,  0.000
  0.015,298.291,  0.000,  0.000
  0.015,298.280,  0.000,  0.000
  0.015,298.273,  0.000,  0.000
  0.016,298.268,  0.000,  0.000
  0.016,298.275,  0.000,  0.000
  0.016,298.268,  0.000,  0.000
  0.015,298.429,  0.000,  0.000
  0.015,298.432,  0.000,  0.000
  0.015,298.430,  0.000,  0.000
  0.015,298.401,  0.000,  0.000
  0.015,298.359,  0.000,  0.000
  0.015,298.322,  0.000,  0.000
  0.015,298.303,  0.000,  0.000
  0.015,298.309,  0.000,  0.000
  0.015,298.331,  0.000,  0.000
  0.015,298.358,  0.000,  0.000
  0.015,298.378,  0.000,  0.000
  0.015,298.380,  0.000,  0.000
  0.015,298.366,  0.000,  0.000
  0.015,298.356,  0.000,  0.000
  0.015,298.354,  0.000,  0.000
  0.015,298.349,  0.000,  0.000
  0.015,298.333,  0.000,  0.000
  0.015,298.306,  0.000,  0.000
  0.015,298.298,  0.000,  0.000
  0.015,298.307,  0.000,  0.000
  0.015,298.302,  0.000,  0.000
  0.015,298.284,  0.000,  0.000
  0.016,298.293,  0.000,  0.000
  0.016,298.314,  0.000,  0.000
  0.016,298.300,  0.000,  0.000
  0.015,298.455,  0.000,  0.000
  0.015,298.459,  0.000,  0.000
  0.015,298.448,  0.000,  0.000
  0.015,298.416,  0.000,  0.000
  0.015,298.372,  0.000,  0.000
  0.015,298.336,  0.000,  0.000
  0.015,298.327,  0.000,  0.000
  0.015,298.346,  0.000,  0.000
  0.015,298.384,  0.000,  0.000
  0.015,298.415,  0.000,  0.000
  0.015,298.424,  0.000,  0.000
  0.015,298.409,  0.000,  0.000
  0.015,298.382,  0.000,  0.000
  0.015,298.370,  0.000,  0.000
  0.015,298.369,  0.000,  0.000
  0.015,298.337,  0.000,  0.000
  0.016,298.239,  0.000,  0.000
  0.016,298.121,  0.000,  0.000
  0.016,298.093,  0.000,  0.000
  0.015,298.190,  0.000,  0.000
  0.015,298.295,  0.000,  0.000
  0.015,298.344,  0.000,  0.000
  0.015,298.356,  0.000,  0.000
  0.016,298.358,  0.000,  0.000
  0.016,298.327,  0.000,  0.000
  0.015,298.480,  0.000,  0.000
  0.015,298.465,  0.000,  0.000
  0.015,298.448,  0.000,  0.000
  0.015,298.434,  0.000,  0.000
  0.015,298.420,  0.000,  0.000
  0.016,298.413,  0.000,  0.000
  0.016,298.417,  0.000,  0.000
  0.016,298.427,  0.000,  0.000
  0.015,298.440,  0.000,  0.000
  0.015,298.449,  0.000,  0.000
  0.015,298.441,  0.000,  0.000
  0.015,298.418,  0.000,  0.000
  0.015,298.401,  0.000,  0.000
  0.015,298.390,  0.000,  0.000
  0.015,298.352,  0.000,  0.000
  0.016,298.256,  0.000,  0.000
  0.016,298.142,  0.000,  0.000
  0.016,298.073,  0.000,  0.000
  0.015,298.061,  0.000,  0.000
  0.015,298.119,  0.000,  0.000
  0.015,298.263,  0.000,  0.000
  0.015,298.381,  0.000,  0.000
  0.015,298.381,  0.000,  0.000
  0.015,298.361,  0.000,  0.000
  0.016,298.357,  0.000,  0.000
  0.015,298.545,  0.000,  0.000
  0.015,298.519,  0.000,  0.000
  0.015,298.494,  0.000,  0.000
  0.016,298.491,  0.000,  0.000
  0.016,298.503,  0.000,  0.000
  0.015,298.511,  0.000,  0.000
  0.015,298.505,  0.000,  0.000
  0.015,298.490,  0.000,  0.000
  0.016,298.468,  0.000,  0.000
  0.016,298.445,  0.000,  0.000
  0.016,298.424,  0.000,  0.000
  0.015,298.413,  0.000,  0.000
  0.015,298.412,  0.000,  0.000
  0.015,298.391,  0.000,  0.000
  0.016,298.313,  0.000,  0.000
  0.016,298.214,  0.000,  0.000
  0.015,298.170,  0.000,  0.000
  0.015,298.166,  0.000,  0.000
  0.015,298.157,  0.000,  0.000
  0.016,298.178,  0.000,  0.000
  0.016,298.283,  0.000,  0.000
  0.016,298.384,  0.000,  0.000
  0.016,298.401,  0.000,  0.000
  0.016,298.408,  0.000,  0.000
  0.016,298.425,  0.000,  0.000
  0.016,298.602,  0.000,  0.000
  0.016,298.583,  0.000,  0.000
  0.016,298.557,  0.000,  0.000
  0.016,298.545,  0.000,  0.000
  0.016,298.548,  0.000,  0.000
  0.015,298.544,  0.000,  0.000
  0.015,298.531,  0.000,  0.000
  0.015,298.510,  0.000,  0.000
  0.016,298.479,  0.000,  0.000
  0.016,298.435,  0.000,  0.000
  0.016,298.398,  0.000,  0.000
  0.015,298.392,  0.000,  0.000
  0.015,298.404,  0.000,  0.000
  0.016,298.375,  0.000,  0.000
  0.016,298.289,  0.000,  0.000
  0.016,298.221,  0.000,  0.000
  0.015,298.232,  0.000,  0.000
  0.015,298.272,  0.000,  0.000
  0.015,298.275,  0.000,  0.000
  0.016,298.271,  0.000,  0.000
  0.016,298.311,  0.000,  0.000
  0.016,298.385,  0.000,  0.000
  0.016,298.443,  0.000,  0.000
  0.016,298.483,  0.000,  0.000
  0.016,298.501,  0.000,  0.000
  0.016,298.580,  0.000,  0.000
  0.016,298.556,  0.000,  0.000
  0.016,298.538,  0.000,  0.000
  0.016,298.528,  0.000,  0.000
  0.016,298.530,  0.000,  0.000
  0.015,298.532,  0.000,  0.000
  0.015,298.528,  0.000,  0.000
  0.015,298.518,  0.000,  0.000
  0.015,298.491,  0.000,  0.000
  0.016,298.444,  0.000,  0.000
  0.015,298.400,  0.000,  0.000
  0.015,298.386,  0.000,  0.000
  0.016,298.394,  0.000,  0.000
  0.016,298.361,  0.000,  0.000
  0.016,298.286,  0.000,  0.000
  0.016,298.242,  0.000,  0.000
  0.015,298.255,  0.000,  0.000
  0.015,298.287,  0.000,  0.000
  0.015,298.300,  0.000,  0.000
  0.016,298.310,  0.000,  0.000
  0.016,298.351,  0.000,  0.000
  0.016,298.429,  0.000,  0.000
  0.016,298.502,  0.000,  0.000
  0.016,298.530,  0.000,  0.000
  0.015,298.514,  0.000,  0.000
  0.016,298.566,  0.000,  0.000
  0.016,298.526,  0.000,  0.000
  0.016,298.504,  0.000,  0.000
  0.015,298.501,  0.000,  0.000
  0.015,298.502,  0.000,  0.000
  0.015,298.508,  0.000,  0.000
  0.015,298.518,  0.000,  0.000
  0.015,298.521,  0.000,  0.000
  0.015,298.505,  0.000,  0.000
  0.015,298.472,  0.000,  0.000
  0.015,298.436,  0.000,  0.000
  0.015,298.417,  0.000,  0.000
  0.016,298.403,  0.000,  0.000
  0.016,298.357,  0.000,  0.000
  0.016,298.299,  0.000,  0.000
  0.016,298.276,  0.000,  0.000
  0.015,298.281,  0.000,  0.000
  0.015,298.280,  0.000,  0.000
  0.016,298.274,  0.000,  0.000
  0.016,298.300,  0.000,  0.000
  0.016,298.374,  0.000,  0.000
  0.016,298.473,  0.000,  0.000
  0.015,298.551,  0.000,  0.000
  0.015,298.568,  0.000,  0.000
  0.015,298.547,  0.000,  0.000
  0.015,298.602,  0.000,  0.000
  0.015,298.557,  0.000,  0.000
  0.015,298.538,  0.000,  0.000
  0.015,298.534,  0.000,  0.000
  0.015,298.523,  0.000,  0.000
  0.015,298.509,  0.000,  0.000
  0.015,298.508,  0.000,  0.000
  0.015,298.517,  0.000,  0.000
  0.015,298.514,  0.000,  0.000
  0.015,298.496,  0.000,  0.000
  0.015,298.483,  0.000,  0.000
  0.015,298.476,  0.000,  0.000
  0.016,298.448,  0.000,  0.000
  0.016,298.375,  0.000,  0.000
  0.016,298.304,  0.000,  0.000
  0.016,298.295,  0.000,  0.000
  0.015,298.335,  0.000,  0.000
  0.015,298.348,  0.000,  0.000
  0.016,298.318,  0.000,  0.000
  0.016,298.314,  0.000,  0.000
  0.016,298.388,  0.000,  0.000
  0.015,298.506,  0.000,  0.000
  0.015,298.577,  0.000,  0.000
  0.015,298.564,  0.000,  0.000
  0.015,298.517,  0.000,  0.000
  0.015,298.633,  0.000,  0.000
  0.015,298.603,  0.000,  0.000
  0.015,298.588,  0.000,  0.000
  0.015,298.579,  0.000,  0.000
  0.015,298.559,  0.000,  0.000
  0.015,298.532,  0.000,  0.000
  0.016,298.511,  0.000,  0.000
  0.016,298.497,  0.000,  0.000
  0.016,298.482,  0.000,  0.000
  0.016,298.477,  0.000,  0.000
  0.016,298.492,  0.000,  0.000
  0.016,298.515,  0.000,  0.000
  0.016,298.508,  0.000,  0.000
  0.016,298.435,  0.000,  0.000
  0.016,298.348,  0.000,  0.000
  0.016,298.330,  0.000,  0.000
  0.015,298.364,  0.000,  0.000
  0.015,298.376,  0.000,  0.000
  0.016,298.369,  0.000,  0.000
  0.016,298.372,  0.000,  0.000
  0.016,298.434,  0.000,  0.000
  0.016,298.541,  0.000,  0.000
  0.016,298.587,  0.000,  0.000
  0.015,298.484,  0.000,  0.000
  0.015,298.297,  0.000,  0.000
  0.015,298.623,  0.000,  0.000
  0.015,298.612,  0.000,  0.000
  0.015,298.607,  0.000,  0.000
  0.015,298.598,  0.000,  0.000
  0.015,298.573,  0.000,  0.000
  0.016,298.538,  0.000,  0.000
  0.016,298.511,  0.000,  0.000
  0.016,298.492,  0.000,  0.000
  0.016,298.478,  0.000,  0.000
  0.016,298.464,  0.000,  0.000
  0.016,298.463,  0.000,  0.000
  0.016,298.495,  0.000,  0.000
  0.016,298.520,  0.000,  0.000
  0.016,298.496,  0.000,  0.000
  0.016,298.415,  0.000,  0.000
  0.016,298.316,  0.000,  0.000
  0.016,298.255,  0.000,  0.000
  0.016,298.254,  0.000,  0.000
  0.016,298.290,  0.000,  0.000
  0.016,298.346,  0.000,  0.000
  0.016,298.406,  0.000,  0.000
  0.016,298.516,  0.000,  0.000
  0.016,298.612,  0.000,  0.000
  0.016,298.508,  0.000,  0.000
  0.015,298.301,  0.000,  0.000
  0.015,298.603,  0.000,  0.000
  0.016,298.602,  0.000,  0.000
  0.016,298.603,  0.000,  0.000
  0.016,298.607,  0.000,  0.000
  0.016,298.609,  0.000,  0.000
  0.016,298.602,  0.000,  0.000
  0.016,298.582,  0.000,  0.000
  0.016,298.556,  0.000,  0.000
  0.016,298.536,  0.000,  0.000
  0.016,298.513,  0.000,  0.000
  0.016,298.487,  0.000,  0.000
  0.016,298.487,  0.000,  0.000
  0.016,298.507,  0.000,  0.000
  0.016,298.477,  0.000,  0.000
  0.016,298.314,  0.000,  0.000
  0.016,298.132,  0.000,  0.000
  0.015,298.093,  0.000,  0.000
  0.015,298.118,  0.000,  0.000
  0.017,298.502,  0.000,  0.000
  0.017,298.559,  0.000,  0.000
  0.017,298.646,  0.000,  0.000
  0.017,298.809,  0.000,  0.000
  0.017,298.905,  0.000,  0.000
  0.016,298.608,  0.000,  0.000
  0.016,298.513,  0.000,  0.000
  0.015,298.638,  0.000,  0.000
  0.016,298.644,  0.000,  0.000
  0.016,298.637,  0.000,  0.000
  0.016,298.640,  0.000,  0.000
  0.016,298.667,  0.000,  0.000
  0.015,298.684,  0.000,  0.000
  0.015,298.655,  0.000,  0.000
  0.016,298.575,  0.000,  0.000
  0.016,298.525,  0.000,  0.000
  0.016,298.516,  0.000,  0.000
  0.015,298.523,  0.000,  0.000
  0.016,298.547,  0.000,  0.000
  0.016,298.555,  0.000,  0.000
  0.016,298.443,  0.000,  0.000
  0.016,298.202,  0.000,  0.000
  0.015,298.068,  0.000,  0.000
  0.015,298.083,  0.000,  0.000
  0.016,298.408,  0.000,  0.000
  0.016,298.443,  0.000,  0.000
  0.017,298.566,  0.000,  0.000
  0.017,298.778,  0.000,  0.000
  0.015,298.692,  0.000,  0.000
  0.015,298.700,  0.000,  0.000
  0.015,298.657,  0.000,  0.000
  0.015,298.639,  0.000,  0.000
  0.015,298.689,  0.000,  0.000
  0.015,298.697,  0.000,  0.000
  0.016,298.671,  0.000,  0.000
  0.016,298.653,  0.000,  0.000
  0.016,298.670,  0.000,  0.000
  0.015,298.656,  0.000,  0.000
  0.016,298.572,  0.000,  0.000
  0.016,298.463,  0.000,  0.000
  0.015,298.422,  0.000,  0.000
  0.015,298.443,  0.000,  0.000
  0.015,298.496,  0.000,  0.000
  0.015,298.587,  0.000,  0.000
  0.016,298.663,  0.000,  0.000
  0.016,298.539,  0.000,  0.000
  0.016,298.224,  0.000,  0.000
  0.016,298.066,  0.000,  0.000
  0.015,298.093,  0.000,  0.000
  0.015,298.140,  0.000,  0.000
  0.017,298.566,  0.000,  0.000
  0.015,298.485,  0.000,  0.000
  0.015,298.685,  0.000,  0.000
  0.015,298.712,  0.000,  0.000
  0.015,298.688,  0.000,  0.000
  0.015,298.670,  0.000,  0.000
  0.015,298.651,  0.000,  0.000
