  0.020,301.528,  0.000,  0.000
  0.020,301.534,  0.000,  0.000
  0.020,301.509,  0.000,  0.000
  0.020,301.473,  0.000,  0.000
  0.021,301.462,  0.000,  0.000
  0.020,301.465,  0.000,  0.000
  0.020,301.467,  0.000,  0.000
  0.021,301.461,  0.000,  0.000
  0.021,301.457,  0.000,  0.000
  0.020,301.469,  0.000,  0.000
  0.020,301.493,  0.000,  0.000
  0.020,301.499,  0.000,  0.000
  0.021,301.500,  0.000,  0.000
  0.021,301.513,  0.000,  0.000
  0.021,301.535,  0.000,  0.000
  0.020,301.564,  0.000,  0.000
  0.020,301.600,  0.000,  0.000
  0.021,301.609,  0.000,  0.000
  0.021,301.605,  0.000,  0.000
  0.020,301.616,  0.000,  0.000
  0.021,301.638,  0.000,  0.000
  0.021,301.657,  0.000,  0.000
  0.020,301.691,  0.000,  0.000
  0.020,301.738,  0.000,  0.000
  0.021,301.731,  0.000,  0.000
  0.020,301.525,  0.000,  0.000
  0.020,301.509,  0.000,  0.000
  0.020,301.525,  0.000,  0.000
  0.020,301.529,  0.000,  0.000
  0.020,301.498,  0.000,  0.000
  0.021,301.480,  0.000,  0.000
  0.021,301.469,  0.000,  0.000
  0.020,301.467,  0.000,  0.000
  0.020,301.475,  0.000,  0.000
  0.020,301.489,  0.000,  0.000
  0.020,301.504,  0.000,  0.000
  0.020,301.514,  0.000,  0.000
  0.021,301.518,  0.000,  0.000
  0.021,301.518,  0.000,  0.000
  0.021,301.529,  0.000,  0.000
  0.020,301.550,  0.000,  0.000
  0.020,301.580,  0.000,  0.000
  0.020,301.615,  0.000,  0.000
  0.021,301.622,  0.000,  0.000
  0.020,301.621,  0.000,  0.000
  0.020,301.638,  0.000,  0.000
  0.021,301.664,  0.000,  0.000
  0.021,301.680,  0.000,  0.000
  0.020,301.729,  0.000,  0.000
  0.020,301.746,  0.000,  0.000
  0.020,301.554,  0.000,  0.000
  0.020,301.565,  0.000,  0.000
  0.020,301.539,  0.000,  0.000
  0.020,301.521,  0.000,  0.000
  0.020,301.502,  0.000,  0.000
  0.020,301.490,  0.000,  0.000
  0.021,301.484,  0.000,  0.000
  0.021,301.478,  0.000,  0.000
  0.021,301.476,  0.000,  0.000
  0.020,301.480,  0.000,  0.000
  0.020,301.497,  0.000,  0.000
  0.021,301.517,  0.000,  0.000
  0.021,301.531,  0.000,  0.000
  0.021,301.532,  0.000,  0.000
  0.021,301.534,  0.000,  0.000
  0.021,301.544,  0.000,  0.000
  0.020,301.560,  0.000,  0.000
  0.020,301.590,  0.000,  0.000
  0.021,301.620,  0.000,  0.000
  0.021,301.628,  0.000,  0.000
  0.020,301.638,  0.000,  0.000
  0.020,301.666,  0.000,  0.000
  0.021,301.693,  0.000,  0.000
  0.021,301.717,  0.000,  0.000
  0.021,301.723,  0.000,  0.000
  0.020,301.548,  0.000,  0.000
  0.020,301.554,  0.000,  0.000
  0.020,301.574,  0.000,  0.000
  0.020,301.559,  0.000,  0.000
  0.020,301.520,  0.000,  0.000
  0.020,301.511,  0.000,  0.000
  0.020,301.516,  0.000,  0.000
  0.021,301.508,  0.000,  0.000
  0.021,301.490,  0.000,  0.000
  0.020,301.484,  0.000,  0.000
  0.020,301.495,  0.000,  0.000
  0.020,301.517,  0.000,  0.000
  0.021,301.536,  0.000,  0.000
  0.021,301.535,  0.000,  0.000
  0.021,301.529,  0.000,  0.000
  0.021,301.538,  0.000,  0.000
  0.021,301.561,  0.000,  0.000
  0.021,301.581,  0.000,  0.000
  0.021,301.600,  0.000,  0.000
  0.021,301.619,  0.000,  0.000
  0.021,301.632,  0.000,  0.000
  0.020,301.655,  0.000,  0.000
  0.020,301.693,  0.000,  0.000
  0.021,301.733,  0.000,  0.000
  0.021,301.718,  0.000,  0.000
  0.020,301.560,  0.000,  0.000
  0.020,301.568,  0.000,  0.000
  0.020,301.592,  0.000,  0.000
  0.020,301.591,  0.000,  0.000
  0.020,301.579,  0.000,  0.000
  0.020,301.550,  0.000,  0.000
  0.020,301.520,  0.000,  0.000
  0.021,301.513,  0.000,  0.000
  0.021,301.507,  0.000,  0.000
  0.021,301.500,  0.000,  0.000
  0.020,301.499,  0.000,  0.000
  0.020,301.513,  0.000,  0.000
  0.020,301.541,  0.000,  0.000
  0.021,301.552,  0.000,  0.000
  0.021,301.539,  0.000,  0.000
  0.021,301.528,  0.000,  0.000
  0.021,301.545,  0.000,  0.000
  0.021,301.575,  0.000,  0.000
  0.021,301.590,  0.000,  0.000
  0.021,301.598,  0.000,  0.000
  0.021,301.613,  0.000,  0.000
  0.021,301.638,  0.000,  0.000
  0.020,301.673,  0.000,  0.000
  0.020,301.728,  0.000,  0.000
  0.020,301.744,  0.000,  0.000
  0.020,301.585,  0.000,  0.000
  0.020,301.601,  0.000,  0.000
  0.020,301.603,  0.000,  0.000
  0.020,301.581,  0.000,  0.000
  0.020,301.569,  0.000,  0.000
  0.020,301.575,  0.000,  0.000
  0.020,301.562,  0.000,  0.000
  0.020,301.534,  0.000,  0.000
  0.021,301.521,  0.000,  0.000
  0.021,301.511,  0.000,  0.000
  0.020,301.509,  0.000,  0.000
  0.020,301.506,  0.000,  0.000
  0.020,301.529,  0.000,  0.000
  0.020,301.555,  0.000,  0.000
  0.021,301.566,  0.000,  0.000
  0.021,301.552,  0.000,  0.000
  0.021,301.541,  0.000,  0.000
  0.021,301.552,  0.000,  0.000
  0.021,301.571,  0.000,  0.000
  0.021,301.581,  0.000,  0.000
  0.021,301.590,  0.000,  0.000
  0.021,301.612,  0.000,  0.000
  0.021,301.649,  0.000,  0.000
  0.020,301.704,  0.000,  0.000
  0.020,301.733,  0.000,  0.000
  0.020,301.616,  0.000,  0.000
  0.020,301.604,  0.000,  0.000
  0.020,301.603,  0.000,  0.000
  0.020,301.611,  0.000,  0.000
  0.020,301.595,  0.000,  0.000
  0.020,301.597,  0.000,  0.000
  0.020,301.603,  0.000,  0.000
  0.020,301.607,  0.000,  0.000
  0.020,301.581,  0.000,  0.000
  0.020,301.546,  0.000,  0.000
  0.021,301.521,  0.000,  0.000
  0.020,301.520,  0.000,  0.000
  0.020,301.527,  0.000,  0.000
  0.020,301.551,  0.000,  0.000
  0.021,301.569,  0.000,  0.000
  0.021,301.576,  0.000,  0.000
  0.021,301.570,  0.000,  0.000
  0.021,301.557,  0.000,  0.000
  0.021,301.556,  0.000,  0.000
  0.021,301.567,  0.000,  0.000
  0.021,301.576,  0.000,  0.000
  0.021,301.587,  0.000,  0.000
  0.021,301.615,  0.000,  0.000
  0.021,301.668,  0.000,  0.000
  0.020,301.701,  0.000,  0.000
  0.020,301.582,  0.000,  0.000
  0.020,301.575,  0.000,  0.000
  0.020,301.601,  0.000,  0.000
  0.020,301.619,  0.000,  0.000
  0.020,301.616,  0.000,  0.000
  0.020,301.610,  0.000,  0.000
  0.020,301.598,  0.000,  0.000
  0.020,301.602,  0.000,  0.000
  0.020,301.622,  0.000,  0.000
  0.020,301.610,  0.000,  0.000
  0.020,301.575,  0.000,  0.000
  0.021,301.543,  0.000,  0.000
  0.021,301.532,  0.000,  0.000
  0.020,301.538,  0.000,  0.000
  0.020,301.561,  0.000,  0.000
  0.021,301.582,  0.000,  0.000
  0.020,301.591,  0.000,  0.000
  0.021,301.584,  0.000,  0.000
  0.021,301.568,  0.000,  0.000
  0.021,301.565,  0.000,  0.000
  0.021,301.572,  0.000,  0.000
  0.021,301.584,  0.000,  0.000
  0.021,301.602,  0.000,  0.000
  0.021,301.635,  0.000,  0.000
  0.021,301.663,  0.000,  0.000
  0.020,301.611,  0.000,  0.000
  0.020,301.613,  0.000,  0.000
  0.020,301.614,  0.000,  0.000
  0.020,301.611,  0.000,  0.000
  0.020,301.611,  0.000,  0.000
  0.020,301.631,  0.000,  0.000
  0.020,301.640,  0.000,  0.000
  0.020,301.615,  0.000,  0.000
  0.020,301.600,  0.000,  0.000
  0.020,301.600,  0.000,  0.000
  0.020,301.593,  0.000,  0.000
  0.020,301.570,  0.000,  0.000
  0.021,301.550,  0.000,  0.000
  0.021,301.538,  0.000,  0.000
  0.020,301.543,  0.000,  0.000
  0.021,301.565,  0.000,  0.000
  0.020,301.589,  0.000,  0.000
  0.020,301.602,  0.000,  0.000
  0.021,301.596,  0.000,  0.000
  0.021,301.582,  0.000,  0.000
  0.021,301.573,  0.000,  0.000
  0.021,301.578,  0.000,  0.000
  0.021,301.597,  0.000,  0.000
  0.021,301.626,  0.000,  0.000
  0.021,301.648,  0.000,  0.000
  0.020,301.630,  0.000,  0.000
  0.020,301.638,  0.000,  0.000
  0.020,301.633,  0.000,  0.000
  0.020,301.633,  0.000,  0.000
  0.020,301.654,  0.000,  0.000
  0.020,301.671,  0.000,  0.000
  0.020,301.673,  0.000,  0.000
  0.020,301.655,  0.000,  0.000
  0.020,301.640,  0.000,  0.000
  0.020,301.632,  0.000,  0.000
  0.020,301.609,  0.000,  0.000
  0.020,301.581,  0.000,  0.000
  0.020,301.572,  0.000,  0.000
  0.020,301.572,  0.000,  0.000
  0.021,301.572,  0.000,  0.000
  0.021,301.582,  0.000,  0.000
  0.021,301.591,  0.000,  0.000
  0.020,301.602,  0.000,  0.000
  0.020,301.615,  0.000,  0.000
  0.021,301.611,  0.000,  0.000
  0.021,301.597,  0.000,  0.000
  0.021,301.584,  0.000,  0.000
  0.021,301.586,  0.000,  0.000
  0.021,301.609,  0.000,  0.000
  0.021,301.639,  0.000,  0.000
  0.020,301.602,  0.000,  0.000
  0.020,301.601,  0.000,  0.000
  0.020,301.611,  0.000,  0.000
  0.020,301.635,  0.000,  0.000
  0.020,301.636,  0.000,  0.000
  0.020,301.633,  0.000,  0.000
  0.020,301.640,  0.000,  0.000
  0.020,301.640,  0.000,  0.000
  0.020,301.638,  0.000,  0.000
  0.020,301.637,  0.000,  0.000
  0.020,301.634,  0.000,  0.000
  0.020,301.623,  0.000,  0.000
  0.020,301.603,  0.000,  0.000
  0.020,301.587,  0.000,  0.000
  0.020,301.591,  0.000,  0.000
  0.020,301.602,  0.000,  0.000
  0.021,301.600,  0.000,  0.000
  0.021,301.597,  0.000,  0.000
  0.020,301.605,  0.000,  0.000
  0.020,301.618,  0.000,  0.000
  0.021,301.617,  0.000,  0.000
  0.021,301.601,  0.000,  0.000
  0.021,301.587,  0.000,  0.000
  0.021,301.590,  0.000,  0.000
  0.021,301.614,  0.000,  0.000
  0.020,301.585,  0.000,  0.000
  0.020,301.608,  0.000,  0.000
  0.020,301.610,  0.000,  0.000
  0.020,301.610,  0.000,  0.000
  0.020,301.609,  0.000,  0.000
  0.020,301.607,  0.000,  0.000
  0.020,301.592,  0.000,  0.000
  0.020,301.601,  0.000,  0.000
  0.020,301.604,  0.000,  0.000
  0.020,301.621,  0.000,  0.000
  0.020,301.628,  0.000,  0.000
  0.020,301.639,  0.000,  0.000
  0.020,301.635,  0.000,  0.000
  0.020,301.611,  0.000,  0.000
  0.020,301.590,  0.000,  0.000
  0.021,301.589,  0.000,  0.000
  0.021,301.597,  0.000,  0.000
  0.021,301.591,  0.000,  0.000
  0.021,301.588,  0.000,  0.000
  0.020,301.597,  0.000,  0.000
  0.021,301.613,  0.000,  0.000
  0.021,301.612,  0.000,  0.000
  0.021,301.595,  0.000,  0.000
  0.021,301.583,  0.000,  0.000
  0.021,301.589,  0.000,  0.000
  0.020,301.634,  0.000,  0.000
  0.020,301.645,  0.000,  0.000
  0.020,301.646,  0.000,  0.000
  0.020,301.632,  0.000,  0.000
  0.020,301.623,  0.000,  0.000
  0.020,301.624,  0.000,  0.000
  0.020,301.624,  0.000,  0.000
  0.020,301.622,  0.000,  0.000
  0.020,301.620,  0.000,  0.000
  0.020,301.611,  0.000,  0.000
  0.020,301.613,  0.000,  0.000
  0.020,301.628,  0.000,  0.000
  0.020,301.644,  0.000,  0.000
  0.020,301.626,  0.000,  0.000
  0.020,301.604,  0.000,  0.000
  0.020,301.589,  0.000,  0.000
  0.021,301.585,  0.000,  0.000
  0.021,301.580,  0.000,  0.000
  0.021,301.576,  0.000,  0.000
  0.021,301.578,  0.000,  0.000
  0.020,301.590,  0.000,  0.000
  0.021,301.603,  0.000,  0.000
  0.021,301.602,  0.000,  0.000
  0.021,301.589,  0.000,  0.000
  0.021,301.580,  0.000,  0.000
  0.020,301.620,  0.000,  0.000
  0.020,301.611,  0.000,  0.000
  0.020,301.608,  0.000,  0.000
  0.020,301.628,  0.000,  0.000
  0.020,301.652,  0.000,  0.000
  0.020,301.649,  0.000,  0.000
  0.020,301.640,  0.000,  0.000
  0.020,301.652,  0.000,  0.000
  0.020,301.661,  0.000,  0.000
  0.020,301.647,  0.000,  0.000
  0.020,301.622,  0.000,  0.000
  0.020,301.617,  0.000,  0.000
  0.020,301.631,  0.000,  0.000
  0.020,301.640,  0.000,  0.000
  0.020,301.615,  0.000,  0.000
  0.020,301.598,  0.000,  0.000
  0.021,301.587,  0.000,  0.000
  0.021,301.580,  0.000,  0.000
  0.021,301.573,  0.000,  0.000
  0.021,301.568,  0.000,  0.000
  0.021,301.570,  0.000,  0.000
  0.021,301.578,  0.000,  0.000
  0.021,301.591,  0.000,  0.000
  0.021,301.591,  0.000,  0.000
  0.021,301.583,  0.000,  0.000
  0.020,301.582,  0.000,  0.000
  0.020,301.587,  0.000,  0.000
  0.020,301.598,  0.000,  0.000
  0.020,301.593,  0.000,  0.000
  0.020,301.591,  0.000,  0.000
  0.020,301.600,  0.000,  0.000
  0.020,301.604,  0.000,  0.000
  0.020,301.604,  0.000,  0.000
  0.020,301.627,  0.000,  0.000
  0.020,301.657,  0.000,  0.000
  0.020,301.665,  0.000,  0.000
  0.020,301.627,  0.000,  0.000
  0.020,301.612,  0.000,  0.000
  0.020,301.635,  0.000,  0.000
  0.020,301.643,  0.000,  0.000
  0.020,301.617,  0.000,  0.000
  0.020,301.595,  0.000,  0.000
  0.021,301.583,  0.000,  0.000
  0.021,301.576,  0.000,  0.000
  0.021,301.568,  0.000,  0.000
  0.021,301.558,  0.000,  0.000
  0.021,301.556,  0.000,  0.000
  0.021,301.568,  0.000,  0.000
  0.021,301.586,  0.000,  0.000
  0.021,301.586,  0.000,  0.000
