  0.017,299.609,  0.000,  0.000
  0.017,299.593,  0.000,  0.000
  0.017,299.560,  0.000,  0.000
  0.019,300.035,  0.000,  0.000
  0.019,300.086,  0.000,  0.000
  0.019,300.110,  0.000,  0.000
  0.019,300.116,  0.000,  0.000
  0.019,300.115,  0.000,  0.000
  0.019,300.118,  0.000,  0.000
  0.019,300.126,  0.000,  0.000
  0.019,300.125,  0.000,  0.000
  0.019,300.117,  0.000,  0.000
  0.019,300.127,  0.000,  0.000
  0.017,299.748,  0.000,  0.000
  0.018,299.781,  0.000,  0.000
  0.017,299.807,  0.000,  0.000
  0.017,299.807,  0.000,  0.000
  0.017,299.787,  0.000,  0.000
  0.017,299.760,  0.000,  0.000
  0.017,299.761,  0.000,  0.000
  0.017,299.796,  0.000,  0.000
  0.017,299.840,  0.000,  0.000
  0.017,299.872,  0.000,  0.000
  0.017,299.907,  0.000,  0.000
  0.018,299.926,  0.000,  0.000
  0.017,299.611,  0.000,  0.000
  0.017,299.648,  0.000,  0.000
  0.017,299.637,  0.000,  0.000
  0.019,300.077,  0.000,  0.000
  0.019,300.122,  0.000,  0.000
  0.019,300.144,  0.000,  0.000
  0.019,300.138,  0.000,  0.000
  0.019,300.126,  0.000,  0.000
  0.019,300.127,  0.000,  0.000
  0.019,300.142,  0.000,  0.000
  0.019,300.154,  0.000,  0.000
  0.019,300.155,  0.000,  0.000
  0.017,299.755,  0.000,  0.000
  0.017,299.769,  0.000,  0.000
  0.018,299.790,  0.000,  0.000
  0.018,299.830,  0.000,  0.000
  0.017,299.853,  0.000,  0.000
  0.017,299.835,  0.000,  0.000
  0.017,299.799,  0.000,  0.000
  0.017,299.795,  0.000,  0.000
  0.018,299.814,  0.000,  0.000
  0.018,299.840,  0.000,  0.000
  0.018,299.871,  0.000,  0.000
  0.018,299.925,  0.000,  0.000
  0.018,299.957,  0.000,  0.000
  0.017,299.619,  0.000,  0.000
  0.017,299.659,  0.000,  0.000
  0.019,300.122,  0.000,  0.000
  0.019,300.129,  0.000,  0.000
  0.019,300.150,  0.000,  0.000
  0.019,300.160,  0.000,  0.000
  0.019,300.153,  0.000,  0.000
  0.019,300.145,  0.000,  0.000
  0.019,300.145,  0.000,  0.000
  0.017,299.741,  0.000,  0.000
  0.017,299.766,  0.000,  0.000
  0.017,299.801,  0.000,  0.000
  0.017,299.818,  0.000,  0.000
  0.017,299.816,  0.000,  0.000
  0.017,299.812,  0.000,  0.000
  0.018,299.837,  0.000,  0.000
  0.017,299.872,  0.000,  0.000
  0.017,299.869,  0.000,  0.000
  0.017,299.843,  0.000,  0.000
  0.018,299.837,  0.000,  0.000
  0.018,299.848,  0.000,  0.000
  0.018,299.861,  0.000,  0.000
  0.018,299.883,  0.000,  0.000
  0.018,299.939,  0.000,  0.000
  0.018,299.984,  0.000,  0.000
  0.017,299.666,  0.000,  0.000
  0.017,299.676,  0.000,  0.000
  0.019,300.150,  0.000,  0.000
  0.019,300.175,  0.000,  0.000
  0.019,300.173,  0.000,  0.000
  0.019,300.169,  0.000,  0.000
  0.019,300.169,  0.000,  0.000
  0.019,300.170,  0.000,  0.000
  0.017,299.760,  0.000,  0.000
  0.017,299.770,  0.000,  0.000
  0.017,299.792,  0.000,  0.000
  0.019,300.229,  0.000,  0.000
  0.017,299.858,  0.000,  0.000
  0.017,299.862,  0.000,  0.000
  0.017,299.848,  0.000,  0.000
  0.017,299.837,  0.000,  0.000
  0.017,299.857,  0.000,  0.000
  0.018,299.879,  0.000,  0.000
  0.018,299.885,  0.000,  0.000
  0.018,299.883,  0.000,  0.000
  0.018,299.890,  0.000,  0.000
  0.018,299.900,  0.000,  0.000
  0.018,299.913,  0.000,  0.000
  0.018,299.961,  0.000,  0.000
  0.018,300.012,  0.000,  0.000
  0.017,299.719,  0.000,  0.000
  0.019,300.153,  0.000,  0.000
  0.019,300.182,  0.000,  0.000
  0.019,300.205,  0.000,  0.000
  0.019,300.194,  0.000,  0.000
  0.019,300.184,  0.000,  0.000
  0.017,299.776,  0.000,  0.000
  0.017,299.786,  0.000,  0.000
  0.017,299.797,  0.000,  0.000
  0.017,299.812,  0.000,  0.000
  0.017,299.832,  0.000,  0.000
  0.019,300.245,  0.000,  0.000
  0.017,299.871,  0.000,  0.000
  0.018,299.891,  0.000,  0.000
  0.017,299.896,  0.000,  0.000
  0.017,299.863,  0.000,  0.000
  0.017,299.846,  0.000,  0.000
  0.018,299.876,  0.000,  0.000
  0.018,299.912,  0.000,  0.000
  0.018,299.938,  0.000,  0.000
  0.018,299.945,  0.000,  0.000
  0.018,299.931,  0.000,  0.000
  0.018,299.924,  0.000,  0.000
  0.018,299.972,  0.000,  0.000
  0.018,300.035,  0.000,  0.000
  0.019,300.194,  0.000,  0.000
  0.019,300.206,  0.000,  0.000
  0.019,300.219,  0.000,  0.000
  0.019,300.226,  0.000,  0.000
  0.019,300.221,  0.000,  0.000
  0.017,299.802,  0.000,  0.000
  0.017,299.798,  0.000,  0.000
  0.017,299.806,  0.000,  0.000
  0.017,299.827,  0.000,  0.000
  0.017,299.855,  0.000,  0.000
  0.017,299.880,  0.000,  0.000
  0.017,299.883,  0.000,  0.000
  0.017,299.889,  0.000,  0.000
  0.017,299.909,  0.000,  0.000
  0.018,299.933,  0.000,  0.000
  0.017,299.917,  0.000,  0.000
  0.017,299.883,  0.000,  0.000
  0.017,299.887,  0.000,  0.000
  0.018,299.930,  0.000,  0.000
  0.018,299.982,  0.000,  0.000
  0.018,299.992,  0.000,  0.000
  0.018,299.952,  0.000,  0.000
  0.018,299.922,  0.000,  0.000
  0.018,299.967,  0.000,  0.000
  0.018,300.045,  0.000,  0.000
  0.019,300.229,  0.000,  0.000
  0.019,300.251,  0.000,  0.000
  0.019,300.252,  0.000,  0.000
  0.019,300.244,  0.000,  0.000
  0.019,300.243,  0.000,  0.000
  0.017,299.830,  0.000,  0.000
  0.017,299.830,  0.000,  0.000
  0.017,299.827,  0.000,  0.000
  0.017,299.852,  0.000,  0.000
  0.017,299.890,  0.000,  0.000
  0.017,299.916,  0.000,  0.000
  0.017,299.926,  0.000,  0.000
  0.017,299.927,  0.000,  0.000
  0.017,299.944,  0.000,  0.000
  0.017,299.968,  0.000,  0.000
  0.018,299.972,  0.000,  0.000
  0.017,299.946,  0.000,  0.000
  0.017,299.928,  0.000,  0.000
  0.017,299.956,  0.000,  0.000
  0.018,300.002,  0.000,  0.000
  0.018,300.013,  0.000,  0.000
  0.018,299.979,  0.000,  0.000
  0.018,299.954,  0.000,  0.000
  0.018,299.990,  0.000,  0.000
  0.018,300.062,  0.000,  0.000
  0.019,300.261,  0.000,  0.000
  0.019,300.278,  0.000,  0.000
  0.019,300.277,  0.000,  0.000
  0.019,300.264,  0.000,  0.000
  0.019,300.253,  0.000,  0.000
  0.019,300.251,  0.000,  0.000
  0.018,299.852,  0.000,  0.000
  0.017,299.867,  0.000,  0.000
  0.017,299.886,  0.000,  0.000
  0.017,299.917,  0.000,  0.000
  0.017,299.942,  0.000,  0.000
  0.018,299.957,  0.000,  0.000
  0.017,299.966,  0.000,  0.000
  0.017,299.972,  0.000,  0.000
  0.017,299.978,  0.000,  0.000
  0.018,299.992,  0.000,  0.000
  0.018,299.999,  0.000,  0.000
  0.018,299.992,  0.000,  0.000
  0.017,299.995,  0.000,  0.000
  0.018,300.014,  0.000,  0.000
  0.018,300.023,  0.000,  0.000
  0.018,300.009,  0.000,  0.000
  0.018,300.005,  0.000,  0.000
  0.018,300.045,  0.000,  0.000
  0.018,300.092,  0.000,  0.000
  0.019,300.294,  0.000,  0.000
  0.019,300.292,  0.000,  0.000
  0.019,300.290,  0.000,  0.000
  0.019,300.285,  0.000,  0.000
  0.019,300.269,  0.000,  0.000
  0.019,300.257,  0.000,  0.000
  0.017,299.864,  0.000,  0.000
  0.019,300.305,  0.000,  0.000
  0.017,299.922,  0.000,  0.000
  0.017,299.940,  0.000,  0.000
  0.017,299.966,  0.000,  0.000
  0.018,299.983,  0.000,  0.000
  0.018,299.990,  0.000,  0.000
  0.017,299.989,  0.000,  0.000
  0.017,299.981,  0.000,  0.000
  0.018,299.992,  0.000,  0.000
  0.018,300.019,  0.000,  0.000
  0.018,300.035,  0.000,  0.000
  0.018,300.041,  0.000,  0.000
  0.017,300.037,  0.000,  0.000
  0.018,300.031,  0.000,  0.000
  0.018,300.031,  0.000,  0.000
  0.018,300.048,  0.000,  0.000
  0.018,300.089,  0.000,  0.000
  0.018,300.117,  0.000,  0.000
  0.019,300.322,  0.000,  0.000
  0.019,300.303,  0.000,  0.000
  0.019,300.297,  0.000,  0.000
  0.019,300.303,  0.000,  0.000
  0.019,300.298,  0.000,  0.000
  0.019,300.289,  0.000,  0.000
  0.019,300.298,  0.000,  0.000
  0.019,300.327,  0.000,  0.000
  0.019,300.341,  0.000,  0.000
  0.019,300.350,  0.000,  0.000
  0.019,300.369,  0.000,  0.000
  0.019,300.387,  0.000,  0.000
  0.018,300.020,  0.000,  0.000
  0.018,300.027,  0.000,  0.000
  0.018,300.025,  0.000,  0.000
  0.018,300.015,  0.000,  0.000
  0.018,300.033,  0.000,  0.000
  0.018,300.072,  0.000,  0.000
  0.018,300.079,  0.000,  0.000
  0.018,300.069,  0.000,  0.000
  0.018,300.058,  0.000,  0.000
  0.018,300.065,  0.000,  0.000
  0.018,300.084,  0.000,  0.000
  0.018,300.117,  0.000,  0.000
  0.018,300.147,  0.000,  0.000
  0.019,300.334,  0.000,  0.000
  0.019,300.314,  0.000,  0.000
  0.019,300.308,  0.000,  0.000
  0.019,300.318,  0.000,  0.000
  0.019,300.329,  0.000,  0.000
  0.019,300.329,  0.000,  0.000
  0.019,300.330,  0.000,  0.000
  0.019,300.342,  0.000,  0.000
  0.019,300.357,  0.000,  0.000
  0.019,300.370,  0.000,  0.000
  0.019,300.387,  0.000,  0.000
  0.019,300.405,  0.000,  0.000
  0.018,300.041,  0.000,  0.000
  0.018,300.058,  0.000,  0.000
  0.018,300.063,  0.000,  0.000
  0.018,300.061,  0.000,  0.000
  0.018,300.082,  0.000,  0.000
  0.018,300.103,  0.000,  0.000
  0.018,300.105,  0.000,  0.000
  0.018,300.111,  0.000,  0.000
  0.018,300.104,  0.000,  0.000
  0.018,300.082,  0.000,  0.000
  0.018,300.090,  0.000,  0.000
  0.018,300.138,  0.000,  0.000
  0.018,300.185,  0.000,  0.000
  0.019,300.345,  0.000,  0.000
  0.019,300.328,  0.000,  0.000
  0.019,300.326,  0.000,  0.000
  0.019,300.338,  0.000,  0.000
  0.019,300.357,  0.000,  0.000
  0.019,300.363,  0.000,  0.000
  0.019,300.360,  0.000,  0.000
  0.019,300.357,  0.000,  0.000
  0.019,300.368,  0.000,  0.000
  0.019,300.386,  0.000,  0.000
  0.019,300.403,  0.000,  0.000
  0.019,300.417,  0.000,  0.000
  0.018,300.045,  0.000,  0.000
  0.018,300.046,  0.000,  0.000
  0.018,300.065,  0.000,  0.000
  0.018,300.107,  0.000,  0.000
  0.018,300.129,  0.000,  0.000
  0.018,300.140,  0.000,  0.000
  0.018,300.151,  0.000,  0.000
  0.018,300.158,  0.000,  0.000
  0.018,300.132,  0.000,  0.000
  0.018,300.092,  0.000,  0.000
  0.018,300.105,  0.000,  0.000
  0.018,300.168,  0.000,  0.000
  0.018,300.234,  0.000,  0.000
  0.018,300.364,  0.000,  0.000
  0.019,300.350,  0.000,  0.000
  0.019,300.347,  0.000,  0.000
  0.019,300.364,  0.000,  0.000
  0.019,300.385,  0.000,  0.000
  0.019,300.394,  0.000,  0.000
  0.019,300.390,  0.000,  0.000
  0.019,300.383,  0.000,  0.000
  0.019,300.387,  0.000,  0.000
  0.019,300.400,  0.000,  0.000
  0.019,300.412,  0.000,  0.000
  0.019,300.421,  0.000,  0.000
  0.018,300.071,  0.000,  0.000
  0.018,300.116,  0.000,  0.000
  0.018,300.154,  0.000,  0.000
  0.018,300.164,  0.000,  0.000
  0.018,300.165,  0.000,  0.000
  0.018,300.181,  0.000,  0.000
  0.018,300.200,  0.000,  0.000
  0.018,300.195,  0.000,  0.000
  0.018,300.170,  0.000,  0.000
  0.018,300.159,  0.000,  0.000
  0.018,300.191,  0.000,  0.000
  0.018,300.238,  0.000,  0.000
  0.018,300.286,  0.000,  0.000
  0.019,300.381,  0.000,  0.000
  0.019,300.371,  0.000,  0.000
  0.019,300.369,  0.000,  0.000
  0.019,300.388,  0.000,  0.000
  0.019,300.412,  0.000,  0.000
  0.019,300.425,  0.000,  0.000
  0.019,300.426,  0.000,  0.000
  0.019,300.418,  0.000,  0.000
  0.019,300.411,  0.000,  0.000
  0.019,300.413,  0.000,  0.000
  0.019,300.420,  0.000,  0.000
  0.018,300.063,  0.000,  0.000
  0.018,300.080,  0.000,  0.000
  0.018,300.059,  0.000,  0.000
  0.018,300.112,  0.000,  0.000
  0.018,300.238,  0.000,  0.000
  0.018,300.251,  0.000,  0.000
  0.018,300.224,  0.000,  0.000
  0.018,300.228,  0.000,  0.000
  0.018,300.218,  0.000,  0.000
  0.018,300.183,  0.000,  0.000
  0.018,300.184,  0.000,  0.000
  0.018,300.234,  0.000,  0.000
  0.018,300.304,  0.000,  0.000
  0.018,300.330,  0.000,  0.000
  0.019,300.397,  0.000,  0.000
  0.019,300.389,  0.000,  0.000
  0.019,300.391,  0.000,  0.000
  0.019,300.408,  0.000,  0.000
  0.019,300.433,  0.000,  0.000
  0.019,300.457,  0.000,  0.000
  0.019,300.467,  0.000,  0.000
  0.019,300.456,  0.000,  0.000
  0.019,300.436,  0.000,  0.000
  0.019,300.429,  0.000,  0.000
  0.018,300.073,  0.000,  0.000
  0.018,300.065,  0.000,  0.000
  0.018,299.874,  0.000,  0.000
  0.018,299.679,  0.000,  0.000
  0.019,300.144,  0.000,  0.000
  0.019,300.456,  0.000,  0.000
  0.018,300.291,  0.000,  0.000
  0.018,300.274,  0.000,  0.000
  0.018,300.244,  0.000,  0.000
  0.018,300.201,  0.000,  0.000
  0.018,300.109,  0.000,  0.000
  0.018,300.032,  0.000,  0.000
  0.018,300.089,  0.000,  0.000
  0.018,300.254,  0.000,  0.000
  0.018,300.349,  0.000,  0.000
