  0.018,300.168,  0.000,  0.000
  0.018,300.077,  0.000,  0.000
  0.018,300.063,  0.000,  0.000
  0.018,299.996,  0.000,  0.000
  0.018,299.886,  0.000,  0.000
  0.018,299.862,  0.000,  0.000
  0.018,299.906,  0.000,  0.000
  0.018,300.210,  0.000,  0.000
  0.018,300.598,  0.000,  0.000
  0.018,300.724,  0.000,  0.000
  0.018,300.808,  0.000,  0.000
  0.018,300.828,  0.000,  0.000
  0.018,300.863,  0.000,  0.000
  0.019,300.869,  0.000,  0.000
  0.019,300.789,  0.000,  0.000
  0.019,300.697,  0.000,  0.000
  0.017,300.458,  0.000,  0.000
  0.017,300.484,  0.000,  0.000
  0.018,300.630,  0.000,  0.000
  0.018,300.567,  0.000,  0.000
  0.018,300.552,  0.000,  0.000
  0.019,300.628,  0.000,  0.000
  0.019,300.737,  0.000,  0.000
  0.019,300.827,  0.000,  0.000
  0.019,300.811,  0.000,  0.000
  0.018,300.169,  0.000,  0.000
  0.018,300.042,  0.000,  0.000
  0.018,299.981,  0.000,  0.000
  0.018,299.988,  0.000,  0.000
  0.018,299.979,  0.000,  0.000
  0.018,299.990,  0.000,  0.000
  0.019,300.234,  0.000,  0.000
  0.019,300.583,  0.000,  0.000
  0.018,300.686,  0.000,  0.000
  0.017,300.544,  0.000,  0.000
  0.018,300.805,  0.000,  0.000
  0.018,300.837,  0.000,  0.000
  0.018,300.889,  0.000,  0.000
  0.019,300.907,  0.000,  0.000
  0.019,300.813,  0.000,  0.000
  0.019,300.701,  0.000,  0.000
  0.019,300.676,  0.000,  0.000
  0.017,300.500,  0.000,  0.000
  0.019,300.706,  0.000,  0.000
  0.019,300.643,  0.000,  0.000
  0.019,300.649,  0.000,  0.000
  0.019,300.740,  0.000,  0.000
  0.019,300.817,  0.000,  0.000
  0.018,300.845,  0.000,  0.000
  0.019,300.823,  0.000,  0.000
  0.018,300.188,  0.000,  0.000
  0.018,300.098,  0.000,  0.000
  0.019,300.083,  0.000,  0.000
  0.018,300.044,  0.000,  0.000
  0.018,299.968,  0.000,  0.000
  0.019,300.172,  0.000,  0.000
  0.019,300.624,  0.000,  0.000
  0.019,300.780,  0.000,  0.000
  0.018,300.709,  0.000,  0.000
  0.017,300.514,  0.000,  0.000
  0.018,300.749,  0.000,  0.000
  0.018,300.809,  0.000,  0.000
  0.019,300.909,  0.000,  0.000
  0.019,300.941,  0.000,  0.000
  0.019,300.857,  0.000,  0.000
  0.019,300.744,  0.000,  0.000
  0.019,300.703,  0.000,  0.000
  0.019,300.729,  0.000,  0.000
  0.019,300.746,  0.000,  0.000
  0.019,300.751,  0.000,  0.000
  0.019,300.766,  0.000,  0.000
  0.019,300.785,  0.000,  0.000
  0.019,300.789,  0.000,  0.000
  0.019,300.811,  0.000,  0.000
  0.019,300.806,  0.000,  0.000
  0.019,300.248,  0.000,  0.000
  0.019,300.279,  0.000,  0.000
  0.019,300.298,  0.000,  0.000
  0.018,299.777,  0.000,  0.000
  0.019,299.941,  0.000,  0.000
  0.019,300.227,  0.000,  0.000
  0.019,300.783,  0.000,  0.000
  0.017,300.665,  0.000,  0.000
  0.017,300.580,  0.000,  0.000
  0.018,300.748,  0.000,  0.000
  0.018,300.797,  0.000,  0.000
  0.019,300.824,  0.000,  0.000
  0.019,300.903,  0.000,  0.000
  0.019,300.945,  0.000,  0.000
  0.019,300.904,  0.000,  0.000
  0.019,300.815,  0.000,  0.000
  0.019,300.748,  0.000,  0.000
  0.019,300.734,  0.000,  0.000
  0.019,300.747,  0.000,  0.000
  0.019,300.752,  0.000,  0.000
  0.019,300.773,  0.000,  0.000
  0.019,300.764,  0.000,  0.000
  0.019,300.743,  0.000,  0.000
  0.019,300.783,  0.000,  0.000
  0.019,300.782,  0.000,  0.000
  0.019,300.431,  0.000,  0.000
  0.018,300.159,  0.000,  0.000
  0.018,300.092,  0.000,  0.000
  0.018,299.840,  0.000,  0.000
  0.018,299.702,  0.000,  0.000
  0.019,300.373,  0.000,  0.000
  0.019,300.827,  0.000,  0.000
  0.018,300.562,  0.000,  0.000
  0.017,300.566,  0.000,  0.000
  0.017,300.674,  0.000,  0.000
  0.019,300.829,  0.000,  0.000
  0.019,300.844,  0.000,  0.000
  0.019,300.885,  0.000,  0.000
  0.019,300.859,  0.000,  0.000
  0.019,300.774,  0.000,  0.000
  0.019,300.736,  0.000,  0.000
  0.019,300.747,  0.000,  0.000
  0.019,300.717,  0.000,  0.000
  0.019,300.589,  0.000,  0.000
  0.019,300.448,  0.000,  0.000
  0.019,300.449,  0.000,  0.000
  0.019,300.628,  0.000,  0.000
  0.019,300.797,  0.000,  0.000
  0.019,300.799,  0.000,  0.000
  0.019,300.795,  0.000,  0.000
  0.019,300.674,  0.000,  0.000
  0.019,300.599,  0.000,  0.000
  0.018,300.184,  0.000,  0.000
  0.018,300.029,  0.000,  0.000
  0.019,300.394,  0.000,  0.000
  0.019,300.719,  0.000,  0.000
  0.019,300.898,  0.000,  0.000
  0.019,300.777,  0.000,  0.000
  0.019,300.765,  0.000,  0.000
  0.019,300.799,  0.000,  0.000
  0.019,300.823,  0.000,  0.000
  0.019,300.865,  0.000,  0.000
  0.019,300.862,  0.000,  0.000
  0.019,300.782,  0.000,  0.000
  0.019,300.730,  0.000,  0.000
  0.018,300.547,  0.000,  0.000
  0.018,300.605,  0.000,  0.000
  0.019,300.613,  0.000,  0.000
  0.019,300.449,  0.000,  0.000
  0.019,300.311,  0.000,  0.000
  0.019,300.180,  0.000,  0.000
  0.019,300.218,  0.000,  0.000
  0.019,300.673,  0.000,  0.000
  0.019,300.859,  0.000,  0.000
  0.019,300.801,  0.000,  0.000
  0.018,300.848,  0.000,  0.000
  0.019,300.829,  0.000,  0.000
  0.019,300.749,  0.000,  0.000
  0.019,300.701,  0.000,  0.000
  0.019,300.769,  0.000,  0.000
  0.019,300.874,  0.000,  0.000
  0.019,300.900,  0.000,  0.000
  0.019,300.901,  0.000,  0.000
  0.019,300.874,  0.000,  0.000
  0.019,300.873,  0.000,  0.000
  0.019,300.896,  0.000,  0.000
  0.019,300.911,  0.000,  0.000
  0.019,300.872,  0.000,  0.000
  0.019,300.784,  0.000,  0.000
  0.018,300.497,  0.000,  0.000
  0.018,300.468,  0.000,  0.000
  0.018,300.417,  0.000,  0.000
  0.018,300.268,  0.000,  0.000
  0.018,300.113,  0.000,  0.000
  0.019,300.302,  0.000,  0.000
  0.019,300.155,  0.000,  0.000
  0.019,300.115,  0.000,  0.000
  0.019,300.430,  0.000,  0.000
  0.019,300.846,  0.000,  0.000
  0.018,300.523,  0.000,  0.000
  0.019,300.855,  0.000,  0.000
  0.019,300.900,  0.000,  0.000
  0.019,300.903,  0.000,  0.000
  0.019,300.863,  0.000,  0.000
  0.019,300.836,  0.000,  0.000
  0.019,300.840,  0.000,  0.000
  0.019,300.873,  0.000,  0.000
  0.019,300.897,  0.000,  0.000
  0.019,300.902,  0.000,  0.000
  0.019,300.914,  0.000,  0.000
  0.019,300.937,  0.000,  0.000
  0.019,300.944,  0.000,  0.000
  0.019,300.904,  0.000,  0.000
  0.019,300.812,  0.000,  0.000
  0.018,300.472,  0.000,  0.000
  0.018,300.346,  0.000,  0.000
  0.018,300.246,  0.000,  0.000
  0.018,300.128,  0.000,  0.000
  0.018,299.995,  0.000,  0.000
  0.019,300.196,  0.000,  0.000
  0.019,300.048,  0.000,  0.000
  0.019,300.034,  0.000,  0.000
  0.019,300.387,  0.000,  0.000
  0.019,300.736,  0.000,  0.000
  0.018,300.037,  0.000,  0.000
  0.019,300.795,  0.000,  0.000
  0.019,300.832,  0.000,  0.000
  0.019,300.847,  0.000,  0.000
  0.019,300.831,  0.000,  0.000
  0.019,300.815,  0.000,  0.000
  0.019,300.818,  0.000,  0.000
  0.019,300.838,  0.000,  0.000
  0.019,300.861,  0.000,  0.000
  0.019,300.879,  0.000,  0.000
  0.019,300.887,  0.000,  0.000
  0.019,300.893,  0.000,  0.000
  0.019,300.900,  0.000,  0.000
  0.019,300.887,  0.000,  0.000
  0.019,300.822,  0.000,  0.000
  0.018,300.493,  0.000,  0.000
  0.018,300.355,  0.000,  0.000
  0.018,300.232,  0.000,  0.000
  0.018,300.098,  0.000,  0.000
  0.018,299.906,  0.000,  0.000
  0.019,300.068,  0.000,  0.000
  0.019,299.860,  0.000,  0.000
  0.019,299.988,  0.000,  0.000
  0.019,300.511,  0.000,  0.000
  0.019,300.696,  0.000,  0.000
  0.019,300.575,  0.000,  0.000
  0.019,300.802,  0.000,  0.000
  0.019,300.801,  0.000,  0.000
  0.019,300.807,  0.000,  0.000
  0.019,300.810,  0.000,  0.000
  0.019,300.812,  0.000,  0.000
  0.019,300.825,  0.000,  0.000
  0.019,300.849,  0.000,  0.000
  0.019,300.867,  0.000,  0.000
  0.019,300.869,  0.000,  0.000
  0.019,300.864,  0.000,  0.000
  0.019,300.870,  0.000,  0.000
  0.019,300.898,  0.000,  0.000
  0.019,300.923,  0.000,  0.000
  0.019,300.867,  0.000,  0.000
  0.020,300.729,  0.000,  0.000
  0.018,300.362,  0.000,  0.000
  0.018,300.296,  0.000,  0.000
  0.018,300.221,  0.000,  0.000
  0.018,300.068,  0.000,  0.000
  0.019,300.220,  0.000,  0.000
  0.019,300.181,  0.000,  0.000
  0.019,300.439,  0.000,  0.000
  0.019,300.657,  0.000,  0.000
  0.019,300.612,  0.000,  0.000
  0.019,300.607,  0.000,  0.000
  0.019,300.828,  0.000,  0.000
  0.019,300.818,  0.000,  0.000
  0.019,300.810,  0.000,  0.000
  0.019,300.813,  0.000,  0.000
  0.019,300.824,  0.000,  0.000
  0.019,300.842,  0.000,  0.000
  0.019,300.858,  0.000,  0.000
  0.018,300.740,  0.000,  0.000
  0.019,300.861,  0.000,  0.000
  0.019,300.866,  0.000,  0.000
  0.019,300.868,  0.000,  0.000
  0.019,300.888,  0.000,  0.000
  0.019,300.928,  0.000,  0.000
  0.019,300.922,  0.000,  0.000
  0.019,300.810,  0.000,  0.000
  0.018,300.412,  0.000,  0.000
  0.018,300.313,  0.000,  0.000
  0.018,300.281,  0.000,  0.000
  0.018,300.222,  0.000,  0.000
  0.019,300.448,  0.000,  0.000
  0.019,300.486,  0.000,  0.000
  0.019,300.608,  0.000,  0.000
  0.019,300.605,  0.000,  0.000
  0.018,300.264,  0.000,  0.000
  0.018,300.265,  0.000,  0.000
  0.019,300.851,  0.000,  0.000
  0.019,300.843,  0.000,  0.000
  0.019,300.843,  0.000,  0.000
  0.018,300.652,  0.000,  0.000
  0.019,300.840,  0.000,  0.000
  0.019,300.846,  0.000,  0.000
  0.019,300.858,  0.000,  0.000
  0.018,300.682,  0.000,  0.000
  0.018,300.743,  0.000,  0.000
  0.019,300.880,  0.000,  0.000
  0.019,300.895,  0.000,  0.000
  0.019,300.900,  0.000,  0.000
  0.019,300.902,  0.000,  0.000
  0.019,300.898,  0.000,  0.000
  0.019,300.868,  0.000,  0.000
  0.019,300.788,  0.000,  0.000
  0.019,300.691,  0.000,  0.000
  0.019,300.633,  0.000,  0.000
  0.019,300.622,  0.000,  0.000
  0.019,300.656,  0.001,  0.000
  0.019,300.708,  0.001,  0.000
  0.020,300.666,  0.000,  0.000
  0.020,300.574,  0.000,  0.000
  0.019,300.546,  0.000,  0.000
  0.019,300.550,  0.000,  0.000
  0.019,300.860,  0.000,  0.000
  0.019,300.858,  0.000,  0.000
  0.019,300.855,  0.000,  0.000
  0.019,300.844,  0.000,  0.000
  0.019,300.838,  0.000,  0.000
  0.019,300.841,  0.000,  0.000
  0.019,300.851,  0.000,  0.000
  0.018,300.672,  0.000,  0.000
  0.018,300.677,  0.000,  0.000
  0.018,300.745,  0.000,  0.000
  0.019,300.874, -0.000,  0.000
  0.019,300.878,  0.000,  0.000
  0.019,300.867,  0.000,  0.000
  0.019,300.848,  0.000,  0.000
  0.019,300.838,  0.000,  0.000
  0.019,300.833,  0.000,  0.000
  0.019,300.819,  0.000,  0.000
  0.019,300.799,  0.000,  0.000
  0.019,300.807,  0.001,  0.000
  0.019,300.852,  0.005,  0.000
  0.019,300.889,  0.010,  0.000
  0.019,300.860,  0.005,  0.000
  0.019,300.798,  0.002,  0.000
  0.019,300.784,  0.002,  0.000
  0.019,300.822,  0.002,  0.000
  0.019,300.878,  0.000,  0.000
  0.019,300.892,  0.000,  0.000
  0.018,300.699,  0.000,  0.000
  0.018,300.672,  0.000,  0.000
  0.018,300.661,  0.000,  0.000
  0.018,300.663,  0.000,  0.000
  0.019,300.866,  0.000,  0.000
  0.019,300.875,  0.000,  0.000
  0.018,300.682,  0.000,  0.000
  0.018,300.762,  0.000,  0.000
  0.019,300.885,  0.000,  0.000
  0.019,300.873,  0.000,  0.000
  0.019,300.852,  0.000,  0.000
  0.018,300.712,  0.000,  0.000
  0.019,300.862,  0.000,  0.000
  0.019,300.865,  0.000,  0.000
  0.019,300.865,  0.000,  0.000
  0.019,300.870,  0.000,  0.000
  0.019,300.881,  0.001,  0.000
  0.019,300.899,  0.001,  0.000
  0.019,300.915,  0.001,  0.000
  0.019,300.921,  0.000,  0.000
  0.019,300.910,  0.001,  0.000
  0.019,300.894,  0.001,  0.000
  0.019,300.901,  0.002,  0.000
  0.019,300.928,  0.000,  0.000
  0.019,300.924,  0.000,  0.000
  0.018,300.753,  0.000,  0.000
  0.018,300.712,  0.000,  0.000
  0.018,300.676,  0.000,  0.000
  0.018,300.667,  0.000,  0.000
  0.018,300.683,  0.000,  0.000
  0.018,300.693,  0.000,  0.000
  0.018,300.698,  0.000,  0.000
  0.018,300.731,  0.000,  0.000
  0.019,300.957,  0.000,  0.000
  0.019,300.897,  0.000,  0.000
  0.018,300.686,  0.000,  0.000
  0.018,300.628,  0.000,  0.000
  0.018,300.636,  0.000,  0.000
  0.019,300.864,  0.000,  0.000
  0.019,300.874,  0.000,  0.000
  0.019,300.854,  0.000,  0.000
  0.019,300.827,  0.000,  0.000
  0.019,300.825,  0.000,  0.000
  0.019,300.848,  0.000,  0.000
  0.019,300.879,  0.000,  0.000
  0.019,300.890,  0.000,  0.000
  0.019,300.890,  0.000,  0.000
  0.019,300.900,  0.000,  0.000
