  0.016,298.999,  0.000,  0.000
  0.016,298.987,  0.000,  0.000
  0.016,298.975,  0.000,  0.000
  0.016,298.961,  0.000,  0.000
  0.016,298.947,  0.000,  0.000
  0.016,298.934,  0.000,  0.000
  0.016,298.917,  0.000,  0.000
  0.016,298.887,  0.000,  0.000
  0.016,298.848,  0.000,  0.000
  0.016,298.824,  0.000,  0.000
  0.016,298.822,  0.000,  0.000
  0.016,298.801,  0.000,  0.000
  0.016,298.793,  0.000,  0.000
  0.016,298.780,  0.000,  0.000
  0.016,298.769,  0.000,  0.000
  0.016,298.758,  0.000,  0.000
  0.016,298.747,  0.000,  0.000
  0.016,298.736,  0.000,  0.000
  0.016,298.726,  0.000,  0.000
  0.016,298.717,  0.000,  0.000
  0.016,298.709,  0.000,  0.000
  0.016,298.702,  0.000,  0.000
  0.016,298.696,  0.000,  0.000
  0.016,298.713,  0.000,  0.000
  0.016,298.705,  0.000,  0.000
  0.016,299.011,  0.000,  0.000
  0.016,299.000,  0.000,  0.000
  0.016,298.989,  0.000,  0.000
  0.016,298.976,  0.000,  0.000
  0.016,298.963,  0.000,  0.000
  0.016,298.948,  0.000,  0.000
  0.016,298.930,  0.000,  0.000
  0.016,298.901,  0.000,  0.000
  0.016,298.866,  0.000,  0.000
  0.016,298.844,  0.000,  0.000
  0.016,298.839,  0.000,  0.000
  0.016,298.821,  0.000,  0.000
  0.016,298.813,  0.000,  0.000
  0.016,298.800,  0.000,  0.000
  0.016,298.788,  0.000,  0.000
  0.016,298.777,  0.000,  0.000
  0.016,298.766,  0.000,  0.000
  0.016,298.755,  0.000,  0.000
  0.016,298.745,  0.000,  0.000
  0.016,298.735,  0.000,  0.000
  0.016,298.726,  0.000,  0.000
  0.016,298.719,  0.000,  0.000
  0.016,298.712,  0.000,  0.000
  0.016,298.727,  0.000,  0.000
  0.016,298.718,  0.000,  0.000
  0.016,299.024,  0.000,  0.000
  0.016,299.014,  0.000,  0.000
  0.016,299.003,  0.000,  0.000
  0.016,298.991,  0.000,  0.000
  0.016,298.977,  0.000,  0.000
  0.016,298.959,  0.000,  0.000
  0.016,298.940,  0.000,  0.000
  0.016,298.917,  0.000,  0.000
  0.016,298.886,  0.000,  0.000
  0.016,298.862,  0.000,  0.000
  0.016,298.856,  0.000,  0.000
  0.016,298.843,  0.000,  0.000
  0.016,298.830,  0.000,  0.000
  0.016,298.819,  0.000,  0.000
  0.016,298.807,  0.000,  0.000
  0.016,298.795,  0.000,  0.000
  0.016,298.784,  0.000,  0.000
  0.016,298.773,  0.000,  0.000
  0.016,298.763,  0.000,  0.000
  0.016,298.753,  0.000,  0.000
  0.016,298.744,  0.000,  0.000
  0.016,298.735,  0.000,  0.000
  0.016,298.728,  0.000,  0.000
  0.016,298.741,  0.000,  0.000
  0.016,298.734,  0.000,  0.000
  0.016,299.038,  0.000,  0.000
  0.016,299.027,  0.000,  0.000
  0.016,299.016,  0.000,  0.000
  0.016,299.004,  0.000,  0.000
  0.016,298.991,  0.000,  0.000
  0.016,298.976,  0.000,  0.000
  0.016,298.958,  0.000,  0.000
  0.016,298.933,  0.000,  0.000
  0.016,298.901,  0.000,  0.000
  0.016,298.881,  0.000,  0.000
  0.016,298.875,  0.000,  0.000
  0.016,298.860,  0.000,  0.000
  0.016,298.849,  0.000,  0.000
  0.016,298.837,  0.000,  0.000
  0.016,298.825,  0.000,  0.000
  0.016,298.813,  0.000,  0.000
  0.016,298.802,  0.000,  0.000
  0.016,298.791,  0.000,  0.000
  0.016,298.780,  0.000,  0.000
  0.016,298.770,  0.000,  0.000
  0.016,298.761,  0.000,  0.000
  0.016,298.752,  0.000,  0.000
  0.016,298.744,  0.000,  0.000
  0.016,298.754,  0.000,  0.000
  0.016,298.746,  0.000,  0.000
  0.016,299.051,  0.000,  0.000
  0.016,299.041,  0.000,  0.000
  0.016,299.030,  0.000,  0.000
  0.016,299.018,  0.000,  0.000
  0.016,299.006,  0.000,  0.000
  0.016,298.993,  0.000,  0.000
  0.016,298.978,  0.000,  0.000
  0.016,298.955,  0.000,  0.000
  0.016,298.923,  0.000,  0.000
  0.016,298.900,  0.000,  0.000
  0.016,298.891,  0.000,  0.000
  0.016,298.878,  0.000,  0.000
  0.016,298.867,  0.000,  0.000
  0.016,298.854,  0.000,  0.000
  0.016,298.843,  0.000,  0.000
  0.016,298.831,  0.000,  0.000
  0.016,298.819,  0.000,  0.000
  0.016,298.808,  0.000,  0.000
  0.016,298.797,  0.000,  0.000
  0.016,298.787,  0.000,  0.000
  0.016,298.777,  0.000,  0.000
  0.016,298.768,  0.000,  0.000
  0.016,298.760,  0.000,  0.000
  0.016,298.767,  0.000,  0.000
  0.016,298.758,  0.000,  0.000
  0.016,299.063,  0.000,  0.000
  0.016,299.053,  0.000,  0.000
  0.016,299.044,  0.000,  0.000
  0.016,299.034,  0.000,  0.000
  0.016,299.020,  0.000,  0.000
  0.016,299.004,  0.000,  0.000
  0.016,298.991,  0.000,  0.000
  0.016,298.978,  0.000,  0.000
  0.016,298.953,  0.000,  0.000
  0.016,298.921,  0.000,  0.000
  0.016,298.904,  0.000,  0.000
  0.016,298.900,  0.000,  0.000
  0.016,298.882,  0.000,  0.000
  0.016,298.873,  0.000,  0.000
  0.016,298.860,  0.000,  0.000
  0.016,298.848,  0.000,  0.000
  0.016,298.837,  0.000,  0.000
  0.016,298.825,  0.000,  0.000
  0.016,298.814,  0.000,  0.000
  0.016,298.803,  0.000,  0.000
  0.016,298.794,  0.000,  0.000
  0.016,298.784,  0.000,  0.000
  0.016,298.775,  0.000,  0.000
  0.016,298.779,  0.000,  0.000
  0.016,298.770,  0.000,  0.000
  0.016,299.076,  0.000,  0.000
  0.016,299.067,  0.000,  0.000
  0.016,299.057,  0.000,  0.000
  0.016,299.046,  0.000,  0.000
  0.016,299.034,  0.000,  0.000
  0.016,299.022,  0.000,  0.000
  0.016,299.008,  0.000,  0.000
  0.016,298.988,  0.000,  0.000
  0.016,298.963,  0.000,  0.000
  0.016,298.941,  0.000,  0.000
  0.016,298.926,  0.000,  0.000
  0.016,298.915,  0.000,  0.000
  0.016,298.902,  0.000,  0.000
  0.016,298.891,  0.000,  0.000
  0.016,298.878,  0.000,  0.000
  0.016,298.867,  0.000,  0.000
  0.016,298.855,  0.000,  0.000
  0.016,298.843,  0.000,  0.000
  0.016,298.832,  0.000,  0.000
  0.016,298.821,  0.000,  0.000
  0.016,298.811,  0.000,  0.000
  0.016,298.801,  0.000,  0.000
  0.016,298.791,  0.000,  0.000
  0.016,298.791,  0.000,  0.000
  0.016,298.782,  0.000,  0.000
  0.016,299.089,  0.000,  0.000
  0.016,299.080,  0.000,  0.000
  0.016,299.070,  0.000,  0.000
  0.016,299.059,  0.000,  0.000
  0.016,299.049,  0.000,  0.000
  0.016,299.040,  0.000,  0.000
  0.016,299.023,  0.000,  0.000
  0.016,298.994,  0.000,  0.000
  0.016,298.967,  0.000,  0.000
  0.016,298.957,  0.000,  0.000
  0.016,298.948,  0.000,  0.000
  0.016,298.929,  0.000,  0.000
  0.016,298.924,  0.000,  0.000
  0.016,298.908,  0.000,  0.000
  0.016,298.898,  0.000,  0.000
  0.016,298.885,  0.000,  0.000
  0.016,298.873,  0.000,  0.000
  0.016,298.861,  0.000,  0.000
  0.016,298.850,  0.000,  0.000
  0.016,298.839,  0.000,  0.000
  0.016,298.828,  0.000,  0.000
  0.016,298.818,  0.000,  0.000
  0.016,298.808,  0.000,  0.000
  0.016,298.804,  0.000,  0.000
  0.016,298.794,  0.000,  0.000
  0.016,299.101,  0.000,  0.000
  0.016,299.093,  0.000,  0.000
  0.016,299.083,  0.000,  0.000
  0.016,299.074,  0.000,  0.000
  0.016,299.063,  0.000,  0.000
  0.016,299.050,  0.000,  0.000
  0.016,299.036,  0.000,  0.000
  0.016,299.021,  0.000,  0.000
  0.016,299.002,  0.000,  0.000
  0.016,298.977,  0.000,  0.000
  0.016,298.958,  0.000,  0.000
  0.016,298.953,  0.000,  0.000
  0.016,298.939,  0.000,  0.000
  0.016,298.927,  0.000,  0.000
  0.016,298.916,  0.000,  0.000
  0.016,298.903,  0.000,  0.000
  0.016,298.892,  0.000,  0.000
  0.016,298.880,  0.000,  0.000
  0.016,298.868,  0.000,  0.000
  0.016,298.857,  0.000,  0.000
  0.016,298.846,  0.000,  0.000
  0.016,298.836,  0.000,  0.000
  0.016,298.826,  0.000,  0.000
  0.016,298.819,  0.000,  0.000
  0.016,298.809,  0.000,  0.000
  0.016,299.114,  0.000,  0.000
  0.016,299.105,  0.000,  0.000
  0.016,299.097,  0.000,  0.000
  0.016,299.088,  0.000,  0.000
  0.016,299.076,  0.000,  0.000
  0.016,299.061,  0.000,  0.000
  0.016,299.050,  0.000,  0.000
  0.016,299.041,  0.000,  0.000
  0.016,299.022,  0.000,  0.000
  0.016,298.991,  0.000,  0.000
  0.016,298.975,  0.000,  0.000
  0.016,298.973,  0.000,  0.000
  0.016,298.955,  0.000,  0.000
  0.016,298.947,  0.000,  0.000
  0.016,298.934,  0.000,  0.000
  0.016,298.922,  0.000,  0.000
  0.016,298.910,  0.000,  0.000
  0.016,298.898,  0.000,  0.000
  0.016,298.887,  0.000,  0.000
  0.016,298.876,  0.000,  0.000
  0.016,298.865,  0.000,  0.000
  0.016,298.854,  0.000,  0.000
  0.016,298.844,  0.000,  0.000
  0.016,298.835,  0.000,  0.000
  0.016,298.821,  0.000,  0.000
  0.016,299.121,  0.000,  0.000
  0.016,299.114,  0.000,  0.000
  0.016,299.106,  0.000,  0.000
  0.016,299.098,  0.000,  0.000
  0.016,299.088,  0.000,  0.000
  0.016,299.076,  0.000,  0.000
  0.016,299.064,  0.000,  0.000
  0.016,299.048,  0.000,  0.000
  0.016,299.027,  0.000,  0.000
  0.016,299.007,  0.000,  0.000
  0.016,298.995,  0.000,  0.000
  0.016,298.986,  0.000,  0.000
  0.016,298.973,  0.000,  0.000
  0.016,298.964,  0.000,  0.000
  0.016,298.952,  0.000,  0.000
  0.016,298.941,  0.000,  0.000
  0.016,298.929,  0.000,  0.000
  0.016,298.918,  0.000,  0.000
  0.016,298.907,  0.000,  0.000
  0.016,298.896,  0.000,  0.000
  0.016,298.885,  0.000,  0.000
  0.016,298.874,  0.000,  0.000
  0.016,298.863,  0.000,  0.000
  0.016,298.851,  0.000,  0.000
  0.016,298.837,  0.000,  0.000
  0.016,299.132,  0.000,  0.000
  0.016,299.125,  0.000,  0.000
  0.016,299.117,  0.000,  0.000
  0.016,299.108,  0.000,  0.000
  0.016,299.100,  0.000,  0.000
  0.016,299.092,  0.000,  0.000
  0.016,299.078,  0.000,  0.000
  0.016,299.055,  0.000,  0.000
  0.016,299.035,  0.000,  0.000
  0.016,299.024,  0.000,  0.000
  0.016,299.012,  0.000,  0.000
  0.016,298.997,  0.000,  0.000
  0.016,298.991,  0.000,  0.000
  0.016,298.978,  0.000,  0.000
  0.016,298.968,  0.000,  0.000
  0.016,298.957,  0.000,  0.000
  0.016,298.946,  0.000,  0.000
  0.016,298.935,  0.000,  0.000
  0.016,298.924,  0.000,  0.000
  0.016,298.913,  0.000,  0.000
  0.016,298.902,  0.000,  0.000
  0.016,298.891,  0.000,  0.000
  0.016,298.879,  0.000,  0.000
  0.016,298.868,  0.000,  0.000
  0.016,298.854,  0.000,  0.000
  0.016,299.142,  0.000,  0.000
  0.016,299.135,  0.000,  0.000
  0.016,299.127,  0.000,  0.000
  0.016,299.118,  0.000,  0.000
  0.016,299.110,  0.000,  0.000
  0.016,299.102,  0.000,  0.000
  0.016,299.089,  0.000,  0.000
  0.016,299.075,  0.000,  0.000
  0.016,299.059,  0.000,  0.000
  0.016,299.039,  0.000,  0.000
  0.016,299.021,  0.000,  0.000
  0.016,299.015,  0.000,  0.000
  0.016,299.004,  0.000,  0.000
  0.016,298.993,  0.000,  0.000
  0.016,298.983,  0.000,  0.000
  0.016,298.973,  0.000,  0.000
  0.016,298.962,  0.000,  0.000
  0.016,298.951,  0.000,  0.000
  0.016,298.940,  0.000,  0.000
  0.016,298.929,  0.000,  0.000
  0.016,298.918,  0.000,  0.000
  0.016,298.907,  0.000,  0.000
  0.016,298.896,  0.000,  0.000
  0.016,298.885,  0.000,  0.000
  0.016,298.871,  0.000,  0.000
  0.016,299.151,  0.000,  0.000
  0.016,299.144,  0.000,  0.000
  0.016,299.136,  0.000,  0.000
  0.016,299.129,  0.000,  0.000
  0.016,299.121,  0.000,  0.000
  0.016,299.112,  0.000,  0.000
  0.016,299.103,  0.000,  0.000
  0.016,299.090,  0.000,  0.000
  0.016,299.071,  0.000,  0.000
  0.016,299.049,  0.000,  0.000
  0.016,299.035,  0.000,  0.000
  0.016,299.029,  0.000,  0.000
  0.016,299.016,  0.000,  0.000
  0.016,299.008,  0.000,  0.000
  0.016,298.998,  0.000,  0.000
  0.016,298.988,  0.000,  0.000
  0.016,298.978,  0.000,  0.000
  0.016,298.967,  0.000,  0.000
  0.016,298.956,  0.000,  0.000
  0.016,298.946,  0.000,  0.000
  0.016,298.935,  0.000,  0.000
  0.016,298.924,  0.000,  0.000
  0.016,298.913,  0.000,  0.000
  0.016,298.902,  0.000,  0.000
  0.016,298.888,  0.000,  0.000
  0.016,299.160,  0.000,  0.000
  0.016,299.153,  0.000,  0.000
  0.016,299.146,  0.000,  0.000
  0.016,299.138,  0.000,  0.000
  0.016,299.131,  0.000,  0.000
  0.016,299.123,  0.000,  0.000
  0.016,299.113,  0.000,  0.000
  0.016,299.101,  0.000,  0.000
  0.016,299.083,  0.000,  0.000
  0.016,299.061,  0.000,  0.000
  0.016,299.048,  0.000,  0.000
  0.016,299.043,  0.000,  0.000
  0.016,299.031,  0.000,  0.000
  0.016,299.023,  0.000,  0.000
  0.016,299.012,  0.000,  0.000
  0.016,299.002,  0.000,  0.000
  0.016,298.992,  0.000,  0.000
  0.016,298.982,  0.000,  0.000
  0.016,298.972,  0.000,  0.000
  0.016,298.962,  0.000,  0.000
  0.016,298.951,  0.000,  0.000
  0.016,298.940,  0.000,  0.000
  0.016,298.929,  0.000,  0.000
  0.016,298.918,  0.000,  0.000
  0.016,298.905,  0.000,  0.000
