  0.017,300.290,  0.000,  0.000
  0.017,300.288,  0.000,  0.000
  0.017,300.290,  0.000,  0.000
  0.017,300.297,  0.000,  0.000
  0.017,300.302,  0.000,  0.000
  0.017,300.306,  0.000,  0.000
  0.017,300.315,  0.000,  0.000
  0.017,300.325,  0.000,  0.000
  0.017,300.335,  0.000,  0.000
  0.017,300.347,  0.000,  0.000
  0.017,300.361,  0.000,  0.000
  0.017,300.376,  0.000,  0.000
  0.017,300.392,  0.000,  0.000
  0.017,300.409,  0.000,  0.000
  0.017,300.429,  0.000,  0.000
  0.017,300.451,  0.000,  0.000
  0.017,300.477,  0.000,  0.000
  0.017,300.505,  0.000,  0.000
  0.016,300.530,  0.000,  0.000
  0.016,300.552,  0.000,  0.000
  0.016,300.569,  0.000,  0.000
  0.016,300.580,  0.000,  0.000
  0.016,300.592,  0.000,  0.000
  0.017,300.628,  0.000,  0.000
  0.017,300.640,  0.000,  0.000
  0.017,300.285,  0.000,  0.000
  0.017,300.284,  0.000,  0.000
  0.017,300.295,  0.000,  0.000
  0.017,300.302,  0.000,  0.000
  0.017,300.303,  0.000,  0.000
  0.017,300.307,  0.000,  0.000
  0.017,300.315,  0.000,  0.000
  0.017,300.322,  0.000,  0.000
  0.017,300.331,  0.000,  0.000
  0.017,300.343,  0.000,  0.000
  0.017,300.355,  0.000,  0.000
  0.017,300.365,  0.000,  0.000
  0.017,300.377,  0.000,  0.000
  0.017,300.390,  0.000,  0.000
  0.017,300.405,  0.000,  0.000
  0.017,300.424,  0.000,  0.000
  0.017,300.445,  0.000,  0.000
  0.017,300.470,  0.000,  0.000
  0.017,300.497,  0.000,  0.000
  0.017,300.524,  0.000,  0.000
  0.016,300.548,  0.000,  0.000
  0.016,300.570,  0.000,  0.000
  0.016,300.586,  0.000,  0.000
  0.016,300.621,  0.000,  0.000
  0.016,300.630,  0.000,  0.000
  0.017,300.273,  0.000,  0.000
  0.017,300.288,  0.000,  0.000
  0.017,300.302,  0.000,  0.000
  0.017,300.302,  0.000,  0.000
  0.017,300.301,  0.000,  0.000
  0.017,300.309,  0.000,  0.000
  0.017,300.317,  0.000,  0.000
  0.017,300.323,  0.000,  0.000
  0.017,300.334,  0.000,  0.000
  0.017,300.345,  0.000,  0.000
  0.017,300.351,  0.000,  0.000
  0.017,300.359,  0.000,  0.000
  0.017,300.369,  0.000,  0.000
  0.017,300.378,  0.000,  0.000
  0.017,300.390,  0.000,  0.000
  0.017,300.405,  0.000,  0.000
  0.017,300.421,  0.000,  0.000
  0.017,300.441,  0.000,  0.000
  0.017,300.464,  0.000,  0.000
  0.017,300.489,  0.000,  0.000
  0.017,300.516,  0.000,  0.000
  0.017,300.543,  0.000,  0.000
  0.016,300.566,  0.000,  0.000
  0.017,300.603,  0.000,  0.000
  0.017,300.616,  0.000,  0.000
  0.017,300.277,  0.000,  0.000
  0.017,300.297,  0.000,  0.000
  0.017,300.297,  0.000,  0.000
  0.017,300.291,  0.000,  0.000
  0.017,300.299,  0.000,  0.000
  0.017,300.309,  0.000,  0.000
  0.017,300.316,  0.000,  0.000
  0.017,300.325,  0.000,  0.000
  0.017,300.337,  0.000,  0.000
  0.017,300.345,  0.000,  0.000
  0.017,300.350,  0.000,  0.000
  0.017,300.358,  0.000,  0.000
  0.017,300.366,  0.000,  0.000
  0.017,300.373,  0.000,  0.000
  0.017,300.382,  0.000,  0.000
  0.017,300.393,  0.000,  0.000
  0.017,300.405,  0.000,  0.000
  0.017,300.420,  0.000,  0.000
  0.017,300.438,  0.000,  0.000
  0.017,300.459,  0.000,  0.000
  0.017,300.482,  0.000,  0.000
  0.017,300.508,  0.000,  0.000
  0.017,300.534,  0.000,  0.000
  0.017,300.576,  0.000,  0.000
  0.017,300.595,  0.000,  0.000
  0.016,300.285,  0.000,  0.000
  0.017,300.282,  0.000,  0.000
  0.017,300.273,  0.000,  0.000
  0.017,300.280,  0.000,  0.000
  0.017,300.294,  0.000,  0.000
  0.017,300.301,  0.000,  0.000
  0.017,300.306,  0.000,  0.000
  0.017,300.317,  0.000,  0.000
  0.017,300.328,  0.000,  0.000
  0.017,300.337,  0.000,  0.000
  0.017,300.347,  0.000,  0.000
  0.017,300.358,  0.000,  0.000
  0.017,300.365,  0.000,  0.000
  0.017,300.370,  0.000,  0.000
  0.017,300.377,  0.000,  0.000
  0.017,300.385,  0.000,  0.000
  0.017,300.394,  0.000,  0.000
  0.017,300.405,  0.000,  0.000
  0.017,300.418,  0.000,  0.000
  0.017,300.435,  0.000,  0.000
  0.017,300.454,  0.000,  0.000
  0.017,300.476,  0.000,  0.000
  0.017,300.501,  0.000,  0.000
  0.017,300.541,  0.000,  0.000
  0.017,300.565,  0.000,  0.000
  0.017,300.264,  0.000,  0.000
  0.017,300.248,  0.000,  0.000
  0.017,300.259,  0.000,  0.000
  0.017,300.278,  0.000,  0.000
  0.017,300.285,  0.000,  0.000
  0.017,300.284,  0.000,  0.000
  0.017,300.288,  0.000,  0.000
  0.017,300.298,  0.000,  0.000
  0.017,300.307,  0.000,  0.000
  0.017,300.320,  0.000,  0.000
  0.017,300.338,  0.000,  0.000
  0.017,300.351,  0.000,  0.000
  0.017,300.360,  0.000,  0.000
  0.017,300.366,  0.000,  0.000
  0.017,300.372,  0.000,  0.000
  0.017,300.378,  0.000,  0.000
  0.017,300.386,  0.000,  0.000
  0.017,300.394,  0.000,  0.000
  0.017,300.404,  0.000,  0.000
  0.017,300.417,  0.000,  0.000
  0.017,300.432,  0.000,  0.000
  0.017,300.451,  0.000,  0.000
  0.017,300.471,  0.000,  0.000
  0.017,300.505,  0.000,  0.000
  0.017,300.528,  0.000,  0.000
  0.017,300.233,  0.000,  0.000
  0.017,300.243,  0.000,  0.000
  0.016,300.263,  0.000,  0.000
  0.017,300.269,  0.000,  0.000
  0.017,300.266,  0.000,  0.000
  0.017,300.270,  0.000,  0.000
  0.017,300.277,  0.000,  0.000
  0.017,300.283,  0.000,  0.000
  0.017,300.288,  0.000,  0.000
  0.017,300.301,  0.000,  0.000
  0.017,300.318,  0.000,  0.000
  0.017,300.331,  0.000,  0.000
  0.017,300.344,  0.000,  0.000
  0.017,300.355,  0.000,  0.000
  0.017,300.364,  0.000,  0.000
  0.017,300.372,  0.000,  0.000
  0.017,300.380,  0.000,  0.000
  0.017,300.387,  0.000,  0.000
  0.017,300.395,  0.000,  0.000
  0.017,300.404,  0.000,  0.000
  0.017,300.415,  0.000,  0.000
  0.017,300.429,  0.000,  0.000
  0.017,300.447,  0.000,  0.000
  0.017,300.475,  0.000,  0.000
  0.017,300.494,  0.000,  0.000
  0.017,300.242,  0.000,  0.000
  0.016,300.252,  0.000,  0.000
  0.017,300.258,  0.000,  0.000
  0.017,300.250,  0.000,  0.000
  0.017,300.257,  0.000,  0.000
  0.017,300.269,  0.000,  0.000
  0.017,300.276,  0.000,  0.000
  0.017,300.281,  0.000,  0.000
  0.017,300.285,  0.000,  0.000
  0.017,300.292,  0.000,  0.000
  0.017,300.299,  0.000,  0.000
  0.017,300.308,  0.000,  0.000
  0.017,300.323,  0.000,  0.000
  0.017,300.338,  0.000,  0.000
  0.017,300.351,  0.000,  0.000
  0.017,300.362,  0.000,  0.000
  0.017,300.371,  0.000,  0.000
  0.017,300.379,  0.000,  0.000
  0.017,300.387,  0.000,  0.000
  0.017,300.395,  0.000,  0.000
  0.017,300.403,  0.000,  0.000
  0.017,300.412,  0.000,  0.000
  0.017,300.426,  0.000,  0.000
  0.017,300.448,  0.000,  0.000
  0.017,300.465,  0.000,  0.000
  0.016,300.245,  0.000,  0.000
  0.017,300.246,  0.000,  0.000
  0.017,300.240,  0.000,  0.000
  0.017,300.247,  0.000,  0.000
  0.016,300.259,  0.000,  0.000
  0.016,300.263,  0.000,  0.000
  0.017,300.268,  0.000,  0.000
  0.017,300.284,  0.000,  0.000
  0.017,300.295,  0.000,  0.000
  0.017,300.300,  0.000,  0.000
  0.017,300.300,  0.000,  0.000
  0.017,300.301,  0.000,  0.000
  0.017,300.311,  0.000,  0.000
  0.017,300.324,  0.000,  0.000
  0.017,300.335,  0.000,  0.000
  0.017,300.347,  0.000,  0.000
  0.017,300.358,  0.000,  0.000
  0.017,300.367,  0.000,  0.000
  0.017,300.376,  0.000,  0.000
  0.017,300.385,  0.000,  0.000
  0.017,300.393,  0.000,  0.000
  0.017,300.401,  0.000,  0.000
  0.017,300.410,  0.000,  0.000
  0.017,300.425,  0.000,  0.000
  0.017,300.439,  0.000,  0.000
  0.017,300.233,  0.000,  0.000
  0.017,300.232,  0.000,  0.000
  0.017,300.240,  0.000,  0.000
  0.016,300.247,  0.000,  0.000
  0.016,300.251,  0.000,  0.000
  0.017,300.248,  0.000,  0.000
  0.017,300.259,  0.000,  0.000
  0.017,300.280,  0.000,  0.000
  0.017,300.294,  0.000,  0.000
  0.017,300.308,  0.000,  0.000
  0.017,300.315,  0.000,  0.000
  0.017,300.315,  0.000,  0.000
  0.017,300.318,  0.000,  0.000
  0.017,300.319,  0.000,  0.000
  0.017,300.322,  0.000,  0.000
  0.017,300.332,  0.000,  0.000
  0.017,300.343,  0.000,  0.000
  0.017,300.353,  0.000,  0.000
  0.017,300.363,  0.000,  0.000
  0.017,300.373,  0.000,  0.000
  0.017,300.381,  0.000,  0.000
  0.017,300.389,  0.000,  0.000
  0.017,300.397,  0.000,  0.000
  0.017,300.407,  0.000,  0.000
  0.017,300.418,  0.000,  0.000
  0.017,300.210,  0.000,  0.000
  0.017,300.221,  0.000,  0.000
  0.016,300.223,  0.000,  0.000
  0.016,300.232,  0.000,  0.000
  0.017,300.236,  0.000,  0.000
  0.017,300.241,  0.000,  0.000
  0.017,300.253,  0.000,  0.000
  0.016,300.261,  0.000,  0.000
  0.017,300.272,  0.000,  0.000
  0.017,300.292,  0.000,  0.000
  0.017,300.312,  0.000,  0.000
  0.017,300.323,  0.000,  0.000
  0.017,300.330,  0.000,  0.000
  0.017,300.326,  0.000,  0.000
  0.017,300.320,  0.000,  0.000
  0.017,300.323,  0.000,  0.000
  0.017,300.330,  0.000,  0.000
  0.017,300.339,  0.000,  0.000
  0.017,300.351,  0.000,  0.000
  0.017,300.361,  0.000,  0.000
  0.017,300.368,  0.000,  0.000
  0.017,300.375,  0.000,  0.000
  0.017,300.383,  0.000,  0.000
  0.017,300.390,  0.000,  0.000
  0.017,300.399,  0.000,  0.000
  0.017,300.193,  0.000,  0.000
  0.016,300.193,  0.000,  0.000
  0.017,300.211,  0.000,  0.000
  0.017,300.219,  0.000,  0.000
  0.017,300.225,  0.000,  0.000
  0.016,300.233,  0.000,  0.000
  0.016,300.238,  0.000,  0.000
  0.017,300.244,  0.000,  0.000
  0.017,300.251,  0.000,  0.000
  0.017,300.265,  0.000,  0.000
  0.017,300.282,  0.000,  0.000
  0.017,300.305,  0.000,  0.000
  0.017,300.326,  0.000,  0.000
  0.017,300.332,  0.000,  0.000
  0.017,300.331,  0.000,  0.000
  0.017,300.326,  0.000,  0.000
  0.017,300.321,  0.000,  0.000
  0.017,300.323,  0.000,  0.000
  0.017,300.334,  0.000,  0.000
  0.017,300.344,  0.000,  0.000
  0.017,300.352,  0.000,  0.000
  0.017,300.360,  0.000,  0.000
  0.017,300.367,  0.000,  0.000
  0.017,300.373,  0.000,  0.000
  0.017,300.380,  0.000,  0.000
  0.016,300.164,  0.000,  0.000
  0.017,300.188,  0.000,  0.000
  0.017,300.198,  0.000,  0.000
  0.017,300.200,  0.000,  0.000
  0.016,300.199,  0.000,  0.000
  0.016,300.211,  0.000,  0.000
  0.017,300.228,  0.000,  0.000
  0.017,300.234,  0.000,  0.000
  0.017,300.240,  0.000,  0.000
  0.017,300.243,  0.000,  0.000
  0.017,300.256,  0.000,  0.000
  0.017,300.274,  0.000,  0.000
  0.017,300.295,  0.000,  0.000
  0.017,300.317,  0.000,  0.000
  0.017,300.334,  0.000,  0.000
  0.017,300.337,  0.000,  0.000
  0.017,300.327,  0.000,  0.000
  0.017,300.319,  0.000,  0.000
  0.017,300.319,  0.000,  0.000
  0.017,300.325,  0.000,  0.000
  0.017,300.336,  0.000,  0.000
  0.017,300.346,  0.000,  0.000
  0.017,300.352,  0.000,  0.000
  0.017,300.357,  0.000,  0.000
  0.017,300.363,  0.000,  0.000
  0.017,300.155,  0.000,  0.000
  0.017,300.170,  0.000,  0.000
  0.017,300.171,  0.000,  0.000
  0.016,300.166,  0.000,  0.000
  0.017,300.184,  0.000,  0.000
  0.017,300.206,  0.000,  0.000
  0.017,300.215,  0.000,  0.000
  0.017,300.218,  0.000,  0.000
  0.016,300.222,  0.000,  0.000
  0.017,300.238,  0.000,  0.000
  0.017,300.248,  0.000,  0.000
  0.017,300.250,  0.000,  0.000
  0.017,300.259,  0.000,  0.000
  0.017,300.283,  0.000,  0.000
  0.017,300.309,  0.000,  0.000
  0.017,300.328,  0.000,  0.000
  0.017,300.336,  0.000,  0.000
  0.017,300.330,  0.000,  0.000
  0.017,300.318,  0.000,  0.000
  0.017,300.312,  0.000,  0.000
  0.017,300.318,  0.000,  0.000
  0.017,300.328,  0.000,  0.000
  0.017,300.338,  0.000,  0.000
  0.017,300.344,  0.000,  0.000
  0.017,300.348,  0.000,  0.000
  0.017,300.129,  0.000,  0.000
  0.017,300.130,  0.000,  0.000
  0.017,300.135,  0.000,  0.000
  0.017,300.161,  0.000,  0.000
  0.017,300.183,  0.000,  0.000
  0.017,300.189,  0.000,  0.000
  0.017,300.182,  0.000,  0.000
  0.016,300.186,  0.000,  0.000
  0.017,300.216,  0.000,  0.000
  0.017,300.238,  0.000,  0.000
  0.017,300.237,  0.000,  0.000
  0.017,300.235,  0.000,  0.000
  0.017,300.248,  0.000,  0.000
  0.017,300.257,  0.000,  0.000
  0.017,300.268,  0.000,  0.000
  0.017,300.291,  0.000,  0.000
  0.017,300.317,  0.000,  0.000
  0.017,300.331,  0.000,  0.000
  0.017,300.330,  0.000,  0.000
  0.017,300.318,  0.000,  0.000
  0.017,300.307,  0.000,  0.000
  0.017,300.307,  0.000,  0.000
  0.017,300.318,  0.000,  0.000
  0.017,300.330,  0.000,  0.000
  0.017,300.337,  0.000,  0.000
