  0.017,299.488,  0.000,  0.000
  0.017,299.511,  0.000,  0.000
  0.017,299.522,  0.000,  0.000
  0.017,299.495,  0.000,  0.000
  0.017,299.454,  0.000,  0.000
  0.017,299.407,  0.000,  0.000
  0.017,299.347,  0.000,  0.000
  0.017,299.321,  0.000,  0.000
  0.017,299.348,  0.000,  0.000
  0.017,299.366,  0.000,  0.000
  0.017,299.374,  0.000,  0.000
  0.017,299.378,  0.000,  0.000
  0.017,299.375,  0.000,  0.000
  0.017,299.379,  0.000,  0.000
  0.017,299.401,  0.000,  0.000
  0.017,299.427,  0.000,  0.000
  0.017,299.432,  0.000,  0.000
  0.017,299.417,  0.000,  0.000
  0.017,299.399,  0.000,  0.000
  0.017,299.383,  0.000,  0.000
  0.017,299.373,  0.000,  0.000
  0.017,299.368,  0.000,  0.000
  0.017,299.362,  0.000,  0.000
  0.017,299.366,  0.000,  0.000
  0.017,299.347,  0.000,  0.000
  0.017,299.518,  0.000,  0.000
  0.017,299.545,  0.000,  0.000
  0.017,299.557,  0.000,  0.000
  0.017,299.526,  0.000,  0.000
  0.017,299.480,  0.000,  0.000
  0.017,299.430,  0.000,  0.000
  0.017,299.375,  0.000,  0.000
  0.017,299.363,  0.000,  0.000
  0.017,299.394,  0.000,  0.000
  0.017,299.410,  0.000,  0.000
  0.017,299.411,  0.000,  0.000
  0.017,299.406,  0.000,  0.000
  0.017,299.405,  0.000,  0.000
  0.017,299.421,  0.000,  0.000
  0.017,299.453,  0.000,  0.000
  0.017,299.474,  0.000,  0.000
  0.017,299.471,  0.000,  0.000
  0.017,299.456,  0.000,  0.000
  0.017,299.438,  0.000,  0.000
  0.017,299.424,  0.000,  0.000
  0.017,299.416,  0.000,  0.000
  0.017,299.407,  0.000,  0.000
  0.017,299.390,  0.000,  0.000
  0.017,299.387,  0.000,  0.000
  0.017,299.375,  0.000,  0.000
  0.017,299.548,  0.000,  0.000
  0.017,299.580,  0.000,  0.000
  0.017,299.591,  0.000,  0.000
  0.017,299.555,  0.000,  0.000
  0.017,299.507,  0.000,  0.000
  0.017,299.457,  0.000,  0.000
  0.017,299.411,  0.000,  0.000
  0.017,299.410,  0.000,  0.000
  0.017,299.439,  0.000,  0.000
  0.017,299.450,  0.000,  0.000
  0.017,299.447,  0.000,  0.000
  0.017,299.441,  0.000,  0.000
  0.017,299.446,  0.000,  0.000
  0.017,299.468,  0.000,  0.000
  0.017,299.504,  0.000,  0.000
  0.017,299.522,  0.000,  0.000
  0.017,299.514,  0.000,  0.000
  0.017,299.496,  0.000,  0.000
  0.017,299.480,  0.000,  0.000
  0.017,299.465,  0.000,  0.000
  0.017,299.451,  0.000,  0.000
  0.017,299.433,  0.000,  0.000
  0.017,299.412,  0.000,  0.000
  0.017,299.416,  0.000,  0.000
  0.017,299.420,  0.000,  0.000
  0.017,299.579,  0.000,  0.000
  0.017,299.616,  0.000,  0.000
  0.017,299.624,  0.000,  0.000
  0.017,299.582,  0.000,  0.000
  0.017,299.533,  0.000,  0.000
  0.017,299.487,  0.000,  0.000
  0.017,299.452,  0.000,  0.000
  0.017,299.459,  0.000,  0.000
  0.017,299.484,  0.000,  0.000
  0.017,299.489,  0.000,  0.000
  0.017,299.481,  0.000,  0.000
  0.017,299.481,  0.000,  0.000
  0.017,299.497,  0.000,  0.000
  0.017,299.525,  0.000,  0.000
  0.017,299.559,  0.000,  0.000
  0.017,299.568,  0.000,  0.000
  0.017,299.559,  0.000,  0.000
  0.017,299.539,  0.000,  0.000
  0.017,299.522,  0.000,  0.000
  0.017,299.499,  0.000,  0.000
  0.017,299.476,  0.000,  0.000
  0.017,299.454,  0.000,  0.000
  0.017,299.442,  0.000,  0.000
  0.017,299.463,  0.000,  0.000
  0.017,299.476,  0.000,  0.000
  0.017,299.611,  0.000,  0.000
  0.017,299.652,  0.000,  0.000
  0.017,299.656,  0.000,  0.000
  0.017,299.608,  0.000,  0.000
  0.017,299.559,  0.000,  0.000
  0.017,299.520,  0.000,  0.000
  0.017,299.495,  0.000,  0.000
  0.017,299.508,  0.000,  0.000
  0.017,299.530,  0.000,  0.000
  0.017,299.529,  0.000,  0.000
  0.017,299.513,  0.000,  0.000
  0.017,299.512,  0.000,  0.000
  0.017,299.538,  0.000,  0.000
  0.017,299.577,  0.000,  0.000
  0.017,299.611,  0.000,  0.000
  0.017,299.616,  0.000,  0.000
  0.017,299.603,  0.000,  0.000
  0.017,299.584,  0.000,  0.000
  0.017,299.558,  0.000,  0.000
  0.017,299.523,  0.000,  0.000
  0.017,299.498,  0.000,  0.000
  0.017,299.485,  0.000,  0.000
  0.017,299.492,  0.000,  0.000
  0.017,299.522,  0.000,  0.000
  0.017,299.528,  0.000,  0.000
  0.017,299.643,  0.000,  0.000
  0.017,299.688,  0.000,  0.000
  0.017,299.690,  0.000,  0.000
  0.017,299.635,  0.000,  0.000
  0.017,299.588,  0.000,  0.000
  0.017,299.555,  0.000,  0.000
  0.017,299.540,  0.000,  0.000
  0.017,299.558,  0.000,  0.000
  0.017,299.576,  0.000,  0.000
  0.017,299.568,  0.000,  0.000
  0.017,299.550,  0.000,  0.000
  0.017,299.555,  0.000,  0.000
  0.017,299.587,  0.000,  0.000
  0.017,299.631,  0.000,  0.000
  0.017,299.663,  0.000,  0.000
  0.017,299.664,  0.000,  0.000
  0.017,299.646,  0.000,  0.000
  0.017,299.621,  0.000,  0.000
  0.017,299.586,  0.000,  0.000
  0.017,299.548,  0.000,  0.000
  0.017,299.533,  0.000,  0.000
  0.017,299.537,  0.000,  0.000
  0.017,299.555,  0.000,  0.000
  0.017,299.576,  0.000,  0.000
  0.017,299.567,  0.000,  0.000
  0.017,299.676,  0.000,  0.000
  0.017,299.726,  0.000,  0.000
  0.017,299.726,  0.000,  0.000
  0.017,299.669,  0.000,  0.000
  0.017,299.623,  0.000,  0.000
  0.017,299.592,  0.000,  0.000
  0.017,299.585,  0.000,  0.000
  0.017,299.608,  0.000,  0.000
  0.017,299.621,  0.000,  0.000
  0.017,299.606,  0.000,  0.000
  0.017,299.595,  0.000,  0.000
  0.017,299.619,  0.000,  0.000
  0.017,299.658,  0.000,  0.000
  0.017,299.696,  0.000,  0.000
  0.017,299.715,  0.000,  0.000
  0.017,299.712,  0.000,  0.000
  0.017,299.688,  0.000,  0.000
  0.017,299.650,  0.000,  0.000
  0.017,299.611,  0.000,  0.000
  0.017,299.583,  0.000,  0.000
  0.017,299.586,  0.000,  0.000
  0.017,299.604,  0.000,  0.000
  0.017,299.616,  0.000,  0.000
  0.017,299.616,  0.000,  0.000
  0.017,299.599,  0.000,  0.000
  0.017,299.709,  0.000,  0.000
  0.017,299.762,  0.000,  0.000
  0.017,299.763,  0.000,  0.000
  0.017,299.708,  0.000,  0.000
  0.017,299.662,  0.000,  0.000
  0.017,299.632,  0.000,  0.000
  0.017,299.633,  0.000,  0.000
  0.017,299.660,  0.000,  0.000
  0.017,299.672,  0.000,  0.000
  0.017,299.646,  0.000,  0.000
  0.017,299.630,  0.000,  0.000
  0.017,299.666,  0.000,  0.000
  0.017,299.727,  0.000,  0.000
  0.017,299.765,  0.000,  0.000
  0.017,299.771,  0.000,  0.000
  0.017,299.757,  0.000,  0.000
  0.017,299.728,  0.000,  0.000
  0.017,299.680,  0.000,  0.000
  0.017,299.645,  0.000,  0.000
  0.017,299.636,  0.000,  0.000
  0.017,299.653,  0.000,  0.000
  0.018,299.668,  0.000,  0.000
  0.018,299.663,  0.000,  0.000
  0.017,299.650,  0.000,  0.000
  0.017,299.636,  0.000,  0.000
  0.017,299.743,  0.000,  0.000
  0.017,299.799,  0.000,  0.000
  0.017,299.805,  0.000,  0.000
  0.017,299.757,  0.000,  0.000
  0.017,299.705,  0.000,  0.000
  0.017,299.674,  0.000,  0.000
  0.017,299.682,  0.000,  0.000
  0.017,299.717,  0.000,  0.000
  0.017,299.727,  0.000,  0.000
  0.017,299.691,  0.000,  0.000
  0.017,299.656,  0.000,  0.000
  0.017,299.674,  0.000,  0.000
  0.017,299.762,  0.000,  0.000
  0.017,299.831,  0.000,  0.000
  0.017,299.832,  0.000,  0.000
  0.017,299.795,  0.000,  0.000
  0.017,299.765,  0.000,  0.000
  0.017,299.726,  0.000,  0.000
  0.017,299.698,  0.000,  0.000
  0.018,299.702,  0.000,  0.000
  0.018,299.718,  0.000,  0.000
  0.018,299.718,  0.000,  0.000
  0.018,299.700,  0.000,  0.000
  0.018,299.687,  0.000,  0.000
  0.018,299.681,  0.000,  0.000
  0.017,299.776,  0.000,  0.000
  0.017,299.836,  0.000,  0.000
  0.017,299.849,  0.000,  0.000
  0.017,299.806,  0.000,  0.000
  0.017,299.751,  0.000,  0.000
  0.017,299.720,  0.000,  0.000
  0.017,299.735,  0.000,  0.000
  0.017,299.773,  0.000,  0.000
  0.017,299.779,  0.000,  0.000
  0.017,299.740,  0.000,  0.000
  0.017,299.703,  0.000,  0.000
  0.017,299.715,  0.000,  0.000
  0.017,299.791,  0.000,  0.000
  0.017,299.885,  0.000,  0.000
  0.017,299.889,  0.000,  0.000
  0.017,299.835,  0.000,  0.000
  0.017,299.806,  0.000,  0.000
  0.017,299.786,  0.000,  0.000
  0.018,299.766,  0.000,  0.000
  0.018,299.768,  0.000,  0.000
  0.018,299.772,  0.000,  0.000
  0.018,299.755,  0.000,  0.000
  0.018,299.737,  0.000,  0.000
  0.018,299.730,  0.000,  0.000
  0.018,299.729,  0.000,  0.000
  0.017,299.809,  0.000,  0.000
  0.017,299.873,  0.000,  0.000
  0.017,299.890,  0.000,  0.000
  0.017,299.852,  0.000,  0.000
  0.017,299.799,  0.000,  0.000
  0.017,299.771,  0.000,  0.000
  0.017,299.791,  0.000,  0.000
  0.017,299.827,  0.000,  0.000
  0.017,299.820,  0.000,  0.000
  0.017,299.787,  0.000,  0.000
  0.017,299.776,  0.000,  0.000
  0.017,299.807,  0.000,  0.000
  0.017,299.872,  0.000,  0.000
  0.017,299.939,  0.000,  0.000
  0.017,299.933,  0.000,  0.000
  0.017,299.886,  0.000,  0.000
  0.017,299.864,  0.000,  0.000
  0.018,299.856,  0.000,  0.000
  0.018,299.837,  0.000,  0.000
  0.018,299.827,  0.000,  0.000
  0.018,299.816,  0.000,  0.000
  0.018,299.794,  0.000,  0.000
  0.018,299.780,  0.000,  0.000
  0.018,299.777,  0.000,  0.000
  0.018,299.776,  0.000,  0.000
  0.017,299.841,  0.000,  0.000
  0.017,299.910,  0.000,  0.000
  0.017,299.929,  0.000,  0.000
  0.017,299.895,  0.000,  0.000
  0.017,299.848,  0.000,  0.000
  0.017,299.826,  0.000,  0.000
  0.017,299.852,  0.000,  0.000
  0.017,299.880,  0.000,  0.000
  0.017,299.858,  0.000,  0.000
  0.017,299.828,  0.000,  0.000
  0.017,299.848,  0.000,  0.000
  0.017,299.909,  0.000,  0.000
  0.017,299.973,  0.000,  0.000
  0.017,299.995,  0.000,  0.000
  0.018,299.966,  0.000,  0.000
  0.017,299.938,  0.000,  0.000
  0.018,299.927,  0.000,  0.000
  0.018,299.917,  0.000,  0.000
  0.018,299.895,  0.000,  0.000
  0.018,299.874,  0.000,  0.000
  0.018,299.853,  0.000,  0.000
  0.018,299.833,  0.000,  0.000
  0.018,299.825,  0.000,  0.000
  0.018,299.824,  0.000,  0.000
  0.018,299.821,  0.000,  0.000
  0.017,299.873,  0.000,  0.000
  0.017,299.944,  0.000,  0.000
  0.017,299.961,  0.000,  0.000
  0.017,299.930,  0.000,  0.000
  0.017,299.893,  0.000,  0.000
  0.017,299.884,  0.000,  0.000
  0.017,299.915,  0.000,  0.000
  0.017,299.933,  0.000,  0.000
  0.017,299.896,  0.000,  0.000
  0.017,299.866,  0.000,  0.000
  0.018,299.904,  0.000,  0.000
  0.018,299.995,  0.000,  0.000
  0.017,300.063,  0.000,  0.000
  0.017,300.050,  0.000,  0.000
  0.018,300.003,  0.000,  0.000
  0.017,299.988,  0.000,  0.000
  0.018,299.985,  0.000,  0.000
  0.018,299.969,  0.000,  0.000
  0.018,299.945,  0.000,  0.000
  0.018,299.922,  0.000,  0.000
  0.018,299.897,  0.000,  0.000
  0.018,299.877,  0.000,  0.000
  0.018,299.871,  0.000,  0.000
  0.018,299.870,  0.000,  0.000
  0.018,299.865,  0.000,  0.000
  0.017,299.904,  0.000,  0.000
  0.017,299.976,  0.000,  0.000
  0.017,299.987,  0.000,  0.000
  0.017,299.959,  0.000,  0.000
  0.017,299.933,  0.000,  0.000
  0.017,299.940,  0.000,  0.000
  0.017,299.980,  0.000,  0.000
  0.017,299.988,  0.000,  0.000
  0.017,299.939,  0.000,  0.000
  0.017,299.909,  0.000,  0.000
  0.018,299.957,  0.000,  0.000
  0.018,300.070,  0.000,  0.000
  0.017,300.139,  0.000,  0.000
  0.017,300.103,  0.000,  0.000
  0.018,300.048,  0.000,  0.000
  0.017,300.039,  0.000,  0.000
  0.018,300.032,  0.000,  0.000
  0.018,300.009,  0.000,  0.000
  0.018,299.988,  0.000,  0.000
  0.018,299.973,  0.000,  0.000
  0.018,299.952,  0.000,  0.000
  0.018,299.932,  0.000,  0.000
  0.018,299.921,  0.000,  0.000
  0.018,299.916,  0.000,  0.000
  0.018,299.909,  0.000,  0.000
  0.017,299.935,  0.000,  0.000
  0.017,300.006,  0.000,  0.000
  0.017,300.011,  0.000,  0.000
  0.017,299.986,  0.000,  0.000
  0.017,299.970,  0.000,  0.000
  0.017,299.993,  0.000,  0.000
  0.017,300.041,  0.000,  0.000
  0.017,300.047,  0.000,  0.000
  0.017,299.991,  0.000,  0.000
  0.017,299.963,  0.000,  0.000
  0.018,300.021,  0.000,  0.000
  0.017,300.145,  0.000,  0.000
  0.017,300.209,  0.000,  0.000
  0.017,300.157,  0.000,  0.000
  0.017,300.102,  0.000,  0.000
  0.017,300.093,  0.000,  0.000
  0.018,300.075,  0.000,  0.000
  0.018,300.042,  0.000,  0.000
  0.018,300.021,  0.000,  0.000
  0.018,300.016,  0.000,  0.000
  0.018,300.007,  0.000,  0.000
  0.018,299.991,  0.000,  0.000
  0.018,299.977,  0.000,  0.000
  0.018,299.965,  0.000,  0.000
  0.018,299.957,  0.000,  0.000
