  0.018,300.893,  0.000,  0.000
  0.018,300.870,  0.000,  0.000
  0.018,300.851,  0.000,  0.000
  0.018,300.846,  0.000,  0.000
  0.018,300.843,  0.000,  0.000
  0.018,300.778,  0.000,  0.000
  0.018,300.659,  0.000,  0.000
  0.018,300.604,  0.000,  0.000
  0.018,300.722,  0.000,  0.000
  0.018,300.908,  0.000,  0.000
  0.018,300.992,  0.000,  0.000
  0.018,300.981,  0.000,  0.000
  0.018,300.974,  0.000,  0.000
  0.018,300.955,  0.000,  0.000
  0.018,300.893,  0.000,  0.000
  0.018,300.847,  0.000,  0.000
  0.018,300.864,  0.000,  0.000
  0.018,300.906,  0.000,  0.000
  0.019,300.871,  0.000,  0.000
  0.019,300.772,  0.000,  0.000
  0.018,300.732,  0.000,  0.000
  0.018,300.761,  0.000,  0.000
  0.018,300.790,  0.000,  0.000
  0.018,300.807,  0.000,  0.000
  0.018,300.767,  0.000,  0.000
  0.018,300.985,  0.000,  0.000
  0.018,300.945,  0.000,  0.000
  0.018,300.901,  0.000,  0.000
  0.018,300.887,  0.000,  0.000
  0.018,300.914,  0.000,  0.000
  0.018,300.880,  0.000,  0.000
  0.018,300.780,  0.000,  0.000
  0.018,300.746,  0.000,  0.000
  0.018,300.840,  0.000,  0.000
  0.018,300.953,  0.000,  0.000
  0.018,300.980,  0.000,  0.000
  0.018,300.960,  0.000,  0.000
  0.018,300.949,  0.000,  0.000
  0.018,300.945,  0.000,  0.000
  0.018,300.926,  0.000,  0.000
  0.018,300.902,  0.000,  0.000
  0.018,300.908,  0.000,  0.000
  0.018,300.930,  0.000,  0.000
  0.018,300.911,  0.000,  0.000
  0.018,300.829,  0.000,  0.000
  0.018,300.764,  0.000,  0.000
  0.018,300.757,  0.000,  0.000
  0.018,300.776,  0.000,  0.000
  0.018,300.811,  0.000,  0.000
  0.018,300.800,  0.000,  0.000
  0.018,301.014,  0.000,  0.000
  0.018,300.955,  0.000,  0.000
  0.018,300.905,  0.000,  0.000
  0.018,300.912,  0.000,  0.000
  0.018,300.963,  0.000,  0.000
  0.018,300.968,  0.000,  0.000
  0.018,300.917,  0.000,  0.000
  0.018,300.897,  0.000,  0.000
  0.018,300.927,  0.000,  0.000
  0.018,300.936,  0.000,  0.000
  0.018,300.927,  0.000,  0.000
  0.018,300.928,  0.000,  0.000
  0.018,300.928,  0.000,  0.000
  0.018,300.926,  0.000,  0.000
  0.018,300.915,  0.000,  0.000
  0.018,300.899,  0.000,  0.000
  0.018,300.888,  0.000,  0.000
  0.018,300.912,  0.000,  0.000
  0.018,300.936,  0.000,  0.000
  0.018,300.887,  0.000,  0.000
  0.019,300.783,  0.000,  0.000
  0.018,300.750,  0.000,  0.000
  0.018,300.779,  0.000,  0.000
  0.018,300.837,  0.000,  0.000
  0.018,300.826,  0.000,  0.000
  0.018,300.981,  0.000,  0.000
  0.018,300.935,  0.000,  0.000
  0.018,300.917,  0.000,  0.000
  0.018,300.952,  0.000,  0.000
  0.018,301.004,  0.000,  0.000
  0.018,301.015,  0.000,  0.000
  0.019,300.982,  0.000,  0.000
  0.019,300.941,  0.000,  0.000
  0.018,300.917,  0.000,  0.000
  0.018,300.905,  0.000,  0.000
  0.018,300.908,  0.000,  0.000
  0.018,300.921,  0.000,  0.000
  0.018,300.924,  0.000,  0.000
  0.018,300.916,  0.000,  0.000
  0.018,300.928,  0.000,  0.000
  0.018,300.944,  0.000,  0.000
  0.018,300.941,  0.000,  0.000
  0.018,300.939,  0.000,  0.000
  0.018,300.952,  0.000,  0.000
  0.018,300.928,  0.000,  0.000
  0.018,300.847,  0.000,  0.000
  0.018,300.794,  0.000,  0.000
  0.018,300.800,  0.000,  0.000
  0.018,300.841,  0.000,  0.000
  0.018,300.820,  0.000,  0.000
  0.019,300.985,  0.000,  0.000
  0.019,300.956,  0.000,  0.000
  0.019,300.955,  0.000,  0.000
  0.018,300.977,  0.000,  0.000
  0.018,301.017,  0.000,  0.000
  0.018,301.037,  0.000,  0.000
  0.018,301.023,  0.000,  0.000
  0.018,300.974,  0.000,  0.000
  0.018,300.927,  0.000,  0.000
  0.018,300.909,  0.000,  0.000
  0.018,300.927,  0.000,  0.000
  0.018,300.959,  0.000,  0.000
  0.018,300.976,  0.000,  0.000
  0.018,300.961,  0.000,  0.000
  0.018,300.972,  0.000,  0.000
  0.018,301.013,  0.000,  0.000
  0.018,301.004,  0.000,  0.000
  0.018,300.959,  0.000,  0.000
  0.019,300.907,  0.000,  0.000
  0.018,300.900,  0.000,  0.000
  0.018,300.909,  0.000,  0.000
  0.018,300.896,  0.000,  0.000
  0.018,300.857,  0.000,  0.000
  0.018,300.836,  0.000,  0.000
  0.019,300.812,  0.000,  0.000
  0.018,301.085,  0.000,  0.000
  0.018,301.055,  0.000,  0.000
  0.018,301.024,  0.000,  0.000
  0.018,301.016,  0.000,  0.000
  0.018,301.034,  0.000,  0.000
  0.018,301.064,  0.000,  0.000
  0.018,301.064,  0.000,  0.000
  0.018,301.023,  0.000,  0.000
  0.018,300.977,  0.000,  0.000
  0.018,300.946,  0.000,  0.000
  0.018,300.957,  0.000,  0.000
  0.018,300.988,  0.000,  0.000
  0.018,301.006,  0.000,  0.000
  0.018,300.997,  0.000,  0.000
  0.018,300.990,  0.000,  0.000
  0.018,301.007,  0.000,  0.000
  0.018,300.994,  0.000,  0.000
  0.018,300.946,  0.000,  0.000
  0.018,300.898,  0.000,  0.000
  0.018,300.887,  0.000,  0.000
  0.018,300.906,  0.000,  0.000
  0.018,300.916,  0.000,  0.000
  0.018,300.883,  0.000,  0.000
  0.018,300.855,  0.000,  0.000
  0.019,300.818,  0.000,  0.000
  0.018,301.141,  0.000,  0.000
  0.018,301.147,  0.000,  0.000
  0.018,301.132,  0.000,  0.000
  0.018,301.099,  0.000,  0.000
  0.018,301.071,  0.000,  0.000
  0.018,301.058,  0.000,  0.000
  0.018,301.055,  0.000,  0.000
  0.018,301.042,  0.000,  0.000
  0.018,301.027,  0.000,  0.000
  0.019,301.006,  0.000,  0.000
  0.018,300.996,  0.000,  0.000
  0.018,300.996,  0.000,  0.000
  0.018,300.997,  0.000,  0.000
  0.018,300.987,  0.000,  0.000
  0.018,300.987,  0.000,  0.000
  0.018,300.993,  0.000,  0.000
  0.018,300.990,  0.000,  0.000
  0.018,300.979,  0.000,  0.000
  0.018,300.953,  0.000,  0.000
  0.018,300.917,  0.000,  0.000
  0.018,300.886,  0.000,  0.000
  0.018,300.886,  0.000,  0.000
  0.018,300.906,  0.000,  0.000
  0.018,300.915,  0.000,  0.000
  0.019,300.878,  0.000,  0.000
  0.018,301.156,  0.000,  0.000
  0.018,301.159,  0.000,  0.000
  0.018,301.164,  0.000,  0.000
  0.018,301.140,  0.000,  0.000
  0.018,301.103,  0.000,  0.000
  0.019,301.066,  0.000,  0.000
  0.018,301.044,  0.000,  0.000
  0.018,301.051,  0.000,  0.000
  0.018,301.075,  0.000,  0.000
  0.018,301.078,  0.000,  0.000
  0.018,301.053,  0.000,  0.000
  0.018,301.025,  0.000,  0.000
  0.018,301.010,  0.000,  0.000
  0.018,301.002,  0.000,  0.000
  0.018,300.997,  0.000,  0.000
  0.018,300.995,  0.000,  0.000
  0.018,300.994,  0.000,  0.000
  0.018,301.008,  0.000,  0.000
  0.018,301.012,  0.000,  0.000
  0.018,300.974,  0.000,  0.000
  0.019,300.908,  0.000,  0.000
  0.019,300.887,  0.000,  0.000
  0.018,300.912,  0.000,  0.000
  0.018,300.941,  0.000,  0.000
  0.018,300.933,  0.000,  0.000
  0.018,301.178,  0.000,  0.000
  0.018,301.147,  0.000,  0.000
  0.019,301.120,  0.000,  0.000
  0.018,301.115,  0.000,  0.000
  0.018,301.115,  0.000,  0.000
  0.018,301.105,  0.000,  0.000
  0.019,301.081,  0.000,  0.000
  0.019,301.072,  0.000,  0.000
  0.018,301.095,  0.000,  0.000
  0.018,301.112,  0.000,  0.000
  0.018,301.098,  0.000,  0.000
  0.018,301.063,  0.000,  0.000
  0.018,301.044,  0.000,  0.000
  0.018,301.049,  0.000,  0.000
  0.018,301.050,  0.000,  0.000
  0.018,301.022,  0.000,  0.000
  0.018,300.992,  0.000,  0.000
  0.018,301.002,  0.000,  0.000
  0.018,301.037,  0.000,  0.000
  0.018,301.037,  0.000,  0.000
  0.018,300.996,  0.000,  0.000
  0.019,300.941,  0.000,  0.000
  0.019,300.909,  0.000,  0.000
  0.018,300.934,  0.000,  0.000
  0.018,300.975,  0.000,  0.000
  0.018,301.160,  0.000,  0.000
  0.018,301.153,  0.000,  0.000
  0.018,301.129,  0.000,  0.000
  0.018,301.100,  0.000,  0.000
  0.018,301.095,  0.000,  0.000
  0.018,301.102,  0.000,  0.000
  0.018,301.104,  0.000,  0.000
  0.018,301.086,  0.000,  0.000
  0.019,301.076,  0.000,  0.000
  0.018,301.073,  0.000,  0.000
  0.018,301.081,  0.000,  0.000
  0.018,301.079,  0.000,  0.000
  0.018,301.075,  0.000,  0.000
  0.018,301.076,  0.000,  0.000
  0.018,301.097,  0.000,  0.000
  0.018,301.094,  0.000,  0.000
  0.018,301.062,  0.000,  0.000
  0.018,301.024,  0.000,  0.000
  0.018,301.025,  0.000,  0.000
  0.018,301.040,  0.000,  0.000
  0.018,301.058,  0.000,  0.000
  0.018,301.036,  0.000,  0.000
  0.018,300.974,  0.000,  0.000
  0.019,300.929,  0.000,  0.000
  0.019,300.941,  0.000,  0.000
  0.018,301.135,  0.000,  0.000
  0.018,301.145,  0.000,  0.000
  0.018,301.142,  0.000,  0.000
  0.018,301.119,  0.000,  0.000
  0.019,301.094,  0.000,  0.000
  0.018,301.086,  0.000,  0.000
  0.018,301.096,  0.000,  0.000
  0.018,301.110,  0.000,  0.000
  0.018,301.107,  0.000,  0.000
  0.018,301.082,  0.000,  0.000
  0.019,301.061,  0.000,  0.000
  0.018,301.058,  0.000,  0.000
  0.018,301.054,  0.000,  0.000
  0.018,301.057,  0.000,  0.000
  0.018,301.077,  0.000,  0.000
  0.018,301.104,  0.000,  0.000
  0.018,301.104,  0.000,  0.000
  0.018,301.053,  0.000,  0.000
  0.018,300.996,  0.000,  0.000
  0.019,300.983,  0.000,  0.000
  0.018,301.026,  0.000,  0.000
  0.018,301.070,  0.000,  0.000
  0.018,301.048,  0.000,  0.000
  0.019,300.976,  0.000,  0.000
  0.019,300.924,  0.000,  0.000
  0.018,301.160,  0.000,  0.000
  0.018,301.146,  0.000,  0.000
  0.018,301.136,  0.000,  0.000
  0.018,301.126,  0.000,  0.000
  0.018,301.125,  0.000,  0.000
  0.018,301.120,  0.000,  0.000
  0.018,301.112,  0.000,  0.000
  0.018,301.112,  0.000,  0.000
  0.018,301.121,  0.000,  0.000
  0.018,301.114,  0.000,  0.000
  0.018,301.089,  0.000,  0.000
  0.019,301.070,  0.000,  0.000
  0.019,301.053,  0.000,  0.000
  0.019,301.034,  0.000,  0.000
  0.019,301.029,  0.000,  0.000
  0.018,301.065,  0.000,  0.000
  0.018,301.094,  0.000,  0.000
  0.018,301.070,  0.000,  0.000
  0.019,301.017,  0.000,  0.000
  0.019,300.979,  0.000,  0.000
  0.018,301.002,  0.000,  0.000
  0.018,301.053,  0.000,  0.000
  0.018,301.100,  0.000,  0.000
  0.018,301.088,  0.000,  0.000
  0.018,301.023,  0.000,  0.000
  0.018,301.187,  0.000,  0.000
  0.018,301.179,  0.000,  0.000
  0.018,301.155,  0.000,  0.000
  0.019,301.137,  0.000,  0.000
  0.018,301.144,  0.000,  0.000
  0.018,301.163,  0.000,  0.000
  0.018,301.150,  0.000,  0.000
  0.019,301.110,  0.000,  0.000
  0.018,301.097,  0.000,  0.000
  0.018,301.117,  0.000,  0.000
  0.018,301.132,  0.000,  0.000
  0.018,301.129,  0.000,  0.000
  0.018,301.112,  0.000,  0.000
  0.018,301.086,  0.000,  0.000
  0.018,301.046,  0.000,  0.000
  0.018,301.049,  0.000,  0.000
  0.018,301.088,  0.000,  0.000
  0.018,301.110,  0.000,  0.000
  0.018,301.064,  0.000,  0.000
  0.018,301.003,  0.000,  0.000
  0.019,300.991,  0.000,  0.000
  0.019,301.014,  0.000,  0.000
  0.018,301.068,  0.000,  0.000
  0.018,301.125,  0.000,  0.000
  0.018,301.107,  0.000,  0.000
  0.018,301.181,  0.000,  0.000
  0.018,301.192,  0.000,  0.000
  0.018,301.196,  0.000,  0.000
  0.018,301.171,  0.000,  0.000
  0.018,301.154,  0.000,  0.000
  0.018,301.170,  0.000,  0.000
  0.018,301.179,  0.000,  0.000
  0.018,301.149,  0.000,  0.000
  0.018,301.107,  0.000,  0.000
  0.018,301.096,  0.000,  0.000
  0.018,301.108,  0.000,  0.000
  0.018,301.122,  0.000,  0.000
  0.018,301.139,  0.000,  0.000
  0.018,301.135,  0.000,  0.000
  0.018,301.089,  0.000,  0.000
  0.019,301.035,  0.000,  0.000
  0.018,301.043,  0.000,  0.000
  0.018,301.086,  0.000,  0.000
  0.018,301.096,  0.000,  0.000
  0.018,301.056,  0.000,  0.000
  0.019,301.017,  0.000,  0.000
  0.019,300.995,  0.000,  0.000
  0.018,301.025,  0.000,  0.000
  0.018,301.091,  0.000,  0.000
  0.018,301.115,  0.000,  0.000
  0.018,301.182,  0.000,  0.000
  0.018,301.169,  0.000,  0.000
  0.018,301.167,  0.000,  0.000
  0.018,301.160,  0.000,  0.000
  0.018,301.149,  0.000,  0.000
  0.018,301.138,  0.000,  0.000
  0.018,301.148,  0.000,  0.000
  0.018,301.160,  0.000,  0.000
  0.018,301.156,  0.000,  0.000
  0.018,301.125,  0.000,  0.000
  0.019,301.090,  0.000,  0.000
  0.019,301.076,  0.000,  0.000
  0.018,301.102,  0.000,  0.000
  0.018,301.133,  0.000,  0.000
  0.018,301.129,  0.000,  0.000
  0.018,301.084,  0.000,  0.000
  0.018,301.059,  0.000,  0.000
  0.018,301.076,  0.000,  0.000
  0.018,301.104,  0.000,  0.000
  0.018,301.102,  0.000,  0.000
  0.018,301.064,  0.000,  0.000
  0.018,301.024,  0.000,  0.000
  0.019,301.000,  0.000,  0.000
  0.019,301.026,  0.000,  0.000
  0.018,301.062,  0.000,  0.000
