  0.017,299.524,  0.000,  0.000
  0.017,299.487,  0.000,  0.000
  0.017,299.497,  0.000,  0.000
  0.017,299.593,  0.000,  0.000
  0.017,299.685,  0.001,  0.000
  0.016,299.680,  0.002,  0.000
  0.016,299.614,  0.001,  0.000
  0.017,299.581,  0.001,  0.000
  0.017,299.605,  0.003,  0.000
  0.017,299.633,  0.007,  0.000
  0.017,299.642,  0.100,  0.000
  0.017,299.645,  0.264,  0.000
  0.017,299.655,  0.301,  0.000
  0.017,299.658,  0.152,  0.000
  0.016,299.643,  0.017,  0.000
  0.016,299.622,  0.010,  0.000
  0.017,299.607,  0.009,  0.000
  0.017,299.589,  0.010,  0.000
  0.017,299.575,  0.007,  0.000
  0.017,299.579,  0.002,  0.000
  0.017,299.586,  0.000,  0.000
  0.017,299.574,  0.001,  0.000
  0.017,299.549,  0.000,  0.000
  0.017,299.555,  0.000,  0.000
  0.017,299.567,  0.001,  0.000
  0.017,299.540,  0.000,  0.000
  0.017,299.503,  0.002,  0.000
  0.017,299.526,  0.007,  0.000
  0.017,299.632,  0.024,  0.000
  0.017,299.718,  0.046,  0.000
  0.016,299.693,  0.051,  0.000
  0.016,299.620,  0.044,  0.000
  0.016,299.586,  0.020,  0.000
  0.017,299.599,  0.004,  0.000
  0.017,299.626,  0.007,  0.000
  0.017,299.658,  0.002,  0.000
  0.017,299.689,  0.000,  0.000
  0.017,299.702,  0.002,  0.000
  0.016,299.687,  0.001,  0.000
  0.017,299.659,  0.000,  0.000
  0.017,299.636,  0.000,  0.000
  0.017,299.625,  0.000,  0.000
  0.017,299.612,  0.000,  0.000
  0.017,299.594,  0.002,  0.000
  0.017,299.580,  0.011,  0.000
  0.017,299.577,  0.024,  0.000
  0.017,299.578,  0.024,  0.000
  0.017,299.562,  0.008,  0.000
  0.017,299.568,  0.000,  0.000
  0.017,299.595,  0.000,  0.000
  0.017,299.574,  0.001,  0.000
  0.017,299.567,  0.004,  0.000
  0.017,299.622,  0.020,  0.000
  0.017,299.708,  0.078,  0.000
  0.017,299.739,  0.149,  0.000
  0.016,299.700,  0.154,  0.000
  0.016,299.660,  0.135,  0.000
  0.017,299.659,  0.058,  0.000
  0.017,299.678,  0.001,  0.000
  0.017,299.698,  0.001,  0.000
  0.017,299.714,  0.001,  0.000
  0.017,299.716,  0.002,  0.000
  0.016,299.702,  0.001,  0.000
  0.017,299.667,  0.000,  0.000
  0.017,299.644,  0.001,  0.000
  0.017,299.631,  0.001,  0.000
  0.017,299.630,  0.001,  0.000
  0.017,299.634,  0.001,  0.000
  0.017,299.636,  0.008,  0.000
  0.017,299.619,  0.048,  0.000
  0.017,299.561,  0.133,  0.000
  0.017,299.402,  0.137,  0.000
  0.017,299.244,  0.024,  0.000
  0.017,299.273,  0.000,  0.000
  0.017,299.433,  0.000,  0.000
  0.017,299.711,  0.000,  0.000
  0.017,299.722,  0.000,  0.000
  0.017,299.745,  0.000,  0.000
  0.017,299.764,  0.000,  0.000
  0.017,299.748,  0.000,  0.000
  0.017,299.717,  0.000,  0.000
  0.017,299.716,  0.000,  0.000
  0.017,299.739,  0.000,  0.000
  0.017,299.752,  0.000,  0.000
  0.017,299.743,  0.000,  0.000
  0.017,299.721,  0.000,  0.000
  0.017,299.695,  0.000,  0.000
  0.017,299.665,  0.000,  0.000
  0.017,299.627,  0.002,  0.000
  0.017,299.614,  0.005,  0.000
  0.017,299.625,  0.011,  0.000
  0.017,299.647,  0.007,  0.000
  0.017,299.668,  0.002,  0.000
  0.017,299.679,  0.010,  0.000
  0.017,299.644,  0.064,  0.000
  0.017,299.450,  0.177,  0.000
  0.017,299.147,  0.164,  0.000
  0.017,299.000,  0.008,  0.000
  0.017,299.054,  0.000,  0.000
  0.018,299.492,  0.001,  0.000
  0.017,299.852,  0.000,  0.000
  0.017,299.840,  0.000,  0.000
  0.017,299.808,  0.000,  0.000
  0.017,299.783,  0.000,  0.000
  0.017,299.766,  0.000,  0.000
  0.017,299.757,  0.000,  0.000
  0.017,299.767,  0.000,  0.000
  0.017,299.772,  0.001,  0.000
  0.017,299.758,  0.004,  0.000
  0.017,299.723,  0.003,  0.000
  0.017,299.687,  0.001,  0.000
  0.017,299.666,  0.000,  0.000
  0.017,299.646,  0.001,  0.000
  0.017,299.621,  0.005,  0.000
  0.017,299.609,  0.016,  0.000
  0.017,299.620,  0.030,  0.000
  0.017,299.652,  0.022,  0.000
  0.017,299.687,  0.002,  0.000
  0.017,299.697,  0.001,  0.000
  0.017,299.604,  0.001,  0.000
  0.017,299.339,  0.000,  0.000
  0.017,299.072,  0.000,  0.000
  0.017,298.930,  0.000,  0.000
  0.016,298.823,  0.000,  0.000
  0.018,299.156,  0.000,  0.000
  0.016,299.907,  0.000,  0.000
  0.016,299.885,  0.000,  0.000
  0.017,299.834,  0.000,  0.000
  0.017,299.801,  0.000,  0.000
  0.017,299.791,  0.000,  0.000
  0.017,299.782,  0.000,  0.000
  0.016,299.785,  0.000,  0.000
  0.016,299.776,  0.005,  0.000
  0.017,299.756,  0.014,  0.000
  0.017,299.704,  0.011,  0.000
  0.017,299.666,  0.000,  0.000
  0.017,299.652,  0.000,  0.000
  0.017,299.646,  0.000,  0.000
  0.017,299.660,  0.000,  0.000
  0.017,299.666,  0.000,  0.000
  0.017,299.666,  0.000,  0.000
  0.017,299.669,  0.000,  0.000
  0.017,299.701,  0.001,  0.000
  0.017,299.700,  0.000,  0.000
  0.017,299.568,  0.000,  0.000
  0.017,299.301,  0.001,  0.000
  0.017,299.101,  0.001,  0.000
  0.017,299.005,  0.000,  0.000
  0.017,298.893,  0.000,  0.000
  0.016,298.753,  0.000,  0.000
  0.016,299.915,  0.000,  0.000
  0.016,299.888,  0.000,  0.000
  0.017,299.834,  0.000,  0.000
  0.017,299.780,  0.000,  0.000
  0.017,299.748,  0.000,  0.000
  0.017,299.755,  0.000,  0.000
  0.017,299.789,  0.000,  0.000
  0.016,299.788,  0.000,  0.000
  0.017,299.761,  0.000,  0.000
  0.017,299.713,  0.000,  0.000
  0.017,299.663,  0.000,  0.000
  0.017,299.633,  0.000,  0.000
  0.017,299.639,  0.000,  0.000
  0.017,299.698,  0.000,  0.000
  0.017,299.743,  0.000,  0.000
  0.017,299.759,  0.000,  0.000
  0.017,299.725,  0.000,  0.000
  0.017,299.701,  0.000,  0.000
  0.017,299.675,  0.000,  0.000
  0.017,299.562,  0.000,  0.000
  0.018,299.342,  0.000,  0.000
  0.017,299.178,  0.000,  0.000
  0.017,299.110,  0.000,  0.000
  0.017,299.064,  0.000,  0.000
  0.017,298.984,  0.000,  0.000
  0.016,299.894,  0.000,  0.000
  0.016,299.868,  0.000,  0.000
  0.016,299.816,  0.000,  0.000
  0.017,299.766,  0.000,  0.000
  0.017,299.720,  0.000,  0.000
  0.017,299.707,  0.000,  0.000
  0.017,299.731,  0.000,  0.000
  0.017,299.760,  0.000,  0.000
  0.017,299.766,  0.000,  0.000
  0.017,299.747,  0.000,  0.000
  0.017,299.702,  0.000,  0.000
  0.017,299.654,  0.000,  0.000
  0.017,299.635,  0.000,  0.000
  0.017,299.683,  0.000,  0.000
  0.017,299.758,  0.000,  0.000
  0.017,299.803,  0.000,  0.000
  0.017,299.779,  0.000,  0.000
  0.017,299.719,  0.000,  0.000
  0.017,299.658,  0.000,  0.000
  0.017,299.568,  0.000,  0.000
  0.018,299.427,  0.000,  0.000
  0.017,299.301,  0.000,  0.000
  0.017,299.216,  0.001,  0.000
  0.017,299.195,  0.001,  0.000
  0.017,299.188,  0.001,  0.000
  0.017,299.858,  0.000,  0.000
  0.016,299.863,  0.000,  0.000
  0.016,299.838,  0.000,  0.000
  0.016,299.812,  0.000,  0.000
  0.017,299.780,  0.000,  0.000
  0.017,299.746,  0.000,  0.000
  0.017,299.736,  0.000,  0.000
  0.017,299.750,  0.000,  0.000
  0.017,299.765,  0.000,  0.000
  0.017,299.769,  0.000,  0.000
  0.017,299.748,  0.000,  0.000
  0.017,299.706,  0.000,  0.000
  0.017,299.672,  0.000,  0.000
  0.017,299.678,  0.000,  0.000
  0.017,299.728,  0.000,  0.000
  0.017,299.780,  0.000,  0.000
  0.017,299.779,  0.000,  0.000
  0.017,299.722,  0.000,  0.000
  0.017,299.642,  0.000,  0.000
  0.017,299.562,  0.000,  0.000
  0.017,299.488,  0.000,  0.000
  0.017,299.412,  0.000,  0.000
  0.017,299.341,  0.001,  0.000
  0.017,299.301,  0.003,  0.000
  0.017,299.293,  0.002,  0.000
  0.017,299.833,  0.000,  0.000
  0.016,299.871,  0.000,  0.000
  0.016,299.886,  0.000,  0.000
  0.016,299.880,  0.000,  0.000
  0.017,299.864,  0.000,  0.000
  0.017,299.834,  0.000,  0.000
  0.017,299.798,  0.000,  0.000
  0.017,299.778,  0.000,  0.000
  0.017,299.771,  0.000,  0.000
  0.017,299.775,  0.000,  0.000
  0.017,299.785,  0.000,  0.000
  0.017,299.808,  0.000,  0.000
  0.017,299.785,  0.000,  0.000
  0.017,299.756,  0.000,  0.000
  0.017,299.731,  0.000,  0.000
  0.017,299.738,  0.000,  0.000
  0.017,299.746,  0.000,  0.000
  0.017,299.724,  0.000,  0.000
  0.017,299.637,  0.000,  0.000
  0.017,299.587,  0.000,  0.000
  0.017,299.543,  0.000,  0.000
  0.017,299.492,  0.000,  0.000
  0.017,299.432,  0.000,  0.000
  0.017,299.376,  0.000,  0.000
  0.017,299.345,  0.000,  0.000
  0.017,299.829,  0.000,  0.000
  0.017,299.851,  0.000,  0.000
  0.016,299.887,  0.000,  0.000
  0.016,299.904,  0.000,  0.000
  0.017,299.897,  0.000,  0.000
  0.017,299.861,  0.000,  0.000
  0.017,299.825,  0.000,  0.000
  0.017,299.809,  0.000,  0.000
  0.017,299.798,  0.000,  0.000
  0.017,299.780,  0.000,  0.000
  0.017,299.771,  0.000,  0.000
  0.017,299.811,  0.000,  0.000
  0.017,299.847,  0.000,  0.000
  0.017,299.826,  0.000,  0.000
  0.017,299.766,  0.000,  0.000
  0.017,299.722,  0.000,  0.000
  0.018,299.719,  0.000,  0.000
  0.018,299.683,  0.000,  0.000
  0.017,299.645,  0.000,  0.000
  0.017,299.608,  0.000,  0.000
  0.017,299.566,  0.000,  0.000
  0.017,299.523,  0.000,  0.000
  0.017,299.465,  0.000,  0.000
  0.017,299.406,  0.000,  0.000
  0.017,299.363,  0.000,  0.000
  0.017,299.848,  0.000,  0.000
  0.017,299.818,  0.000,  0.000
  0.017,299.838,  0.000,  0.000
  0.017,299.875,  0.000,  0.000
  0.017,299.887,  0.000,  0.000
  0.017,299.866,  0.000,  0.000
  0.017,299.844,  0.000,  0.000
  0.017,299.830,  0.000,  0.000
  0.017,299.824,  0.000,  0.000
  0.017,299.824,  0.000,  0.000
  0.017,299.826,  0.000,  0.000
  0.017,299.824,  0.000,  0.000
  0.017,299.839,  0.000,  0.000
  0.017,299.843,  0.000,  0.000
  0.017,299.817,  0.000,  0.000
  0.017,299.794,  0.000,  0.000
  0.017,299.762,  0.000,  0.000
  0.018,299.684,  0.000,  0.000
  0.017,299.613,  0.000,  0.000
  0.017,299.581,  0.000,  0.000
  0.017,299.569,  0.000,  0.000
  0.017,299.538,  0.000,  0.000
  0.017,299.483,  0.000,  0.000
  0.017,299.429,  0.000,  0.000
  0.017,299.383,  0.000,  0.000
  0.017,299.871,  0.000,  0.000
  0.017,299.815,  0.000,  0.000
  0.017,299.795,  0.000,  0.000
  0.017,299.820,  0.000,  0.000
  0.017,299.859,  0.000,  0.000
  0.017,299.871,  0.000,  0.000
  0.017,299.849,  0.000,  0.000
  0.017,299.822,  0.000,  0.000
  0.017,299.828,  0.000,  0.000
  0.017,299.888,  0.000,  0.000
  0.016,299.914,  0.000,  0.000
  0.017,299.893,  0.000,  0.000
  0.017,299.838,  0.000,  0.000
  0.017,299.804,  0.000,  0.000
  0.017,299.819,  0.000,  0.000
  0.017,299.849,  0.000,  0.000
  0.017,299.814,  0.000,  0.000
  0.017,299.707,  0.000,  0.000
  0.018,299.603,  0.000,  0.000
  0.017,299.552,  0.000,  0.000
  0.017,299.554,  0.000,  0.000
  0.017,299.544,  0.000,  0.000
  0.017,299.503,  0.000,  0.000
  0.017,299.443,  0.000,  0.000
  0.017,299.403,  0.000,  0.000
  0.017,299.896,  0.000,  0.000
  0.017,299.852,  0.000,  0.000
  0.017,299.805,  0.000,  0.000
  0.017,299.799,  0.000,  0.000
  0.017,299.836,  0.000,  0.000
  0.017,299.863,  0.000,  0.000
  0.017,299.846,  0.000,  0.000
  0.017,299.812,  0.000,  0.000
  0.017,299.809,  0.000,  0.000
  0.017,299.868,  0.000,  0.000
  0.017,299.919,  0.000,  0.000
  0.017,299.907,  0.000,  0.000
  0.017,299.841,  0.000,  0.000
  0.017,299.791,  0.000,  0.000
  0.017,299.801,  0.000,  0.000
  0.017,299.836,  0.000,  0.000
  0.017,299.823,  0.000,  0.000
  0.017,299.728,  0.000,  0.000
  0.018,299.617,  0.000,  0.000
  0.018,299.552,  0.000,  0.000
  0.017,299.534,  0.000,  0.000
  0.017,299.538,  0.000,  0.000
  0.017,299.524,  0.000,  0.000
  0.017,299.481,  0.000,  0.000
  0.017,299.436,  0.000,  0.000
  0.017,299.910,  0.000,  0.000
  0.017,299.892,  0.000,  0.000
  0.017,299.855,  0.000,  0.000
  0.017,299.833,  0.000,  0.000
  0.017,299.848,  0.000,  0.000
  0.017,299.868,  0.000,  0.000
  0.017,299.866,  0.000,  0.000
  0.017,299.849,  0.000,  0.000
  0.017,299.842,  0.000,  0.000
  0.017,299.853,  0.000,  0.000
  0.017,299.873,  0.000,  0.000
  0.017,299.872,  0.000,  0.000
  0.017,299.836,  0.000,  0.000
  0.017,299.801,  0.000,  0.000
  0.017,299.797,  0.000,  0.000
  0.017,299.809,  0.000,  0.000
  0.017,299.797,  0.000,  0.000
  0.017,299.734,  0.000,  0.000
  0.017,299.641,  0.000,  0.000
  0.018,299.568,  0.000,  0.000
  0.017,299.531,  0.000,  0.000
  0.017,299.535,  0.000,  0.000
  0.017,299.545,  0.000,  0.000
  0.017,299.522,  0.000,  0.000
  0.017,299.477,  0.000,  0.000
