  0.018,299.629,  0.000,  0.000
  0.018,299.645,  0.000,  0.000
  0.018,299.676,  0.000,  0.000
  0.018,299.712,  0.000,  0.000
  0.018,299.739,  0.000,  0.000
  0.018,299.751,  0.000,  0.000
  0.018,299.746,  0.000,  0.000
  0.018,299.733,  0.000,  0.000
  0.018,299.728,  0.000,  0.000
  0.018,299.735,  0.000,  0.000
  0.018,299.755,  0.000,  0.000
  0.018,299.785,  0.000,  0.000
  0.018,299.808,  0.000,  0.000
  0.018,299.830,  0.000,  0.000
  0.018,299.843,  0.000,  0.000
  0.018,299.848,  0.000,  0.000
  0.018,299.855,  0.000,  0.000
  0.018,299.866,  0.000,  0.000
  0.018,299.880,  0.000,  0.000
  0.018,299.887,  0.000,  0.000
  0.018,299.892,  0.000,  0.000
  0.018,299.896,  0.000,  0.000
  0.018,299.913,  0.000,  0.000
  0.018,299.952,  0.000,  0.000
  0.018,299.967,  0.000,  0.000
  0.018,299.675,  0.000,  0.000
  0.018,299.706,  0.000,  0.000
  0.018,299.739,  0.000,  0.000
  0.018,299.762,  0.000,  0.000
  0.018,299.774,  0.000,  0.000
  0.018,299.772,  0.000,  0.000
  0.018,299.759,  0.000,  0.000
  0.018,299.740,  0.000,  0.000
  0.018,299.738,  0.000,  0.000
  0.018,299.760,  0.000,  0.000
  0.018,299.798,  0.000,  0.000
  0.018,299.827,  0.000,  0.000
  0.018,299.838,  0.000,  0.000
  0.018,299.851,  0.000,  0.000
  0.018,299.867,  0.000,  0.000
  0.018,299.883,  0.000,  0.000
  0.018,299.893,  0.000,  0.000
  0.018,299.897,  0.000,  0.000
  0.018,299.898,  0.000,  0.000
  0.018,299.904,  0.000,  0.000
  0.018,299.917,  0.000,  0.000
  0.018,299.939,  0.000,  0.000
  0.018,299.966,  0.000,  0.000
  0.018,299.999,  0.000,  0.000
  0.018,300.000,  0.000,  0.000
  0.018,299.738,  0.000,  0.000
  0.018,299.768,  0.000,  0.000
  0.018,299.792,  0.000,  0.000
  0.018,299.800,  0.000,  0.000
  0.018,299.794,  0.000,  0.000
  0.018,299.782,  0.000,  0.000
  0.018,299.767,  0.000,  0.000
  0.018,299.755,  0.000,  0.000
  0.018,299.758,  0.000,  0.000
  0.018,299.795,  0.000,  0.000
  0.018,299.840,  0.000,  0.000
  0.018,299.865,  0.000,  0.000
  0.018,299.870,  0.000,  0.000
  0.018,299.876,  0.000,  0.000
  0.018,299.891,  0.000,  0.000
  0.018,299.915,  0.000,  0.000
  0.018,299.928,  0.000,  0.000
  0.018,299.928,  0.000,  0.000
  0.018,299.926,  0.000,  0.000
  0.018,299.933,  0.000,  0.000
  0.018,299.952,  0.000,  0.000
  0.018,299.984,  0.000,  0.000
  0.018,300.009,  0.000,  0.000
  0.018,300.030,  0.000,  0.000
  0.018,300.030,  0.000,  0.000
  0.018,299.797,  0.000,  0.000
  0.018,299.812,  0.000,  0.000
  0.018,299.826,  0.000,  0.000
  0.018,299.821,  0.000,  0.000
  0.018,299.803,  0.000,  0.000
  0.018,299.793,  0.000,  0.000
  0.018,299.786,  0.000,  0.000
  0.018,299.785,  0.000,  0.000
  0.018,299.803,  0.000,  0.000
  0.018,299.838,  0.000,  0.000
  0.018,299.873,  0.000,  0.000
  0.018,299.896,  0.000,  0.000
  0.018,299.902,  0.000,  0.000
  0.018,299.910,  0.000,  0.000
  0.018,299.929,  0.000,  0.000
  0.018,299.947,  0.000,  0.000
  0.018,299.947,  0.000,  0.000
  0.018,299.948,  0.000,  0.000
  0.018,299.960,  0.000,  0.000
  0.018,299.972,  0.000,  0.000
  0.018,299.992,  0.000,  0.000
  0.018,300.022,  0.000,  0.000
  0.018,300.037,  0.000,  0.000
  0.018,300.058,  0.000,  0.000
  0.018,300.064,  0.000,  0.000
  0.018,299.848,  0.000,  0.000
  0.018,299.846,  0.000,  0.000
  0.018,299.844,  0.000,  0.000
  0.018,299.835,  0.000,  0.000
  0.018,299.820,  0.000,  0.000
  0.018,299.813,  0.000,  0.000
  0.018,299.815,  0.000,  0.000
  0.018,299.831,  0.000,  0.000
  0.018,299.857,  0.000,  0.000
  0.018,299.883,  0.000,  0.000
  0.018,299.904,  0.000,  0.000
  0.018,299.922,  0.000,  0.000
  0.018,299.936,  0.000,  0.000
  0.018,299.950,  0.000,  0.000
  0.018,299.965,  0.000,  0.000
  0.018,299.969,  0.000,  0.000
  0.018,299.963,  0.000,  0.000
  0.018,299.968,  0.000,  0.000
  0.018,299.992,  0.000,  0.000
  0.018,300.017,  0.000,  0.000
  0.018,300.035,  0.000,  0.000
  0.018,300.048,  0.000,  0.000
  0.018,300.062,  0.000,  0.000
  0.018,300.089,  0.000,  0.000
  0.018,300.100,  0.000,  0.000
  0.018,299.874,  0.000,  0.000
  0.018,299.870,  0.000,  0.000
  0.018,299.862,  0.000,  0.000
  0.018,299.857,  0.000,  0.000
  0.018,299.854,  0.000,  0.000
  0.018,299.852,  0.000,  0.000
  0.018,299.861,  0.000,  0.000
  0.018,299.887,  0.000,  0.000
  0.018,299.911,  0.000,  0.000
  0.018,299.925,  0.000,  0.000
  0.018,299.935,  0.000,  0.000
  0.018,299.948,  0.000,  0.000
  0.018,299.971,  0.000,  0.000
  0.018,299.992,  0.000,  0.000
  0.018,299.998,  0.000,  0.000
  0.019,299.991,  0.000,  0.000
  0.018,299.990,  0.000,  0.000
  0.018,300.005,  0.000,  0.000
  0.018,300.037,  0.000,  0.000
  0.018,300.060,  0.000,  0.000
  0.018,300.064,  0.000,  0.000
  0.018,300.070,  0.000,  0.000
  0.018,300.090,  0.000,  0.000
  0.018,300.123,  0.000,  0.000
  0.018,300.129,  0.000,  0.000
  0.018,299.863,  0.000,  0.000
  0.018,299.880,  0.000,  0.000
  0.018,299.889,  0.000,  0.000
  0.018,299.894,  0.000,  0.000
  0.018,299.892,  0.000,  0.000
  0.018,299.900,  0.000,  0.000
  0.018,299.916,  0.000,  0.000
  0.018,299.940,  0.000,  0.000
  0.018,299.956,  0.000,  0.000
  0.018,299.960,  0.000,  0.000
  0.018,299.963,  0.000,  0.000
  0.018,299.976,  0.000,  0.000
  0.018,299.999,  0.000,  0.000
  0.018,300.017,  0.000,  0.000
  0.018,300.020,  0.000,  0.000
  0.019,300.018,  0.000,  0.000
  0.019,300.027,  0.000,  0.000
  0.019,300.054,  0.000,  0.000
  0.019,300.085,  0.000,  0.000
  0.018,300.089,  0.000,  0.000
  0.018,300.082,  0.000,  0.000
  0.018,300.093,  0.000,  0.000
  0.018,300.121,  0.000,  0.000
  0.018,300.149,  0.000,  0.000
  0.018,300.149,  0.000,  0.000
  0.018,299.875,  0.000,  0.000
  0.018,299.900,  0.000,  0.000
  0.018,299.922,  0.000,  0.000
  0.018,299.926,  0.000,  0.000
  0.018,299.929,  0.000,  0.000
  0.018,299.946,  0.000,  0.000
  0.018,299.966,  0.000,  0.000
  0.018,299.980,  0.000,  0.000
  0.018,299.990,  0.000,  0.000
  0.018,299.994,  0.000,  0.000
  0.018,299.999,  0.000,  0.000
  0.018,300.006,  0.000,  0.000
  0.018,300.011,  0.000,  0.000
  0.018,300.023,  0.000,  0.000
  0.018,300.040,  0.000,  0.000
  0.019,300.058,  0.000,  0.000
  0.019,300.080,  0.000,  0.000
  0.019,300.106,  0.000,  0.000
  0.019,300.120,  0.000,  0.000
  0.018,300.112,  0.000,  0.000
  0.018,300.109,  0.000,  0.000
  0.018,300.127,  0.000,  0.000
  0.018,300.152,  0.000,  0.000
  0.018,300.171,  0.000,  0.000
  0.018,300.167,  0.000,  0.000
  0.018,299.920,  0.000,  0.000
  0.018,299.938,  0.000,  0.000
  0.018,299.953,  0.000,  0.000
  0.018,299.954,  0.000,  0.000
  0.018,299.966,  0.000,  0.000
  0.018,299.988,  0.000,  0.000
  0.018,300.003,  0.000,  0.000
  0.018,300.010,  0.000,  0.000
  0.018,300.018,  0.000,  0.000
  0.018,300.029,  0.000,  0.000
  0.018,300.038,  0.000,  0.000
  0.018,300.040,  0.000,  0.000
  0.018,300.036,  0.000,  0.000
  0.018,300.046,  0.000,  0.000
  0.018,300.071,  0.000,  0.000
  0.018,300.098,  0.000,  0.000
  0.019,300.125,  0.000,  0.000
  0.019,300.145,  0.000,  0.000
  0.019,300.145,  0.000,  0.000
  0.018,300.135,  0.000,  0.000
  0.018,300.143,  0.000,  0.000
  0.018,300.168,  0.000,  0.000
  0.018,300.184,  0.000,  0.000
  0.018,300.195,  0.000,  0.000
  0.019,300.191,  0.000,  0.000
  0.018,299.967,  0.000,  0.000
  0.018,299.976,  0.000,  0.000
  0.018,299.988,  0.000,  0.000
  0.018,299.991,  0.000,  0.000
  0.018,300.003,  0.000,  0.000
  0.018,300.018,  0.000,  0.000
  0.018,300.028,  0.000,  0.000
  0.018,300.035,  0.000,  0.000
  0.018,300.049,  0.000,  0.000
  0.018,300.067,  0.000,  0.000
  0.018,300.073,  0.000,  0.000
  0.019,300.066,  0.000,  0.000
  0.018,300.064,  0.000,  0.000
  0.018,300.077,  0.000,  0.000
  0.018,300.102,  0.000,  0.000
  0.018,300.136,  0.000,  0.000
  0.019,300.165,  0.000,  0.000
  0.018,300.175,  0.000,  0.000
  0.018,300.169,  0.000,  0.000
  0.018,300.171,  0.000,  0.000
  0.018,300.188,  0.000,  0.000
  0.018,300.207,  0.000,  0.000
  0.019,300.221,  0.000,  0.000
  0.019,300.227,  0.000,  0.000
  0.019,300.219,  0.000,  0.000
  0.018,299.998,  0.000,  0.000
  0.018,300.005,  0.000,  0.000
  0.018,300.017,  0.000,  0.000
  0.018,300.022,  0.000,  0.000
  0.018,300.030,  0.000,  0.000
  0.018,300.041,  0.000,  0.000
  0.018,300.045,  0.000,  0.000
  0.018,300.056,  0.000,  0.000
  0.018,300.073,  0.000,  0.000
  0.018,300.089,  0.000,  0.000
  0.019,300.091,  0.000,  0.000
  0.019,300.083,  0.000,  0.000
  0.019,300.077,  0.000,  0.000
  0.019,300.085,  0.000,  0.000
  0.019,300.121,  0.000,  0.000
  0.019,300.155,  0.000,  0.000
  0.019,300.157,  0.000,  0.000
  0.019,300.170,  0.000,  0.000
  0.019,300.209,  0.000,  0.000
  0.019,300.219,  0.000,  0.000
  0.019,300.230,  0.000,  0.000
  0.019,300.239,  0.000,  0.000
  0.019,300.247,  0.000,  0.000
  0.019,300.249,  0.000,  0.000
  0.019,300.235,  0.000,  0.000
  0.018,300.023,  0.000,  0.000
  0.018,300.028,  0.000,  0.000
  0.018,300.041,  0.000,  0.000
  0.018,300.050,  0.000,  0.000
  0.018,300.057,  0.000,  0.000
  0.018,300.059,  0.000,  0.000
  0.018,300.066,  0.000,  0.000
  0.018,300.077,  0.000,  0.000
  0.018,300.086,  0.000,  0.000
  0.018,300.092,  0.000,  0.000
  0.019,300.099,  0.000,  0.000
  0.019,300.110,  0.000,  0.000
  0.019,300.123,  0.000,  0.000
  0.019,300.118,  0.000,  0.000
  0.019,300.089,  0.000,  0.000
  0.019,300.039,  0.000,  0.000
  0.019,300.055,  0.000,  0.000
  0.019,300.184,  0.000,  0.000
  0.019,300.269,  0.000,  0.000
  0.019,300.259,  0.000,  0.000
  0.019,300.257,  0.000,  0.000
  0.019,300.266,  0.000,  0.000
  0.019,300.267,  0.000,  0.000
  0.019,300.264,  0.000,  0.000
  0.019,300.241,  0.000,  0.000
  0.018,300.061,  0.000,  0.000
  0.019,300.061,  0.000,  0.000
  0.018,300.070,  0.000,  0.000
  0.018,300.080,  0.000,  0.000
  0.018,300.083,  0.000,  0.000
  0.018,300.084,  0.000,  0.000
  0.018,300.092,  0.000,  0.000
  0.018,300.091,  0.000,  0.000
  0.018,300.093,  0.000,  0.000
  0.018,300.107,  0.000,  0.000
  0.019,300.110,  0.000,  0.000
  0.019,300.103,  0.000,  0.000
  0.019,300.097,  0.000,  0.000
  0.019,300.061,  0.000,  0.000
  0.019,299.927,  0.000,  0.000
  0.019,299.804,  0.000,  0.000
  0.019,299.935,  0.000,  0.000
  0.019,300.222,  0.000,  0.000
  0.019,300.327,  0.000,  0.000
  0.019,300.291,  0.000,  0.000
  0.019,300.282,  0.000,  0.000
  0.019,300.289,  0.000,  0.000
  0.019,300.288,  0.000,  0.000
  0.019,300.274,  0.000,  0.000
  0.019,300.231,  0.000,  0.000
  0.019,300.100,  0.000,  0.000
  0.018,300.094,  0.000,  0.000
  0.018,300.103,  0.000,  0.000
  0.018,300.110,  0.000,  0.000
  0.018,300.111,  0.000,  0.000
  0.018,300.114,  0.000,  0.000
  0.018,300.111,  0.000,  0.000
  0.018,300.103,  0.000,  0.000
  0.018,300.108,  0.000,  0.000
  0.018,300.135,  0.000,  0.000
  0.018,300.149,  0.000,  0.000
  0.019,300.129,  0.000,  0.000
  0.019,300.059,  0.000,  0.000
  0.019,299.926,  0.000,  0.000
  0.019,299.738,  0.000,  0.000
  0.019,299.677,  0.000,  0.000
  0.019,299.920,  0.000,  0.000
  0.019,300.251,  0.000,  0.000
  0.019,300.366,  0.000,  0.000
  0.019,300.317,  0.000,  0.000
  0.019,300.307,  0.000,  0.000
  0.019,300.302,  0.000,  0.000
  0.019,300.289,  0.000,  0.000
  0.019,300.251,  0.000,  0.000
  0.019,300.206,  0.000,  0.000
  0.018,300.131,  0.000,  0.000
  0.018,300.121,  0.000,  0.000
  0.019,300.128,  0.000,  0.000
  0.019,300.132,  0.000,  0.000
  0.019,300.134,  0.000,  0.000
  0.018,300.134,  0.000,  0.000
  0.018,300.131,  0.000,  0.000
  0.019,300.128,  0.000,  0.000
  0.019,300.135,  0.000,  0.000
  0.018,300.146,  0.000,  0.000
  0.018,300.150,  0.000,  0.000
  0.019,300.154,  0.000,  0.000
  0.019,300.069,  0.000,  0.000
  0.019,299.792,  0.000,  0.000
  0.019,299.526,  0.000,  0.000
  0.019,299.591,  0.000,  0.000
  0.019,299.967,  0.000,  0.000
  0.019,300.308,  0.000,  0.000
  0.019,300.382,  0.000,  0.000
  0.019,300.314,  0.000,  0.000
  0.019,300.300,  0.000,  0.000
  0.019,300.285,  0.000,  0.000
  0.019,300.248,  0.000,  0.000
  0.019,300.212,  0.000,  0.000
  0.019,300.217,  0.000,  0.000
