  0.021,301.935,  0.002,  0.000
  0.021,301.948,  0.029,  0.000
  0.021,301.967,  0.927,  0.000
  0.021,301.975,  5.670,  0.000
  0.021,301.967,  8.186,  0.000
  0.021,301.957,  8.232,  0.000
  0.021,301.963,  6.772,  0.030
  0.020,301.984,  2.299,  0.030
  0.020,301.994,  5.049,  0.030
  0.020,301.983, 13.256,  1.980
  0.020,301.963, 11.633,  1.980
  0.021,301.928,  0.412,  1.980
  0.021,301.880,  0.597,  1.980
  0.021,301.844,  0.125,  2.320
  0.021,301.838,  0.126,  2.320
  0.021,301.854,  0.272,  2.320
  0.021,301.872,  0.236,  9.820
  0.021,301.884,  0.384,  9.820
  0.021,301.883,  0.844,  9.820
  0.021,301.877,  1.894,  9.820
  0.021,301.872,  1.721,  2.570
  0.021,301.861,  1.544,  2.570
  0.021,301.847,  0.588,  2.570
  0.021,301.876,  0.914,  1.560
  0.021,301.900,  1.686,  1.560
  0.021,301.943,  0.005,  0.000
  0.021,301.939,  0.468,  0.000
  0.021,301.944,  5.514,  0.000
  0.021,301.945,  4.606,  0.000
  0.021,301.945,  1.224,  0.000
  0.021,301.952,  5.204,  0.000
  0.020,301.967, 17.415,  0.050
  0.020,301.978, 24.242,  0.050
  0.020,301.971, 16.461,  0.050
  0.021,301.947,  6.609,  1.890
  0.021,301.913,  2.953,  1.890
  0.021,301.875,  0.088,  1.890
  0.021,301.848,  0.055,  1.890
  0.021,301.846,  0.046,  2.650
  0.021,301.852,  0.155,  2.650
  0.021,301.855,  0.387,  2.650
  0.021,301.857,  0.738,  9.880
  0.021,301.854,  1.195,  9.880
  0.021,301.857,  1.825,  9.880
  0.021,301.879,  2.137,  9.880
  0.021,301.894,  1.381,  3.050
  0.021,301.870,  0.885,  3.050
  0.021,301.829,  1.105,  3.050
  0.021,301.835,  1.002,  1.210
  0.021,301.867,  1.396,  1.210
  0.021,301.956,  0.014,  0.000
  0.021,301.940,  0.125,  0.000
  0.021,301.937,  1.442,  0.000
  0.021,301.937,  5.451,  0.000
  0.021,301.938,  3.352,  0.000
  0.020,301.947, 18.050,  0.000
  0.021,301.954, 29.446,  0.050
  0.021,301.946, 18.583,  0.050
  0.021,301.925, 14.549,  0.050
  0.021,301.902,  1.802,  1.890
  0.021,301.879,  0.569,  1.890
  0.021,301.867,  0.012,  1.890
  0.021,301.871,  0.025,  1.890
  0.021,301.880,  0.050,  2.650
  0.021,301.881,  0.191,  2.650
  0.021,301.873,  0.528,  2.650
  0.021,301.856,  1.112,  9.880
  0.021,301.846,  1.985,  9.880
  0.021,301.872,  2.824,  9.880
  0.020,301.915,  3.431,  9.880
  0.020,301.925,  4.663,  3.050
  0.021,301.890,  2.591,  3.050
  0.021,301.846,  5.726,  3.050
  0.021,301.856,  2.805,  1.210
  0.021,301.889,  1.252,  1.210
  0.021,301.948,  0.070,  0.000
  0.021,301.942,  0.276,  0.000
  0.021,301.939,  2.276,  0.000
  0.021,301.933,  1.896,  0.000
  0.021,301.930,  6.001,  0.000
  0.021,301.930, 28.957,  0.000
  0.021,301.922, 19.766,  0.050
  0.021,301.905,  3.270,  0.050
  0.021,301.893,  2.584,  0.050
  0.021,301.890,  0.433,  1.890
  0.021,301.894,  0.043,  1.890
  0.021,301.903,  0.017,  1.890
  0.021,301.914,  0.055,  1.890
  0.020,301.918,  0.066,  2.650
  0.021,301.910,  0.122,  2.650
  0.021,301.887,  0.820,  2.650
  0.021,301.858,  2.554,  9.880
  0.021,301.852,  2.472,  9.880
  0.021,301.883,  3.372,  9.880
  0.020,301.924,  5.474,  9.880
  0.020,301.936, 10.389,  3.050
  0.020,301.913,  6.666,  3.050
  0.021,301.891, 12.959,  3.050
  0.021,301.914,  4.037,  1.210
  0.021,301.930,  0.585,  1.210
  0.021,301.931,  0.193,  0.000
  0.021,301.933,  2.095,  0.000
  0.021,301.933, 12.958,  0.000
  0.021,301.935, 13.313,  0.000
  0.021,301.937,  3.773,  0.000
  0.021,301.926,  6.332,  0.000
  0.021,301.904,  6.387,  0.050
  0.021,301.892,  7.587,  0.050
  0.021,301.899,  0.029,  0.050
  0.021,301.921,  0.083,  1.890
  0.021,301.945,  0.003,  1.890
  0.020,301.955,  0.026,  1.890
  0.020,301.955,  0.121,  1.890
  0.021,301.941,  0.170,  2.650
  0.021,301.912,  0.097,  2.650
  0.021,301.882,  0.604,  2.650
  0.021,301.862,  2.068,  9.880
  0.021,301.865,  2.690,  9.880
  0.021,301.885,  2.248,  9.880
  0.021,301.905,  2.034,  9.880
  0.021,301.913,  3.618,  3.050
  0.021,301.911,  4.201,  3.050
  0.021,301.913,  6.050,  3.050
  0.021,301.932,  2.765,  1.210
  0.021,301.920,  0.244,  1.210
  0.021,301.930,  0.238,  0.000
  0.021,301.934,  3.284,  0.000
  0.021,301.942, 10.060,  0.000
  0.021,301.956,  5.039,  0.000
  0.021,301.962,  1.119,  0.000
  0.021,301.942,  1.051,  0.000
  0.021,301.913,  0.459,  0.170
  0.021,301.904,  0.540,  0.170
  0.021,301.927,  0.031,  0.170
  0.021,301.963,  0.006,  6.930
  0.020,301.986,  0.003,  6.930
  0.020,301.982,  0.031,  6.930
  0.021,301.958,  0.150,  6.930
  0.021,301.922,  0.266,  1.740
  0.021,301.892,  0.287,  1.740
  0.021,301.879,  0.598,  1.740
  0.021,301.884,  0.388,  2.180
  0.021,301.897,  0.526,  2.180
  0.021,301.901,  0.661,  2.180
  0.021,301.894,  0.464,  2.180
  0.021,301.885,  1.337,  1.600
  0.021,301.884,  2.611,  1.600
  0.021,301.886,  3.206,  1.600
  0.021,301.894,  0.953,  2.480
  0.021,301.881,  0.038,  2.480
  0.021,301.961,  0.016,  0.000
  0.021,301.967,  0.093,  0.000
  0.021,301.977,  0.481,  0.000
  0.021,301.989,  0.675,  0.000
  0.021,301.987,  0.128,  0.000
  0.021,301.962,  0.083,  0.000
  0.021,301.931,  0.049,  0.170
  0.021,301.927,  0.051,  0.170
  0.021,301.954,  0.005,  0.170
  0.021,301.984,  0.002,  6.930
  0.021,301.991,  0.001,  6.930
  0.021,301.970,  0.018,  6.930
  0.021,301.936,  0.082,  6.930
  0.021,301.908,  0.171,  1.740
  0.021,301.900,  0.258,  1.740
  0.021,301.912,  0.310,  1.740
  0.021,301.936,  0.035,  2.180
  0.021,301.949,  0.080,  2.180
  0.021,301.936,  0.077,  2.180
  0.021,301.900,  0.059,  2.180
  0.021,301.870,  0.354,  1.600
  0.021,301.863,  1.009,  1.600
  0.021,301.867,  1.234,  1.600
  0.021,301.877,  0.157,  2.480
  0.021,301.876,  0.008,  2.480
  0.021,302.008,  0.004,  0.000
  0.021,302.007,  0.033,  0.000
  0.021,302.007,  0.110,  0.000
  0.021,302.004,  0.055,  0.000
  0.021,301.989,  0.013,  0.000
  0.021,301.963,  0.021,  0.000
  0.021,301.941,  0.013,  0.170
  0.021,301.937,  0.007,  0.170
  0.021,301.951,  0.001,  0.170
  0.021,301.972,  0.000,  6.930
  0.021,301.984,  0.001,  6.930
  0.021,301.982,  0.005,  6.930
  0.021,301.969,  0.016,  6.930
  0.021,301.955,  0.035,  1.740
  0.021,301.954,  0.056,  1.740
  0.021,301.964,  0.033,  1.740
  0.021,301.972,  0.006,  2.180
  0.021,301.961,  0.008,  2.180
  0.021,301.927,  0.005,  2.180
  0.021,301.892,  0.005,  2.180
  0.021,301.885,  0.048,  1.600
  0.021,301.895,  0.186,  1.600
  0.021,301.900,  0.222,  1.600
  0.021,301.902,  0.013,  2.480
  0.020,301.891,  0.002,  2.480
  0.021,302.018,  0.001,  0.000
  0.021,302.019,  0.002,  0.000
  0.021,302.018,  0.005,  0.000
  0.021,301.996,  0.012,  0.000
  0.021,301.961,  0.001,  0.000
  0.021,301.939,  0.005,  0.000
  0.021,301.931,  0.002,  0.170
  0.021,301.930,  0.002,  0.170
  0.021,301.935,  0.001,  0.170
  0.021,301.946,  0.000,  6.930
  0.021,301.971,  0.000,  6.930
  0.021,301.993,  0.001,  6.930
  0.021,301.987,  0.001,  6.930
  0.021,301.963,  0.001,  1.740
  0.021,301.949,  0.001,  1.740
  0.021,301.943,  0.001,  1.740
  0.021,301.926,  0.002,  2.180
  0.021,301.901,  0.001,  2.180
  0.021,301.883,  0.002,  2.180
  0.021,301.890,  0.001,  2.180
  0.021,301.916,  0.003,  1.600
  0.021,301.917,  0.010,  1.600
  0.021,301.891,  0.012,  1.600
  0.021,301.872,  0.003,  2.480
  0.021,301.860,  0.001,  2.480
  0.021,301.999,  0.000,  0.000
  0.021,302.008,  0.001,  0.000
  0.021,301.992,  0.004,  0.830
  0.021,301.954,  0.003,  0.830
  0.021,301.936,  0.000,  0.830
  0.021,301.953,  0.001,  0.830
  0.021,301.956,  0.000,  0.710
  0.021,301.929,  0.000,  0.710
  0.021,301.896,  0.000,  0.710
  0.021,301.870,  0.000,  0.560
  0.021,301.856,  0.000,  0.560
  0.021,301.837,  0.000,  0.560
  0.021,301.798,  0.000,  0.560
  0.021,301.779,  0.000,  1.060
  0.021,301.804,  0.000,  1.060
  0.021,301.845,  0.000,  1.060
  0.021,301.871,  0.000,  1.480
  0.021,301.881,  0.000,  1.480
  0.021,301.889,  0.000,  1.480
  0.021,301.897,  0.000,  1.480
  0.021,301.861,  0.001,  0.410
  0.021,301.781,  0.002,  0.410
  0.021,301.736,  0.002,  0.410
  0.021,301.745,  0.001,  0.920
  0.021,301.764,  0.000,  0.920
  0.021,301.983,  0.000,  0.000
  0.021,301.970,  0.000,  0.000
  0.021,301.933,  0.000,  0.830
  0.021,301.921,  0.000,  0.830
  0.021,301.958,  0.000,  0.830
  0.021,302.001,  0.000,  0.830
  0.021,301.971,  0.000,  0.710
  0.021,301.878,  0.000,  0.710
  0.021,301.812,  0.000,  0.710
  0.021,301.778,  0.000,  0.560
  0.021,301.724,  0.000,  0.560
  0.021,301.651,  0.000,  0.560
  0.021,301.614,  0.000,  0.560
  0.021,301.649,  0.000,  1.060
  0.021,301.714,  0.000,  1.060
  0.021,301.787,  0.000,  1.060
  0.021,301.862,  0.000,  1.480
  0.021,301.911,  0.000,  1.480
  0.021,301.911,  0.000,  1.480
  0.021,301.812,  0.000,  1.480
  0.021,301.633,  0.001,  0.410
  0.021,301.530,  0.002,  0.410
  0.021,301.548,  0.002,  0.410
  0.021,301.612,  0.000,  0.920
  0.021,301.681,  0.000,  0.920
  0.021,301.967,  0.000,  0.000
  0.021,301.922,  0.000,  0.000
  0.021,301.906,  0.000,  0.830
  0.021,301.926,  0.000,  0.830
  0.021,301.970,  0.000,  0.830
  0.021,301.963,  0.000,  0.830
  0.021,301.863,  0.000,  0.710
  0.021,301.777,  0.000,  0.710
  0.021,301.769,  0.000,  0.710
  0.021,301.765,  0.000,  0.560
  0.021,301.699,  0.000,  0.560
  0.021,301.632,  0.000,  0.560
  0.021,301.653,  0.000,  0.560
  0.021,301.717,  0.000,  1.060
  0.021,301.742,  0.000,  1.060
  0.021,301.746,  0.000,  1.060
  0.021,301.777,  0.000,  1.480
  0.021,301.838,  0.000,  1.480
  0.021,301.797,  0.000,  1.480
  0.020,301.374,  0.000,  1.480
  0.020,301.120,  0.000,  0.410
  0.020,301.081,  0.001,  0.410
  0.020,301.160,  0.000,  0.410
  0.021,301.452,  0.000,  0.920
  0.021,301.532,  0.000,  0.920
  0.021,301.956,  0.000,  0.000
  0.021,301.929,  0.000,  0.000
  0.021,301.927,  0.000,  0.830
  0.021,301.941,  0.000,  0.830
  0.021,301.932,  0.000,  0.830
  0.021,301.862,  0.000,  0.830
  0.021,301.759,  0.000,  0.710
  0.021,301.738,  0.000,  0.710
  0.020,301.649,  0.000,  0.710
  0.020,301.765,  0.000,  0.560
  0.021,301.689,  0.000,  0.560
  0.021,301.670,  0.000,  0.560
  0.021,301.739,  0.000,  0.560
  0.021,301.785,  0.000,  1.060
  0.021,301.750,  0.000,  1.060
  0.021,301.692,  0.000,  1.060
  0.021,301.683,  0.000,  1.480
  0.021,301.701,  0.000,  1.480
  0.021,301.610,  0.000,  1.480
  0.020,301.085,  0.000,  1.480
  0.020,300.850,  0.000,  0.410
  0.019,300.798,  0.000,  0.410
  0.020,301.135,  0.000,  0.410
  0.020,301.182,  0.000,  0.920
  0.020,301.268,  0.000,  0.920
  0.021,301.958,  0.000,  0.000
  0.021,301.955,  0.000,  0.000
  0.021,301.948,  0.000,  0.000
  0.021,301.931,  0.000,  0.000
  0.021,301.876,  0.000,  0.000
  0.021,301.788,  0.000,  0.000
  0.021,301.720,  0.000,  0.000
  0.021,301.722,  0.000,  0.000
  0.021,301.735,  0.000,  0.000
  0.020,301.687,  0.000,  0.000
  0.021,301.620,  0.000,  0.000
  0.021,301.639,  0.000,  0.000
  0.021,301.710,  0.000,  0.000
  0.021,301.731,  0.000,  1.160
  0.021,301.688,  0.000,  1.160
  0.021,301.645,  0.000,  1.160
  0.021,301.644,  0.000,  0.750
  0.021,301.650,  0.000,  0.750
  0.021,301.497,  0.000,  0.750
  0.020,300.834,  0.000,  0.750
  0.020,300.513,  0.000,  0.950
  0.020,300.803,  0.000,  0.950
  0.020,300.739,  0.000,  0.950
  0.020,300.889,  0.000,  0.000
  0.020,301.077,  0.000,  0.000
  0.021,301.936,  0.000,  0.000
  0.021,301.942,  0.000,  0.000
  0.021,301.930,  0.000,  0.000
  0.021,301.907,  0.000,  0.000
  0.021,301.856,  0.000,  0.000
  0.021,301.766,  0.000,  0.000
  0.021,301.680,  0.000,  0.000
  0.021,301.649,  0.000,  0.000
  0.021,301.641,  0.000,  0.000
  0.021,301.610,  0.000,  0.000
  0.021,301.577,  0.000,  0.000
  0.021,301.573,  0.000,  0.000
  0.021,301.595,  0.000,  0.000
  0.021,301.600,  0.000,  1.160
  0.021,301.586,  0.000,  1.160
  0.021,301.592,  0.000,  1.160
  0.021,301.627,  0.000,  0.750
  0.021,301.664,  0.000,  0.750
  0.021,301.504,  0.000,  0.750
  0.021,301.016,  0.000,  0.750
  0.020,300.217,  0.000,  0.950
  0.020,300.629,  0.000,  0.950
  0.020,300.574,  0.000,  0.950
  0.020,300.735,  0.000,  0.000
  0.021,301.012,  0.000,  0.000
