  0.017,299.468,  0.000,  0.000
  0.017,299.456,  0.000,  0.000
  0.017,299.445,  0.000,  0.000
  0.017,299.444,  0.000,  0.000
  0.017,299.457,  0.000,  0.000
  0.017,299.450,  0.000,  0.000
  0.017,299.444,  0.000,  0.070
  0.017,299.452,  0.000,  0.070
  0.017,299.466,  0.000,  0.070
  0.018,299.486,  0.000,  0.100
  0.017,299.477,  0.000,  0.100
  0.017,299.448,  0.000,  0.100
  0.017,299.455,  0.000,  0.100
  0.017,299.466,  0.000,  0.000
  0.017,299.451,  0.000,  0.000
  0.017,299.436,  0.000,  0.000
  0.017,299.431,  0.000,  0.000
  0.017,299.428,  0.000,  0.000
  0.017,299.435,  0.000,  0.000
  0.017,299.455,  0.000,  0.000
  0.018,299.476,  0.000,  0.000
  0.018,299.484,  0.000,  0.000
  0.017,299.485,  0.000,  0.000
  0.017,299.508,  0.000,  0.000
  0.017,299.517,  0.000,  0.000
  0.017,299.485,  0.000,  0.000
  0.017,299.483,  0.000,  0.000
  0.017,299.474,  0.000,  0.000
  0.017,299.474,  0.000,  0.000
  0.017,299.473,  0.000,  0.000
  0.017,299.467,  0.000,  0.000
  0.017,299.477,  0.000,  0.320
  0.017,299.487,  0.000,  0.320
  0.018,299.505,  0.000,  0.320
  0.017,299.511,  0.000,  0.260
  0.017,299.479,  0.000,  0.260
  0.017,299.460,  0.000,  0.260
  0.017,299.480,  0.000,  0.260
  0.017,299.484,  0.000,  0.000
  0.017,299.467,  0.000,  0.000
  0.017,299.457,  0.000,  0.000
  0.017,299.453,  0.000,  0.000
  0.017,299.450,  0.000,  0.000
  0.017,299.459,  0.000,  0.000
  0.018,299.482,  0.000,  0.000
  0.018,299.502,  0.000,  0.110
  0.018,299.504,  0.000,  0.110
  0.017,299.499,  0.000,  0.110
  0.017,299.525,  0.000,  0.000
  0.017,299.535,  0.000,  0.000
  0.017,299.510,  0.000,  0.000
  0.017,299.507,  0.000,  0.000
  0.017,299.494,  0.000,  0.000
  0.017,299.497,  0.000,  0.000
  0.017,299.486,  0.000,  0.000
  0.017,299.490,  0.000,  0.000
  0.017,299.517,  0.000,  0.320
  0.018,299.536,  0.000,  0.320
  0.018,299.545,  0.000,  0.320
  0.017,299.518,  0.000,  0.260
  0.017,299.482,  0.000,  0.260
  0.017,299.483,  0.000,  0.260
  0.017,299.503,  0.000,  0.260
  0.017,299.498,  0.000,  0.000
  0.017,299.489,  0.000,  0.000
  0.017,299.496,  0.000,  0.000
  0.017,299.503,  0.000,  0.000
  0.017,299.505,  0.000,  0.000
  0.017,299.506,  0.000,  0.000
  0.018,299.514,  0.000,  0.000
  0.018,299.518,  0.000,  0.110
  0.017,299.519,  0.000,  0.110
  0.017,299.519,  0.000,  0.110
  0.017,299.545,  0.000,  0.000
  0.018,299.553,  0.000,  0.000
  0.017,299.541,  0.000,  0.000
  0.017,299.531,  0.000,  0.000
  0.017,299.519,  0.000,  0.000
  0.017,299.517,  0.000,  0.000
  0.017,299.505,  0.000,  0.000
  0.017,299.522,  0.000,  0.000
  0.017,299.561,  0.000,  0.320
  0.018,299.588,  0.001,  0.320
  0.018,299.570,  0.000,  0.320
  0.017,299.513,  0.000,  0.260
  0.017,299.499,  0.000,  0.260
  0.017,299.519,  0.000,  0.260
  0.017,299.528,  0.000,  0.260
  0.017,299.510,  0.000,  0.000
  0.017,299.507,  0.000,  0.000
  0.017,299.519,  0.000,  0.000
  0.018,299.539,  0.000,  0.000
  0.018,299.562,  0.000,  0.000
  0.018,299.569,  0.000,  0.000
  0.018,299.552,  0.000,  0.000
  0.017,299.529,  0.000,  0.110
  0.017,299.536,  0.000,  0.110
  0.017,299.552,  0.000,  0.110
  0.018,299.572,  0.000,  0.000
  0.018,299.570,  0.001,  0.000
  0.017,299.565,  0.000,  0.000
  0.017,299.556,  0.000,  0.000
  0.017,299.548,  0.000,  0.000
  0.017,299.535,  0.000,  0.000
  0.017,299.530,  0.000,  0.000
  0.017,299.558,  0.000,  0.000
  0.018,299.602,  0.001,  0.320
  0.018,299.611,  0.003,  0.320
  0.017,299.567,  0.001,  0.320
  0.017,299.522,  0.000,  0.260
  0.017,299.538,  0.000,  0.260
  0.017,299.562,  0.000,  0.260
  0.017,299.548,  0.000,  0.260
  0.017,299.527,  0.000,  0.000
  0.017,299.528,  0.000,  0.000
  0.017,299.541,  0.000,  0.000
  0.018,299.566,  0.000,  0.000
  0.018,299.597,  0.000,  0.000
  0.018,299.604,  0.000,  0.000
  0.018,299.572,  0.000,  0.000
  0.017,299.540,  0.000,  0.110
  0.017,299.555,  0.000,  0.110
  0.018,299.584,  0.000,  0.110
  0.018,299.599,  0.000,  0.000
  0.018,299.591,  0.002,  0.000
  0.017,299.588,  0.000,  0.000
  0.018,299.579,  0.000,  0.000
  0.017,299.558,  0.000,  0.000
  0.017,299.540,  0.000,  0.000
  0.017,299.557,  0.000,  0.000
  0.018,299.613,  0.000,  0.000
  0.018,299.644,  0.001,  0.200
  0.018,299.619,  0.003,  0.200
  0.017,299.564,  0.003,  0.200
  0.017,299.558,  0.001,  0.000
  0.017,299.587,  0.000,  0.000
  0.017,299.589,  0.000,  0.000
  0.017,299.562,  0.000,  0.000
  0.017,299.552,  0.000,  0.000
  0.017,299.569,  0.000,  0.000
  0.018,299.591,  0.000,  0.000
  0.018,299.614,  0.000,  0.000
  0.018,299.629,  0.000,  0.000
  0.018,299.613,  0.000,  0.000
  0.017,299.574,  0.000,  0.000
  0.017,299.560,  0.001,  0.310
  0.017,299.581,  0.000,  0.310
  0.018,299.607,  0.000,  0.310
  0.018,299.619,  0.001,  0.000
  0.017,299.610,  0.004,  0.000
  0.018,299.614,  0.000,  0.000
  0.017,299.590,  0.000,  0.000
  0.017,299.558,  0.000,  0.000
  0.017,299.558,  0.000,  0.000
  0.017,299.600,  0.000,  0.000
  0.018,299.680,  0.000,  0.000
  0.018,299.695,  0.000,  0.200
  0.018,299.637,  0.001,  0.200
  0.017,299.581,  0.003,  0.200
  0.017,299.596,  0.004,  0.000
  0.018,299.625,  0.002,  0.000
  0.018,299.611,  0.001,  0.000
  0.017,299.582,  0.000,  0.000
  0.017,299.586,  0.000,  0.000
  0.018,299.616,  0.000,  0.000
  0.018,299.656,  0.000,  0.000
  0.018,299.683,  0.000,  0.000
  0.018,299.673,  0.000,  0.000
  0.017,299.635,  0.000,  0.000
  0.017,299.597,  0.000,  0.000
  0.017,299.598,  0.001,  0.310
  0.018,299.624,  0.001,  0.310
  0.018,299.638,  0.000,  0.310
  0.018,299.638,  0.000,  0.000
  0.017,299.626,  0.003,  0.000
  0.018,299.653,  0.000,  0.000
  0.017,299.599,  0.000,  0.000
  0.017,299.575,  0.000,  0.000
  0.017,299.598,  0.000,  0.000
  0.018,299.660,  0.000,  0.000
  0.018,299.746,  0.000,  0.000
  0.018,299.739,  0.000,  0.200
  0.017,299.664,  0.000,  0.200
  0.017,299.618,  0.002,  0.200
  0.018,299.634,  0.005,  0.000
  0.018,299.649,  0.007,  0.000
  0.018,299.633,  0.003,  0.000
  0.017,299.621,  0.000,  0.000
  0.018,299.638,  0.000,  0.000
  0.018,299.666,  0.000,  0.000
  0.018,299.703,  0.000,  0.000
  0.018,299.736,  0.000,  0.000
  0.018,299.717,  0.000,  0.000
  0.017,299.676,  0.000,  0.000
  0.017,299.653,  0.000,  0.000
  0.018,299.663,  0.001,  0.310
  0.018,299.684,  0.001,  0.310
  0.018,299.687,  0.001,  0.310
  0.018,299.677,  0.000,  0.000
  0.018,299.656,  0.001,  0.000
  0.018,299.680,  0.000,  0.000
  0.017,299.618,  0.000,  0.000
  0.017,299.623,  0.000,  0.000
  0.017,299.679,  0.000,  0.000
  0.018,299.745,  0.000,  0.000
  0.018,299.768,  0.000,  0.000
  0.018,299.738,  0.000,  0.200
  0.017,299.676,  0.000,  0.200
  0.017,299.650,  0.001,  0.200
  0.018,299.670,  0.004,  0.000
  0.018,299.673,  0.011,  0.000
  0.018,299.662,  0.011,  0.000
  0.018,299.672,  0.003,  0.000
  0.018,299.704,  0.000,  0.000
  0.018,299.732,  0.000,  0.000
  0.018,299.744,  0.000,  0.000
  0.018,299.746,  0.000,  0.000
  0.018,299.739,  0.000,  0.000
  0.018,299.719,  0.000,  0.000
  0.018,299.710,  0.000,  0.000
  0.018,299.728,  0.001,  0.310
  0.018,299.742,  0.001,  0.310
  0.018,299.730,  0.001,  0.310
  0.018,299.714,  0.000,  0.000
  0.018,299.705,  0.001,  0.000
  0.017,299.685,  0.000,  0.000
  0.017,299.646,  0.000,  0.000
  0.017,299.670,  0.000,  0.000
  0.017,299.730,  0.000,  0.000
  0.018,299.791,  0.000,  0.000
  0.018,299.785,  0.000,  0.000
  0.018,299.703,  0.000,  0.090
  0.017,299.659,  0.000,  0.090
  0.018,299.678,  0.000,  0.090
  0.018,299.714,  0.002,  0.090
  0.018,299.710,  0.009,  0.090
  0.018,299.702,  0.021,  0.090
  0.018,299.719,  0.012,  0.090
  0.018,299.756,  0.001,  0.000
  0.018,299.797,  0.000,  0.000
  0.018,299.801,  0.000,  0.000
  0.017,299.770,  0.000,  0.000
  0.017,299.747,  0.000,  0.000
  0.018,299.748,  0.000,  0.000
  0.018,299.749,  0.000,  0.000
  0.018,299.760,  0.000,  0.180
  0.018,299.768,  0.001,  0.180
  0.018,299.746,  0.001,  0.180
  0.018,299.732,  0.001,  0.000
  0.018,299.740,  0.001,  0.000
  0.017,299.674,  0.000,  0.000
  0.017,299.656,  0.000,  0.000
  0.017,299.698,  0.000,  0.000
  0.018,299.764,  0.000,  0.000
  0.018,299.815,  0.000,  0.000
  0.017,299.788,  0.000,  0.000
  0.017,299.702,  0.000,  0.090
  0.017,299.681,  0.000,  0.090
  0.017,299.726,  0.000,  0.090
  0.018,299.759,  0.000,  0.090
  0.018,299.760,  0.004,  0.090
  0.018,299.753,  0.022,  0.090
  0.018,299.753,  0.033,  0.090
  0.018,299.777,  0.006,  0.000
  0.018,299.823,  0.000,  0.000
  0.018,299.858,  0.000,  0.000
  0.017,299.835,  0.000,  0.000
  0.017,299.793,  0.000,  0.000
  0.017,299.775,  0.000,  0.000
  0.018,299.771,  0.000,  0.000
  0.018,299.774,  0.000,  0.180
  0.018,299.768,  0.000,  0.180
  0.018,299.751,  0.001,  0.180
  0.017,299.743,  0.001,  0.000
  0.018,299.761,  0.000,  0.000
  0.017,299.677,  0.000,  0.000
  0.017,299.675,  0.000,  0.000
  0.017,299.717,  0.000,  0.000
  0.018,299.749,  0.000,  0.000
  0.018,299.791,  0.000,  0.000
  0.017,299.786,  0.000,  0.000
  0.017,299.739,  0.000,  0.090
  0.017,299.739,  0.000,  0.090
  0.017,299.792,  0.000,  0.090
  0.018,299.822,  0.000,  0.090
  0.018,299.808,  0.001,  0.090
  0.018,299.791,  0.017,  0.090
  0.018,299.776,  0.050,  0.090
  0.018,299.770,  0.029,  0.000
  0.018,299.803,  0.001,  0.000
  0.018,299.860,  0.000,  0.000
  0.018,299.890,  0.001,  0.000
  0.017,299.863,  0.001,  0.000
  0.017,299.826,  0.000,  0.000
  0.017,299.797,  0.000,  0.000
  0.018,299.782,  0.000,  0.180
  0.018,299.769,  0.000,  0.180
  0.017,299.766,  0.001,  0.180
  0.017,299.780,  0.001,  0.000
  0.017,299.789,  0.000,  0.000
  0.017,299.696,  0.001,  0.000
  0.017,299.717,  0.000,  0.000
  0.017,299.760,  0.000,  0.000
  0.017,299.757,  0.000,  0.000
  0.017,299.780,  0.000,  0.000
  0.017,299.769,  0.000,  0.000
  0.017,299.774,  0.000,  0.090
  0.018,299.813,  0.000,  0.090
  0.018,299.863,  0.000,  0.090
  0.018,299.882,  0.000,  0.090
  0.018,299.857,  0.000,  0.090
  0.018,299.820,  0.009,  0.090
  0.018,299.795,  0.045,  0.090
  0.017,299.776,  0.070,  0.000
  0.018,299.795,  0.022,  0.000
  0.018,299.850,  0.001,  0.000
  0.018,299.906,  0.002,  0.000
  0.018,299.915,  0.009,  0.000
  0.017,299.894,  0.006,  0.000
  0.017,299.851,  0.000,  0.000
  0.017,299.819,  0.000,  0.180
  0.018,299.789,  0.000,  0.180
  0.018,299.794,  0.000,  0.180
  0.017,299.825,  0.001,  0.000
  0.017,299.831,  0.001,  0.000
  0.017,299.729,  0.001,  0.000
  0.017,299.777,  0.001,  0.000
  0.017,299.819,  0.000,  0.000
  0.017,299.814,  0.000,  0.000
  0.017,299.797,  0.000,  0.000
  0.017,299.769,  0.000,  0.000
  0.017,299.804,  0.000,  0.090
  0.018,299.860,  0.000,  0.090
  0.018,299.897,  0.000,  0.090
  0.018,299.905,  0.000,  0.220
  0.018,299.884,  0.000,  0.220
  0.018,299.837,  0.001,  0.220
  0.017,299.811,  0.021,  0.220
  0.017,299.804,  0.092,  0.060
  0.017,299.855,  0.112,  0.060
  0.018,299.912,  0.027,  0.060
  0.018,299.917,  0.006,  0.060
  0.018,299.916,  0.038,  0.060
  0.018,299.931,  0.050,  0.060
  0.018,299.930,  0.002,  0.060
  0.017,299.887,  0.000,  0.000
  0.018,299.844,  0.000,  0.000
  0.018,299.832,  0.000,  0.000
  0.018,299.867,  0.002,  0.000
  0.018,299.882,  0.003,  0.000
  0.017,299.770,  0.001,  0.000
  0.018,299.827,  0.001,  0.000
  0.018,299.871,  0.000,  0.000
  0.017,299.865,  0.000,  0.000
  0.017,299.842,  0.000,  0.000
  0.017,299.818,  0.000,  0.000
  0.017,299.873,  0.000,  0.090
  0.017,299.933,  0.000,  0.090
  0.018,299.927,  0.000,  0.090
  0.018,299.902,  0.000,  0.220
  0.018,299.880,  0.000,  0.220
  0.018,299.840,  0.000,  0.220
  0.018,299.819,  0.003,  0.220
  0.017,299.844,  0.055,  0.060
  0.017,299.916,  0.198,  0.060
  0.017,299.964,  0.159,  0.060
  0.018,299.953,  0.038,  0.060
  0.018,299.906,  0.089,  0.060
  0.018,299.919,  0.215,  0.060
  0.018,299.964,  0.067,  0.060
  0.018,299.959,  0.001,  0.000
  0.018,299.914,  0.001,  0.000
  0.018,299.891,  0.001,  0.000
  0.018,299.913,  0.004,  0.000
  0.018,299.929,  0.007,  0.000
