  0.015,299.454,  0.000,  0.000
  0.015,299.461,  0.000,  0.000
  0.015,299.468,  0.000,  0.000
  0.015,299.474,  0.000,  0.000
  0.015,299.480,  0.000,  0.000
  0.015,299.487,  0.000,  0.000
  0.015,299.496,  0.000,  0.000
  0.015,299.506,  0.000,  0.000
  0.015,299.516,  0.000,  0.000
  0.015,299.527,  0.000,  0.000
  0.015,299.538,  0.000,  0.000
  0.015,299.549,  0.000,  0.000
  0.015,299.559,  0.000,  0.000
  0.015,299.570,  0.000,  0.000
  0.015,299.580,  0.000,  0.000
  0.015,299.591,  0.000,  0.000
  0.015,299.602,  0.000,  0.000
  0.015,299.611,  0.000,  0.000
  0.015,299.619,  0.000,  0.000
  0.015,299.624,  0.000,  0.000
  0.015,299.626,  0.000,  0.000
  0.015,299.626,  0.000,  0.000
  0.015,299.624,  0.000,  0.000
  0.015,299.634,  0.000,  0.000
  0.015,299.620,  0.000,  0.000
  0.015,299.458,  0.000,  0.000
  0.015,299.466,  0.000,  0.000
  0.015,299.474,  0.000,  0.000
  0.015,299.482,  0.000,  0.000
  0.015,299.491,  0.000,  0.000
  0.015,299.501,  0.000,  0.000
  0.015,299.510,  0.000,  0.000
  0.015,299.520,  0.000,  0.000
  0.015,299.529,  0.000,  0.000
  0.015,299.539,  0.000,  0.000
  0.015,299.549,  0.000,  0.000
  0.015,299.560,  0.000,  0.000
  0.015,299.571,  0.000,  0.000
  0.015,299.582,  0.000,  0.000
  0.015,299.594,  0.000,  0.000
  0.015,299.606,  0.000,  0.000
  0.015,299.618,  0.000,  0.000
  0.015,299.630,  0.000,  0.000
  0.015,299.640,  0.000,  0.000
  0.015,299.648,  0.000,  0.000
  0.015,299.653,  0.000,  0.000
  0.015,299.657,  0.000,  0.000
  0.015,299.659,  0.000,  0.000
  0.015,299.674,  0.000,  0.000
  0.015,299.668,  0.000,  0.000
  0.015,299.460,  0.000,  0.000
  0.015,299.469,  0.000,  0.000
  0.015,299.478,  0.000,  0.000
  0.015,299.488,  0.000,  0.000
  0.015,299.499,  0.000,  0.000
  0.015,299.511,  0.000,  0.000
  0.015,299.521,  0.000,  0.000
  0.015,299.531,  0.000,  0.000
  0.015,299.541,  0.000,  0.000
  0.015,299.551,  0.000,  0.000
  0.015,299.562,  0.000,  0.000
  0.015,299.573,  0.000,  0.000
  0.015,299.584,  0.000,  0.000
  0.015,299.596,  0.000,  0.000
  0.015,299.608,  0.000,  0.000
  0.015,299.620,  0.000,  0.000
  0.015,299.632,  0.000,  0.000
  0.015,299.644,  0.000,  0.000
  0.015,299.655,  0.000,  0.000
  0.015,299.664,  0.000,  0.000
  0.015,299.673,  0.000,  0.000
  0.015,299.679,  0.000,  0.000
  0.015,299.684,  0.000,  0.000
  0.015,299.702,  0.000,  0.000
  0.015,299.702,  0.000,  0.000
  0.015,299.460,  0.000,  0.000
  0.015,299.469,  0.000,  0.000
  0.015,299.480,  0.000,  0.000
  0.015,299.490,  0.000,  0.000
  0.015,299.502,  0.000,  0.000
  0.015,299.514,  0.000,  0.000
  0.015,299.525,  0.000,  0.000
  0.015,299.537,  0.000,  0.000
  0.015,299.548,  0.000,  0.000
  0.015,299.560,  0.000,  0.000
  0.015,299.572,  0.000,  0.000
  0.015,299.584,  0.000,  0.000
  0.015,299.596,  0.000,  0.000
  0.015,299.608,  0.000,  0.000
  0.015,299.620,  0.000,  0.000
  0.015,299.632,  0.000,  0.000
  0.015,299.643,  0.000,  0.000
  0.015,299.654,  0.000,  0.000
  0.015,299.665,  0.000,  0.000
  0.015,299.676,  0.000,  0.000
  0.015,299.686,  0.000,  0.000
  0.015,299.696,  0.000,  0.000
  0.015,299.704,  0.000,  0.000
  0.015,299.722,  0.000,  0.000
  0.015,299.726,  0.000,  0.000
  0.015,299.456,  0.000,  0.000
  0.015,299.467,  0.000,  0.000
  0.015,299.477,  0.000,  0.000
  0.015,299.488,  0.000,  0.000
  0.015,299.500,  0.000,  0.000
  0.015,299.512,  0.000,  0.000
  0.015,299.524,  0.000,  0.000
  0.015,299.536,  0.000,  0.000
  0.015,299.549,  0.000,  0.000
  0.015,299.562,  0.000,  0.000
  0.015,299.576,  0.000,  0.000
  0.015,299.589,  0.000,  0.000
  0.015,299.602,  0.000,  0.000
  0.015,299.615,  0.000,  0.000
  0.015,299.627,  0.000,  0.000
  0.015,299.639,  0.000,  0.000
  0.015,299.650,  0.000,  0.000
  0.015,299.661,  0.000,  0.000
  0.015,299.672,  0.000,  0.000
  0.015,299.684,  0.000,  0.000
  0.015,299.696,  0.000,  0.000
  0.015,299.707,  0.000,  0.000
  0.015,299.719,  0.000,  0.000
  0.015,299.738,  0.000,  0.000
  0.015,299.744,  0.000,  0.000
  0.015,299.452,  0.000,  0.000
  0.015,299.463,  0.000,  0.000
  0.015,299.474,  0.000,  0.000
  0.015,299.485,  0.000,  0.000
  0.015,299.496,  0.000,  0.000
  0.015,299.508,  0.000,  0.000
  0.015,299.520,  0.000,  0.000
  0.015,299.533,  0.000,  0.000
  0.015,299.546,  0.000,  0.000
  0.015,299.560,  0.000,  0.000
  0.015,299.575,  0.000,  0.000
  0.015,299.589,  0.000,  0.000
  0.015,299.604,  0.000,  0.000
  0.015,299.617,  0.000,  0.000
  0.015,299.630,  0.000,  0.000
  0.015,299.641,  0.000,  0.000
  0.015,299.653,  0.000,  0.000
  0.015,299.664,  0.000,  0.000
  0.015,299.676,  0.000,  0.000
  0.015,299.687,  0.000,  0.000
  0.015,299.699,  0.000,  0.000
  0.015,299.713,  0.000,  0.000
  0.015,299.726,  0.000,  0.000
  0.015,299.747,  0.000,  0.000
  0.015,299.755,  0.000,  0.000
  0.015,299.449,  0.000,  0.000
  0.015,299.459,  0.000,  0.000
  0.015,299.470,  0.000,  0.000
  0.015,299.481,  0.000,  0.000
  0.015,299.493,  0.000,  0.000
  0.015,299.505,  0.000,  0.000
  0.015,299.518,  0.000,  0.000
  0.015,299.531,  0.000,  0.000
  0.015,299.545,  0.000,  0.000
  0.015,299.559,  0.000,  0.000
  0.015,299.573,  0.000,  0.000
  0.015,299.587,  0.000,  0.000
  0.015,299.602,  0.000,  0.000
  0.015,299.615,  0.000,  0.000
  0.015,299.628,  0.000,  0.000
  0.015,299.640,  0.000,  0.000
  0.015,299.652,  0.000,  0.000
  0.015,299.663,  0.000,  0.000
  0.015,299.674,  0.000,  0.000
  0.015,299.686,  0.000,  0.000
  0.015,299.698,  0.000,  0.000
  0.015,299.711,  0.000,  0.000
  0.015,299.725,  0.000,  0.000
  0.015,299.745,  0.000,  0.000
  0.015,299.756,  0.000,  0.000
  0.015,299.444,  0.000,  0.000
  0.015,299.455,  0.000,  0.000
  0.015,299.466,  0.000,  0.000
  0.015,299.477,  0.000,  0.000
  0.015,299.490,  0.000,  0.000
  0.015,299.503,  0.000,  0.000
  0.015,299.517,  0.000,  0.000
  0.015,299.530,  0.000,  0.000
  0.015,299.543,  0.000,  0.000
  0.015,299.556,  0.000,  0.000
  0.015,299.569,  0.000,  0.000
  0.015,299.583,  0.000,  0.000
  0.015,299.598,  0.000,  0.000
  0.015,299.612,  0.000,  0.000
  0.015,299.624,  0.000,  0.000
  0.015,299.636,  0.000,  0.000
  0.015,299.648,  0.000,  0.000
  0.015,299.659,  0.000,  0.000
  0.015,299.670,  0.000,  0.000
  0.015,299.681,  0.000,  0.000
  0.015,299.693,  0.000,  0.000
  0.015,299.705,  0.000,  0.000
  0.015,299.719,  0.000,  0.000
  0.015,299.737,  0.000,  0.000
  0.015,299.749,  0.000,  0.000
  0.015,299.441,  0.000,  0.000
  0.015,299.451,  0.000,  0.000
  0.015,299.462,  0.000,  0.000
  0.015,299.474,  0.000,  0.000
  0.015,299.487,  0.000,  0.000
  0.015,299.500,  0.000,  0.000
  0.015,299.513,  0.000,  0.000
  0.015,299.526,  0.000,  0.000
  0.015,299.539,  0.000,  0.000
  0.015,299.551,  0.000,  0.000
  0.015,299.564,  0.000,  0.000
  0.015,299.578,  0.000,  0.000
  0.015,299.593,  0.000,  0.000
  0.015,299.606,  0.000,  0.000
  0.015,299.619,  0.000,  0.000
  0.015,299.631,  0.000,  0.000
  0.015,299.642,  0.000,  0.000
  0.015,299.653,  0.000,  0.000
  0.015,299.664,  0.000,  0.000
  0.015,299.675,  0.000,  0.000
  0.015,299.687,  0.000,  0.000
  0.015,299.699,  0.000,  0.000
  0.015,299.712,  0.000,  0.000
  0.015,299.728,  0.000,  0.000
  0.015,299.740,  0.000,  0.000
  0.015,299.435,  0.000,  0.000
  0.015,299.446,  0.000,  0.000
  0.015,299.457,  0.000,  0.000
  0.015,299.468,  0.000,  0.000
  0.015,299.481,  0.000,  0.000
  0.015,299.495,  0.000,  0.000
  0.015,299.507,  0.000,  0.000
  0.015,299.520,  0.000,  0.000
  0.015,299.532,  0.000,  0.000
  0.015,299.545,  0.000,  0.000
  0.015,299.558,  0.000,  0.000
  0.015,299.572,  0.000,  0.000
  0.015,299.586,  0.000,  0.000
  0.015,299.599,  0.000,  0.000
  0.015,299.612,  0.000,  0.000
  0.015,299.624,  0.000,  0.000
  0.015,299.636,  0.000,  0.000
  0.015,299.647,  0.000,  0.000
  0.015,299.658,  0.000,  0.000
  0.015,299.670,  0.000,  0.000
  0.015,299.681,  0.000,  0.000
  0.015,299.693,  0.000,  0.000
  0.015,299.705,  0.000,  0.000
  0.015,299.719,  0.000,  0.000
  0.015,299.731,  0.000,  0.000
  0.015,299.428,  0.000,  0.000
  0.015,299.439,  0.000,  0.000
  0.015,299.450,  0.000,  0.000
  0.015,299.462,  0.000,  0.000
  0.015,299.475,  0.000,  0.000
  0.015,299.488,  0.000,  0.000
  0.015,299.500,  0.000,  0.000
  0.015,299.514,  0.000,  0.000
  0.015,299.527,  0.000,  0.000
  0.015,299.540,  0.000,  0.000
  0.015,299.553,  0.000,  0.000
  0.015,299.566,  0.000,  0.000
  0.015,299.580,  0.000,  0.000
  0.015,299.593,  0.000,  0.000
  0.015,299.606,  0.000,  0.000
  0.015,299.617,  0.000,  0.000
  0.015,299.629,  0.000,  0.000
  0.015,299.640,  0.000,  0.000
  0.015,299.652,  0.000,  0.000
  0.015,299.663,  0.000,  0.000
  0.015,299.675,  0.000,  0.000
  0.015,299.686,  0.000,  0.000
  0.015,299.697,  0.000,  0.000
  0.015,299.709,  0.000,  0.000
  0.015,299.721,  0.000,  0.000
  0.015,299.418,  0.000,  0.000
  0.015,299.430,  0.000,  0.000
  0.015,299.441,  0.000,  0.000
  0.015,299.453,  0.000,  0.000
  0.015,299.465,  0.000,  0.000
  0.015,299.478,  0.000,  0.000
  0.015,299.491,  0.000,  0.000
  0.015,299.504,  0.000,  0.000
  0.015,299.517,  0.000,  0.000
  0.015,299.530,  0.000,  0.000
  0.015,299.543,  0.000,  0.000
  0.015,299.556,  0.000,  0.000
  0.015,299.569,  0.000,  0.000
  0.015,299.582,  0.000,  0.000
  0.015,299.595,  0.000,  0.000
  0.015,299.607,  0.000,  0.000
  0.015,299.618,  0.000,  0.000
  0.015,299.629,  0.000,  0.000
  0.015,299.641,  0.000,  0.000
  0.015,299.653,  0.000,  0.000
  0.015,299.666,  0.000,  0.000
  0.015,299.678,  0.000,  0.000
  0.015,299.688,  0.000,  0.000
  0.015,299.698,  0.000,  0.000
  0.015,299.709,  0.000,  0.000
  0.015,299.409,  0.000,  0.000
  0.015,299.420,  0.000,  0.000
  0.015,299.432,  0.000,  0.000
  0.015,299.444,  0.000,  0.000
  0.015,299.456,  0.000,  0.000
  0.015,299.469,  0.000,  0.000
  0.015,299.482,  0.000,  0.000
  0.015,299.495,  0.000,  0.000
  0.015,299.508,  0.000,  0.000
  0.015,299.520,  0.000,  0.000
  0.015,299.533,  0.000,  0.000
  0.015,299.545,  0.000,  0.000
  0.015,299.558,  0.000,  0.000
  0.015,299.571,  0.000,  0.000
  0.015,299.583,  0.000,  0.000
  0.015,299.595,  0.000,  0.000
  0.015,299.606,  0.000,  0.000
  0.015,299.617,  0.000,  0.000
  0.015,299.629,  0.000,  0.000
  0.015,299.641,  0.000,  0.000
  0.015,299.654,  0.000,  0.000
  0.015,299.667,  0.000,  0.000
  0.015,299.678,  0.000,  0.000
  0.015,299.687,  0.000,  0.000
  0.015,299.695,  0.000,  0.000
  0.015,299.400,  0.000,  0.000
  0.015,299.411,  0.000,  0.000
  0.015,299.423,  0.000,  0.000
  0.015,299.434,  0.000,  0.000
  0.015,299.447,  0.000,  0.000
  0.015,299.459,  0.000,  0.000
  0.015,299.472,  0.000,  0.000
  0.015,299.485,  0.000,  0.000
  0.015,299.497,  0.000,  0.000
  0.015,299.510,  0.000,  0.000
  0.015,299.522,  0.000,  0.000
  0.015,299.534,  0.000,  0.000
  0.015,299.546,  0.000,  0.000
  0.015,299.559,  0.000,  0.000
  0.015,299.571,  0.000,  0.000
  0.015,299.583,  0.000,  0.000
  0.015,299.594,  0.000,  0.000
  0.015,299.605,  0.000,  0.000
  0.015,299.616,  0.000,  0.000
  0.015,299.628,  0.000,  0.000
  0.015,299.640,  0.000,  0.000
  0.015,299.654,  0.000,  0.000
  0.015,299.666,  0.000,  0.000
  0.015,299.676,  0.000,  0.000
  0.015,299.683,  0.000,  0.000
  0.015,299.392,  0.000,  0.000
  0.015,299.402,  0.000,  0.000
  0.015,299.413,  0.000,  0.000
  0.015,299.425,  0.000,  0.000
  0.015,299.437,  0.000,  0.000
  0.015,299.450,  0.000,  0.000
  0.015,299.462,  0.000,  0.000
  0.015,299.474,  0.000,  0.000
  0.015,299.487,  0.000,  0.000
  0.015,299.499,  0.000,  0.000
  0.015,299.511,  0.000,  0.000
  0.015,299.523,  0.000,  0.000
  0.015,299.535,  0.000,  0.000
  0.015,299.547,  0.000,  0.000
  0.015,299.559,  0.000,  0.000
  0.015,299.571,  0.000,  0.000
  0.015,299.582,  0.000,  0.000
  0.015,299.593,  0.000,  0.000
  0.015,299.604,  0.000,  0.000
  0.015,299.615,  0.000,  0.000
  0.015,299.627,  0.000,  0.000
  0.015,299.639,  0.000,  0.000
  0.015,299.652,  0.000,  0.000
  0.015,299.664,  0.000,  0.000
  0.015,299.672,  0.000,  0.000
