  0.019,300.694,  0.000,  0.000
  0.019,300.720,  0.000,  0.000
  0.019,300.746,  0.000,  0.000
  0.019,300.769,  0.000,  0.000
  0.019,300.787,  0.000,  0.000
  0.019,300.803,  0.000,  0.000
  0.019,300.818,  0.000,  0.000
  0.019,300.834,  0.000,  0.000
  0.019,300.850,  0.000,  0.000
  0.019,300.865,  0.000,  0.000
  0.019,300.880,  0.000,  0.000
  0.019,300.894,  0.000,  0.000
  0.019,300.908,  0.000,  0.000
  0.019,300.922,  0.000,  0.000
  0.019,300.936,  0.000,  0.000
  0.019,300.949,  0.000,  0.000
  0.019,300.962,  0.000,  0.000
  0.019,300.974,  0.000,  0.000
  0.019,300.986,  0.000,  0.000
  0.019,300.998,  0.000,  0.000
  0.019,301.009,  0.000,  0.000
  0.019,301.018,  0.000,  0.000
  0.019,301.028,  0.000,  0.000
  0.019,301.062,  0.000,  0.000
  0.019,301.070,  0.000,  0.000
  0.019,300.721,  0.000,  0.000
  0.019,300.747,  0.000,  0.000
  0.019,300.771,  0.000,  0.000
  0.019,300.790,  0.000,  0.000
  0.019,300.806,  0.000,  0.000
  0.019,300.820,  0.000,  0.000
  0.019,300.834,  0.000,  0.000
  0.019,300.849,  0.000,  0.000
  0.019,300.864,  0.000,  0.000
  0.019,300.878,  0.000,  0.000
  0.019,300.891,  0.000,  0.000
  0.019,300.905,  0.000,  0.000
  0.019,300.918,  0.000,  0.000
  0.019,300.930,  0.000,  0.000
  0.019,300.943,  0.000,  0.000
  0.019,300.955,  0.000,  0.000
  0.019,300.967,  0.000,  0.000
  0.019,300.979,  0.000,  0.000
  0.019,300.991,  0.000,  0.000
  0.019,301.002,  0.000,  0.000
  0.019,301.012,  0.000,  0.000
  0.019,301.021,  0.000,  0.000
  0.019,301.030,  0.000,  0.000
  0.019,301.063,  0.000,  0.000
  0.019,301.072,  0.000,  0.000
  0.019,300.747,  0.000,  0.000
  0.019,300.770,  0.000,  0.000
  0.019,300.791,  0.000,  0.000
  0.019,300.807,  0.000,  0.000
  0.019,300.822,  0.000,  0.000
  0.019,300.835,  0.000,  0.000
  0.019,300.848,  0.000,  0.000
  0.019,300.862,  0.000,  0.000
  0.019,300.875,  0.000,  0.000
  0.019,300.888,  0.000,  0.000
  0.019,300.900,  0.000,  0.000
  0.019,300.913,  0.000,  0.000
  0.019,300.925,  0.000,  0.000
  0.019,300.936,  0.000,  0.000
  0.019,300.948,  0.000,  0.000
  0.019,300.959,  0.000,  0.000
  0.019,300.971,  0.000,  0.000
  0.019,300.983,  0.000,  0.000
  0.019,300.994,  0.000,  0.000
  0.019,301.004,  0.000,  0.000
  0.019,301.014,  0.000,  0.000
  0.019,301.023,  0.000,  0.000
  0.019,301.032,  0.000,  0.000
  0.019,301.065,  0.000,  0.000
  0.019,301.073,  0.000,  0.000
  0.019,300.769,  0.000,  0.000
  0.019,300.790,  0.000,  0.000
  0.019,300.807,  0.000,  0.000
  0.019,300.822,  0.000,  0.000
  0.019,300.835,  0.000,  0.000
  0.019,300.847,  0.000,  0.000
  0.019,300.859,  0.000,  0.000
  0.019,300.872,  0.000,  0.000
  0.019,300.884,  0.000,  0.000
  0.019,300.896,  0.000,  0.000
  0.019,300.907,  0.000,  0.000
  0.019,300.919,  0.000,  0.000
  0.019,300.929,  0.000,  0.000
  0.019,300.940,  0.000,  0.000
  0.019,300.951,  0.000,  0.000
  0.019,300.962,  0.000,  0.000
  0.019,300.973,  0.000,  0.000
  0.019,300.984,  0.000,  0.000
  0.019,300.995,  0.000,  0.000
  0.019,301.005,  0.000,  0.000
  0.019,301.015,  0.000,  0.000
  0.019,301.025,  0.000,  0.000
  0.019,301.035,  0.000,  0.000
  0.019,301.065,  0.000,  0.000
  0.019,301.073,  0.000,  0.000
  0.018,300.654,  0.000,  0.000
  0.019,300.805,  0.000,  0.000
  0.019,300.820,  0.000,  0.000
  0.019,300.833,  0.000,  0.000
  0.019,300.846,  0.000,  0.000
  0.019,300.857,  0.000,  0.000
  0.018,300.758,  0.000,  0.000
  0.019,300.879,  0.000,  0.000
  0.019,300.891,  0.000,  0.000
  0.019,300.902,  0.000,  0.000
  0.019,300.913,  0.000,  0.000
  0.019,300.923,  0.000,  0.000
  0.019,300.933,  0.000,  0.000
  0.019,300.943,  0.000,  0.000
  0.019,300.953,  0.000,  0.000
  0.019,300.964,  0.000,  0.000
  0.019,300.974,  0.000,  0.000
  0.019,300.984,  0.000,  0.000
  0.019,300.995,  0.000,  0.000
  0.019,301.006,  0.000,  0.000
  0.019,301.016,  0.000,  0.000
  0.019,301.027,  0.000,  0.000
  0.019,301.036,  0.000,  0.000
  0.019,301.063,  0.000,  0.000
  0.019,301.071,  0.000,  0.000
  0.018,300.671,  0.000,  0.000
  0.018,300.690,  0.000,  0.000
  0.018,300.708,  0.000,  0.000
  0.018,300.723,  0.000,  0.000
  0.018,300.737,  0.000,  0.000
  0.018,300.751,  0.000,  0.000
  0.018,300.764,  0.000,  0.000
  0.018,300.777,  0.000,  0.000
  0.018,300.789,  0.000,  0.000
  0.018,300.800,  0.000,  0.000
  0.019,300.915,  0.000,  0.000
  0.019,300.925,  0.000,  0.000
  0.019,300.934,  0.000,  0.000
  0.019,300.943,  0.000,  0.000
  0.019,300.953,  0.000,  0.000
  0.019,300.963,  0.000,  0.000
  0.019,300.973,  0.000,  0.000
  0.019,300.984,  0.000,  0.000
  0.019,300.995,  0.000,  0.000
  0.019,301.006,  0.000,  0.000
  0.019,301.017,  0.000,  0.000
  0.019,301.027,  0.000,  0.000
  0.019,301.037,  0.000,  0.000
  0.019,301.061,  0.000,  0.000
  0.019,301.071,  0.000,  0.000
  0.018,300.685,  0.000,  0.000
  0.018,300.702,  0.000,  0.000
  0.018,300.717,  0.000,  0.000
  0.018,300.731,  0.000,  0.000
  0.018,300.744,  0.000,  0.000
  0.018,300.756,  0.000,  0.000
  0.018,300.767,  0.000,  0.000
  0.018,300.778,  0.000,  0.000
  0.018,300.789,  0.000,  0.000
  0.018,300.799,  0.000,  0.000
  0.018,300.809,  0.000,  0.000
  0.018,300.819,  0.000,  0.000
  0.018,300.828,  0.000,  0.000
  0.019,300.940,  0.000,  0.000
  0.019,300.950,  0.000,  0.000
  0.019,300.960,  0.000,  0.000
  0.019,300.972,  0.000,  0.000
  0.019,300.983,  0.000,  0.000
  0.019,300.993,  0.000,  0.000
  0.019,301.004,  0.000,  0.000
  0.019,301.015,  0.000,  0.000
  0.019,301.027,  0.000,  0.000
  0.019,301.040,  0.000,  0.000
  0.019,301.062,  0.000,  0.000
  0.019,301.070,  0.000,  0.000
  0.018,300.696,  0.000,  0.000
  0.018,300.710,  0.000,  0.000
  0.018,300.724,  0.000,  0.000
  0.018,300.736,  0.000,  0.000
  0.018,300.747,  0.000,  0.000
  0.018,300.758,  0.000,  0.000
  0.018,300.768,  0.000,  0.000
  0.018,300.777,  0.000,  0.000
  0.018,300.786,  0.000,  0.000
  0.018,300.795,  0.000,  0.000
  0.018,300.804,  0.000,  0.000
  0.018,300.813,  0.000,  0.000
  0.018,300.823,  0.000,  0.000
  0.018,300.833,  0.000,  0.000
  0.018,300.844,  0.000,  0.000
  0.018,300.857,  0.000,  0.000
  0.018,300.870,  0.000,  0.000
  0.019,300.981,  0.000,  0.000
  0.019,300.992,  0.000,  0.000
  0.019,301.003,  0.000,  0.000
  0.019,301.015,  0.000,  0.000
  0.019,301.029,  0.000,  0.000
  0.019,301.042,  0.000,  0.000
  0.019,301.061,  0.000,  0.000
  0.019,301.068,  0.000,  0.000
  0.018,300.704,  0.000,  0.000
  0.018,300.717,  0.000,  0.000
  0.018,300.728,  0.000,  0.000
  0.018,300.738,  0.000,  0.000
  0.018,300.748,  0.000,  0.000
  0.018,300.757,  0.000,  0.000
  0.018,300.765,  0.000,  0.000
  0.018,300.773,  0.000,  0.000
  0.018,300.782,  0.000,  0.000
  0.018,300.791,  0.000,  0.000
  0.018,300.799,  0.000,  0.000
  0.018,300.808,  0.000,  0.000
  0.018,300.818,  0.000,  0.000
  0.018,300.829,  0.000,  0.000
  0.018,300.841,  0.000,  0.000
  0.018,300.853,  0.000,  0.000
  0.018,300.866,  0.000,  0.000
  0.018,300.878,  0.000,  0.000
  0.018,300.890,  0.000,  0.000
  0.018,300.905,  0.000,  0.000
  0.018,300.921,  0.000,  0.000
  0.019,301.028,  0.000,  0.000
  0.019,301.042,  0.000,  0.000
  0.018,300.975,  0.000,  0.000
  0.018,300.981,  0.000,  0.000
  0.018,300.711,  0.000,  0.000
  0.018,300.721,  0.000,  0.000
  0.018,300.730,  0.000,  0.000
  0.018,300.738,  0.000,  0.000
  0.018,300.747,  0.000,  0.000
  0.018,300.755,  0.000,  0.000
  0.018,300.762,  0.000,  0.000
  0.018,300.770,  0.000,  0.000
  0.018,300.778,  0.000,  0.000
  0.018,300.787,  0.000,  0.000
  0.018,300.796,  0.000,  0.000
  0.018,300.805,  0.000,  0.000
  0.018,300.815,  0.000,  0.000
  0.018,300.826,  0.000,  0.000
  0.018,300.837,  0.000,  0.000
  0.018,300.848,  0.000,  0.000
  0.018,300.860,  0.000,  0.000
  0.018,300.873,  0.000,  0.000
  0.018,300.890,  0.000,  0.000
  0.018,300.909,  0.000,  0.000
  0.018,300.926,  0.000,  0.000
  0.018,300.942,  0.000,  0.000
  0.018,300.955,  0.000,  0.000
  0.018,300.966,  0.000,  0.000
  0.018,300.977,  0.000,  0.000
  0.018,300.716,  0.000,  0.000
  0.018,300.725,  0.000,  0.000
  0.018,300.732,  0.000,  0.000
  0.018,300.738,  0.000,  0.000
  0.018,300.745,  0.000,  0.000
  0.018,300.753,  0.000,  0.000
  0.018,300.760,  0.000,  0.000
  0.018,300.768,  0.000,  0.000
  0.018,300.776,  0.000,  0.000
  0.018,300.784,  0.000,  0.000
  0.018,300.793,  0.000,  0.000
  0.018,300.803,  0.000,  0.000
  0.018,300.813,  0.000,  0.000
  0.018,300.824,  0.000,  0.000
  0.018,300.834,  0.000,  0.000
  0.018,300.846,  0.000,  0.000
  0.018,300.862,  0.000,  0.000
  0.018,300.880,  0.000,  0.000
  0.018,300.899,  0.000,  0.000
  0.018,300.917,  0.000,  0.000
  0.018,300.932,  0.000,  0.000
  0.018,300.944,  0.000,  0.000
  0.018,300.954,  0.000,  0.000
  0.018,300.965,  0.000,  0.000
  0.018,300.976,  0.000,  0.000
  0.018,300.718,  0.000,  0.000
  0.018,300.726,  0.000,  0.000
  0.018,300.732,  0.000,  0.000
  0.018,300.737,  0.000,  0.000
  0.018,300.742,  0.000,  0.000
  0.018,300.749,  0.000,  0.000
  0.018,300.756,  0.000,  0.000
  0.018,300.764,  0.000,  0.000
  0.018,300.772,  0.000,  0.000
  0.018,300.781,  0.000,  0.000
  0.018,300.791,  0.000,  0.000
  0.018,300.801,  0.000,  0.000
  0.018,300.811,  0.000,  0.000
  0.018,300.822,  0.000,  0.000
  0.018,300.835,  0.000,  0.000
  0.018,300.852,  0.000,  0.000
  0.018,300.871,  0.000,  0.000
  0.018,300.890,  0.000,  0.000
  0.018,300.906,  0.000,  0.000
  0.018,300.920,  0.000,  0.000
  0.018,300.931,  0.000,  0.000
  0.018,300.941,  0.000,  0.000
  0.018,300.951,  0.000,  0.000
  0.018,300.963,  0.000,  0.000
  0.018,300.974,  0.000,  0.000
  0.018,300.720,  0.000,  0.000
  0.018,300.727,  0.000,  0.000
  0.018,300.731,  0.000,  0.000
  0.018,300.734,  0.000,  0.000
  0.018,300.738,  0.000,  0.000
  0.018,300.745,  0.000,  0.000
  0.018,300.753,  0.000,  0.000
  0.018,300.761,  0.000,  0.000
  0.018,300.770,  0.000,  0.000
  0.018,300.779,  0.000,  0.000
  0.018,300.790,  0.000,  0.000
  0.018,300.801,  0.000,  0.000
  0.018,300.813,  0.000,  0.000
  0.018,300.827,  0.000,  0.000
  0.018,300.843,  0.000,  0.000
  0.018,300.860,  0.000,  0.000
  0.018,300.878,  0.000,  0.000
  0.018,300.894,  0.000,  0.000
  0.018,300.907,  0.000,  0.000
  0.018,300.918,  0.000,  0.000
  0.018,300.928,  0.000,  0.000
  0.018,300.938,  0.000,  0.000
  0.018,300.949,  0.000,  0.000
  0.018,300.959,  0.000,  0.000
  0.018,300.969,  0.000,  0.000
  0.018,300.724,  0.000,  0.000
  0.018,300.727,  0.000,  0.000
  0.018,300.728,  0.000,  0.000
  0.018,300.731,  0.000,  0.000
  0.018,300.737,  0.000,  0.000
  0.018,300.743,  0.000,  0.000
  0.018,300.750,  0.000,  0.000
  0.018,300.760,  0.000,  0.000
  0.018,300.770,  0.000,  0.000
  0.018,300.781,  0.000,  0.000
  0.018,300.792,  0.000,  0.000
  0.018,300.805,  0.000,  0.000
  0.018,300.820,  0.000,  0.000
  0.018,300.835,  0.000,  0.000
  0.018,300.849,  0.000,  0.000
  0.018,300.863,  0.000,  0.000
  0.018,300.876,  0.000,  0.000
  0.018,300.890,  0.000,  0.000
  0.018,300.903,  0.000,  0.000
  0.018,300.915,  0.000,  0.000
  0.018,300.926,  0.000,  0.000
  0.018,300.936,  0.000,  0.000
  0.018,300.945,  0.000,  0.000
  0.018,300.954,  0.000,  0.000
  0.018,300.963,  0.000,  0.000
  0.018,300.727,  0.000,  0.000
  0.018,300.730,  0.000,  0.000
  0.018,300.731,  0.000,  0.000
  0.018,300.730,  0.000,  0.000
  0.018,300.735,  0.000,  0.000
  0.018,300.745,  0.000,  0.000
  0.018,300.754,  0.000,  0.000
  0.018,300.763,  0.000,  0.000
  0.018,300.774,  0.000,  0.000
  0.018,300.787,  0.000,  0.000
  0.018,300.799,  0.000,  0.000
  0.018,300.812,  0.000,  0.000
  0.018,300.824,  0.000,  0.000
  0.018,300.835,  0.000,  0.000
  0.018,300.846,  0.000,  0.000
  0.018,300.858,  0.000,  0.000
  0.018,300.871,  0.000,  0.000
  0.018,300.885,  0.000,  0.000
  0.018,300.899,  0.000,  0.000
  0.018,300.911,  0.000,  0.000
  0.018,300.922,  0.000,  0.000
  0.018,300.931,  0.000,  0.000
  0.018,300.940,  0.000,  0.000
  0.018,300.948,  0.000,  0.000
  0.018,300.957,  0.000,  0.000
