  0.023,303.174,  0.000,  0.140
  0.023,303.176,  0.000,  0.140
  0.023,303.179,  0.000,  0.160
  0.023,303.183,  0.000,  0.160
  0.023,303.188,  0.000,  0.160
  0.023,303.194,  0.000,  0.160
  0.023,303.203,  0.000,  0.250
  0.023,303.213,  0.000,  0.250
  0.023,303.223,  0.000,  0.250
  0.023,303.235,  0.000,  0.540
  0.023,303.247,  0.000,  0.540
  0.023,303.260,  0.000,  0.540
  0.023,303.272,  0.000,  0.540
  0.023,303.285,  0.000,  1.320
  0.023,303.297,  0.000,  1.320
  0.023,303.309,  0.000,  1.320
  0.023,303.320,  0.000,  1.380
  0.023,303.331,  0.000,  1.380
  0.023,303.340,  0.000,  1.380
  0.023,303.349,  0.000,  1.380
  0.023,303.358,  0.000,  0.490
  0.023,303.366,  0.000,  0.490
  0.023,303.375,  0.000,  0.490
  0.023,303.400,  0.000,  0.350
  0.023,303.406,  0.000,  0.350
  0.023,303.172,  0.000,  0.160
  0.023,303.174,  0.000,  0.160
  0.023,303.177,  0.000,  0.680
  0.023,303.181,  0.000,  0.680
  0.023,303.187,  0.000,  0.680
  0.023,303.193,  0.000,  0.680
  0.023,303.201,  0.000,  0.980
  0.023,303.211,  0.000,  0.980
  0.023,303.222,  0.000,  0.980
  0.023,303.233,  0.000,  0.510
  0.023,303.245,  0.000,  0.510
  0.023,303.257,  0.000,  0.510
  0.023,303.270,  0.000,  0.510
  0.023,303.282,  0.000,  0.040
  0.023,303.294,  0.000,  0.040
  0.023,303.305,  0.000,  0.040
  0.023,303.316,  0.000,  0.100
  0.023,303.326,  0.000,  0.100
  0.023,303.335,  0.000,  0.100
  0.023,303.343,  0.000,  0.100
  0.023,303.351,  0.000,  0.130
  0.023,303.358,  0.000,  0.130
  0.023,303.366,  0.000,  0.130
  0.023,303.389,  0.000,  0.190
  0.023,303.394,  0.000,  0.190
  0.023,303.171,  0.000,  0.160
  0.023,303.173,  0.000,  0.160
  0.023,303.176,  0.000,  0.680
  0.023,303.180,  0.000,  0.680
  0.023,303.186,  0.000,  0.680
  0.023,303.192,  0.000,  0.680
  0.023,303.201,  0.000,  0.980
  0.023,303.210,  0.000,  0.980
  0.023,303.221,  0.000,  0.980
  0.023,303.232,  0.000,  0.510
  0.023,303.244,  0.000,  0.510
  0.023,303.256,  0.000,  0.510
  0.023,303.268,  0.000,  0.510
  0.023,303.280,  0.000,  0.040
  0.023,303.291,  0.000,  0.040
  0.023,303.302,  0.000,  0.040
  0.023,303.312,  0.000,  0.100
  0.023,303.321,  0.000,  0.100
  0.023,303.329,  0.000,  0.100
  0.023,303.337,  0.000,  0.100
  0.023,303.344,  0.000,  0.130
  0.023,303.351,  0.000,  0.130
  0.023,303.358,  0.000,  0.130
  0.023,303.378,  0.000,  0.190
  0.023,303.382,  0.000,  0.190
  0.023,303.171,  0.000,  0.160
  0.023,303.173,  0.000,  0.160
  0.023,303.176,  0.000,  0.680
  0.023,303.180,  0.000,  0.680
  0.023,303.186,  0.000,  0.680
  0.023,303.193,  0.000,  0.680
  0.023,303.202,  0.000,  0.980
  0.023,303.211,  0.000,  0.980
  0.023,303.221,  0.000,  0.980
  0.023,303.232,  0.000,  0.510
  0.023,303.244,  0.000,  0.510
  0.023,303.255,  0.000,  0.510
  0.023,303.267,  0.000,  0.510
  0.023,303.278,  0.000,  0.040
  0.023,303.289,  0.000,  0.040
  0.023,303.299,  0.000,  0.040
  0.023,303.309,  0.000,  0.100
  0.023,303.317,  0.000,  0.100
  0.023,303.325,  0.000,  0.100
  0.023,303.331,  0.000,  0.100
  0.023,303.338,  0.000,  0.130
  0.023,303.344,  0.000,  0.130
  0.023,303.350,  0.000,  0.130
  0.023,303.368,  0.000,  0.190
  0.023,303.370,  0.000,  0.190
  0.023,303.172,  0.000,  0.160
  0.023,303.174,  0.000,  0.160
  0.023,303.177,  0.000,  0.680
  0.023,303.181,  0.000,  0.680
  0.023,303.186,  0.000,  0.680
  0.023,303.193,  0.000,  0.680
  0.023,303.202,  0.000,  0.980
  0.023,303.212,  0.000,  0.980
  0.023,303.223,  0.000,  0.980
  0.023,303.235,  0.000,  0.510
  0.023,303.247,  0.000,  0.510
  0.023,303.260,  0.000,  0.510
  0.023,303.272,  0.000,  0.510
  0.023,303.282,  0.000,  0.040
  0.023,303.290,  0.000,  0.040
  0.023,303.298,  0.000,  0.040
  0.023,303.306,  0.000,  0.100
  0.023,303.314,  0.000,  0.100
  0.023,303.320,  0.000,  0.100
  0.023,303.326,  0.000,  0.100
  0.023,303.332,  0.000,  0.130
  0.023,303.337,  0.000,  0.130
  0.023,303.343,  0.000,  0.130
  0.023,303.357,  0.000,  0.190
  0.023,303.359,  0.000,  0.190
  0.023,303.173,  0.000,  0.450
  0.023,303.175,  0.000,  0.450
  0.023,303.180,  0.000,  1.850
  0.023,303.187,  0.000,  1.850
  0.023,303.198,  0.000,  1.850
  0.023,303.209,  0.000,  1.850
  0.023,303.219,  0.000,  1.710
  0.023,303.229,  0.000,  1.710
  0.023,303.239,  0.000,  1.710
  0.023,303.249,  0.000,  0.490
  0.023,303.260,  0.000,  0.490
  0.023,303.271,  0.000,  0.490
  0.023,303.281,  0.000,  0.490
  0.023,303.290,  0.000,  0.000
  0.023,303.299,  0.000,  0.000
  0.023,303.306,  0.000,  0.000
  0.023,303.311,  0.000,  0.010
  0.023,303.314,  0.000,  0.010
  0.023,303.317,  0.000,  0.010
  0.023,303.322,  0.000,  0.010
  0.023,303.327,  0.000,  0.010
  0.023,303.331,  0.000,  0.010
  0.023,303.336,  0.000,  0.010
  0.023,303.347,  0.000,  0.120
  0.023,303.348,  0.000,  0.120
  0.023,303.188,  0.000,  0.450
  0.023,303.191,  0.000,  0.450
  0.023,303.195,  0.000,  1.850
  0.023,303.202,  0.000,  1.850
  0.023,303.210,  0.000,  1.850
  0.023,303.218,  0.000,  1.850
  0.023,303.226,  0.000,  1.710
  0.023,303.235,  0.000,  1.710
  0.023,303.244,  0.000,  1.710
  0.023,303.253,  0.000,  0.490
  0.023,303.263,  0.000,  0.490
  0.023,303.273,  0.000,  0.490
  0.023,303.283,  0.000,  0.490
  0.023,303.292,  0.000,  0.000
  0.023,303.301,  0.000,  0.000
  0.023,303.309,  0.000,  0.000
  0.023,303.315,  0.000,  0.010
  0.023,303.319,  0.000,  0.010
  0.023,303.320,  0.000,  0.010
  0.023,303.320,  0.000,  0.010
  0.023,303.321,  0.000,  0.010
  0.023,303.326,  0.000,  0.010
  0.023,303.329,  0.000,  0.010
  0.023,303.338,  0.000,  0.120
  0.023,303.338,  0.000,  0.120
  0.023,303.200,  0.000,  0.450
  0.023,303.202,  0.000,  0.450
  0.023,303.205,  0.000,  1.850
  0.023,303.208,  0.000,  1.850
  0.023,303.213,  0.000,  1.850
  0.023,303.219,  0.000,  1.850
  0.023,303.226,  0.000,  1.710
  0.023,303.234,  0.000,  1.710
  0.023,303.242,  0.000,  1.710
  0.023,303.251,  0.000,  0.490
  0.023,303.261,  0.000,  0.490
  0.023,303.271,  0.000,  0.490
  0.023,303.281,  0.000,  0.490
  0.023,303.291,  0.000,  0.000
  0.023,303.300,  0.000,  0.000
  0.023,303.308,  0.000,  0.000
  0.023,303.315,  0.000,  0.010
  0.023,303.321,  0.000,  0.010
  0.023,303.324,  0.000,  0.010
  0.023,303.324,  0.000,  0.010
  0.023,303.320,  0.000,  0.010
  0.023,303.319,  0.000,  0.010
  0.023,303.324,  0.000,  0.010
  0.023,303.328,  0.000,  0.120
  0.023,303.328,  0.000,  0.120
  0.023,303.202,  0.000,  0.450
  0.023,303.203,  0.000,  0.450
  0.023,303.205,  0.000,  1.850
  0.023,303.208,  0.000,  1.850
  0.023,303.212,  0.000,  1.850
  0.023,303.218,  0.000,  1.850
  0.023,303.224,  0.000,  1.710
  0.023,303.232,  0.000,  1.710
  0.023,303.240,  0.000,  1.710
  0.023,303.249,  0.000,  0.490
  0.023,303.259,  0.000,  0.490
  0.023,303.268,  0.000,  0.490
  0.023,303.278,  0.000,  0.490
  0.023,303.288,  0.000,  0.000
  0.023,303.297,  0.000,  0.000
  0.023,303.306,  0.000,  0.000
  0.023,303.313,  0.000,  0.010
  0.023,303.319,  0.000,  0.010
  0.023,303.324,  0.000,  0.010
  0.023,303.326,  0.000,  0.010
  0.023,303.323,  0.000,  0.010
  0.023,303.318,  0.000,  0.010
  0.023,303.317,  0.000,  0.010
  0.023,303.322,  0.000,  0.120
  0.023,303.319,  0.000,  0.120
  0.023,303.201,  0.000,  0.270
  0.023,303.202,  0.000,  0.270
  0.023,303.203,  0.000,  0.970
  0.023,303.206,  0.000,  0.970
  0.023,303.211,  0.000,  0.970
  0.023,303.216,  0.000,  0.970
  0.023,303.223,  0.000,  0.720
  0.023,303.230,  0.000,  0.720
  0.023,303.238,  0.000,  0.720
  0.023,303.247,  0.000,  0.040
  0.023,303.257,  0.000,  0.040
  0.023,303.266,  0.000,  0.040
  0.023,303.276,  0.000,  0.040
  0.023,303.286,  0.000,  0.000
  0.023,303.295,  0.000,  0.000
  0.023,303.303,  0.000,  0.000
  0.023,303.310,  0.000,  0.000
  0.023,303.317,  0.000,  0.000
  0.023,303.322,  0.000,  0.000
  0.023,303.325,  0.000,  0.000
  0.023,303.325,  0.000,  0.000
  0.023,303.322,  0.000,  0.000
  0.023,303.315,  0.000,  0.000
  0.023,303.312,  0.000,  0.000
  0.023,303.313,  0.000,  0.000
  0.023,303.199,  0.000,  0.270
  0.023,303.200,  0.000,  0.270
  0.023,303.203,  0.000,  0.970
  0.023,303.206,  0.000,  0.970
  0.023,303.210,  0.000,  0.970
  0.023,303.216,  0.000,  0.970
  0.023,303.223,  0.000,  0.720
  0.023,303.230,  0.000,  0.720
  0.023,303.239,  0.000,  0.720
  0.023,303.248,  0.000,  0.040
  0.023,303.258,  0.000,  0.040
  0.023,303.268,  0.000,  0.040
  0.023,303.278,  0.000,  0.040
  0.023,303.288,  0.000,  0.000
  0.023,303.298,  0.000,  0.000
  0.023,303.306,  0.000,  0.000
  0.023,303.314,  0.000,  0.000
  0.023,303.320,  0.000,  0.000
  0.023,303.324,  0.000,  0.000
  0.023,303.328,  0.000,  0.000
  0.023,303.329,  0.000,  0.000
  0.023,303.327,  0.000,  0.000
  0.023,303.320,  0.000,  0.000
  0.023,303.310,  0.000,  0.000
  0.023,303.304,  0.000,  0.000
  0.023,303.201,  0.000,  0.270
  0.023,303.202,  0.000,  0.270
  0.023,303.204,  0.000,  0.970
  0.023,303.208,  0.000,  0.970
  0.023,303.212,  0.000,  0.970
  0.023,303.217,  0.000,  0.970
  0.023,303.224,  0.000,  0.720
  0.023,303.231,  0.000,  0.720
  0.023,303.240,  0.000,  0.720
  0.023,303.249,  0.000,  0.040
  0.023,303.258,  0.000,  0.040
  0.023,303.268,  0.000,  0.040
  0.023,303.278,  0.000,  0.040
  0.023,303.287,  0.000,  0.000
  0.023,303.296,  0.000,  0.000
  0.023,303.304,  0.000,  0.000
  0.023,303.311,  0.000,  0.000
  0.023,303.317,  0.000,  0.000
  0.023,303.321,  0.000,  0.000
  0.023,303.325,  0.000,  0.000
  0.023,303.326,  0.000,  0.000
  0.023,303.326,  0.000,  0.000
  0.023,303.322,  0.000,  0.000
  0.023,303.314,  0.000,  0.000
  0.023,303.302,  0.000,  0.000
  0.023,303.205,  0.000,  0.270
  0.023,303.206,  0.000,  0.270
  0.023,303.208,  0.000,  0.970
  0.023,303.211,  0.000,  0.970
  0.023,303.215,  0.000,  0.970
  0.023,303.220,  0.000,  0.970
  0.023,303.226,  0.000,  0.720
  0.023,303.233,  0.000,  0.720
  0.023,303.241,  0.000,  0.720
  0.023,303.250,  0.000,  0.040
  0.023,303.259,  0.000,  0.040
  0.023,303.268,  0.000,  0.040
  0.023,303.277,  0.000,  0.040
  0.023,303.286,  0.000,  0.000
  0.023,303.295,  0.000,  0.000
  0.023,303.302,  0.000,  0.000
  0.023,303.309,  0.000,  0.000
  0.023,303.314,  0.000,  0.000
  0.023,303.318,  0.000,  0.000
  0.023,303.321,  0.000,  0.000
  0.023,303.323,  0.000,  0.000
  0.023,303.324,  0.000,  0.000
  0.023,303.320,  0.000,  0.000
  0.023,303.313,  0.000,  0.000
  0.023,303.304,  0.000,  0.000
  0.023,303.210,  0.000,  0.020
  0.023,303.211,  0.000,  0.020
  0.023,303.213,  0.000,  0.000
  0.023,303.216,  0.000,  0.000
  0.023,303.219,  0.000,  0.000
  0.023,303.224,  0.000,  0.000
  0.023,303.230,  0.000,  0.000
  0.023,303.237,  0.000,  0.000
  0.023,303.244,  0.000,  0.000
  0.023,303.252,  0.000,  0.000
  0.023,303.261,  0.000,  0.000
  0.023,303.269,  0.000,  0.000
  0.023,303.278,  0.000,  0.000
  0.023,303.286,  0.000,  0.000
  0.023,303.294,  0.000,  0.000
  0.023,303.301,  0.000,  0.000
  0.023,303.307,  0.000,  0.000
  0.023,303.312,  0.000,  0.000
  0.023,303.316,  0.000,  0.000
  0.023,303.318,  0.000,  0.000
  0.023,303.320,  0.000,  0.000
  0.023,303.320,  0.000,  0.000
  0.023,303.319,  0.000,  0.000
  0.023,303.313,  0.000,  0.000
  0.023,303.302,  0.000,  0.000
  0.023,303.216,  0.000,  0.020
  0.023,303.217,  0.000,  0.020
  0.023,303.219,  0.000,  0.000
  0.023,303.221,  0.000,  0.000
  0.023,303.225,  0.000,  0.000
  0.023,303.229,  0.000,  0.000
  0.023,303.235,  0.000,  0.000
  0.023,303.241,  0.000,  0.000
  0.023,303.248,  0.000,  0.000
  0.023,303.255,  0.000,  0.000
  0.023,303.263,  0.000,  0.000
  0.023,303.271,  0.000,  0.000
  0.023,303.279,  0.000,  0.000
  0.023,303.287,  0.000,  0.000
  0.023,303.294,  0.000,  0.000
  0.023,303.300,  0.000,  0.000
  0.023,303.306,  0.000,  0.000
  0.023,303.310,  0.000,  0.000
  0.023,303.313,  0.000,  0.000
  0.023,303.316,  0.000,  0.000
  0.023,303.317,  0.000,  0.000
  0.023,303.317,  0.000,  0.000
  0.023,303.316,  0.000,  0.000
  0.023,303.313,  0.000,  0.000
  0.023,303.305,  0.000,  0.000
