  0.017,300.267,  0.000,  0.000
  0.017,300.273,  0.000,  0.000
  0.017,300.279,  0.000,  0.000
  0.017,300.287,  0.000,  0.000
  0.017,300.296,  0.000,  0.000
  0.017,300.306,  0.000,  0.000
  0.017,300.318,  0.000,  0.000
  0.017,300.332,  0.000,  0.000
  0.017,300.347,  0.000,  0.000
  0.017,300.362,  0.000,  0.000
  0.017,300.377,  0.000,  0.000
  0.017,300.392,  0.000,  0.000
  0.016,300.408,  0.000,  0.000
  0.016,300.427,  0.000,  0.000
  0.016,300.446,  0.000,  0.000
  0.016,300.465,  0.000,  0.000
  0.016,300.484,  0.000,  0.000
  0.016,300.501,  0.000,  0.000
  0.016,300.519,  0.000,  0.000
  0.016,300.536,  0.000,  0.000
  0.016,300.550,  0.000,  0.000
  0.016,300.563,  0.000,  0.000
  0.016,300.572,  0.000,  0.000
  0.016,300.605,  0.000,  0.000
  0.016,300.614,  0.000,  0.000
  0.017,300.261,  0.000,  0.000
  0.017,300.266,  0.000,  0.000
  0.017,300.271,  0.000,  0.000
  0.017,300.277,  0.000,  0.000
  0.017,300.284,  0.000,  0.000
  0.017,300.290,  0.000,  0.000
  0.017,300.301,  0.000,  0.000
  0.017,300.315,  0.000,  0.000
  0.017,300.328,  0.000,  0.000
  0.017,300.341,  0.000,  0.000
  0.017,300.355,  0.000,  0.000
  0.017,300.370,  0.000,  0.000
  0.017,300.385,  0.000,  0.000
  0.017,300.403,  0.000,  0.000
  0.016,300.421,  0.000,  0.000
  0.016,300.439,  0.000,  0.000
  0.016,300.458,  0.000,  0.000
  0.016,300.478,  0.000,  0.000
  0.016,300.499,  0.000,  0.000
  0.016,300.518,  0.000,  0.000
  0.016,300.536,  0.000,  0.000
  0.016,300.552,  0.000,  0.000
  0.016,300.566,  0.000,  0.000
  0.016,300.599,  0.000,  0.000
  0.016,300.607,  0.000,  0.000
  0.017,300.260,  0.000,  0.000
  0.017,300.265,  0.000,  0.000
  0.017,300.270,  0.000,  0.000
  0.017,300.274,  0.000,  0.000
  0.017,300.278,  0.000,  0.000
  0.017,300.283,  0.000,  0.000
  0.017,300.293,  0.000,  0.000
  0.017,300.304,  0.000,  0.000
  0.017,300.315,  0.000,  0.000
  0.017,300.327,  0.000,  0.000
  0.017,300.339,  0.000,  0.000
  0.017,300.352,  0.000,  0.000
  0.017,300.367,  0.000,  0.000
  0.017,300.382,  0.000,  0.000
  0.017,300.397,  0.000,  0.000
  0.016,300.414,  0.000,  0.000
  0.016,300.432,  0.000,  0.000
  0.016,300.452,  0.000,  0.000
  0.016,300.473,  0.000,  0.000
  0.016,300.494,  0.000,  0.000
  0.016,300.514,  0.000,  0.000
  0.016,300.533,  0.000,  0.000
  0.016,300.551,  0.000,  0.000
  0.016,300.586,  0.000,  0.000
  0.016,300.597,  0.000,  0.000
  0.017,300.266,  0.000,  0.000
  0.017,300.268,  0.000,  0.000
  0.017,300.272,  0.000,  0.000
  0.017,300.275,  0.000,  0.000
  0.017,300.278,  0.000,  0.000
  0.017,300.284,  0.000,  0.000
  0.017,300.292,  0.000,  0.000
  0.017,300.300,  0.000,  0.000
  0.017,300.310,  0.000,  0.000
  0.017,300.321,  0.000,  0.000
  0.017,300.331,  0.000,  0.000
  0.017,300.342,  0.000,  0.000
  0.017,300.354,  0.000,  0.000
  0.017,300.366,  0.000,  0.000
  0.017,300.379,  0.000,  0.000
  0.017,300.393,  0.000,  0.000
  0.017,300.409,  0.000,  0.000
  0.016,300.426,  0.000,  0.000
  0.016,300.444,  0.000,  0.000
  0.016,300.463,  0.000,  0.000
  0.016,300.484,  0.000,  0.000
  0.016,300.505,  0.000,  0.000
  0.016,300.526,  0.000,  0.000
  0.016,300.563,  0.000,  0.000
  0.016,300.578,  0.000,  0.000
  0.017,300.272,  0.000,  0.000
  0.017,300.275,  0.000,  0.000
  0.017,300.279,  0.000,  0.000
  0.017,300.280,  0.000,  0.000
  0.017,300.284,  0.000,  0.000
  0.017,300.290,  0.000,  0.000
  0.017,300.295,  0.000,  0.000
  0.017,300.301,  0.000,  0.000
  0.017,300.310,  0.000,  0.000
  0.017,300.320,  0.000,  0.000
  0.017,300.329,  0.000,  0.000
  0.017,300.338,  0.000,  0.000
  0.017,300.346,  0.000,  0.000
  0.017,300.356,  0.000,  0.000
  0.017,300.367,  0.000,  0.000
  0.017,300.379,  0.000,  0.000
  0.017,300.391,  0.000,  0.000
  0.017,300.404,  0.000,  0.000
  0.016,300.419,  0.000,  0.000
  0.016,300.435,  0.000,  0.000
  0.016,300.453,  0.000,  0.000
  0.016,300.473,  0.000,  0.000
  0.016,300.495,  0.000,  0.000
  0.016,300.531,  0.000,  0.000
  0.016,300.550,  0.000,  0.000
  0.017,300.268,  0.000,  0.000
  0.017,300.281,  0.000,  0.000
  0.017,300.289,  0.000,  0.000
  0.017,300.286,  0.000,  0.000
  0.016,300.289,  0.000,  0.000
  0.017,300.298,  0.000,  0.000
  0.017,300.301,  0.000,  0.000
  0.017,300.305,  0.000,  0.000
  0.017,300.315,  0.000,  0.000
  0.017,300.323,  0.000,  0.000
  0.017,300.329,  0.000,  0.000
  0.017,300.338,  0.000,  0.000
  0.017,300.346,  0.000,  0.000
  0.017,300.355,  0.000,  0.000
  0.017,300.364,  0.000,  0.000
  0.017,300.371,  0.000,  0.000
  0.017,300.380,  0.000,  0.000
  0.017,300.390,  0.000,  0.000
  0.017,300.403,  0.000,  0.000
  0.016,300.416,  0.000,  0.000
  0.016,300.431,  0.000,  0.000
  0.016,300.447,  0.000,  0.000
  0.016,300.466,  0.000,  0.000
  0.016,300.498,  0.000,  0.000
  0.016,300.518,  0.000,  0.000
  0.017,300.258,  0.000,  0.000
  0.017,300.279,  0.000,  0.000
  0.016,300.282,  0.000,  0.000
  0.016,300.279,  0.000,  0.000
  0.017,300.293,  0.000,  0.000
  0.017,300.306,  0.000,  0.000
  0.017,300.305,  0.000,  0.000
  0.016,300.309,  0.000,  0.000
  0.017,300.320,  0.000,  0.000
  0.017,300.323,  0.000,  0.000
  0.017,300.327,  0.000,  0.000
  0.017,300.339,  0.000,  0.000
  0.017,300.349,  0.000,  0.000
  0.016,300.357,  0.000,  0.000
  0.017,300.363,  0.000,  0.000
  0.017,300.367,  0.000,  0.000
  0.017,300.374,  0.000,  0.000
  0.017,300.383,  0.000,  0.000
  0.017,300.392,  0.000,  0.000
  0.016,300.403,  0.000,  0.000
  0.016,300.414,  0.000,  0.000
  0.016,300.427,  0.000,  0.000
  0.016,300.442,  0.000,  0.000
  0.016,300.468,  0.000,  0.000
  0.016,300.485,  0.000,  0.000
  0.017,300.246,  0.000,  0.000
  0.016,300.252,  0.000,  0.000
  0.016,300.253,  0.000,  0.000
  0.017,300.268,  0.000,  0.000
  0.017,300.290,  0.000,  0.000
  0.016,300.298,  0.000,  0.000
  0.016,300.295,  0.000,  0.000
  0.016,300.307,  0.000,  0.000
  0.017,300.316,  0.000,  0.000
  0.017,300.314,  0.000,  0.000
  0.017,300.320,  0.000,  0.000
  0.016,300.333,  0.000,  0.000
  0.016,300.343,  0.000,  0.000
  0.017,300.351,  0.000,  0.000
  0.017,300.357,  0.000,  0.000
  0.017,300.366,  0.000,  0.000
  0.016,300.373,  0.000,  0.000
  0.017,300.378,  0.000,  0.000
  0.017,300.383,  0.000,  0.000
  0.016,300.392,  0.000,  0.000
  0.016,300.401,  0.000,  0.000
  0.016,300.411,  0.000,  0.000
  0.016,300.423,  0.000,  0.000
  0.016,300.441,  0.000,  0.000
  0.016,300.456,  0.000,  0.000
  0.017,300.219,  0.000,  0.000
  0.016,300.222,  0.000,  0.000
  0.017,300.243,  0.000,  0.000
  0.017,300.260,  0.000,  0.000
  0.016,300.266,  0.000,  0.000
  0.016,300.265,  0.000,  0.000
  0.016,300.280,  0.000,  0.000
  0.017,300.300,  0.000,  0.000
  0.017,300.303,  0.000,  0.000
  0.017,300.302,  0.000,  0.000
  0.016,300.310,  0.000,  0.000
  0.016,300.319,  0.000,  0.000
  0.017,300.324,  0.000,  0.000
  0.017,300.330,  0.000,  0.000
  0.016,300.344,  0.000,  0.000
  0.016,300.359,  0.000,  0.000
  0.016,300.367,  0.000,  0.000
  0.016,300.370,  0.000,  0.000
  0.016,300.376,  0.000,  0.000
  0.017,300.383,  0.000,  0.000
  0.017,300.390,  0.000,  0.000
  0.016,300.399,  0.000,  0.000
  0.016,300.409,  0.000,  0.000
  0.016,300.422,  0.000,  0.000
  0.016,300.432,  0.000,  0.000
  0.017,300.195,  0.000,  0.000
  0.017,300.227,  0.000,  0.000
  0.017,300.246,  0.000,  0.000
  0.017,300.238,  0.000,  0.000
  0.016,300.236,  0.000,  0.000
  0.017,300.255,  0.000,  0.000
  0.017,300.275,  0.000,  0.000
  0.017,300.285,  0.000,  0.000
  0.016,300.287,  0.000,  0.000
  0.017,300.298,  0.000,  0.000
  0.017,300.306,  0.000,  0.000
  0.017,300.306,  0.000,  0.000
  0.017,300.304,  0.000,  0.000
  0.017,300.310,  0.000,  0.000
  0.016,300.327,  0.000,  0.000
  0.017,300.340,  0.000,  0.000
  0.017,300.347,  0.000,  0.000
  0.016,300.356,  0.000,  0.000
  0.016,300.366,  0.000,  0.000
  0.017,300.373,  0.000,  0.000
  0.016,300.379,  0.000,  0.000
  0.016,300.388,  0.000,  0.000
  0.016,300.397,  0.000,  0.000
  0.016,300.407,  0.000,  0.000
  0.016,300.414,  0.000,  0.000
  0.017,300.214,  0.000,  0.000
  0.017,300.230,  0.000,  0.000
  0.017,300.213,  0.000,  0.000
  0.016,300.211,  0.000,  0.000
  0.017,300.240,  0.000,  0.000
  0.017,300.258,  0.000,  0.000
  0.017,300.256,  0.000,  0.000
  0.016,300.257,  0.000,  0.000
  0.016,300.277,  0.000,  0.000
  0.017,300.292,  0.000,  0.000
  0.017,300.296,  0.000,  0.000
  0.017,300.301,  0.000,  0.000
  0.017,300.305,  0.000,  0.000
  0.016,300.311,  0.000,  0.000
  0.017,300.315,  0.000,  0.000
  0.017,300.316,  0.000,  0.000
  0.017,300.326,  0.000,  0.000
  0.016,300.344,  0.000,  0.000
  0.016,300.355,  0.000,  0.000
  0.016,300.360,  0.000,  0.000
  0.016,300.368,  0.000,  0.000
  0.016,300.377,  0.000,  0.000
  0.017,300.384,  0.000,  0.000
  0.016,300.392,  0.000,  0.000
  0.016,300.399,  0.000,  0.000
  0.017,300.204,  0.000,  0.000
  0.017,300.185,  0.000,  0.000
  0.017,300.194,  0.000,  0.000
  0.017,300.225,  0.000,  0.000
  0.017,300.236,  0.000,  0.000
  0.016,300.222,  0.000,  0.000
  0.016,300.226,  0.000,  0.000
  0.017,300.259,  0.000,  0.000
  0.017,300.278,  0.000,  0.000
  0.017,300.273,  0.000,  0.000
  0.016,300.277,  0.000,  0.000
  0.016,300.299,  0.000,  0.000
  0.016,300.319,  0.000,  0.000
  0.017,300.325,  0.000,  0.000
  0.017,300.316,  0.000,  0.000
  0.017,300.311,  0.000,  0.000
  0.016,300.320,  0.000,  0.000
  0.016,300.333,  0.000,  0.000
  0.017,300.339,  0.000,  0.000
  0.016,300.345,  0.000,  0.000
  0.016,300.355,  0.000,  0.000
  0.016,300.362,  0.000,  0.000
  0.017,300.367,  0.000,  0.000
  0.016,300.375,  0.000,  0.000
  0.016,300.384,  0.000,  0.000
  0.017,300.153,  0.000,  0.000
  0.017,300.181,  0.000,  0.000
  0.017,300.212,  0.000,  0.000
  0.017,300.209,  0.000,  0.000
  0.016,300.190,  0.000,  0.000
  0.016,300.202,  0.000,  0.000
  0.017,300.241,  0.000,  0.000
  0.017,300.262,  0.000,  0.000
  0.017,300.249,  0.000,  0.000
  0.016,300.238,  0.000,  0.000
  0.016,300.262,  0.000,  0.000
  0.017,300.292,  0.000,  0.000
  0.017,300.309,  0.000,  0.000
  0.016,300.319,  0.000,  0.000
  0.016,300.329,  0.000,  0.000
  0.016,300.335,  0.000,  0.000
  0.017,300.332,  0.000,  0.000
  0.017,300.327,  0.000,  0.000
  0.017,300.328,  0.000,  0.000
  0.016,300.335,  0.000,  0.000
  0.016,300.343,  0.000,  0.000
  0.016,300.348,  0.000,  0.000
  0.016,300.354,  0.000,  0.000
  0.016,300.361,  0.000,  0.000
  0.017,300.366,  0.000,  0.000
  0.017,300.174,  0.000,  0.000
  0.017,300.191,  0.000,  0.000
  0.017,300.170,  0.000,  0.000
  0.017,300.164,  0.000,  0.000
  0.017,300.195,  0.000,  0.000
  0.017,300.227,  0.000,  0.000
  0.017,300.232,  0.000,  0.000
  0.017,300.214,  0.000,  0.000
  0.016,300.211,  0.000,  0.000
  0.017,300.242,  0.000,  0.000
  0.017,300.269,  0.000,  0.000
  0.017,300.271,  0.000,  0.000
  0.016,300.266,  0.000,  0.000
  0.016,300.287,  0.000,  0.000
  0.016,300.322,  0.000,  0.000
  0.016,300.340,  0.000,  0.000
  0.016,300.340,  0.000,  0.000
  0.016,300.336,  0.000,  0.000
  0.017,300.331,  0.000,  0.000
  0.017,300.327,  0.000,  0.000
  0.017,300.330,  0.000,  0.000
  0.016,300.335,  0.000,  0.000
  0.016,300.344,  0.000,  0.000
  0.016,300.349,  0.000,  0.000
  0.016,300.351,  0.000,  0.000
  0.017,300.171,  0.000,  0.000
  0.017,300.145,  0.000,  0.000
  0.017,300.150,  0.000,  0.000
  0.017,300.187,  0.000,  0.000
  0.017,300.202,  0.000,  0.000
  0.017,300.191,  0.000,  0.000
  0.017,300.183,  0.000,  0.000
  0.016,300.201,  0.000,  0.000
  0.017,300.235,  0.000,  0.000
  0.017,300.257,  0.000,  0.000
  0.017,300.251,  0.000,  0.000
  0.016,300.237,  0.000,  0.000
  0.017,300.247,  0.000,  0.000
  0.017,300.272,  0.000,  0.000
  0.017,300.285,  0.000,  0.000
  0.016,300.298,  0.000,  0.000
  0.016,300.324,  0.000,  0.000
  0.016,300.343,  0.000,  0.000
  0.016,300.342,  0.000,  0.000
  0.016,300.333,  0.000,  0.000
  0.017,300.324,  0.000,  0.000
  0.017,300.323,  0.000,  0.000
  0.017,300.329,  0.000,  0.000
  0.016,300.337,  0.000,  0.000
  0.016,300.343,  0.000,  0.000
