  0.018,299.964,  0.000,  0.000
  0.018,299.969,  0.000,  0.000
  0.018,299.946,  0.000,  0.000
  0.019,299.917,  0.000,  0.000
  0.019,299.897,  0.000,  0.000
  0.019,299.896,  0.000,  0.000
  0.019,299.908,  0.000,  0.000
  0.019,299.922,  0.000,  0.000
  0.019,299.941,  0.000,  0.000
  0.019,299.971,  0.000,  0.000
  0.019,299.999,  0.000,  0.000
  0.019,300.022,  0.000,  0.000
  0.019,300.047,  0.000,  0.000
  0.019,300.089,  0.000,  0.000
  0.019,300.123,  0.000,  0.000
  0.019,300.124,  0.000,  0.000
  0.019,300.106,  0.000,  0.000
  0.019,300.093,  0.000,  0.000
  0.019,300.092,  0.000,  0.000
  0.019,300.100,  0.000,  0.000
  0.019,300.117,  0.000,  0.000
  0.019,300.152,  0.000,  0.000
  0.019,300.194,  0.000,  0.000
  0.019,300.246,  0.000,  0.000
  0.019,300.257,  0.000,  0.000
  0.019,299.931,  0.000,  0.000
  0.019,299.949,  0.000,  0.000
  0.018,299.954,  0.000,  0.000
  0.018,299.942,  0.000,  0.000
  0.019,299.920,  0.000,  0.000
  0.019,299.903,  0.000,  0.000
  0.019,299.902,  0.000,  0.000
  0.019,299.919,  0.000,  0.000
  0.019,299.948,  0.000,  0.000
  0.019,299.984,  0.000,  0.000
  0.019,300.007,  0.000,  0.000
  0.019,300.024,  0.000,  0.000
  0.019,300.034,  0.000,  0.000
  0.019,300.065,  0.000,  0.000
  0.019,300.111,  0.000,  0.000
  0.019,300.134,  0.000,  0.000
  0.019,300.124,  0.000,  0.000
  0.019,300.107,  0.000,  0.000
  0.019,300.104,  0.000,  0.000
  0.019,300.110,  0.000,  0.000
  0.019,300.124,  0.000,  0.000
  0.019,300.147,  0.000,  0.000
  0.019,300.183,  0.000,  0.000
  0.019,300.247,  0.000,  0.000
  0.019,300.270,  0.000,  0.000
  0.019,299.890,  0.000,  0.000
  0.019,299.911,  0.000,  0.000
  0.019,299.943,  0.000,  0.000
  0.018,299.959,  0.000,  0.000
  0.019,299.943,  0.000,  0.000
  0.019,299.912,  0.000,  0.000
  0.019,299.898,  0.000,  0.000
  0.019,299.913,  0.000,  0.000
  0.019,299.948,  0.000,  0.000
  0.019,299.990,  0.000,  0.000
  0.019,300.023,  0.000,  0.000
  0.019,300.036,  0.000,  0.000
  0.019,300.040,  0.000,  0.000
  0.019,300.054,  0.000,  0.000
  0.019,300.091,  0.000,  0.000
  0.019,300.126,  0.000,  0.000
  0.019,300.135,  0.000,  0.000
  0.019,300.124,  0.000,  0.000
  0.019,300.118,  0.000,  0.000
  0.019,300.120,  0.000,  0.000
  0.019,300.130,  0.000,  0.000
  0.019,300.151,  0.000,  0.000
  0.019,300.182,  0.000,  0.000
  0.019,300.239,  0.000,  0.000
  0.019,300.275,  0.000,  0.000
  0.019,299.874,  0.000,  0.000
  0.019,299.890,  0.000,  0.000
  0.019,299.928,  0.000,  0.000
  0.018,299.962,  0.000,  0.000
  0.019,299.957,  0.000,  0.000
  0.019,299.922,  0.000,  0.000
  0.019,299.900,  0.000,  0.000
  0.019,299.910,  0.000,  0.000
  0.019,299.950,  0.000,  0.000
  0.019,300.002,  0.000,  0.000
  0.019,300.038,  0.000,  0.000
  0.019,300.051,  0.000,  0.000
  0.019,300.051,  0.000,  0.000
  0.019,300.056,  0.000,  0.000
  0.019,300.078,  0.000,  0.000
  0.019,300.107,  0.000,  0.000
  0.019,300.132,  0.000,  0.000
  0.019,300.141,  0.000,  0.000
  0.019,300.138,  0.000,  0.000
  0.019,300.137,  0.000,  0.000
  0.019,300.142,  0.000,  0.000
  0.019,300.158,  0.000,  0.000
  0.019,300.182,  0.000,  0.000
  0.019,300.232,  0.000,  0.000
  0.019,300.265,  0.000,  0.000
  0.019,299.888,  0.000,  0.000
  0.019,299.899,  0.000,  0.000
  0.019,299.928,  0.000,  0.000
  0.019,299.957,  0.000,  0.000
  0.019,299.959,  0.000,  0.000
  0.019,299.935,  0.000,  0.000
  0.019,299.916,  0.000,  0.000
  0.019,299.921,  0.000,  0.000
  0.019,299.953,  0.000,  0.000
  0.019,300.001,  0.000,  0.000
  0.019,300.040,  0.000,  0.000
  0.019,300.056,  0.000,  0.000
  0.019,300.058,  0.000,  0.000
  0.019,300.062,  0.000,  0.000
  0.019,300.074,  0.000,  0.000
  0.019,300.092,  0.000,  0.000
  0.019,300.117,  0.000,  0.000
  0.019,300.144,  0.000,  0.000
  0.019,300.156,  0.000,  0.000
  0.019,300.156,  0.000,  0.000
  0.019,300.156,  0.000,  0.000
  0.019,300.164,  0.000,  0.000
  0.019,300.183,  0.000,  0.000
  0.019,300.220,  0.000,  0.000
  0.019,300.241,  0.000,  0.000
  0.019,299.915,  0.000,  0.000
  0.019,299.921,  0.000,  0.000
  0.019,299.935,  0.000,  0.000
  0.019,299.950,  0.000,  0.000
  0.019,299.953,  0.000,  0.000
  0.019,299.944,  0.000,  0.000
  0.019,299.937,  0.000,  0.000
  0.019,299.944,  0.000,  0.000
  0.019,299.965,  0.000,  0.000
  0.019,299.994,  0.000,  0.000
  0.019,300.024,  0.000,  0.000
  0.019,300.047,  0.000,  0.000
  0.019,300.060,  0.000,  0.000
  0.019,300.069,  0.000,  0.000
  0.019,300.078,  0.000,  0.000
  0.019,300.086,  0.000,  0.000
  0.019,300.102,  0.000,  0.000
  0.019,300.132,  0.000,  0.000
  0.019,300.160,  0.000,  0.000
  0.019,300.172,  0.000,  0.000
  0.019,300.173,  0.000,  0.000
  0.019,300.177,  0.000,  0.000
  0.019,300.186,  0.000,  0.000
  0.019,300.208,  0.000,  0.000
  0.019,300.216,  0.000,  0.000
  0.019,299.937,  0.000,  0.000
  0.019,299.931,  0.000,  0.000
  0.019,299.933,  0.000,  0.000
  0.019,299.938,  0.000,  0.000
  0.019,299.945,  0.000,  0.000
  0.019,299.948,  0.000,  0.000
  0.019,299.949,  0.000,  0.000
  0.019,299.956,  0.000,  0.000
  0.019,299.968,  0.000,  0.000
  0.019,299.983,  0.000,  0.000
  0.019,300.005,  0.000,  0.000
  0.019,300.033,  0.000,  0.000
  0.019,300.058,  0.000,  0.000
  0.019,300.073,  0.000,  0.000
  0.019,300.080,  0.000,  0.000
  0.019,300.084,  0.000,  0.000
  0.019,300.092,  0.000,  0.000
  0.019,300.114,  0.000,  0.000
  0.019,300.147,  0.000,  0.000
  0.019,300.175,  0.000,  0.000
  0.019,300.188,  0.000,  0.000
  0.019,300.193,  0.000,  0.000
  0.019,300.195,  0.000,  0.000
  0.019,300.205,  0.000,  0.000
  0.019,300.207,  0.000,  0.000
  0.019,299.948,  0.000,  0.000
  0.019,299.932,  0.000,  0.000
  0.019,299.929,  0.000,  0.000
  0.019,299.932,  0.000,  0.000
  0.019,299.937,  0.000,  0.000
  0.019,299.944,  0.000,  0.000
  0.019,299.948,  0.000,  0.000
  0.019,299.951,  0.000,  0.000
  0.019,299.955,  0.000,  0.000
  0.019,299.967,  0.000,  0.000
  0.019,299.992,  0.000,  0.000
  0.019,300.029,  0.000,  0.000
  0.019,300.062,  0.000,  0.000
  0.019,300.078,  0.000,  0.000
  0.019,300.079,  0.000,  0.000
  0.019,300.079,  0.000,  0.000
  0.019,300.086,  0.000,  0.000
  0.019,300.101,  0.000,  0.000
  0.019,300.128,  0.000,  0.000
  0.019,300.160,  0.000,  0.000
  0.019,300.184,  0.000,  0.000
  0.019,300.198,  0.000,  0.000
  0.019,300.204,  0.000,  0.000
  0.019,300.206,  0.000,  0.000
  0.019,300.201,  0.000,  0.000
  0.019,299.958,  0.000,  0.000
  0.019,299.940,  0.000,  0.000
  0.019,299.934,  0.000,  0.000
  0.019,299.933,  0.000,  0.000
  0.019,299.934,  0.000,  0.000
  0.019,299.937,  0.000,  0.000
  0.019,299.941,  0.000,  0.000
  0.019,299.943,  0.000,  0.000
  0.019,299.942,  0.000,  0.000
  0.019,299.950,  0.000,  0.000
  0.019,299.975,  0.000,  0.000
  0.019,300.021,  0.000,  0.000
  0.019,300.064,  0.000,  0.000
  0.019,300.084,  0.000,  0.000
  0.019,300.084,  0.000,  0.000
  0.019,300.080,  0.000,  0.000
  0.019,300.085,  0.000,  0.000
  0.019,300.099,  0.000,  0.000
  0.019,300.117,  0.000,  0.000
  0.019,300.134,  0.000,  0.000
  0.019,300.154,  0.000,  0.000
  0.019,300.179,  0.000,  0.000
  0.019,300.201,  0.000,  0.000
  0.019,300.207,  0.000,  0.000
  0.019,300.191,  0.000,  0.000
  0.019,299.973,  0.000,  0.000
  0.019,299.954,  0.000,  0.000
  0.019,299.945,  0.000,  0.000
  0.019,299.941,  0.000,  0.000
  0.019,299.938,  0.000,  0.000
  0.019,299.936,  0.000,  0.000
  0.019,299.936,  0.000,  0.000
  0.019,299.935,  0.000,  0.000
  0.019,299.935,  0.000,  0.000
  0.019,299.939,  0.000,  0.000
  0.019,299.958,  0.000,  0.000
  0.019,300.000,  0.000,  0.000
  0.019,300.050,  0.000,  0.000
  0.019,300.081,  0.000,  0.000
  0.019,300.088,  0.000,  0.000
  0.019,300.086,  0.000,  0.000
  0.019,300.091,  0.000,  0.000
  0.019,300.104,  0.000,  0.000
  0.019,300.111,  0.000,  0.000
  0.019,300.112,  0.000,  0.000
  0.019,300.121,  0.000,  0.000
  0.019,300.147,  0.000,  0.000
  0.019,300.180,  0.000,  0.000
  0.019,300.199,  0.000,  0.000
  0.019,300.188,  0.000,  0.000
  0.019,299.989,  0.000,  0.000
  0.019,299.966,  0.000,  0.000
  0.019,299.950,  0.000,  0.000
  0.019,299.946,  0.000,  0.000
  0.019,299.941,  0.000,  0.000
  0.019,299.936,  0.000,  0.000
  0.019,299.931,  0.000,  0.000
  0.019,299.928,  0.000,  0.000
  0.019,299.928,  0.000,  0.000
  0.019,299.930,  0.000,  0.000
  0.019,299.942,  0.000,  0.000
  0.019,299.970,  0.000,  0.000
  0.019,300.011,  0.000,  0.000
  0.019,300.047,  0.000,  0.000
  0.019,300.070,  0.000,  0.000
  0.019,300.083,  0.000,  0.000
  0.019,300.094,  0.000,  0.000
  0.019,300.104,  0.000,  0.000
  0.019,300.105,  0.000,  0.000
  0.019,300.103,  0.000,  0.000
  0.019,300.109,  0.000,  0.000
  0.019,300.128,  0.000,  0.000
  0.019,300.154,  0.000,  0.000
  0.019,300.177,  0.000,  0.000
  0.019,300.180,  0.000,  0.000
  0.019,300.000,  0.000,  0.000
  0.019,299.979,  0.000,  0.000
  0.019,299.958,  0.000,  0.000
  0.019,299.948,  0.000,  0.000
  0.019,299.941,  0.000,  0.000
  0.019,299.934,  0.000,  0.000
  0.019,299.928,  0.000,  0.000
  0.019,299.924,  0.000,  0.000
  0.019,299.923,  0.000,  0.000
  0.019,299.925,  0.000,  0.000
  0.019,299.926,  0.000,  0.000
  0.019,299.929,  0.000,  0.000
  0.019,299.943,  0.000,  0.000
  0.019,299.972,  0.000,  0.000
  0.019,300.007,  0.000,  0.000
  0.019,300.042,  0.000,  0.000
  0.019,300.075,  0.000,  0.000
  0.019,300.097,  0.000,  0.000
  0.019,300.104,  0.000,  0.000
  0.019,300.107,  0.000,  0.000
  0.019,300.114,  0.000,  0.000
  0.019,300.123,  0.000,  0.000
  0.019,300.134,  0.000,  0.000
  0.019,300.149,  0.000,  0.000
  0.019,300.165,  0.000,  0.000
  0.019,299.999,  0.000,  0.000
  0.019,299.992,  0.000,  0.000
  0.019,299.975,  0.000,  0.000
  0.019,299.961,  0.000,  0.000
  0.019,299.949,  0.000,  0.000
  0.019,299.940,  0.000,  0.000
  0.019,299.931,  0.000,  0.000
  0.019,299.924,  0.000,  0.000
  0.019,299.922,  0.000,  0.000
  0.019,299.920,  0.000,  0.000
  0.019,299.909,  0.000,  0.000
  0.019,299.892,  0.000,  0.000
  0.019,299.882,  0.000,  0.000
  0.019,299.889,  0.000,  0.000
  0.019,299.922,  0.000,  0.000
  0.019,299.965,  0.000,  0.000
  0.019,300.017,  0.000,  0.000
  0.019,300.072,  0.000,  0.000
  0.019,300.106,  0.000,  0.000
  0.019,300.119,  0.000,  0.000
  0.019,300.122,  0.000,  0.000
  0.019,300.121,  0.000,  0.000
  0.019,300.119,  0.000,  0.000
  0.019,300.128,  0.000,  0.000
  0.019,300.147,  0.000,  0.000
  0.019,299.987,  0.000,  0.000
  0.018,299.998,  0.000,  0.000
  0.019,299.994,  0.000,  0.000
  0.019,299.980,  0.000,  0.000
  0.019,299.963,  0.000,  0.000
  0.019,299.950,  0.000,  0.000
  0.019,299.938,  0.000,  0.000
  0.019,299.928,  0.000,  0.000
  0.019,299.923,  0.000,  0.000
  0.019,299.914,  0.000,  0.000
  0.019,299.893,  0.000,  0.000
  0.019,299.871,  0.000,  0.000
  0.019,299.860,  0.000,  0.000
  0.019,299.852,  0.000,  0.000
  0.019,299.871,  0.000,  0.000
  0.019,299.904,  0.000,  0.000
  0.019,299.948,  0.000,  0.000
  0.019,300.017,  0.000,  0.000
  0.019,300.086,  0.000,  0.000
  0.019,300.122,  0.000,  0.000
  0.019,300.129,  0.000,  0.000
  0.019,300.123,  0.000,  0.000
  0.019,300.116,  0.000,  0.000
  0.019,300.117,  0.000,  0.000
  0.019,300.128,  0.000,  0.000
  0.019,299.978,  0.000,  0.000
  0.019,299.994,  0.000,  0.000
  0.019,299.998,  0.000,  0.000
  0.019,299.991,  0.000,  0.000
  0.019,299.977,  0.000,  0.000
  0.019,299.960,  0.000,  0.000
  0.019,299.945,  0.000,  0.000
  0.019,299.932,  0.000,  0.000
  0.019,299.922,  0.000,  0.000
  0.019,299.910,  0.000,  0.000
  0.019,299.888,  0.000,  0.000
  0.019,299.864,  0.000,  0.000
  0.019,299.854,  0.000,  0.000
  0.019,299.853,  0.000,  0.000
  0.019,299.870,  0.000,  0.000
  0.019,299.892,  0.000,  0.000
  0.019,299.914,  0.000,  0.000
  0.019,299.958,  0.000,  0.000
  0.019,300.029,  0.000,  0.000
  0.019,300.096,  0.000,  0.000
  0.019,300.127,  0.000,  0.000
  0.019,300.134,  0.000,  0.000
  0.019,300.133,  0.000,  0.000
  0.019,300.129,  0.000,  0.000
  0.019,300.127,  0.000,  0.000
