  0.023,303.111,  0.000,  0.000
  0.023,303.243,  0.000,  0.000
  0.023,303.314,  0.000,  0.000
  0.023,303.291,  0.000,  0.000
  0.023,303.261,  0.000,  0.000
  0.023,303.196,  0.000,  0.000
  0.023,303.092,  0.000,  0.000
  0.023,303.060,  0.000,  0.000
  0.022,303.127,  0.000,  0.000
  0.022,303.214,  0.000,  0.000
  0.022,303.239,  0.000,  0.000
  0.022,303.172,  0.000,  0.000
  0.022,303.046,  0.000,  0.000
  0.023,302.810,  0.000,  0.000
  0.023,302.449,  0.000,  0.000
  0.022,302.163,  0.000,  0.000
  0.023,302.408,  0.000,  0.000
  0.023,302.469,  0.000,  0.000
  0.023,302.782,  0.000,  0.000
  0.023,303.261,  0.000,  0.000
  0.023,303.495,  0.000,  0.000
  0.023,303.405,  0.000,  0.000
  0.023,303.359,  0.000,  0.000
  0.022,303.229,  0.000,  0.000
  0.022,303.279,  0.000,  0.000
  0.023,303.099,  0.000,  0.000
  0.023,303.254,  0.000,  0.000
  0.023,303.288,  0.000,  0.000
  0.023,303.212,  0.000,  0.000
  0.023,303.218,  0.000,  0.000
  0.022,303.241,  0.000,  0.000
  0.022,303.162,  0.000,  0.000
  0.022,303.082,  0.000,  0.000
  0.022,303.119,  0.000,  0.000
  0.022,303.217,  0.000,  0.000
  0.022,303.267,  0.000,  0.000
  0.022,303.190,  0.000,  0.000
  0.021,302.808,  0.000,  0.000
  0.022,302.406,  0.000,  0.000
  0.023,302.307,  0.000,  0.000
  0.022,302.030,  0.000,  0.000
  0.023,302.001,  0.000,  0.000
  0.023,302.303,  0.000,  0.000
  0.023,302.690,  0.000,  0.000
  0.023,303.102,  0.000,  0.000
  0.023,303.466,  0.000,  0.000
  0.023,303.379,  0.000,  0.000
  0.023,303.366,  0.000,  0.000
  0.022,303.242,  0.000,  0.000
  0.022,303.276,  0.000,  0.000
  0.023,303.057,  0.000,  0.000
  0.023,303.226,  0.000,  0.000
  0.023,303.256,  0.000,  0.000
  0.023,303.188,  0.000,  0.000
  0.022,303.214,  0.000,  0.000
  0.022,303.285,  0.000,  0.000
  0.022,303.249,  0.000,  0.000
  0.022,303.143,  0.000,  0.000
  0.022,303.114,  0.000,  0.000
  0.022,303.188,  0.000,  0.000
  0.022,303.264,  0.000,  0.000
  0.022,303.223,  0.000,  0.000
  0.022,302.998,  0.000,  0.000
  0.022,302.440,  0.000,  0.000
  0.023,302.427,  0.000,  0.000
  0.023,302.268,  0.000,  0.000
  0.022,302.332,  0.000,  0.000
  0.022,302.439,  0.000,  0.000
  0.023,302.752,  0.000,  0.000
  0.023,303.244,  0.000,  0.000
  0.023,303.445,  0.000,  0.000
  0.023,303.386,  0.000,  0.000
  0.023,303.372,  0.000,  0.000
  0.022,303.239,  0.000,  0.000
  0.022,303.258,  0.000,  0.000
  0.022,303.056,  0.000,  0.000
  0.023,303.184,  0.000,  0.000
  0.023,303.234,  0.000,  0.000
  0.023,303.195,  0.000,  0.000
  0.022,303.211,  0.000,  0.000
  0.022,303.288,  0.000,  0.000
  0.022,303.282,  0.000,  0.000
  0.022,303.181,  0.000,  0.000
  0.022,303.104,  0.000,  0.000
  0.022,303.130,  0.000,  0.000
  0.022,303.216,  0.000,  0.000
  0.022,303.247,  0.000,  0.000
  0.021,303.006,  0.000,  0.000
  0.022,302.606,  0.000,  0.000
  0.022,302.322,  0.000,  0.000
  0.022,302.587,  0.000,  0.000
  0.022,302.655,  0.000,  0.000
  0.022,302.712,  0.000,  0.000
  0.023,302.892,  0.000,  0.000
  0.023,303.295,  0.000,  0.000
  0.023,303.419,  0.000,  0.000
  0.023,303.352,  0.000,  0.000
  0.022,303.285,  0.000,  0.000
  0.022,303.227,  0.000,  0.000
  0.022,303.226,  0.000,  0.000
  0.022,303.055,  0.000,  0.000
  0.023,303.149,  0.000,  0.000
  0.023,303.216,  0.000,  0.000
  0.023,303.195,  0.000,  0.000
  0.022,303.192,  0.000,  0.000
  0.022,303.259,  0.000,  0.000
  0.022,303.277,  0.000,  0.000
  0.022,303.203,  0.000,  0.000
  0.022,303.117,  0.000,  0.000
  0.022,303.085,  0.000,  0.000
  0.022,303.131,  0.000,  0.000
  0.022,303.207,  0.000,  0.000
  0.022,303.176,  0.000,  0.000
  0.022,302.804,  0.000,  0.000
  0.022,302.497,  0.000,  0.000
  0.022,302.419,  0.000,  0.000
  0.021,302.536,  0.000,  0.000
  0.022,302.836,  0.000,  0.000
  0.023,303.025,  0.000,  0.000
  0.023,303.360,  0.000,  0.000
  0.023,303.420,  0.000,  0.000
  0.021,303.370,  0.000,  0.000
  0.023,303.379,  0.000,  0.000
  0.022,303.249,  0.000,  0.000
  0.022,303.249,  0.000,  0.000
  0.022,303.040,  0.000,  0.000
  0.023,303.133,  0.000,  0.000
  0.023,303.205,  0.000,  0.000
  0.023,303.181,  0.000,  0.000
  0.022,303.180,  0.000,  0.000
  0.022,303.260,  0.000,  0.000
  0.022,303.308,  0.000,  0.000
  0.022,303.267,  0.000,  0.000
  0.023,303.194,  0.000,  0.000
  0.022,303.126,  0.000,  0.000
  0.022,303.100,  0.000,  0.000
  0.022,303.122,  0.000,  0.000
  0.022,303.135,  0.000,  0.000
  0.021,302.913,  0.000,  0.000
  0.022,302.656,  0.000,  0.000
  0.022,302.491,  0.000,  0.000
  0.022,302.538,  0.000,  0.000
  0.023,302.959,  0.000,  0.000
  0.023,303.249,  0.000,  0.000
  0.023,303.380,  0.000,  0.000
  0.022,303.422,  0.000,  0.000
  0.023,303.418,  0.000,  0.000
  0.022,303.287,  0.000,  0.000
  0.022,303.256,  0.000,  0.000
  0.022,303.263,  0.000,  0.000
  0.022,303.043,  0.000,  0.000
  0.023,303.133,  0.000,  0.000
  0.023,303.192,  0.000,  0.000
  0.023,303.163,  0.000,  0.000
  0.022,303.182,  0.000,  0.000
  0.022,303.281,  0.000,  0.000
  0.022,303.327,  0.000,  0.000
  0.022,303.298,  0.000,  0.000
  0.023,303.256,  0.000,  0.000
  0.023,303.211,  0.000,  0.000
  0.023,303.192,  0.000,  0.000
  0.023,303.194,  0.000,  0.000
  0.023,303.178,  0.000,  0.000
  0.023,303.118,  0.000,  0.000
  0.023,303.023,  0.000,  0.000
  0.023,302.995,  0.000,  0.000
  0.023,303.132,  0.000,  0.000
  0.023,303.306,  0.000,  0.000
  0.023,303.369,  0.000,  0.000
  0.023,303.359,  0.000,  0.000
  0.023,303.366,  0.000,  0.000
  0.023,303.372,  0.000,  0.000
  0.022,303.285,  0.000,  0.000
  0.022,303.262,  0.000,  0.000
  0.022,303.245,  0.000,  0.000
  0.022,303.097,  0.000,  0.000
  0.023,303.168,  0.000,  0.000
  0.023,303.188,  0.000,  0.000
  0.022,303.152,  0.000,  0.000
  0.022,303.190,  0.000,  0.000
  0.022,303.261,  0.000,  0.000
  0.022,303.267,  0.000,  0.000
  0.022,303.255,  0.000,  0.000
  0.022,303.255,  0.000,  0.000
  0.022,303.242,  0.000,  0.000
  0.023,303.240,  0.000,  0.000
  0.023,303.261,  0.000,  0.000
  0.023,303.275,  0.000,  0.000
  0.023,303.267,  0.000,  0.000
  0.023,303.293,  0.000,  0.000
  0.023,303.394,  0.000,  0.000
  0.022,303.465,  0.000,  0.000
  0.023,303.427,  0.000,  0.000
  0.023,303.341,  0.000,  0.000
  0.023,303.302,  0.000,  0.000
  0.023,303.336,  0.000,  0.000
  0.023,303.370,  0.000,  0.000
  0.022,303.274,  0.000,  0.000
  0.022,303.207,  0.000,  0.000
  0.022,303.165,  0.000,  0.000
  0.023,303.123,  0.000,  0.000
  0.023,303.202,  0.000,  0.000
  0.023,303.179,  0.000,  0.000
  0.023,303.145,  0.000,  0.000
  0.022,303.180,  0.000,  0.000
  0.022,303.214,  0.000,  0.000
  0.022,303.232,  0.000,  0.000
  0.022,303.249,  0.000,  0.000
  0.022,303.257,  0.000,  0.000
  0.022,303.256,  0.000,  0.000
  0.023,303.263,  0.000,  0.000
  0.023,303.282,  0.000,  0.000
  0.023,303.328,  0.000,  0.000
  0.023,303.380,  0.000,  0.000
  0.023,303.419,  0.000,  0.000
  0.023,303.435,  0.000,  0.000
  0.023,303.424,  0.000,  0.000
  0.023,303.373,  0.000,  0.000
  0.023,303.315,  0.000,  0.000
  0.023,303.306,  0.000,  0.000
  0.023,303.329,  0.000,  0.000
  0.022,303.263,  0.000,  0.000
  0.022,303.204,  0.000,  0.000
  0.022,303.138,  0.000,  0.000
  0.022,303.114,  0.000,  0.000
  0.023,303.133,  0.000,  0.000
  0.023,303.208,  0.000,  0.000
  0.023,303.170,  0.000,  0.000
  0.023,303.140,  0.000,  0.000
  0.022,303.173,  0.000,  0.000
  0.022,303.225,  0.000,  0.000
  0.022,303.269,  0.000,  0.000
  0.022,303.288,  0.000,  0.000
  0.022,303.271,  0.000,  0.000
  0.023,303.251,  0.000,  0.000
  0.023,303.267,  0.000,  0.000
  0.023,303.324,  0.000,  0.000
  0.023,303.414,  0.000,  0.000
  0.022,303.466,  0.000,  0.000
  0.023,303.421,  0.000,  0.000
  0.023,303.349,  0.000,  0.000
  0.023,303.334,  0.000,  0.000
  0.023,303.364,  0.000,  0.000
  0.023,303.341,  0.000,  0.000
  0.022,303.236,  0.000,  0.000
  0.022,303.225,  0.000,  0.000
  0.022,303.212,  0.000,  0.000
  0.022,303.190,  0.000,  0.000
  0.022,303.169,  0.000,  0.000
  0.022,303.167,  0.000,  0.000
  0.023,303.150,  0.000,  0.000
  0.023,303.199,  0.000,  0.000
  0.023,303.174,  0.000,  0.000
  0.023,303.138,  0.000,  0.000
  0.022,303.161,  0.000,  0.000
  0.022,303.204,  0.000,  0.000
  0.021,303.222,  0.000,  0.000
  0.022,303.225,  0.000,  0.000
  0.022,303.254,  0.000,  0.000
  0.023,303.261,  0.000,  0.000
  0.023,303.250,  0.000,  0.000
  0.023,303.298,  0.000,  0.000
  0.023,303.412,  0.000,  0.000
  0.022,303.502,  0.000,  0.000
  0.022,303.426,  0.000,  0.000
  0.023,303.317,  0.000,  0.000
  0.023,303.341,  0.000,  0.000
  0.022,303.426,  0.000,  0.000
  0.023,303.419,  0.000,  0.000
  0.023,303.313,  0.000,  0.000
  0.022,303.141,  0.000,  0.000
  0.022,303.134,  0.000,  0.000
  0.022,303.175,  0.000,  0.000
  0.022,303.209,  0.000,  0.000
  0.022,303.232,  0.000,  0.000
  0.023,303.145,  0.000,  0.000
  0.023,303.193,  0.000,  0.000
  0.023,303.180,  0.000,  0.000
  0.023,303.140,  0.000,  0.000
  0.021,303.124,  0.000,  0.000
  0.020,303.200,  0.000,  0.000
  0.021,303.239,  0.000,  0.000
  0.022,303.203,  0.000,  0.000
  0.023,303.214,  0.000,  0.000
  0.023,303.219,  0.000,  0.000
  0.023,303.224,  0.000,  0.000
  0.023,303.255,  0.000,  0.000
  0.023,303.309,  0.000,  0.000
  0.023,303.349,  0.000,  0.000
  0.023,303.330,  0.000,  0.000
  0.023,303.296,  0.000,  0.000
  0.023,303.312,  0.000,  0.000
  0.023,303.383,  0.000,  0.000
  0.023,303.397,  0.000,  0.000
  0.023,303.318,  0.000,  0.000
  0.023,303.217,  0.000,  0.000
  0.022,303.095,  0.000,  0.000
  0.023,303.227,  0.000,  0.000
  0.022,303.217,  0.000,  0.000
  0.022,303.245,  0.000,  0.000
  0.023,303.129,  0.000,  0.000
  0.023,303.181,  0.000,  0.000
  0.023,303.198,  0.000,  0.000
  0.022,303.062,  0.000,  0.000
  0.021,303.030,  0.000,  0.000
  0.021,303.072,  0.000,  0.000
  0.022,303.164,  0.000,  0.000
  0.022,303.159,  0.000,  0.000
  0.023,303.217,  0.000,  0.000
  0.023,303.228,  0.000,  0.000
  0.023,303.240,  0.000,  0.000
  0.023,303.255,  0.000,  0.000
  0.023,303.259,  0.000,  0.000
  0.023,303.261,  0.000,  0.000
  0.023,303.279,  0.000,  0.000
  0.023,303.296,  0.000,  0.000
  0.023,303.302,  0.000,  0.000
  0.023,303.299,  0.000,  0.000
  0.023,303.305,  0.000,  0.000
  0.022,303.241,  0.000,  0.000
  0.023,303.261,  0.000,  0.000
  0.023,303.222,  0.000,  0.000
  0.022,303.138,  0.000,  0.000
  0.022,303.179,  0.000,  0.000
  0.022,303.208,  0.000,  0.000
  0.023,303.121,  0.000,  0.000
  0.023,303.150,  0.000,  0.000
  0.023,303.194,  0.000,  0.000
  0.023,303.178,  0.000,  0.000
  0.022,303.034,  0.000,  0.000
  0.021,303.030,  0.000,  0.000
  0.022,303.171,  0.000,  0.000
  0.023,303.242,  0.000,  0.000
  0.023,303.257,  0.000,  0.000
  0.023,303.221,  0.000,  0.000
  0.023,303.213,  0.000,  0.000
  0.023,303.224,  0.000,  0.000
  0.023,303.242,  0.000,  0.000
  0.023,303.252,  0.000,  0.000
  0.023,303.264,  0.000,  0.000
  0.023,303.301,  0.000,  0.000
  0.023,303.328,  0.000,  0.000
  0.023,303.298,  0.000,  0.000
  0.023,303.258,  0.000,  0.000
  0.022,303.223,  0.000,  0.000
  0.022,303.278,  0.000,  0.000
  0.022,303.266,  0.000,  0.000
  0.022,303.192,  0.000,  0.000
  0.022,303.144,  0.000,  0.000
  0.022,303.148,  0.000,  0.000
  0.023,303.119,  0.000,  0.000
  0.023,303.126,  0.000,  0.000
  0.023,303.159,  0.000,  0.000
  0.023,303.188,  0.000,  0.000
  0.023,303.203,  0.000,  0.000
  0.022,303.244,  0.000,  0.000
  0.022,303.300,  0.000,  0.000
  0.022,303.308,  0.000,  0.000
  0.023,303.269,  0.000,  0.000
  0.023,303.221,  0.000,  0.000
  0.023,303.182,  0.000,  0.000
  0.023,303.197,  0.000,  0.000
  0.023,303.265,  0.000,  0.000
  0.023,303.318,  0.000,  0.000
  0.023,303.304,  0.000,  0.000
  0.023,303.273,  0.000,  0.000
  0.023,303.274,  0.000,  0.000
  0.023,303.257,  0.000,  0.000
  0.023,303.221,  0.001,  0.000
  0.023,303.244,  0.000,  0.000
  0.022,303.293,  0.000,  0.000
  0.021,303.339,  0.000,  0.000
  0.022,303.254,  0.000,  0.000
  0.022,303.128,  0.000,  0.000
  0.022,303.078,  0.001,  0.000
