  0.016,299.140,  0.000,  0.000
  0.016,299.139,  0.000,  0.000
  0.016,299.130,  0.000,  0.000
  0.016,299.119,  0.000,  0.000
  0.016,299.094,  0.000,  0.000
  0.016,299.096,  0.000,  0.000
  0.016,299.094,  0.000,  0.000
  0.016,299.085,  0.000,  0.000
  0.016,299.068,  0.000,  0.000
  0.016,299.045,  0.000,  0.000
  0.016,299.019,  0.000,  0.000
  0.016,298.997,  0.000,  0.000
  0.016,298.983,  0.000,  0.000
  0.016,298.976,  0.000,  0.000
  0.016,298.968,  0.000,  0.000
  0.016,298.954,  0.000,  0.000
  0.016,298.934,  0.000,  0.000
  0.016,298.916,  0.000,  0.000
  0.016,298.901,  0.000,  0.000
  0.016,298.885,  0.000,  0.000
  0.016,298.868,  0.000,  0.000
  0.016,298.848,  0.000,  0.000
  0.016,298.827,  0.000,  0.000
  0.016,298.821,  0.000,  0.000
  0.016,298.797,  0.000,  0.000
  0.016,299.135,  0.000,  0.000
  0.016,299.124,  0.000,  0.000
  0.016,299.109,  0.000,  0.000
  0.016,299.100,  0.000,  0.000
  0.016,299.096,  0.000,  0.000
  0.016,299.092,  0.000,  0.000
  0.016,299.095,  0.000,  0.000
  0.016,299.104,  0.000,  0.000
  0.016,299.100,  0.000,  0.000
  0.016,299.073,  0.000,  0.000
  0.016,299.043,  0.000,  0.000
  0.016,299.024,  0.000,  0.000
  0.016,299.019,  0.000,  0.000
  0.016,299.011,  0.000,  0.000
  0.016,298.996,  0.000,  0.000
  0.016,298.976,  0.000,  0.000
  0.016,298.954,  0.000,  0.000
  0.016,298.934,  0.000,  0.000
  0.016,298.919,  0.000,  0.000
  0.016,298.903,  0.000,  0.000
  0.016,298.886,  0.000,  0.000
  0.016,298.869,  0.000,  0.000
  0.016,298.848,  0.000,  0.000
  0.016,298.841,  0.000,  0.000
  0.016,298.817,  0.000,  0.000
  0.016,299.122,  0.000,  0.000
  0.016,299.113,  0.000,  0.000
  0.016,299.120,  0.000,  0.000
  0.016,299.130,  0.000,  0.000
  0.016,299.132,  0.000,  0.000
  0.016,299.119,  0.000,  0.000
  0.016,299.100,  0.000,  0.000
  0.016,299.085,  0.000,  0.000
  0.016,299.083,  0.000,  0.000
  0.016,299.086,  0.000,  0.000
  0.016,299.078,  0.000,  0.000
  0.016,299.064,  0.000,  0.000
  0.016,299.045,  0.000,  0.000
  0.016,299.030,  0.000,  0.000
  0.016,299.009,  0.000,  0.000
  0.016,298.988,  0.000,  0.000
  0.016,298.968,  0.000,  0.000
  0.016,298.948,  0.000,  0.000
  0.016,298.932,  0.000,  0.000
  0.016,298.915,  0.000,  0.000
  0.016,298.900,  0.000,  0.000
  0.016,298.886,  0.000,  0.000
  0.016,298.867,  0.000,  0.000
  0.016,298.860,  0.000,  0.000
  0.016,298.836,  0.000,  0.000
  0.016,299.123,  0.000,  0.000
  0.016,299.137,  0.000,  0.000
  0.016,299.164,  0.000,  0.000
  0.016,299.182,  0.000,  0.000
  0.016,299.168,  0.000,  0.000
  0.016,299.122,  0.000,  0.000
  0.016,299.073,  0.000,  0.000
  0.016,299.045,  0.000,  0.000
  0.016,299.050,  0.000,  0.000
  0.016,299.078,  0.000,  0.000
  0.016,299.095,  0.000,  0.000
  0.016,299.081,  0.000,  0.000
  0.016,299.056,  0.000,  0.000
  0.016,299.040,  0.000,  0.000
  0.016,299.024,  0.000,  0.000
  0.016,299.005,  0.000,  0.000
  0.016,298.984,  0.000,  0.000
  0.016,298.963,  0.000,  0.000
  0.016,298.946,  0.000,  0.000
  0.016,298.931,  0.000,  0.000
  0.016,298.917,  0.000,  0.000
  0.016,298.901,  0.000,  0.000
  0.016,298.884,  0.000,  0.000
  0.016,298.878,  0.000,  0.000
  0.016,298.858,  0.000,  0.000
  0.016,299.171,  0.000,  0.000
  0.016,299.193,  0.000,  0.000
  0.016,299.208,  0.000,  0.000
  0.016,299.194,  0.000,  0.000
  0.016,299.150,  0.000,  0.000
  0.016,299.103,  0.000,  0.000
  0.016,299.076,  0.000,  0.000
  0.016,299.070,  0.000,  0.000
  0.016,299.074,  0.000,  0.000
  0.016,299.081,  0.000,  0.000
  0.016,299.086,  0.000,  0.000
  0.016,299.080,  0.000,  0.000
  0.016,299.070,  0.000,  0.000
  0.016,299.053,  0.000,  0.000
  0.016,299.029,  0.000,  0.000
  0.016,299.012,  0.000,  0.000
  0.016,298.996,  0.000,  0.000
  0.016,298.980,  0.000,  0.000
  0.016,298.961,  0.000,  0.000
  0.016,298.948,  0.000,  0.000
  0.016,298.932,  0.000,  0.000
  0.016,298.917,  0.000,  0.000
  0.016,298.901,  0.000,  0.000
  0.016,298.895,  0.000,  0.000
  0.016,298.875,  0.000,  0.000
  0.016,299.238,  0.000,  0.000
  0.016,299.240,  0.000,  0.000
  0.016,299.228,  0.000,  0.000
  0.016,299.189,  0.000,  0.000
  0.016,299.143,  0.000,  0.000
  0.016,299.111,  0.000,  0.000
  0.016,299.101,  0.000,  0.000
  0.016,299.100,  0.000,  0.000
  0.016,299.093,  0.000,  0.000
  0.016,299.080,  0.000,  0.000
  0.016,299.073,  0.000,  0.000
  0.016,299.073,  0.000,  0.000
  0.016,299.070,  0.000,  0.000
  0.016,299.058,  0.000,  0.000
  0.016,299.046,  0.000,  0.000
  0.016,299.035,  0.000,  0.000
  0.016,299.018,  0.000,  0.000
  0.016,298.998,  0.000,  0.000
  0.016,298.977,  0.000,  0.000
  0.016,298.961,  0.000,  0.000
  0.016,298.948,  0.000,  0.000
  0.016,298.935,  0.000,  0.000
  0.016,298.920,  0.000,  0.000
  0.016,298.910,  0.000,  0.000
  0.016,298.892,  0.000,  0.000
  0.016,299.261,  0.000,  0.000
  0.016,299.232,  0.000,  0.000
  0.016,299.204,  0.000,  0.000
  0.016,299.183,  0.000,  0.000
  0.016,299.164,  0.000,  0.000
  0.016,299.147,  0.000,  0.000
  0.016,299.134,  0.000,  0.000
  0.016,299.115,  0.000,  0.000
  0.016,299.088,  0.000,  0.000
  0.016,299.076,  0.000,  0.000
  0.016,299.077,  0.000,  0.000
  0.016,299.084,  0.000,  0.000
  0.016,299.079,  0.000,  0.000
  0.016,299.066,  0.000,  0.000
  0.016,299.048,  0.000,  0.000
  0.016,299.035,  0.000,  0.000
  0.016,299.027,  0.000,  0.000
  0.016,299.016,  0.000,  0.000
  0.016,298.996,  0.000,  0.000
  0.016,298.978,  0.000,  0.000
  0.016,298.967,  0.000,  0.000
  0.016,298.951,  0.000,  0.000
  0.016,298.936,  0.000,  0.000
  0.016,298.927,  0.000,  0.000
  0.016,298.908,  0.000,  0.000
  0.016,299.245,  0.000,  0.000
  0.016,299.227,  0.000,  0.000
  0.016,299.211,  0.000,  0.000
  0.016,299.192,  0.000,  0.000
  0.016,299.169,  0.000,  0.000
  0.016,299.149,  0.000,  0.000
  0.016,299.137,  0.000,  0.000
  0.016,299.125,  0.000,  0.000
  0.016,299.103,  0.000,  0.000
  0.016,299.081,  0.000,  0.000
  0.016,299.082,  0.000,  0.000
  0.016,299.100,  0.000,  0.000
  0.016,299.105,  0.000,  0.000
  0.016,299.089,  0.000,  0.000
  0.016,299.069,  0.000,  0.000
  0.016,299.054,  0.000,  0.000
  0.016,299.044,  0.000,  0.000
  0.016,299.032,  0.000,  0.000
  0.016,299.016,  0.000,  0.000
  0.016,298.997,  0.000,  0.000
  0.016,298.981,  0.000,  0.000
  0.016,298.969,  0.000,  0.000
  0.016,298.954,  0.000,  0.000
  0.016,298.941,  0.000,  0.000
  0.016,298.923,  0.000,  0.000
  0.016,299.233,  0.000,  0.000
  0.016,299.237,  0.000,  0.000
  0.016,299.229,  0.000,  0.000
  0.016,299.213,  0.000,  0.000
  0.016,299.192,  0.000,  0.000
  0.016,299.167,  0.000,  0.000
  0.016,299.144,  0.000,  0.000
  0.016,299.124,  0.000,  0.000
  0.016,299.103,  0.000,  0.000
  0.016,299.087,  0.000,  0.000
  0.016,299.090,  0.000,  0.000
  0.016,299.112,  0.000,  0.000
  0.016,299.128,  0.000,  0.000
  0.016,299.115,  0.000,  0.000
  0.016,299.087,  0.000,  0.000
  0.016,299.066,  0.000,  0.000
  0.016,299.054,  0.000,  0.000
  0.016,299.042,  0.000,  0.000
  0.016,299.027,  0.000,  0.000
  0.016,299.010,  0.000,  0.000
  0.016,298.998,  0.000,  0.000
  0.016,298.988,  0.000,  0.000
  0.016,298.972,  0.000,  0.000
  0.016,298.957,  0.000,  0.000
  0.016,298.943,  0.000,  0.000
  0.016,299.202,  0.000,  0.000
  0.016,299.217,  0.000,  0.000
  0.017,299.219,  0.000,  0.000
  0.016,299.209,  0.000,  0.000
  0.016,299.193,  0.000,  0.000
  0.016,299.162,  0.000,  0.000
  0.016,299.120,  0.000,  0.000
  0.016,299.088,  0.000,  0.000
  0.016,299.082,  0.000,  0.000
  0.016,299.096,  0.000,  0.000
  0.016,299.109,  0.000,  0.000
  0.016,299.113,  0.000,  0.000
  0.016,299.110,  0.000,  0.000
  0.016,299.100,  0.000,  0.000
  0.016,299.088,  0.000,  0.000
  0.016,299.078,  0.000,  0.000
  0.016,299.070,  0.000,  0.000
  0.016,299.058,  0.000,  0.000
  0.016,299.041,  0.000,  0.000
  0.016,299.026,  0.000,  0.000
  0.016,299.015,  0.000,  0.000
  0.016,299.001,  0.000,  0.000
  0.016,298.988,  0.000,  0.000
  0.016,298.980,  0.000,  0.000
  0.016,298.970,  0.000,  0.000
  0.017,299.202,  0.000,  0.000
  0.017,299.159,  0.000,  0.000
  0.017,299.142,  0.000,  0.000
  0.016,299.164,  0.000,  0.000
  0.016,299.188,  0.000,  0.000
  0.016,299.176,  0.000,  0.000
  0.016,299.142,  0.000,  0.000
  0.016,299.118,  0.000,  0.000
  0.016,299.107,  0.000,  0.000
  0.016,299.107,  0.000,  0.000
  0.016,299.106,  0.000,  0.000
  0.016,299.099,  0.000,  0.000
  0.016,299.101,  0.000,  0.000
  0.016,299.107,  0.000,  0.000
  0.016,299.107,  0.000,  0.000
  0.016,299.093,  0.000,  0.000
  0.016,299.074,  0.000,  0.000
  0.016,299.068,  0.000,  0.000
  0.017,299.068,  0.000,  0.000
  0.016,299.057,  0.000,  0.000
  0.016,299.034,  0.000,  0.000
  0.016,299.015,  0.000,  0.000
  0.016,299.008,  0.000,  0.000
  0.016,298.998,  0.000,  0.000
  0.016,298.986,  0.000,  0.000
  0.017,299.189,  0.000,  0.000
  0.017,299.154,  0.000,  0.000
  0.016,299.151,  0.000,  0.000
  0.016,299.170,  0.000,  0.000
  0.016,299.186,  0.000,  0.000
  0.016,299.184,  0.000,  0.000
  0.016,299.178,  0.000,  0.000
  0.016,299.167,  0.000,  0.000
  0.016,299.133,  0.000,  0.000
  0.016,299.090,  0.000,  0.000
  0.016,299.069,  0.000,  0.000
  0.016,299.086,  0.000,  0.000
  0.016,299.122,  0.000,  0.000
  0.016,299.137,  0.000,  0.000
  0.016,299.122,  0.000,  0.000
  0.016,299.094,  0.000,  0.000
  0.016,299.064,  0.000,  0.000
  0.016,299.045,  0.000,  0.000
  0.017,299.050,  0.000,  0.000
  0.017,299.061,  0.001,  0.000
  0.016,299.060,  0.002,  0.000
  0.016,299.045,  0.002,  0.000
  0.016,299.029,  0.001,  0.000
  0.016,299.016,  0.000,  0.000
  0.016,299.003,  0.000,  0.000
  0.016,299.207,  0.000,  0.000
  0.016,299.204,  0.000,  0.000
  0.017,299.212,  0.000,  0.000
  0.017,299.209,  0.000,  0.000
  0.017,299.190,  0.000,  0.000
  0.017,299.174,  0.000,  0.000
  0.017,299.166,  0.000,  0.000
  0.017,299.152,  0.000,  0.000
  0.017,299.120,  0.000,  0.000
  0.017,299.082,  0.000,  0.000
  0.017,299.059,  0.000,  0.000
  0.016,299.071,  0.000,  0.000
  0.016,299.114,  0.000,  0.000
  0.016,299.156,  0.000,  0.000
  0.017,299.162,  0.000,  0.000
  0.017,299.134,  0.000,  0.000
  0.017,299.097,  0.000,  0.000
  0.017,299.067,  0.000,  0.000
  0.017,299.057,  0.000,  0.000
  0.016,299.065,  0.000,  0.000
  0.016,299.071,  0.000,  0.000
  0.016,299.057,  0.001,  0.000
  0.016,299.037,  0.000,  0.000
  0.016,299.028,  0.001,  0.000
  0.017,299.018,  0.001,  0.000
  0.017,299.253,  0.000,  0.000
  0.017,299.217,  0.000,  0.000
  0.017,299.176,  0.000,  0.000
  0.017,299.163,  0.000,  0.000
  0.017,299.184,  0.000,  0.000
  0.017,299.200,  0.000,  0.000
  0.017,299.179,  0.000,  0.000
  0.017,299.148,  0.000,  0.000
  0.017,299.121,  0.000,  0.000
  0.017,299.090,  0.000,  0.000
  0.017,299.067,  0.000,  0.000
  0.017,299.070,  0.000,  0.000
  0.017,299.090,  0.000,  0.000
  0.017,299.109,  0.000,  0.000
  0.017,299.116,  0.000,  0.000
  0.017,299.115,  0.000,  0.000
  0.017,299.112,  0.000,  0.000
  0.017,299.105,  0.002,  0.000
  0.017,299.095,  0.031,  0.000
  0.017,299.089,  0.160,  0.000
  0.017,299.087,  0.412,  0.000
  0.017,299.080,  0.569,  0.000
  0.017,299.062,  0.389,  0.000
  0.017,299.044,  0.104,  0.000
  0.017,299.031,  0.020,  0.000
  0.017,299.291,  0.000,  0.000
  0.017,299.242,  0.000,  0.000
  0.017,299.190,  0.000,  0.000
  0.017,299.170,  0.000,  0.000
  0.017,299.177,  0.000,  0.000
  0.017,299.188,  0.000,  0.000
  0.017,299.190,  0.000,  0.000
  0.016,299.184,  0.000,  0.000
  0.017,299.163,  0.000,  0.000
  0.017,299.123,  0.000,  0.000
  0.017,299.085,  0.000,  0.000
  0.017,299.071,  0.000,  0.000
  0.017,299.086,  0.000,  0.000
  0.017,299.106,  0.001,  0.000
  0.017,299.110,  0.002,  0.000
  0.017,299.105,  0.003,  0.000
  0.017,299.100,  0.002,  0.000
  0.017,299.102,  0.004,  0.000
  0.017,299.114,  0.061,  0.000
  0.017,299.118,  0.291,  0.000
  0.017,299.097,  0.512,  0.000
  0.017,299.081,  0.380,  0.000
  0.017,299.074,  0.170,  0.000
  0.016,299.069,  0.087,  0.000
  0.016,299.057,  0.083,  0.000
