  0.019,299.570,  0.000,  0.000
  0.019,299.566,  0.000,  0.000
  0.018,299.512,  0.000,  0.000
  0.018,299.495,  0.000,  0.000
  0.018,299.473,  0.000,  0.000
  0.018,299.449,  0.000,  0.000
  0.018,299.426,  0.000,  0.000
  0.018,299.406,  0.000,  0.000
  0.018,299.391,  0.000,  0.000
  0.018,299.378,  0.000,  0.000
  0.018,299.361,  0.000,  0.000
  0.018,299.343,  0.000,  0.000
  0.018,299.324,  0.000,  0.000
  0.018,299.312,  0.000,  0.000
  0.018,299.319,  0.000,  0.000
  0.018,299.338,  0.000,  0.000
  0.018,299.352,  0.000,  0.000
  0.018,299.353,  0.000,  0.000
  0.018,299.346,  0.000,  0.000
  0.018,299.340,  0.000,  0.000
  0.018,299.338,  0.000,  0.000
  0.019,299.435,  0.000,  0.000
  0.018,299.362,  0.000,  0.000
  0.018,299.396,  0.000,  0.000
  0.018,299.412,  0.000,  0.000
  0.018,299.559,  0.000,  0.000
  0.018,299.537,  0.000,  0.000
  0.018,299.516,  0.000,  0.000
  0.018,299.496,  0.000,  0.000
  0.018,299.479,  0.000,  0.000
  0.018,299.463,  0.000,  0.000
  0.018,299.448,  0.000,  0.000
  0.018,299.432,  0.000,  0.000
  0.018,299.414,  0.000,  0.000
  0.018,299.393,  0.000,  0.000
  0.018,299.370,  0.000,  0.000
  0.018,299.347,  0.000,  0.000
  0.018,299.333,  0.000,  0.000
  0.018,299.336,  0.000,  0.000
  0.018,299.347,  0.000,  0.000
  0.018,299.351,  0.000,  0.000
  0.018,299.348,  0.000,  0.000
  0.018,299.342,  0.000,  0.000
  0.018,299.338,  0.000,  0.000
  0.018,299.337,  0.000,  0.000
  0.018,299.346,  0.000,  0.000
  0.018,299.362,  0.000,  0.000
  0.018,299.376,  0.000,  0.000
  0.018,299.399,  0.000,  0.000
  0.018,299.405,  0.000,  0.000
  0.018,299.520,  0.000,  0.000
  0.018,299.510,  0.000,  0.000
  0.018,299.504,  0.000,  0.000
  0.018,299.499,  0.000,  0.000
  0.018,299.491,  0.000,  0.000
  0.018,299.481,  0.000,  0.000
  0.018,299.468,  0.000,  0.000
  0.018,299.452,  0.000,  0.000
  0.018,299.433,  0.000,  0.000
  0.018,299.409,  0.000,  0.000
  0.018,299.388,  0.000,  0.000
  0.018,299.377,  0.000,  0.000
  0.018,299.376,  0.000,  0.000
  0.018,299.373,  0.000,  0.000
  0.018,299.363,  0.000,  0.000
  0.018,299.351,  0.000,  0.000
  0.018,299.344,  0.000,  0.000
  0.018,299.341,  0.000,  0.000
  0.018,299.345,  0.000,  0.000
  0.018,299.358,  0.000,  0.000
  0.018,299.372,  0.000,  0.000
  0.018,299.380,  0.000,  0.000
  0.018,299.380,  0.000,  0.000
  0.018,299.392,  0.000,  0.000
  0.018,299.394,  0.000,  0.000
  0.018,299.546,  0.000,  0.000
  0.018,299.563,  0.000,  0.000
  0.018,299.566,  0.000,  0.000
  0.018,299.559,  0.000,  0.000
  0.018,299.549,  0.000,  0.000
  0.018,299.534,  0.000,  0.000
  0.018,299.514,  0.000,  0.000
  0.018,299.489,  0.000,  0.000
  0.018,299.465,  0.000,  0.000
  0.018,299.445,  0.000,  0.000
  0.018,299.431,  0.000,  0.000
  0.018,299.421,  0.000,  0.000
  0.018,299.407,  0.000,  0.000
  0.018,299.390,  0.000,  0.000
  0.018,299.373,  0.000,  0.000
  0.018,299.358,  0.000,  0.000
  0.018,299.351,  0.000,  0.000
  0.018,299.357,  0.000,  0.000
  0.018,299.370,  0.000,  0.000
  0.018,299.378,  0.000,  0.000
  0.018,299.378,  0.000,  0.000
  0.018,299.375,  0.000,  0.000
  0.018,299.373,  0.000,  0.000
  0.018,299.387,  0.000,  0.000
  0.018,299.395,  0.000,  0.000
  0.019,299.649,  0.000,  0.000
  0.019,299.659,  0.000,  0.000
  0.019,299.651,  0.000,  0.000
  0.018,299.589,  0.000,  0.000
  0.018,299.564,  0.000,  0.000
  0.018,299.539,  0.000,  0.000
  0.018,299.518,  0.000,  0.000
  0.018,299.503,  0.000,  0.000
  0.018,299.489,  0.000,  0.000
  0.018,299.474,  0.000,  0.000
  0.018,299.458,  0.000,  0.000
  0.018,299.440,  0.000,  0.000
  0.018,299.422,  0.000,  0.000
  0.018,299.402,  0.000,  0.000
  0.018,299.386,  0.000,  0.000
  0.018,299.378,  0.000,  0.000
  0.018,299.379,  0.000,  0.000
  0.018,299.380,  0.000,  0.000
  0.018,299.377,  0.000,  0.000
  0.018,299.376,  0.000,  0.000
  0.018,299.375,  0.000,  0.000
  0.018,299.375,  0.000,  0.000
  0.018,299.379,  0.000,  0.000
  0.018,299.398,  0.000,  0.000
  0.018,299.409,  0.000,  0.000
  0.019,299.667,  0.000,  0.000
  0.018,299.612,  0.000,  0.000
  0.018,299.582,  0.000,  0.000
  0.018,299.553,  0.000,  0.000
  0.018,299.538,  0.000,  0.000
  0.018,299.534,  0.000,  0.000
  0.018,299.532,  0.000,  0.000
  0.018,299.530,  0.000,  0.000
  0.018,299.525,  0.000,  0.000
  0.018,299.511,  0.000,  0.000
  0.018,299.489,  0.000,  0.000
  0.018,299.462,  0.000,  0.000
  0.018,299.439,  0.000,  0.000
  0.018,299.427,  0.000,  0.000
  0.018,299.423,  0.000,  0.000
  0.018,299.417,  0.000,  0.000
  0.018,299.405,  0.000,  0.000
  0.018,299.391,  0.000,  0.000
  0.018,299.385,  0.000,  0.000
  0.018,299.383,  0.000,  0.000
  0.018,299.383,  0.000,  0.000
  0.018,299.387,  0.000,  0.000
  0.018,299.394,  0.000,  0.000
  0.018,299.407,  0.000,  0.000
  0.018,299.410,  0.000,  0.000
  0.018,299.536,  0.000,  0.000
  0.018,299.527,  0.000,  0.000
  0.018,299.542,  0.000,  0.000
  0.018,299.567,  0.000,  0.000
  0.018,299.587,  0.000,  0.000
  0.018,299.598,  0.000,  0.000
  0.018,299.601,  0.000,  0.000
  0.018,299.596,  0.000,  0.000
  0.018,299.579,  0.000,  0.000
  0.018,299.552,  0.000,  0.000
  0.018,299.523,  0.000,  0.000
  0.018,299.499,  0.000,  0.000
  0.018,299.482,  0.000,  0.000
  0.018,299.471,  0.000,  0.000
  0.018,299.456,  0.000,  0.000
  0.018,299.433,  0.000,  0.000
  0.018,299.412,  0.000,  0.000
  0.018,299.399,  0.000,  0.000
  0.018,299.394,  0.000,  0.000
  0.018,299.395,  0.000,  0.000
  0.018,299.399,  0.000,  0.000
  0.018,299.399,  0.000,  0.000
  0.018,299.398,  0.000,  0.000
  0.018,299.408,  0.000,  0.000
  0.018,299.413,  0.000,  0.000
  0.018,299.497,  0.000,  0.000
  0.018,299.543,  0.000,  0.000
  0.018,299.591,  0.000,  0.000
  0.018,299.626,  0.000,  0.000
  0.018,299.646,  0.000,  0.000
  0.018,299.650,  0.000,  0.000
  0.018,299.638,  0.000,  0.000
  0.018,299.610,  0.000,  0.000
  0.018,299.576,  0.000,  0.000
  0.018,299.549,  0.000,  0.000
  0.018,299.533,  0.000,  0.000
  0.018,299.522,  0.000,  0.000
  0.018,299.510,  0.000,  0.000
  0.018,299.492,  0.000,  0.000
  0.018,299.467,  0.000,  0.000
  0.018,299.440,  0.000,  0.000
  0.018,299.420,  0.000,  0.000
  0.018,299.412,  0.000,  0.000
  0.018,299.416,  0.000,  0.000
  0.018,299.418,  0.000,  0.000
  0.018,299.414,  0.000,  0.000
  0.018,299.409,  0.000,  0.000
  0.018,299.408,  0.000,  0.000
  0.018,299.414,  0.000,  0.000
  0.018,299.419,  0.000,  0.000
  0.019,299.616,  0.000,  0.000
  0.018,299.651,  0.000,  0.000
  0.018,299.681,  0.000,  0.000
  0.019,299.698,  0.000,  0.000
  0.018,299.647,  0.000,  0.000
  0.018,299.622,  0.000,  0.000
  0.018,299.593,  0.000,  0.000
  0.018,299.577,  0.000,  0.000
  0.018,299.572,  0.000,  0.000
  0.018,299.570,  0.000,  0.000
  0.018,299.568,  0.000,  0.000
  0.018,299.561,  0.000,  0.000
  0.018,299.544,  0.000,  0.000
  0.018,299.519,  0.000,  0.000
  0.018,299.492,  0.000,  0.000
  0.018,299.469,  0.000,  0.000
  0.018,299.455,  0.000,  0.000
  0.018,299.450,  0.000,  0.000
  0.018,299.443,  0.000,  0.000
  0.018,299.433,  0.000,  0.000
  0.018,299.424,  0.000,  0.000
  0.018,299.418,  0.000,  0.000
  0.018,299.414,  0.000,  0.000
  0.018,299.421,  0.000,  0.000
  0.018,299.430,  0.000,  0.000
  0.018,299.643,  0.000,  0.000
  0.019,299.658,  0.000,  0.000
  0.019,299.661,  0.000,  0.000
  0.018,299.586,  0.000,  0.000
  0.018,299.567,  0.000,  0.000
  0.018,299.571,  0.000,  0.000
  0.018,299.590,  0.000,  0.000
  0.018,299.609,  0.000,  0.000
  0.018,299.623,  0.000,  0.000
  0.018,299.629,  0.000,  0.000
  0.018,299.620,  0.000,  0.000
  0.018,299.594,  0.000,  0.000
  0.018,299.560,  0.000,  0.000
  0.018,299.532,  0.000,  0.000
  0.018,299.513,  0.000,  0.000
  0.018,299.498,  0.000,  0.000
  0.018,299.484,  0.000,  0.000
  0.018,299.467,  0.000,  0.000
  0.018,299.452,  0.000,  0.000
  0.018,299.441,  0.000,  0.000
  0.018,299.430,  0.000,  0.000
  0.018,299.426,  0.000,  0.000
  0.018,299.431,  0.000,  0.000
  0.018,299.438,  0.000,  0.000
  0.018,299.439,  0.000,  0.000
  0.019,299.614,  0.000,  0.000
  0.019,299.599,  0.000,  0.000
  0.018,299.514,  0.000,  0.000
  0.018,299.536,  0.000,  0.000
  0.018,299.575,  0.000,  0.000
  0.018,299.611,  0.000,  0.000
  0.018,299.639,  0.000,  0.000
  0.018,299.659,  0.000,  0.000
  0.018,299.663,  0.000,  0.000
  0.018,299.645,  0.000,  0.000
  0.018,299.608,  0.000,  0.000
  0.018,299.568,  0.000,  0.000
  0.018,299.543,  0.000,  0.000
  0.018,299.530,  0.000,  0.000
  0.018,299.521,  0.000,  0.000
  0.018,299.509,  0.000,  0.000
  0.018,299.491,  0.000,  0.000
  0.018,299.474,  0.000,  0.000
  0.018,299.461,  0.000,  0.000
  0.018,299.454,  0.000,  0.000
  0.018,299.452,  0.000,  0.000
  0.018,299.454,  0.000,  0.000
  0.018,299.452,  0.000,  0.000
  0.018,299.446,  0.000,  0.000
  0.018,299.440,  0.000,  0.000
  0.018,299.475,  0.000,  0.000
  0.018,299.495,  0.000,  0.000
  0.018,299.543,  0.000,  0.000
  0.019,299.660,  0.000,  0.000
  0.018,299.690,  0.000,  0.000
  0.018,299.711,  0.000,  0.000
  0.019,299.717,  0.000,  0.000
  0.018,299.654,  0.000,  0.000
  0.018,299.623,  0.000,  0.000
  0.018,299.590,  0.000,  0.000
  0.018,299.572,  0.000,  0.000
  0.018,299.563,  0.000,  0.000
  0.018,299.557,  0.000,  0.000
  0.018,299.550,  0.000,  0.000
  0.018,299.536,  0.000,  0.000
  0.018,299.516,  0.000,  0.000
  0.018,299.497,  0.000,  0.000
  0.018,299.486,  0.000,  0.000
  0.018,299.485,  0.000,  0.000
  0.018,299.486,  0.000,  0.000
  0.018,299.479,  0.000,  0.000
  0.018,299.465,  0.000,  0.000
  0.018,299.453,  0.000,  0.000
  0.018,299.446,  0.000,  0.000
  0.018,299.443,  0.000,  0.000
  0.019,299.584,  0.000,  0.000
  0.019,299.622,  0.000,  0.000
  0.018,299.663,  0.000,  0.000
  0.018,299.696,  0.000,  0.000
  0.018,299.712,  0.000,  0.000
  0.019,299.698,  0.000,  0.000
  0.018,299.606,  0.000,  0.000
  0.018,299.579,  0.000,  0.000
  0.018,299.579,  0.000,  0.000
  0.018,299.589,  0.000,  0.000
  0.018,299.598,  0.000,  0.000
  0.018,299.602,  0.000,  0.000
  0.018,299.595,  0.000,  0.000
  0.018,299.576,  0.000,  0.000
  0.018,299.550,  0.000,  0.000
  0.018,299.528,  0.000,  0.000
  0.018,299.517,  0.000,  0.000
  0.018,299.514,  0.000,  0.000
  0.018,299.510,  0.000,  0.000
  0.018,299.500,  0.000,  0.000
  0.018,299.483,  0.000,  0.000
  0.018,299.467,  0.000,  0.000
  0.018,299.457,  0.000,  0.000
  0.018,299.457,  0.000,  0.000
  0.018,299.464,  0.000,  0.000
  0.019,299.612,  0.000,  0.000
  0.018,299.644,  0.000,  0.000
  0.018,299.667,  0.000,  0.000
  0.019,299.667,  0.000,  0.000
  0.018,299.574,  0.000,  0.000
  0.018,299.544,  0.000,  0.000
  0.018,299.552,  0.000,  0.000
  0.018,299.584,  0.000,  0.000
  0.018,299.616,  0.000,  0.000
  0.018,299.638,  0.000,  0.000
  0.018,299.646,  0.000,  0.000
  0.018,299.634,  0.000,  0.000
  0.018,299.604,  0.000,  0.000
  0.018,299.570,  0.000,  0.000
  0.018,299.545,  0.000,  0.000
  0.018,299.530,  0.000,  0.000
  0.018,299.520,  0.000,  0.000
  0.018,299.512,  0.000,  0.000
  0.018,299.501,  0.000,  0.000
  0.018,299.487,  0.000,  0.000
  0.018,299.476,  0.000,  0.000
  0.018,299.471,  0.000,  0.000
  0.018,299.475,  0.000,  0.000
  0.018,299.480,  0.000,  0.000
  0.018,299.478,  0.000,  0.000
  0.019,299.598,  0.000,  0.000
  0.019,299.603,  0.000,  0.000
  0.019,299.592,  0.000,  0.000
  0.018,299.488,  0.000,  0.000
  0.018,299.496,  0.000,  0.000
  0.018,299.536,  0.000,  0.000
  0.019,299.653,  0.000,  0.000
  0.019,299.684,  0.000,  0.000
  0.019,299.706,  0.000,  0.000
  0.018,299.654,  0.000,  0.000
  0.018,299.620,  0.000,  0.000
  0.018,299.579,  0.000,  0.000
  0.018,299.554,  0.000,  0.000
  0.018,299.543,  0.000,  0.000
  0.018,299.535,  0.000,  0.000
  0.018,299.526,  0.000,  0.000
  0.018,299.513,  0.000,  0.000
  0.018,299.498,  0.000,  0.000
  0.018,299.487,  0.000,  0.000
  0.018,299.483,  0.000,  0.000
  0.018,299.483,  0.000,  0.000
  0.018,299.483,  0.000,  0.000
  0.018,299.482,  0.000,  0.000
  0.018,299.483,  0.000,  0.000
  0.018,299.484,  0.000,  0.000
