  0.022,301.270,  0.000,  0.000
  0.023,301.309,  0.000,  0.000
  0.022,300.727,  0.000,  0.560
  0.021,300.354,  0.000,  0.560
  0.022,300.922,  0.000,  0.560
  0.022,300.990,  0.001,  0.560
  0.021,300.977,  0.030,  0.570
  0.021,301.103,  0.118,  0.570
  0.021,301.385,  0.120,  0.570
  0.022,301.793,  0.028, 20.620
  0.023,302.058,  0.001, 20.620
  0.022,302.040,  0.001, 20.620
  0.021,302.442,  0.001, 20.620
  0.021,302.552,  0.004, 24.150
  0.021,302.598,  0.044, 24.150
  0.022,302.625,  0.120, 24.150
  0.021,302.637,  0.142, 18.450
  0.021,302.588,  0.134, 18.450
  0.022,302.423,  0.132, 18.450
  0.022,302.206,  0.147, 18.450
  0.022,302.134,  0.494, 30.590
  0.022,302.282,  0.816, 30.590
  0.022,302.599,  0.273, 30.590
  0.022,303.126,  0.033,  7.130
  0.021,303.144,  0.005,  7.130
  0.023,301.450,  0.000,  0.000
  0.022,301.253,  0.000,  0.000
  0.022,301.135,  0.000,  1.860
  0.021,300.604,  0.001,  1.860
  0.021,300.605,  0.000,  1.860
  0.022,301.298,  0.003,  1.860
  0.021,301.285,  0.148,  1.170
  0.021,301.304,  0.733,  1.170
  0.022,301.518,  1.161,  1.170
  0.022,301.955,  0.647,  5.630
  0.023,302.449,  0.185,  5.630
  0.022,302.427,  0.106,  5.630
  0.021,302.312,  0.103,  5.630
  0.021,302.355,  0.113, 22.360
  0.021,302.413,  0.315, 22.360
  0.022,302.480,  0.888, 22.360
  0.021,302.522,  1.161, 13.820
  0.022,302.461,  1.064, 13.820
  0.022,302.193,  1.075, 13.820
  0.022,302.004,  0.940, 13.820
  0.022,301.979,  0.542, 13.280
  0.022,302.062,  0.131, 13.280
  0.022,302.408,  0.023, 13.280
  0.022,302.677,  0.013, 10.020
  0.022,303.118,  0.001, 10.020
  0.023,301.695,  0.001,  0.000
  0.022,301.890,  0.001,  0.000
  0.022,301.971,  0.001,  1.860
  0.022,301.294,  0.001,  1.860
  0.021,301.015,  0.001,  1.860
  0.021,301.494,  0.001,  1.860
  0.022,301.840,  0.002,  1.170
  0.022,301.789,  0.231,  1.170
  0.022,301.984,  1.371,  1.170
  0.022,302.622,  2.530,  5.630
  0.022,302.833,  1.963,  5.630
  0.022,302.416,  1.143,  5.630
  0.022,302.141,  1.004,  5.630
  0.022,302.191,  1.264, 22.360
  0.022,302.261,  1.559, 22.360
  0.022,302.330,  1.607, 22.360
  0.022,302.377,  1.261, 13.820
  0.022,302.252,  0.700, 13.820
  0.022,301.962,  0.220, 13.820
  0.022,301.889,  0.021, 13.820
  0.021,302.009,  0.003, 13.280
  0.022,302.519,  0.004, 13.280
  0.022,302.471,  0.003, 13.280
  0.022,302.488,  0.012, 10.020
  0.023,302.723,  0.021, 10.020
  0.023,301.878,  0.005,  0.000
  0.022,302.156,  0.015,  0.000
  0.022,302.721,  0.023,  1.860
  0.022,302.614,  0.019,  1.860
  0.023,302.411,  0.010,  1.860
  0.023,302.215,  0.014,  1.860
  0.022,302.086,  0.038,  1.170
  0.022,302.252,  0.121,  1.170
  0.022,302.835,  0.850,  1.170
  0.022,303.299,  2.449,  5.630
  0.022,303.086,  2.834,  5.630
  0.022,302.546,  1.550,  5.630
  0.022,302.180,  0.204,  5.630
  0.022,302.170,  0.034, 22.360
  0.022,302.293,  0.030, 22.360
  0.022,302.373,  0.052, 22.360
  0.022,302.360,  0.084, 13.820
  0.022,302.156,  0.126, 13.820
  0.022,301.930,  0.160, 13.820
  0.021,301.899,  0.154, 13.820
  0.021,301.945,  0.130, 13.280
  0.022,302.406,  0.079, 13.280
  0.022,302.480,  0.014, 13.280
  0.022,302.542,  0.034, 10.020
  0.022,302.624,  0.053, 10.020
  0.023,302.532,  0.037,  0.000
  0.023,302.779,  0.121,  0.000
  0.022,302.938,  0.197,  1.860
  0.022,303.129,  0.172,  1.860
  0.022,303.217,  0.105,  1.860
  0.022,303.097,  0.111,  1.860
  0.022,303.006,  0.188,  1.170
  0.022,303.189,  0.333,  1.170
  0.022,303.273,  0.358,  1.170
  0.022,303.175,  0.120,  5.630
  0.022,303.208,  0.007,  5.630
  0.022,302.948,  0.009,  5.630
  0.022,302.408,  0.012,  5.630
  0.022,302.195,  0.027, 22.360
  0.022,302.331,  0.069, 22.360
  0.022,302.434,  0.183, 22.360
  0.022,302.409,  0.406, 13.820
  0.022,302.257,  0.693, 13.820
  0.022,302.036,  0.948, 13.820
  0.021,301.996,  1.114, 13.820
  0.021,302.073,  1.052, 13.280
  0.023,302.472,  0.578, 13.280
  0.023,302.515,  0.057, 13.280
  0.023,302.598,  0.007, 10.020
  0.023,302.704,  0.003, 10.020
  0.022,303.188,  0.506,  1.510
  0.022,303.292,  0.584,  1.510
  0.022,303.262,  0.581,  3.040
  0.022,303.217,  0.647,  3.040
  0.022,303.204,  0.593,  3.040
  0.022,303.187,  0.481,  3.040
  0.021,303.081,  0.382,  6.280
  0.022,303.086,  0.205,  6.280
  0.022,303.139,  0.105,  6.280
  0.021,303.223,  0.062, 11.430
  0.021,303.291,  0.086, 11.430
  0.021,303.245,  0.146, 11.430
  0.022,302.868,  0.102, 11.430
  0.022,302.385,  0.018, 11.690
  0.022,302.296,  0.004, 11.690
  0.022,302.419,  0.005, 11.690
  0.022,302.474,  0.008, 20.780
  0.022,302.413,  0.010, 20.780
  0.022,302.270,  0.008, 20.780
  0.022,302.250,  0.005, 20.780
  0.022,302.360,  0.004, 13.610
  0.022,302.448,  0.004, 13.610
  0.022,302.493,  0.003, 13.610
  0.023,302.816,  0.000, 11.040
  0.023,302.928,  0.000, 11.040
  0.022,303.226,  2.449,  1.510
  0.022,303.184,  3.139,  1.510
  0.021,303.087,  3.433,  3.040
  0.021,303.090,  3.640,  3.040
  0.021,303.071,  3.372,  3.040
  0.021,303.072,  2.770,  3.040
  0.021,303.110,  1.912,  6.280
  0.021,303.163,  0.714,  6.280
  0.021,303.213,  0.180,  6.280
  0.021,303.248,  0.090, 11.430
  0.021,303.298,  0.258, 11.430
  0.021,303.337,  0.711, 11.430
  0.022,303.229,  0.745, 11.430
  0.022,302.886,  0.157, 11.690
  0.022,302.521,  0.013, 11.690
  0.022,302.429,  0.003, 11.690
  0.022,302.553,  0.003, 20.780
  0.022,302.625,  0.005, 20.780
  0.022,302.567,  0.005, 20.780
  0.022,302.476,  0.006, 20.780
  0.022,302.535,  0.005, 13.610
  0.022,302.723,  0.003, 13.610
  0.022,302.868,  0.000, 13.610
  0.022,303.022,  0.000, 11.040
  0.023,303.257,  0.000, 11.040
  0.022,303.170,  1.186,  1.510
  0.021,303.048,  1.218,  1.510
  0.022,303.031,  1.026,  3.040
  0.021,303.015,  0.790,  3.040
  0.021,303.020,  0.549,  3.040
  0.021,303.064,  0.382,  3.040
  0.021,303.117,  0.295,  6.280
  0.021,303.165,  0.218,  6.280
  0.021,303.208,  0.152,  6.280
  0.021,303.242,  0.035, 11.430
  0.021,303.249,  0.002, 11.430
  0.022,303.221,  0.006, 11.430
  0.022,303.202,  0.011, 11.430
  0.022,303.195,  0.009, 11.690
  0.022,303.090,  0.001, 11.690
  0.022,302.935,  0.000, 11.690
  0.022,302.876,  0.000, 20.780
  0.022,302.966,  0.001, 20.780
  0.022,303.086,  0.000, 20.780
  0.022,303.106,  0.000, 20.780
  0.022,303.088,  0.001, 13.610
  0.022,303.115,  0.000, 13.610
  0.022,303.185,  0.000, 13.610
  0.021,303.236,  0.000, 11.040
  0.022,303.210,  0.000, 11.040
  0.022,302.996,  0.086,  1.510
  0.021,303.010,  0.128,  1.510
  0.021,303.014,  0.150,  3.040
  0.021,303.031,  0.135,  3.040
  0.021,303.060,  0.114,  3.040
  0.021,303.101,  0.118,  3.040
  0.021,303.138,  0.149,  6.280
  0.021,303.157,  0.166,  6.280
  0.021,303.154,  0.119,  6.280
  0.022,303.132,  0.036, 11.430
  0.022,303.104,  0.007, 11.430
  0.022,303.096,  0.005, 11.430
  0.021,303.117,  0.003, 11.430
  0.021,303.167,  0.001, 11.690
  0.021,303.248,  0.000, 11.690
  0.021,303.329,  0.000, 11.690
  0.021,303.358,  0.000, 20.780
  0.021,303.359,  0.000, 20.780
  0.021,303.342,  0.000, 20.780
  0.021,303.314,  0.001, 20.780
  0.021,303.293,  0.000, 13.610
  0.021,303.274,  0.000, 13.610
  0.021,303.248,  0.000, 13.610
  0.021,303.232,  0.000, 11.040
  0.021,303.234,  0.000, 11.040
  0.021,302.999,  0.007,  2.800
  0.021,303.020,  0.009,  2.800
  0.021,303.033,  0.010,  7.160
  0.021,303.047,  0.009,  7.160
  0.021,303.067,  0.007,  7.160
  0.021,303.077,  0.006,  7.160
  0.021,303.072,  0.005,  8.550
  0.022,303.052,  0.002,  8.550
  0.022,303.030,  0.001,  8.550
  0.022,303.022,  0.001,  6.520
  0.022,303.037,  0.000,  6.520
  0.021,303.077,  0.000,  6.520
  0.021,303.132,  0.000,  6.520
  0.021,303.181,  0.000, 23.860
  0.021,303.219,  0.000, 23.860
  0.021,303.261,  0.000, 23.860
  0.021,303.297,  0.000, 15.730
  0.021,303.292,  0.000, 15.730
  0.021,303.252,  0.000, 15.730
  0.021,303.222,  0.000, 15.730
  0.021,303.220,  0.000, 11.780
  0.021,303.244,  0.000, 11.780
  0.021,303.283,  0.000, 11.780
  0.021,303.318,  0.000, 12.810
  0.021,303.318,  0.000, 12.810
  0.021,302.980,  0.000,  2.800
  0.022,302.990,  0.001,  2.800
  0.022,302.989,  0.001,  7.160
  0.022,302.982,  0.001,  7.160
  0.022,302.975,  0.001,  7.160
  0.022,302.967,  0.001,  7.160
  0.022,302.956,  0.002,  8.550
  0.022,302.950,  0.002,  8.550
  0.022,302.963,  0.001,  8.550
  0.021,302.994,  0.000,  6.520
  0.021,303.035,  0.000,  6.520
  0.021,303.076,  0.000,  6.520
  0.021,303.112,  0.000,  6.520
  0.021,303.144,  0.000, 23.860
  0.022,303.168,  0.000, 23.860
  0.022,303.175,  0.000, 23.860
  0.022,303.172,  0.000, 15.730
  0.022,303.180,  0.000, 15.730
  0.021,303.205,  0.000, 15.730
  0.021,303.241,  0.000, 15.730
  0.021,303.279,  0.000, 11.780
  0.021,303.308,  0.000, 11.780
  0.021,303.319,  0.000, 11.780
  0.021,303.311,  0.000, 12.810
  0.021,303.287,  0.000, 12.810
  0.022,302.925,  0.000,  2.800
  0.022,302.929,  0.000,  2.800
  0.022,302.921,  0.000,  7.160
  0.022,302.909,  0.000,  7.160
  0.022,302.899,  0.000,  7.160
  0.022,302.898,  0.000,  7.160
  0.022,302.907,  0.000,  8.550
  0.022,302.922,  0.000,  8.550
  0.021,302.947,  0.000,  8.550
  0.021,302.977,  0.000,  6.520
  0.022,303.004,  0.000,  6.520
  0.022,303.018,  0.000,  6.520
  0.022,303.022,  0.000,  6.520
  0.022,303.027,  0.000, 23.860
  0.022,303.042,  0.000, 23.860
  0.022,303.076,  0.000, 23.860
  0.021,303.124,  0.000, 15.730
  0.021,303.170,  0.000, 15.730
  0.021,303.205,  0.000, 15.730
  0.021,303.231,  0.000, 15.730
  0.021,303.249,  0.000, 11.780
  0.021,303.253,  0.000, 11.780
  0.021,303.242,  0.000, 11.780
  0.021,303.224,  0.000, 12.810
  0.021,303.217,  0.000, 12.810
  0.021,302.924,  0.000,  2.800
  0.021,302.921,  0.000,  2.800
  0.021,302.906,  0.000,  7.160
  0.022,302.887,  0.000,  7.160
  0.022,302.878,  0.000,  7.160
  0.022,302.881,  0.000,  7.160
  0.022,302.892,  0.000,  8.550
  0.022,302.903,  0.000,  8.550
  0.022,302.912,  0.000,  8.550
  0.022,302.916,  0.000,  6.520
  0.022,302.915,  0.000,  6.520
  0.022,302.917,  0.000,  6.520
  0.022,302.932,  0.000,  6.520
  0.022,302.963,  0.000, 23.860
  0.022,302.999,  0.000, 23.860
  0.021,303.037,  0.000, 23.860
  0.021,303.078,  0.000, 15.730
  0.021,303.117,  0.000, 15.730
  0.021,303.144,  0.000, 15.730
  0.021,303.150,  0.000, 15.730
  0.022,303.137,  0.000, 11.780
  0.022,303.119,  0.000, 11.780
  0.021,303.116,  0.000, 11.780
  0.021,303.144,  0.000, 12.810
  0.021,303.198,  0.000, 12.810
  0.021,302.943,  0.000,  1.560
  0.021,302.925,  0.000,  1.560
  0.022,302.888,  0.000,  4.790
  0.022,302.861,  0.000,  4.790
  0.022,302.859,  0.000,  4.790
  0.022,302.866,  0.000,  4.790
  0.022,302.873,  0.000,  4.130
  0.022,302.874,  0.000,  4.130
  0.022,302.867,  0.000,  4.130
  0.022,302.861,  0.000, 10.890
  0.022,302.863,  0.000, 10.890
  0.022,302.878,  0.000, 10.890
  0.022,302.906,  0.000, 10.890
  0.022,302.941,  0.000, 10.990
  0.022,302.974,  0.000, 10.990
  0.022,303.001,  0.000, 10.990
  0.022,303.018,  0.000, 17.100
  0.022,303.021,  0.000, 17.100
  0.022,303.015,  0.000, 17.100
  0.022,303.003,  0.000, 17.100
  0.022,302.999,  0.000,  7.380
  0.022,303.023,  0.000,  7.380
  0.021,303.071,  0.000,  7.380
  0.021,303.131,  0.000, 10.700
  0.021,303.181,  0.000, 10.700
  0.021,302.908,  0.000,  1.560
  0.022,302.851,  0.000,  1.560
  0.022,302.813,  0.000,  4.790
  0.022,302.819,  0.000,  4.790
  0.022,302.840,  0.000,  4.790
  0.022,302.852,  0.000,  4.790
  0.022,302.855,  0.000,  4.130
  0.022,302.849,  0.000,  4.130
  0.022,302.842,  0.000,  4.130
  0.022,302.842,  0.000, 10.890
  0.022,302.848,  0.000, 10.890
  0.022,302.861,  0.000, 10.890
  0.022,302.877,  0.000, 10.890
  0.022,302.891,  0.000, 10.990
  0.022,302.901,  0.000, 10.990
  0.022,302.908,  0.000, 10.990
  0.022,302.913,  0.000, 17.100
  0.022,302.917,  0.000, 17.100
  0.022,302.925,  0.000, 17.100
  0.022,302.941,  0.000, 17.100
  0.022,302.968,  0.000,  7.380
  0.021,303.009,  0.000,  7.380
  0.021,303.045,  0.000,  7.380
  0.021,303.070,  0.000, 10.700
  0.021,303.068,  0.000, 10.700
