  0.020,302.208,  0.000,  0.000
  0.020,301.998,  0.000,  0.000
  0.020,301.793,  0.000,  0.000
  0.021,302.058,  0.000,  0.000
  0.021,302.300,  0.000,  0.000
  0.020,302.303,  0.000,  0.000
  0.020,302.233,  0.000,  0.000
  0.020,302.215,  0.000,  0.000
  0.020,302.207,  0.000,  0.000
  0.020,302.184,  0.000,  0.000
  0.021,302.134,  0.000,  0.000
  0.021,302.094,  0.000,  0.000
  0.021,302.092,  0.000,  0.000
  0.021,302.112,  0.000,  0.000
  0.021,302.118,  0.000,  0.000
  0.021,302.102,  0.000,  0.000
  0.021,302.081,  0.000,  0.000
  0.021,302.085,  0.000,  0.000
  0.021,302.110,  0.000,  0.000
  0.020,302.119,  0.000,  0.000
  0.020,302.102,  0.000,  0.000
  0.021,302.096,  0.000,  0.000
  0.020,302.126,  0.000,  0.000
  0.020,302.174,  0.000,  0.000
  0.020,302.140,  0.000,  0.000
  0.021,302.180,  0.000,  0.000
  0.020,302.073,  0.000,  0.000
  0.020,302.023,  0.000,  0.000
  0.020,302.148,  0.000,  0.000
  0.020,302.304,  0.000,  0.000
  0.021,302.258,  0.000,  0.000
  0.021,302.191,  0.000,  0.000
  0.021,302.189,  0.000,  0.000
  0.020,302.201,  0.000,  0.000
  0.021,302.187,  0.000,  0.000
  0.021,302.146,  0.000,  0.000
  0.021,302.118,  0.000,  0.000
  0.021,302.110,  0.000,  0.000
  0.021,302.113,  0.000,  0.000
  0.021,302.122,  0.000,  0.000
  0.021,302.124,  0.000,  0.000
  0.021,302.114,  0.000,  0.000
  0.021,302.108,  0.000,  0.000
  0.021,302.122,  0.000,  0.000
  0.020,302.139,  0.000,  0.000
  0.020,302.124,  0.000,  0.000
  0.021,302.099,  0.000,  0.000
  0.021,302.104,  0.000,  0.000
  0.020,302.152,  0.000,  0.000
  0.020,302.149,  0.000,  0.000
  0.020,302.323,  0.000,  0.000
  0.021,302.248,  0.000,  0.000
  0.021,302.380,  0.000,  0.000
  0.020,302.280,  0.000,  0.000
  0.020,302.212,  0.000,  0.000
  0.021,302.132,  0.000,  0.000
  0.021,302.156,  0.000,  0.000
  0.021,302.189,  0.000,  0.000
  0.021,302.168,  0.000,  0.000
  0.021,302.156,  0.000,  0.000
  0.021,302.151,  0.000,  0.000
  0.021,302.149,  0.000,  0.000
  0.021,302.144,  0.000,  0.000
  0.021,302.130,  0.000,  0.000
  0.021,302.124,  0.000,  0.000
  0.021,302.143,  0.000,  0.000
  0.021,302.163,  0.000,  0.000
  0.021,302.159,  0.000,  0.000
  0.021,302.144,  0.000,  0.000
  0.021,302.142,  0.000,  0.000
  0.020,302.151,  0.000,  0.000
  0.020,302.133,  0.000,  0.000
  0.020,302.097,  0.000,  0.000
  0.021,302.105,  0.000,  0.000
  0.020,302.127,  0.000,  0.000
  0.021,302.509,  0.000,  0.000
  0.021,302.481,  0.000,  0.000
  0.020,302.351,  0.000,  0.000
  0.020,302.215,  0.000,  0.000
  0.020,301.989,  0.000,  0.000
  0.020,301.826,  0.000,  0.000
  0.020,301.878,  0.000,  0.000
  0.021,302.111,  0.000,  0.000
  0.021,302.226,  0.000,  0.000
  0.021,302.178,  0.000,  0.000
  0.021,302.196,  0.000,  0.000
  0.021,302.210,  0.000,  0.000
  0.021,302.186,  0.000,  0.000
  0.021,302.161,  0.000,  0.000
  0.021,302.142,  0.000,  0.000
  0.021,302.143,  0.000,  0.000
  0.021,302.169,  0.000,  0.000
  0.021,302.176,  0.000,  0.000
  0.021,302.156,  0.000,  0.000
  0.021,302.138,  0.000,  0.000
  0.021,302.137,  0.000,  0.000
  0.020,302.130,  0.000,  0.000
  0.020,302.094,  0.000,  0.000
  0.020,302.072,  0.000,  0.000
  0.021,302.084,  0.000,  0.000
  0.021,302.490,  0.000,  0.000
  0.020,302.374,  0.000,  0.000
  0.020,302.381,  0.000,  0.000
  0.020,302.300,  0.000,  0.000
  0.020,302.085,  0.000,  0.000
  0.021,301.933,  0.000,  0.000
  0.020,302.042,  0.000,  0.000
  0.020,302.242,  0.000,  0.000
  0.021,302.300,  0.000,  0.000
  0.021,302.214,  0.000,  0.000
  0.021,302.220,  0.000,  0.000
  0.021,302.240,  0.000,  0.000
  0.021,302.210,  0.000,  0.000
  0.021,302.179,  0.000,  0.000
  0.021,302.153,  0.000,  0.000
  0.021,302.129,  0.000,  0.000
  0.021,302.134,  0.000,  0.000
  0.021,302.162,  0.000,  0.000
  0.021,302.172,  0.000,  0.000
  0.021,302.148,  0.000,  0.000
  0.021,302.121,  0.000,  0.000
  0.020,302.110,  0.000,  0.000
  0.020,302.089,  0.000,  0.000
  0.020,302.063,  0.000,  0.000
  0.021,302.041,  0.000,  0.000
  0.020,302.280,  0.000,  0.000
  0.021,302.148,  0.000,  0.000
  0.021,302.145,  0.000,  0.000
  0.020,302.176,  0.000,  0.000
  0.020,302.163,  0.000,  0.000
  0.020,302.107,  0.000,  0.000
  0.021,302.056,  0.000,  0.000
  0.022,302.240,  0.000,  0.000
  0.021,302.192,  0.000,  0.000
  0.021,302.260,  0.000,  0.000
  0.021,302.216,  0.000,  0.000
  0.021,302.206,  0.000,  0.000
  0.021,302.220,  0.000,  0.000
  0.021,302.205,  0.000,  0.000
  0.021,302.180,  0.000,  0.000
  0.021,302.159,  0.000,  0.000
  0.021,302.144,  0.000,  0.000
  0.021,302.145,  0.000,  0.000
  0.021,302.162,  0.000,  0.000
  0.021,302.159,  0.000,  0.000
  0.021,302.132,  0.000,  0.000
  0.021,302.111,  0.000,  0.000
  0.020,302.111,  0.000,  0.000
  0.020,302.117,  0.000,  0.000
  0.020,302.097,  0.001,  0.000
  0.020,302.198,  0.000,  0.000
  0.020,302.108,  0.000,  0.000
  0.020,302.151,  0.000,  0.000
  0.020,302.215,  0.000,  0.000
  0.020,302.230,  0.000,  0.000
  0.020,302.174,  0.000,  0.000
  0.021,302.063,  0.000,  0.000
  0.021,302.022,  0.000,  0.000
  0.021,302.139,  0.000,  0.000
  0.021,302.294,  0.000,  0.000
  0.021,302.304,  0.000,  0.000
  0.021,302.250,  0.000,  0.000
  0.021,302.241,  0.000,  0.000
  0.021,302.233,  0.000,  0.000
  0.021,302.208,  0.000,  0.000
  0.021,302.196,  0.000,  0.000
  0.021,302.178,  0.001,  0.000
  0.021,302.154,  0.000,  0.000
  0.021,302.148,  0.000,  0.000
  0.021,302.153,  0.000,  0.000
  0.021,302.152,  0.000,  0.000
  0.021,302.130,  0.000,  0.000
  0.021,302.118,  0.000,  0.000
  0.020,302.137,  0.000,  0.000
  0.020,302.140,  0.000,  0.000
  0.020,302.179,  0.000,  0.000
  0.020,302.198,  0.000,  0.000
  0.020,302.270,  0.000,  0.000
  0.020,302.296,  0.000,  0.000
  0.020,302.253,  0.000,  0.000
  0.020,302.124,  0.000,  0.000
  0.021,302.008,  0.000,  0.000
  0.021,302.038,  0.000,  0.000
  0.021,302.175,  0.000,  0.000
  0.021,302.285,  0.000,  0.000
  0.021,302.285,  0.000,  0.000
  0.021,302.232,  0.000,  0.000
  0.021,302.222,  0.000,  0.000
  0.021,302.241,  0.000,  0.000
  0.021,302.235,  0.001,  0.000
  0.021,302.221,  0.001,  0.000
  0.021,302.206,  0.003,  0.000
  0.021,302.186,  0.003,  0.000
  0.021,302.152,  0.003,  0.000
  0.021,302.141,  0.002,  0.000
  0.021,302.141,  0.001,  0.000
  0.021,302.124,  0.000,  0.000
  0.020,302.092,  0.000,  0.000
  0.020,302.090,  0.000,  0.000
  0.020,302.133,  0.000,  0.000
  0.020,302.206,  0.000,  0.000
  0.020,302.259,  0.000,  0.000
  0.020,302.328,  0.000,  0.000
  0.020,302.313,  0.000,  0.000
  0.020,302.195,  0.000,  0.000
  0.020,302.027,  0.000,  0.000
  0.021,301.955,  0.000,  0.000
  0.021,302.043,  0.000,  0.000
  0.021,302.176,  0.000,  0.000
  0.021,302.224,  0.000,  0.000
  0.021,302.202,  0.000,  0.000
  0.021,302.214,  0.000,  0.000
  0.021,302.246,  0.000,  0.000
  0.021,302.263,  0.000,  0.000
  0.021,302.252,  0.001,  0.000
  0.021,302.230,  0.002,  0.000
  0.021,302.209,  0.005,  0.000
  0.021,302.191,  0.011,  0.000
  0.021,302.168,  0.015,  0.000
  0.021,302.139,  0.016,  0.000
  0.021,302.115,  0.010,  0.000
  0.021,302.098,  0.002,  0.000
  0.021,302.072,  0.000,  0.000
  0.021,302.050,  0.000,  0.000
  0.021,302.066,  0.000,  0.000
  0.020,302.209,  0.000,  0.000
  0.020,302.283,  0.000,  0.000
  0.020,302.362,  0.000,  0.000
  0.020,302.297,  0.000,  0.000
  0.020,302.092,  0.000,  0.000
  0.020,301.877,  0.000,  0.000
  0.020,301.778,  0.000,  0.000
  0.021,301.987,  0.000,  0.000
  0.022,302.154,  0.000,  0.000
  0.022,302.289,  0.000,  0.000
  0.022,302.356,  0.000,  0.000
  0.021,302.239,  0.001,  0.000
  0.021,302.269,  0.001,  0.000
  0.021,302.278,  0.001,  0.000
  0.021,302.281,  0.001,  0.000
  0.021,302.270,  0.000,  0.000
  0.021,302.216,  0.000,  0.000
  0.021,302.173,  0.000,  0.000
  0.021,302.162,  0.006,  0.000
  0.021,302.155,  0.020,  0.000
  0.021,302.123,  0.026,  0.000
  0.021,302.094,  0.009,  0.000
  0.021,302.089,  0.000,  0.000
  0.021,302.094,  0.000,  0.010
  0.021,302.101,  0.000,  0.010
  0.020,302.234,  0.000,  0.000
  0.020,302.290,  0.000,  0.000
  0.020,302.356,  0.000,  0.000
  0.020,302.224,  0.000,  0.000
  0.020,301.956,  0.000,  0.000
  0.020,301.758,  0.000,  0.000
  0.020,301.695,  0.000,  0.000
  0.020,301.680,  0.000,  0.000
  0.022,301.938,  0.000,  0.000
  0.022,302.048,  0.000,  0.000
  0.022,302.261,  0.000,  0.000
  0.022,302.412,  0.000,  0.000
  0.021,302.322,  0.001,  0.000
  0.021,302.284,  0.001,  0.000
  0.021,302.283,  0.000,  0.000
  0.021,302.292,  0.000,  0.000
  0.021,302.245,  0.000,  0.000
  0.021,302.175,  0.000,  0.000
  0.021,302.137,  0.000,  0.000
  0.021,302.144,  0.000,  0.000
  0.021,302.152,  0.001,  0.000
  0.021,302.121,  0.003,  0.000
  0.021,302.013,  0.008,  0.000
  0.021,301.859,  0.011,  0.010
  0.021,301.777,  0.008,  0.010
  0.020,302.242,  0.000,  0.000
  0.020,302.237,  0.000,  0.000
  0.020,302.261,  0.000,  0.000
  0.020,302.140,  0.000,  0.000
  0.020,301.894,  0.000,  0.000
  0.020,301.718,  0.000,  0.000
  0.020,301.618,  0.000,  0.000
  0.020,301.526,  0.000,  0.000
  0.022,301.776,  0.000,  0.000
  0.022,301.768,  0.000,  0.000
  0.022,302.007,  0.000,  0.000
  0.022,302.377,  0.000,  0.000
  0.021,302.367,  0.000,  0.000
  0.021,302.288,  0.000,  0.000
  0.021,302.269,  0.000,  0.000
  0.021,302.260,  0.000,  0.000
  0.021,302.231,  0.000,  0.000
  0.021,302.186,  0.000,  0.000
  0.021,302.144,  0.000,  0.000
  0.021,302.143,  0.000,  0.000
  0.021,302.138,  0.002,  0.000
  0.021,301.994,  0.008,  0.000
  0.021,301.731,  0.027,  0.000
  0.021,301.588,  0.051,  0.010
  0.021,301.644,  0.041,  0.010
  0.021,302.299,  0.000,  0.000
  0.021,302.185,  0.000,  0.000
  0.020,302.133,  0.000,  0.000
  0.020,302.114,  0.000,  0.000
  0.020,302.035,  0.000,  0.000
  0.020,301.974,  0.000,  0.000
  0.020,301.860,  0.000,  0.000
  0.020,301.722,  0.000,  0.000
  0.021,301.620,  0.000,  0.000
  0.022,301.837,  0.000,  0.000
  0.022,301.982,  0.000,  0.000
  0.022,302.345,  0.000,  0.000
  0.021,302.363,  0.000,  0.000
  0.021,302.282,  0.000,  0.000
  0.021,302.271,  0.000,  0.000
  0.021,302.241,  0.000,  0.000
  0.021,302.218,  0.000,  0.000
  0.021,302.210,  0.000,  0.000
  0.021,302.189,  0.000,  0.000
  0.021,302.159,  0.000,  0.000
  0.021,302.056,  0.000,  0.000
  0.021,301.829,  0.000,  0.000
  0.021,301.666,  0.001,  0.000
  0.021,301.709,  0.001,  0.010
  0.021,301.820,  0.001,  0.010
  0.021,302.522,  0.000,  0.000
  0.021,302.256,  0.000,  0.000
  0.021,302.083,  0.000,  0.000
  0.020,302.053,  0.000,  0.000
  0.020,302.091,  0.000,  0.000
  0.020,302.087,  0.000,  0.000
  0.020,302.011,  0.000,  0.000
  0.020,301.858,  0.000,  0.000
  0.021,301.677,  0.000,  0.000
  0.022,301.849,  0.000,  0.000
  0.022,302.007,  0.000,  0.000
  0.022,302.385,  0.000,  0.000
  0.021,302.369,  0.000,  0.000
  0.021,302.290,  0.000,  0.010
  0.021,302.283,  0.000,  0.010
  0.021,302.263,  0.000,  0.010
  0.021,302.242,  0.000,  0.000
  0.021,302.238,  0.000,  0.000
  0.021,302.218,  0.000,  0.000
  0.021,302.132,  0.000,  0.000
  0.021,301.938,  0.000,  0.050
  0.021,301.738,  0.000,  0.050
  0.021,301.724,  0.000,  0.050
  0.021,301.845,  0.000,  0.030
  0.021,301.916,  0.000,  0.030
  0.021,302.537,  0.000,  0.000
  0.021,302.363,  0.000,  0.000
  0.021,302.167,  0.000,  0.000
  0.021,302.013,  0.000,  0.000
  0.020,301.997,  0.000,  0.000
  0.020,302.027,  0.000,  0.000
  0.020,302.003,  0.000,  0.000
  0.020,301.909,  0.000,  0.000
  0.021,301.790,  0.000,  0.000
  0.021,301.782,  0.000,  0.000
  0.022,302.198,  0.000,  0.000
  0.021,302.345,  0.000,  0.000
  0.021,302.400,  0.000,  0.000
  0.021,302.331,  0.000,  0.010
  0.021,302.321,  0.000,  0.010
  0.021,302.303,  0.000,  0.010
  0.021,302.281,  0.000,  0.000
  0.021,302.277,  0.000,  0.000
  0.021,302.269,  0.000,  0.000
  0.021,302.158,  0.000,  0.000
  0.021,301.878,  0.000,  0.050
  0.021,301.688,  0.000,  0.050
  0.021,301.674,  0.000,  0.050
  0.021,301.745,  0.000,  0.030
  0.021,301.743,  0.000,  0.030
