  0.017,300.192,  0.000,  0.110
  0.017,300.181,  0.000,  0.110
  0.017,300.170,  0.000,  0.080
  0.017,300.160,  0.000,  0.080
  0.017,300.149,  0.000,  0.080
  0.017,300.138,  0.000,  0.080
  0.017,300.128,  0.000,  0.050
  0.017,300.117,  0.000,  0.050
  0.017,300.106,  0.000,  0.050
  0.017,300.094,  0.000,  0.030
  0.017,300.081,  0.000,  0.030
  0.017,300.069,  0.000,  0.030
  0.017,300.056,  0.000,  0.030
  0.017,300.044,  0.000,  0.030
  0.017,300.031,  0.000,  0.030
  0.017,300.019,  0.000,  0.030
  0.017,300.007,  0.000,  0.000
  0.017,299.995,  0.000,  0.000
  0.017,299.984,  0.000,  0.000
  0.016,299.974,  0.000,  0.000
  0.016,299.964,  0.000,  0.000
  0.016,299.955,  0.000,  0.000
  0.016,299.947,  0.000,  0.000
  0.016,299.940,  0.000,  0.000
  0.016,299.934,  0.000,  0.000
  0.017,300.230,  0.000,  0.000
  0.017,300.220,  0.000,  0.000
  0.017,300.209,  0.000,  0.000
  0.017,300.198,  0.000,  0.000
  0.017,300.188,  0.000,  0.000
  0.017,300.177,  0.000,  0.000
  0.017,300.166,  0.000,  0.000
  0.017,300.154,  0.000,  0.000
  0.017,300.141,  0.000,  0.000
  0.017,300.127,  0.000,  0.000
  0.017,300.113,  0.000,  0.000
  0.017,300.098,  0.000,  0.000
  0.017,300.083,  0.000,  0.000
  0.017,300.068,  0.000,  0.000
  0.017,300.053,  0.000,  0.000
  0.017,300.038,  0.000,  0.000
  0.017,300.024,  0.000,  0.000
  0.017,300.010,  0.000,  0.000
  0.017,299.996,  0.000,  0.000
  0.017,299.983,  0.000,  0.000
  0.016,299.972,  0.000,  0.000
  0.016,299.961,  0.000,  0.000
  0.016,299.952,  0.000,  0.000
  0.016,299.944,  0.000,  0.000
  0.016,299.937,  0.000,  0.000
  0.017,300.266,  0.000,  0.000
  0.017,300.256,  0.000,  0.000
  0.017,300.245,  0.000,  0.000
  0.017,300.235,  0.000,  0.000
  0.017,300.224,  0.000,  0.000
  0.017,300.212,  0.000,  0.000
  0.017,300.201,  0.000,  0.000
  0.017,300.188,  0.000,  0.000
  0.017,300.174,  0.000,  0.000
  0.017,300.158,  0.000,  0.000
  0.017,300.142,  0.000,  0.000
  0.017,300.126,  0.000,  0.000
  0.017,300.109,  0.000,  0.000
  0.017,300.091,  0.000,  0.000
  0.017,300.074,  0.000,  0.000
  0.017,300.057,  0.000,  0.000
  0.017,300.040,  0.000,  0.000
  0.017,300.023,  0.000,  0.000
  0.017,300.008,  0.000,  0.000
  0.017,299.993,  0.000,  0.000
  0.016,299.980,  0.000,  0.000
  0.016,299.968,  0.000,  0.000
  0.016,299.957,  0.000,  0.000
  0.016,299.948,  0.000,  0.000
  0.016,299.941,  0.000,  0.000
  0.017,300.298,  0.000,  0.000
  0.017,300.288,  0.000,  0.000
  0.017,300.278,  0.000,  0.000
  0.017,300.268,  0.000,  0.000
  0.017,300.257,  0.000,  0.000
  0.017,300.245,  0.000,  0.000
  0.017,300.233,  0.000,  0.000
  0.017,300.219,  0.000,  0.000
  0.017,300.204,  0.000,  0.000
  0.017,300.187,  0.000,  0.000
  0.017,300.170,  0.000,  0.000
  0.017,300.151,  0.000,  0.000
  0.017,300.132,  0.000,  0.000
  0.017,300.113,  0.000,  0.000
  0.017,300.093,  0.000,  0.000
  0.017,300.074,  0.000,  0.000
  0.017,300.055,  0.000,  0.000
  0.017,300.037,  0.000,  0.000
  0.017,300.019,  0.000,  0.000
  0.017,300.003,  0.000,  0.000
  0.016,299.988,  0.000,  0.000
  0.016,299.974,  0.000,  0.000
  0.016,299.963,  0.000,  0.000
  0.016,299.953,  0.000,  0.000
  0.016,299.945,  0.000,  0.000
  0.017,300.327,  0.000,  0.000
  0.017,300.318,  0.000,  0.000
  0.017,300.308,  0.000,  0.000
  0.017,300.298,  0.000,  0.000
  0.017,300.286,  0.000,  0.000
  0.017,300.275,  0.000,  0.000
  0.017,300.262,  0.000,  0.000
  0.017,300.247,  0.000,  0.000
  0.017,300.231,  0.000,  0.000
  0.017,300.213,  0.000,  0.000
  0.017,300.194,  0.000,  0.000
  0.017,300.174,  0.000,  0.000
  0.017,300.154,  0.000,  0.000
  0.017,300.133,  0.000,  0.000
  0.017,300.112,  0.000,  0.000
  0.017,300.090,  0.000,  0.000
  0.017,300.070,  0.000,  0.000
  0.017,300.050,  0.000,  0.000
  0.017,300.031,  0.000,  0.000
  0.017,300.013,  0.000,  0.000
  0.017,299.997,  0.000,  0.000
  0.016,299.982,  0.000,  0.000
  0.016,299.969,  0.000,  0.000
  0.016,299.959,  0.000,  0.000
  0.016,299.951,  0.000,  0.000
  0.017,300.352,  0.000,  0.000
  0.017,300.343,  0.000,  0.000
  0.017,300.334,  0.000,  0.190
  0.017,300.323,  0.000,  0.190
  0.017,300.312,  0.000,  0.190
  0.017,300.300,  0.000,  0.190
  0.017,300.287,  0.000,  0.000
  0.017,300.272,  0.000,  0.000
  0.017,300.255,  0.000,  0.000
  0.017,300.236,  0.000,  0.160
  0.017,300.216,  0.000,  0.160
  0.017,300.195,  0.000,  0.160
  0.017,300.173,  0.000,  0.160
  0.017,300.151,  0.000,  0.050
  0.017,300.128,  0.000,  0.050
  0.017,300.106,  0.000,  0.050
  0.017,300.084,  0.000,  0.000
  0.017,300.063,  0.000,  0.000
  0.017,300.042,  0.000,  0.000
  0.017,300.023,  0.000,  0.000
  0.017,300.006,  0.000,  0.000
  0.016,299.990,  0.000,  0.000
  0.016,299.977,  0.000,  0.000
  0.016,299.966,  0.000,  0.000
  0.016,299.957,  0.000,  0.000
  0.017,300.372,  0.000,  0.000
  0.017,300.364,  0.000,  0.000
  0.017,300.355,  0.000,  0.190
  0.017,300.344,  0.000,  0.190
  0.017,300.333,  0.000,  0.190
  0.017,300.321,  0.000,  0.190
  0.017,300.308,  0.000,  0.000
  0.017,300.292,  0.000,  0.000
  0.017,300.275,  0.000,  0.000
  0.017,300.256,  0.000,  0.160
  0.017,300.235,  0.000,  0.160
  0.017,300.213,  0.000,  0.160
  0.017,300.190,  0.000,  0.160
  0.017,300.167,  0.000,  0.050
  0.017,300.144,  0.000,  0.050
  0.017,300.120,  0.000,  0.050
  0.017,300.097,  0.000,  0.000
  0.017,300.075,  0.000,  0.000
  0.017,300.054,  0.000,  0.000
  0.017,300.034,  0.000,  0.000
  0.017,300.016,  0.000,  0.000
  0.016,300.000,  0.000,  0.000
  0.016,299.986,  0.000,  0.000
  0.016,299.974,  0.000,  0.000
  0.016,299.965,  0.000,  0.000
  0.017,300.389,  0.000,  0.000
  0.017,300.380,  0.000,  0.000
  0.017,300.371,  0.000,  0.190
  0.017,300.361,  0.000,  0.190
  0.017,300.350,  0.000,  0.190
  0.017,300.337,  0.000,  0.190
  0.017,300.324,  0.000,  0.000
  0.017,300.308,  0.000,  0.000
  0.017,300.291,  0.000,  0.000
  0.017,300.271,  0.000,  0.160
  0.017,300.250,  0.000,  0.160
  0.017,300.228,  0.000,  0.160
  0.017,300.205,  0.000,  0.160
  0.017,300.181,  0.000,  0.050
  0.017,300.157,  0.000,  0.050
  0.017,300.134,  0.000,  0.050
  0.017,300.110,  0.000,  0.000
  0.017,300.088,  0.000,  0.000
  0.017,300.066,  0.000,  0.000
  0.017,300.046,  0.000,  0.000
  0.017,300.027,  0.000,  0.000
  0.016,300.011,  0.000,  0.000
  0.016,299.997,  0.000,  0.000
  0.016,299.985,  0.000,  0.000
  0.016,299.976,  0.000,  0.000
  0.017,300.401,  0.000,  0.000
  0.017,300.392,  0.000,  0.000
  0.017,300.383,  0.000,  0.190
  0.017,300.372,  0.000,  0.190
  0.017,300.361,  0.000,  0.190
  0.017,300.348,  0.000,  0.190
  0.017,300.335,  0.000,  0.000
  0.017,300.319,  0.000,  0.000
  0.017,300.302,  0.000,  0.000
  0.017,300.282,  0.000,  0.160
  0.017,300.261,  0.000,  0.160
  0.017,300.239,  0.000,  0.160
  0.017,300.216,  0.000,  0.160
  0.017,300.193,  0.000,  0.050
  0.017,300.169,  0.000,  0.050
  0.017,300.146,  0.000,  0.050
  0.017,300.122,  0.000,  0.000
  0.017,300.100,  0.000,  0.000
  0.017,300.078,  0.000,  0.000
  0.017,300.058,  0.000,  0.000
  0.016,300.040,  0.000,  0.000
  0.016,300.024,  0.000,  0.000
  0.016,300.009,  0.000,  0.000
  0.016,299.998,  0.000,  0.000
  0.016,299.989,  0.000,  0.000
  0.017,300.407,  0.000,  0.320
  0.017,300.398,  0.000,  0.320
  0.017,300.388,  0.000,  0.140
  0.017,300.377,  0.000,  0.140
  0.017,300.366,  0.000,  0.140
  0.017,300.354,  0.000,  0.140
  0.017,300.340,  0.000,  0.210
  0.017,300.325,  0.000,  0.210
  0.017,300.308,  0.000,  0.210
  0.017,300.288,  0.000,  0.120
  0.017,300.268,  0.000,  0.120
  0.017,300.247,  0.000,  0.120
  0.017,300.224,  0.000,  0.120
  0.017,300.201,  0.000,  0.190
  0.017,300.179,  0.000,  0.190
  0.017,300.156,  0.000,  0.190
  0.017,300.133,  0.000,  0.090
  0.017,300.111,  0.000,  0.090
  0.017,300.091,  0.000,  0.090
  0.016,300.071,  0.000,  0.090
  0.016,300.053,  0.000,  0.050
  0.016,300.037,  0.000,  0.050
  0.016,300.023,  0.000,  0.050
  0.016,300.012,  0.000,  0.000
  0.016,300.003,  0.000,  0.000
  0.017,300.407,  0.000,  0.320
  0.017,300.398,  0.000,  0.320
  0.017,300.388,  0.000,  0.140
  0.017,300.377,  0.000,  0.140
  0.017,300.365,  0.000,  0.140
  0.017,300.353,  0.000,  0.140
  0.017,300.340,  0.000,  0.210
  0.017,300.325,  0.000,  0.210
  0.017,300.308,  0.000,  0.210
  0.017,300.288,  0.000,  0.120
  0.017,300.268,  0.000,  0.120
  0.017,300.247,  0.000,  0.120
  0.017,300.229,  0.000,  0.120
  0.017,300.208,  0.000,  0.190
  0.017,300.186,  0.000,  0.190
  0.017,300.164,  0.000,  0.190
  0.017,300.143,  0.000,  0.090
  0.016,300.122,  0.000,  0.090
  0.016,300.103,  0.000,  0.090
  0.016,300.084,  0.000,  0.090
  0.016,300.067,  0.000,  0.050
  0.016,300.052,  0.000,  0.050
  0.016,300.038,  0.000,  0.050
  0.016,300.027,  0.000,  0.000
  0.016,300.018,  0.000,  0.000
  0.017,300.401,  0.000,  0.320
  0.017,300.391,  0.000,  0.320
  0.017,300.381,  0.000,  0.140
  0.017,300.370,  0.000,  0.140
  0.017,300.359,  0.000,  0.140
  0.017,300.347,  0.000,  0.140
  0.017,300.334,  0.000,  0.210
  0.017,300.320,  0.000,  0.210
  0.017,300.304,  0.000,  0.210
  0.017,300.287,  0.000,  0.120
  0.017,300.268,  0.000,  0.120
  0.016,300.247,  0.000,  0.120
  0.016,300.230,  0.000,  0.120
  0.016,300.211,  0.000,  0.190
  0.016,300.191,  0.000,  0.190
  0.016,300.171,  0.000,  0.190
  0.016,300.151,  0.000,  0.090
  0.016,300.132,  0.000,  0.090
  0.016,300.114,  0.000,  0.090
  0.016,300.097,  0.000,  0.090
  0.016,300.081,  0.000,  0.050
  0.016,300.067,  0.000,  0.050
  0.016,300.055,  0.000,  0.050
  0.016,300.044,  0.000,  0.000
  0.016,300.035,  0.000,  0.000
  0.017,300.391,  0.000,  0.320
  0.017,300.381,  0.000,  0.320
  0.017,300.370,  0.000,  0.140
  0.017,300.359,  0.000,  0.140
  0.017,300.348,  0.000,  0.140
  0.017,300.336,  0.000,  0.140
  0.016,300.324,  0.000,  0.210
  0.016,300.311,  0.000,  0.210
  0.016,300.296,  0.000,  0.210
  0.016,300.281,  0.000,  0.120
  0.016,300.264,  0.000,  0.120
  0.016,300.247,  0.000,  0.120
  0.016,300.230,  0.000,  0.120
  0.016,300.212,  0.000,  0.190
  0.016,300.194,  0.000,  0.190
  0.016,300.176,  0.000,  0.190
  0.016,300.159,  0.000,  0.090
  0.016,300.142,  0.000,  0.090
  0.016,300.126,  0.000,  0.090
  0.016,300.110,  0.000,  0.090
  0.016,300.096,  0.000,  0.050
  0.016,300.083,  0.000,  0.050
  0.016,300.072,  0.000,  0.050
  0.016,300.062,  0.000,  0.000
  0.016,300.053,  0.000,  0.000
  0.017,300.377,  0.000,  0.000
  0.017,300.366,  0.000,  0.000
  0.017,300.355,  0.000,  0.000
  0.016,300.344,  0.000,  0.000
  0.016,300.333,  0.000,  0.000
  0.016,300.322,  0.000,  0.000
  0.016,300.310,  0.000,  0.000
  0.016,300.298,  0.000,  0.000
  0.016,300.285,  0.000,  0.000
  0.016,300.271,  0.000,  0.000
  0.016,300.256,  0.000,  0.000
  0.016,300.242,  0.000,  0.000
  0.016,300.226,  0.000,  0.000
  0.016,300.211,  0.000,  0.130
  0.016,300.195,  0.000,  0.130
  0.016,300.180,  0.000,  0.130
  0.016,300.165,  0.000,  0.140
  0.016,300.151,  0.000,  0.140
  0.016,300.137,  0.000,  0.140
  0.016,300.123,  0.000,  0.140
  0.016,300.111,  0.000,  0.090
  0.016,300.100,  0.000,  0.090
  0.016,300.089,  0.000,  0.090
  0.016,300.080,  0.000,  0.000
  0.016,300.072,  0.000,  0.000
  0.017,300.359,  0.000,  0.000
  0.016,300.348,  0.000,  0.000
  0.016,300.337,  0.000,  0.000
  0.016,300.326,  0.000,  0.000
  0.016,300.315,  0.000,  0.000
  0.016,300.304,  0.000,  0.000
  0.016,300.293,  0.000,  0.000
  0.016,300.282,  0.000,  0.000
  0.016,300.270,  0.000,  0.000
  0.016,300.258,  0.000,  0.000
  0.016,300.246,  0.000,  0.000
  0.016,300.234,  0.000,  0.000
  0.016,300.221,  0.000,  0.000
  0.016,300.208,  0.000,  0.130
  0.016,300.195,  0.000,  0.130
  0.016,300.183,  0.000,  0.130
  0.016,300.171,  0.000,  0.140
  0.016,300.159,  0.000,  0.140
  0.016,300.148,  0.000,  0.140
  0.016,300.137,  0.000,  0.140
  0.016,300.126,  0.000,  0.090
  0.016,300.116,  0.000,  0.090
  0.016,300.107,  0.000,  0.090
  0.016,300.099,  0.000,  0.000
  0.016,300.092,  0.000,  0.000
