  0.017,298.321,  0.000,  0.000
  0.017,298.330,  0.000,  0.000
  0.017,298.330,  0.000,  0.000
  0.017,298.313,  0.000,  0.000
  0.017,298.290,  0.000,  0.000
  0.017,298.276,  0.000,  0.000
  0.016,298.275,  0.000,  0.000
  0.016,298.277,  0.000,  0.000
  0.016,298.265,  0.000,  0.000
  0.016,298.226,  0.000,  0.000
  0.016,298.187,  0.000,  0.000
  0.016,298.180,  0.000,  0.000
  0.016,298.195,  0.000,  0.000
  0.016,298.196,  0.000,  0.000
  0.016,298.171,  0.000,  0.000
  0.016,298.142,  0.000,  0.000
  0.016,298.122,  0.000,  0.000
  0.016,298.110,  0.000,  0.000
  0.016,298.100,  0.000,  0.000
  0.016,298.115,  0.000,  0.000
  0.016,298.151,  0.000,  0.000
  0.016,298.152,  0.000,  0.000
  0.016,298.105,  0.000,  0.000
  0.016,298.082,  0.000,  0.000
  0.016,298.068,  0.000,  0.000
  0.017,298.271,  0.000,  0.000
  0.017,298.273,  0.000,  0.000
  0.017,298.272,  0.000,  0.000
  0.017,298.265,  0.000,  0.000
  0.017,298.260,  0.000,  0.000
  0.016,298.263,  0.000,  0.000
  0.016,298.276,  0.000,  0.000
  0.016,298.288,  0.000,  0.000
  0.016,298.278,  0.000,  0.000
  0.016,298.245,  0.000,  0.000
  0.016,298.213,  0.000,  0.000
  0.016,298.196,  0.000,  0.000
  0.016,298.204,  0.000,  0.000
  0.016,298.228,  0.000,  0.000
  0.016,298.224,  0.000,  0.000
  0.016,298.189,  0.000,  0.000
  0.016,298.142,  0.000,  0.000
  0.016,298.108,  0.000,  0.000
  0.016,298.100,  0.000,  0.000
  0.016,298.108,  0.000,  0.000
  0.016,298.126,  0.000,  0.000
  0.016,298.142,  0.000,  0.000
  0.016,298.125,  0.000,  0.000
  0.016,298.099,  0.000,  0.000
  0.016,298.076,  0.000,  0.000
  0.017,298.284,  0.000,  0.000
  0.017,298.280,  0.000,  0.000
  0.017,298.269,  0.000,  0.000
  0.016,298.264,  0.000,  0.000
  0.016,298.267,  0.000,  0.000
  0.016,298.276,  0.000,  0.000
  0.016,298.291,  0.000,  0.000
  0.016,298.306,  0.000,  0.000
  0.016,298.301,  0.000,  0.000
  0.016,298.268,  0.000,  0.000
  0.017,298.202,  0.000,  0.000
  0.017,298.158,  0.000,  0.000
  0.016,298.187,  0.000,  0.000
  0.016,298.248,  0.000,  0.000
  0.016,298.260,  0.000,  0.000
  0.016,298.216,  0.000,  0.000
  0.016,298.168,  0.000,  0.000
  0.016,298.132,  0.000,  0.000
  0.016,298.117,  0.000,  0.000
  0.016,298.121,  0.000,  0.000
  0.016,298.120,  0.000,  0.000
  0.016,298.119,  0.000,  0.000
  0.016,298.126,  0.000,  0.000
  0.016,298.134,  0.000,  0.000
  0.016,298.109,  0.000,  0.000
  0.016,298.353,  0.000,  0.000
  0.016,298.340,  0.000,  0.000
  0.016,298.320,  0.000,  0.000
  0.016,298.295,  0.000,  0.000
  0.016,298.278,  0.000,  0.000
  0.016,298.276,  0.000,  0.000
  0.016,298.294,  0.000,  0.000
  0.016,298.318,  0.000,  0.000
  0.016,298.322,  0.000,  0.000
  0.016,298.287,  0.000,  0.000
  0.017,298.218,  0.000,  0.000
  0.017,298.160,  0.000,  0.000
  0.017,298.170,  0.000,  0.000
  0.016,298.229,  0.000,  0.000
  0.016,298.257,  0.000,  0.000
  0.016,298.226,  0.000,  0.000
  0.016,298.177,  0.000,  0.000
  0.016,298.150,  0.000,  0.000
  0.016,298.136,  0.000,  0.000
  0.016,298.133,  0.000,  0.000
  0.016,298.138,  0.000,  0.000
  0.016,298.128,  0.000,  0.000
  0.016,298.122,  0.000,  0.000
  0.016,298.142,  0.000,  0.000
  0.016,298.131,  0.000,  0.000
  0.016,298.414,  0.000,  0.000
  0.016,298.408,  0.000,  0.000
  0.016,298.387,  0.000,  0.000
  0.016,298.340,  0.000,  0.000
  0.017,298.284,  0.000,  0.000
  0.017,298.251,  0.000,  0.000
  0.017,298.263,  0.000,  0.000
  0.016,298.305,  0.000,  0.000
  0.016,298.333,  0.000,  0.000
  0.016,298.317,  0.000,  0.000
  0.016,298.272,  0.000,  0.000
  0.017,298.217,  0.000,  0.000
  0.017,298.178,  0.000,  0.000
  0.017,298.193,  0.000,  0.000
  0.016,298.222,  0.000,  0.000
  0.016,298.213,  0.000,  0.000
  0.016,298.179,  0.000,  0.000
  0.016,298.157,  0.000,  0.000
  0.016,298.151,  0.000,  0.000
  0.017,298.145,  0.000,  0.000
  0.016,298.145,  0.000,  0.000
  0.016,298.148,  0.000,  0.000
  0.016,298.131,  0.000,  0.000
  0.016,298.137,  0.000,  0.000
  0.016,298.144,  0.000,  0.000
  0.016,298.435,  0.000,  0.000
  0.016,298.449,  0.000,  0.000
  0.016,298.443,  0.000,  0.000
  0.016,298.402,  0.000,  0.000
  0.017,298.332,  0.000,  0.000
  0.017,298.264,  0.000,  0.000
  0.017,298.248,  0.000,  0.000
  0.017,298.297,  0.000,  0.000
  0.016,298.357,  0.000,  0.000
  0.016,298.373,  0.000,  0.000
  0.016,298.332,  0.000,  0.000
  0.016,298.271,  0.000,  0.000
  0.017,298.214,  0.000,  0.000
  0.017,298.194,  0.000,  0.000
  0.017,298.207,  0.000,  0.000
  0.017,298.207,  0.000,  0.000
  0.017,298.181,  0.000,  0.000
  0.016,298.165,  0.000,  0.000
  0.016,298.170,  0.000,  0.000
  0.017,298.177,  0.000,  0.000
  0.017,298.169,  0.000,  0.000
  0.016,298.155,  0.000,  0.000
  0.016,298.135,  0.000,  0.000
  0.016,298.130,  0.000,  0.000
  0.016,298.150,  0.000,  0.000
  0.016,298.440,  0.000,  0.000
  0.016,298.448,  0.000,  0.000
  0.016,298.449,  0.000,  0.000
  0.016,298.434,  0.000,  0.000
  0.016,298.393,  0.000,  0.000
  0.017,298.337,  0.000,  0.000
  0.017,298.305,  0.000,  0.000
  0.017,298.324,  0.000,  0.000
  0.016,298.364,  0.000,  0.000
  0.016,298.383,  0.000,  0.000
  0.016,298.356,  0.000,  0.000
  0.016,298.300,  0.000,  0.000
  0.017,298.249,  0.000,  0.000
  0.017,298.220,  0.000,  0.000
  0.017,298.223,  0.000,  0.000
  0.017,298.224,  0.000,  0.000
  0.017,298.196,  0.000,  0.000
  0.017,298.178,  0.000,  0.000
  0.016,298.187,  0.000,  0.000
  0.016,298.197,  0.000,  0.000
  0.017,298.192,  0.000,  0.000
  0.017,298.165,  0.000,  0.000
  0.017,298.138,  0.000,  0.000
  0.016,298.138,  0.000,  0.000
  0.016,298.160,  0.000,  0.000
  0.017,298.430,  0.000,  0.000
  0.016,298.411,  0.000,  0.000
  0.016,298.406,  0.000,  0.000
  0.016,298.425,  0.000,  0.000
  0.016,298.431,  0.000,  0.000
  0.016,298.416,  0.000,  0.000
  0.016,298.397,  0.000,  0.000
  0.016,298.383,  0.000,  0.000
  0.016,298.370,  0.000,  0.000
  0.016,298.351,  0.000,  0.000
  0.016,298.325,  0.000,  0.000
  0.017,298.299,  0.000,  0.000
  0.017,298.282,  0.000,  0.000
  0.016,298.273,  0.000,  0.000
  0.016,298.268,  0.000,  0.000
  0.017,298.261,  0.000,  0.000
  0.017,298.236,  0.000,  0.000
  0.017,298.208,  0.000,  0.000
  0.016,298.203,  0.000,  0.000
  0.016,298.209,  0.000,  0.000
  0.017,298.214,  0.000,  0.000
  0.017,298.201,  0.000,  0.000
  0.017,298.172,  0.000,  0.000
  0.017,298.166,  0.000,  0.000
  0.016,298.171,  0.000,  0.000
  0.017,298.419,  0.000,  0.000
  0.017,298.392,  0.000,  0.000
  0.017,298.383,  0.000,  0.000
  0.017,298.409,  0.000,  0.000
  0.016,298.436,  0.000,  0.000
  0.016,298.452,  0.000,  0.000
  0.016,298.440,  0.000,  0.000
  0.016,298.409,  0.000,  0.000
  0.016,298.374,  0.000,  0.000
  0.017,298.347,  0.000,  0.000
  0.017,298.322,  0.000,  0.000
  0.017,298.311,  0.000,  0.000
  0.017,298.311,  0.000,  0.000
  0.016,298.309,  0.000,  0.000
  0.016,298.306,  0.000,  0.000
  0.016,298.296,  0.000,  0.000
  0.017,298.267,  0.000,  0.000
  0.017,298.233,  0.000,  0.000
  0.017,298.218,  0.000,  0.000
  0.017,298.225,  0.000,  0.000
  0.017,298.242,  0.000,  0.000
  0.017,298.248,  0.000,  0.000
  0.017,298.233,  0.000,  0.000
  0.017,298.208,  0.000,  0.000
  0.016,298.184,  0.000,  0.000
  0.017,298.435,  0.000,  0.000
  0.017,298.431,  0.000,  0.000
  0.017,298.433,  0.000,  0.000
  0.017,298.430,  0.000,  0.000
  0.017,298.427,  0.000,  0.000
  0.017,298.431,  0.000,  0.000
  0.016,298.433,  0.000,  0.000
  0.016,298.410,  0.000,  0.000
  0.016,298.372,  0.000,  0.000
  0.017,298.353,  0.000,  0.000
  0.017,298.343,  0.000,  0.000
  0.017,298.331,  0.000,  0.000
  0.017,298.323,  0.000,  0.000
  0.017,298.313,  0.000,  0.000
  0.017,298.307,  0.000,  0.000
  0.017,298.308,  0.000,  0.000
  0.017,298.299,  0.000,  0.000
  0.017,298.282,  0.000,  0.000
  0.017,298.269,  0.000,  0.000
  0.017,298.264,  0.000,  0.000
  0.017,298.270,  0.000,  0.000
  0.017,298.279,  0.000,  0.000
  0.017,298.281,  0.000,  0.000
  0.017,298.256,  0.000,  0.000
  0.016,298.215,  0.000,  0.000
  0.017,298.482,  0.000,  0.000
  0.017,298.495,  0.000,  0.000
  0.016,298.513,  0.000,  0.000
  0.016,298.494,  0.000,  0.000
  0.017,298.442,  0.000,  0.000
  0.017,298.397,  0.000,  0.000
  0.017,298.385,  0.000,  0.000
  0.016,298.382,  0.000,  0.000
  0.016,298.369,  0.000,  0.000
  0.017,298.366,  0.000,  0.000
  0.017,298.374,  0.000,  0.000
  0.017,298.370,  0.000,  0.000
  0.017,298.349,  0.000,  0.000
  0.017,298.316,  0.000,  0.000
  0.017,298.297,  0.000,  0.000
  0.017,298.316,  0.000,  0.000
  0.017,298.351,  0.000,  0.000
  0.017,298.371,  0.000,  0.000
  0.017,298.365,  0.000,  0.000
  0.017,298.334,  0.000,  0.000
  0.017,298.297,  0.000,  0.000
  0.017,298.293,  0.000,  0.000
  0.017,298.305,  0.000,  0.000
  0.017,298.290,  0.000,  0.000
  0.016,298.247,  0.000,  0.000
  0.017,298.543,  0.000,  0.000
  0.017,298.539,  0.000,  0.000
  0.016,298.548,  0.000,  0.000
  0.016,298.531,  0.000,  0.000
  0.017,298.475,  0.000,  0.000
  0.017,298.404,  0.000,  0.000
  0.017,298.358,  0.000,  0.000
  0.017,298.351,  0.000,  0.000
  0.017,298.373,  0.000,  0.000
  0.017,298.417,  0.000,  0.000
  0.017,298.450,  0.000,  0.000
  0.017,298.443,  0.000,  0.000
  0.017,298.398,  0.000,  0.000
  0.017,298.354,  0.000,  0.000
  0.017,298.351,  0.000,  0.000
  0.017,298.383,  0.000,  0.000
  0.017,298.423,  0.000,  0.000
  0.017,298.440,  0.000,  0.000
  0.017,298.420,  0.000,  0.000
  0.016,298.367,  0.000,  0.000
  0.017,298.309,  0.000,  0.000
  0.017,298.296,  0.000,  0.000
  0.017,298.313,  0.000,  0.000
  0.017,298.317,  0.000,  0.000
  0.016,298.276,  0.000,  0.000
  0.016,298.575,  0.000,  0.000
  0.017,298.552,  0.000,  0.000
  0.017,298.536,  0.000,  0.000
  0.017,298.522,  0.000,  0.000
  0.016,298.314,  0.000,  0.000
  0.016,298.264,  0.000,  0.000
  0.017,298.411,  0.000,  0.000
  0.017,298.394,  0.000,  0.000
  0.017,298.428,  0.000,  0.000
  0.017,298.487,  0.000,  0.000
  0.017,298.520,  0.000,  0.000
  0.017,298.499,  0.000,  0.000
  0.017,298.437,  0.000,  0.000
  0.017,298.393,  0.000,  0.000
  0.017,298.406,  0.000,  0.000
  0.017,298.444,  0.000,  0.000
  0.017,298.457,  0.000,  0.000
  0.017,298.437,  0.000,  0.000
  0.017,298.400,  0.000,  0.000
  0.017,298.355,  0.000,  0.000
  0.017,298.302,  0.000,  0.000
  0.017,298.280,  0.000,  0.000
  0.017,298.307,  0.000,  0.000
  0.017,298.340,  0.000,  0.000
  0.016,298.319,  0.000,  0.000
  0.017,298.567,  0.000,  0.000
  0.017,298.554,  0.000,  0.000
  0.016,298.283,  0.000,  0.000
  0.016,298.232,  0.000,  0.000
  0.017,298.506,  0.000,  0.000
  0.017,298.496,  0.000,  0.000
  0.017,298.481,  0.000,  0.000
  0.017,298.479,  0.000,  0.000
  0.017,298.507,  0.000,  0.000
  0.017,298.537,  0.000,  0.000
  0.016,298.538,  0.000,  0.000
  0.017,298.503,  0.000,  0.000
  0.017,298.458,  0.000,  0.000
  0.017,298.431,  0.000,  0.000
  0.017,298.433,  0.000,  0.000
  0.017,298.449,  0.000,  0.000
  0.017,298.446,  0.000,  0.000
  0.017,298.404,  0.000,  0.000
  0.017,298.364,  0.000,  0.000
  0.017,298.334,  0.000,  0.000
  0.017,298.298,  0.000,  0.000
  0.017,298.273,  0.000,  0.000
  0.017,298.287,  0.000,  0.000
  0.017,298.330,  0.000,  0.000
  0.017,298.345,  0.000,  0.000
  0.017,298.554,  0.000,  0.000
  0.017,298.573,  0.000,  0.000
  0.017,298.583,  0.000,  0.000
  0.017,298.566,  0.000,  0.000
  0.017,298.539,  0.000,  0.000
  0.017,298.531,  0.000,  0.000
  0.017,298.534,  0.000,  0.000
  0.017,298.543,  0.000,  0.000
  0.017,298.563,  0.000,  0.000
  0.017,298.561,  0.000,  0.000
  0.016,298.534,  0.000,  0.000
  0.016,298.501,  0.000,  0.000
  0.017,298.473,  0.000,  0.000
  0.017,298.457,  0.000,  0.000
  0.017,298.451,  0.000,  0.000
  0.017,298.442,  0.000,  0.000
  0.016,298.424,  0.000,  0.000
  0.017,298.396,  0.000,  0.000
  0.017,298.369,  0.000,  0.000
  0.017,298.346,  0.000,  0.000
  0.017,298.325,  0.000,  0.000
  0.017,298.298,  0.000,  0.000
  0.016,298.283,  0.000,  0.000
  0.017,298.306,  0.000,  0.000
  0.017,298.342,  0.000,  0.000
