  0.022,302.558,  0.000,  0.000
  0.022,302.653,  0.000,  0.000
  0.021,302.714,  0.000,  0.000
  0.021,302.726,  0.000,  0.000
  0.020,302.579,  0.000,  0.000
  0.020,302.554,  0.000,  0.000
  0.020,302.567,  0.000,  0.000
  0.020,302.558,  0.000,  0.000
  0.021,302.475,  0.000,  0.000
  0.021,302.339,  0.000,  0.000
  0.021,302.271,  0.000,  0.000
  0.020,302.284,  0.000,  0.000
  0.020,302.341,  0.000,  0.000
  0.020,302.446,  0.000,  0.000
  0.020,302.530,  0.000,  0.000
  0.020,302.517,  0.000,  0.000
  0.020,302.463,  0.000,  0.000
  0.020,302.458,  0.000,  0.000
  0.020,302.535,  0.000,  0.000
  0.021,302.529,  0.000,  0.000
  0.021,301.746,  0.000,  0.000
  0.021,300.650,  0.000,  0.000
  0.020,299.699,  0.000,  0.000
  0.021,300.265,  0.000,  0.000
  0.020,300.004,  0.000,  0.000
  0.020,302.491,  0.000,  0.040
  0.020,302.539,  0.000,  0.040
  0.020,302.590,  0.000,  0.010
  0.020,302.597,  0.000,  0.010
  0.020,302.571,  0.000,  0.010
  0.020,302.547,  0.000,  0.010
  0.020,302.532,  0.000,  0.020
  0.020,302.521,  0.000,  0.020
  0.020,302.522,  0.000,  0.020
  0.020,302.518,  0.000,  0.000
  0.020,302.492,  0.000,  0.000
  0.020,302.491,  0.000,  0.000
  0.020,302.540,  0.000,  0.000
  0.020,302.565,  0.000,  0.000
  0.020,302.526,  0.000,  0.000
  0.020,302.476,  0.000,  0.000
  0.020,302.439,  0.000,  0.000
  0.020,302.371,  0.000,  0.000
  0.021,302.275,  0.000,  0.000
  0.021,302.176,  0.000,  0.000
  0.021,301.635,  0.000,  0.000
  0.021,300.687,  0.000,  0.000
  0.021,300.175,  0.000,  0.000
  0.021,299.874,  0.000,  0.000
  0.020,299.648,  0.000,  0.000
  0.020,302.471,  0.000,  0.040
  0.020,302.499,  0.000,  0.040
  0.020,302.563,  0.000,  0.010
  0.022,302.722,  0.000,  0.010
  0.020,302.584,  0.000,  0.010
  0.020,302.550,  0.000,  0.010
  0.020,302.543,  0.000,  0.020
  0.020,302.537,  0.000,  0.020
  0.020,302.526,  0.000,  0.020
  0.020,302.527,  0.000,  0.000
  0.021,302.536,  0.000,  0.000
  0.020,302.547,  0.000,  0.000
  0.020,302.572,  0.000,  0.000
  0.020,302.602,  0.000,  0.000
  0.020,302.605,  0.000,  0.000
  0.020,302.520,  0.000,  0.000
  0.021,302.281,  0.000,  0.000
  0.021,301.963,  0.000,  0.000
  0.021,301.792,  0.000,  0.000
  0.021,301.849,  0.000,  0.000
  0.021,301.787,  0.000,  0.000
  0.021,301.108,  0.000,  0.000
  0.021,300.462,  0.000,  0.000
  0.021,300.225,  0.000,  0.000
  0.021,300.073,  0.000,  0.000
  0.020,302.521,  0.000,  0.040
  0.020,302.580,  0.000,  0.040
  0.020,302.613,  0.000,  0.010
  0.021,302.598,  0.000,  0.010
  0.021,302.560,  0.000,  0.010
  0.020,302.545,  0.000,  0.010
  0.020,302.567,  0.000,  0.020
  0.020,302.584,  0.000,  0.020
  0.020,302.569,  0.000,  0.020
  0.020,302.553,  0.000,  0.000
  0.020,302.553,  0.000,  0.000
  0.020,302.554,  0.000,  0.000
  0.021,302.549,  0.000,  0.000
  0.021,302.528,  0.000,  0.000
  0.021,302.449,  0.000,  0.000
  0.021,302.208,  0.000,  0.000
  0.021,301.845,  0.000,  0.000
  0.021,301.617,  0.000,  0.000
  0.021,301.599,  0.000,  0.000
  0.020,301.696,  0.000,  0.000
  0.020,301.806,  0.000,  0.000
  0.021,301.581,  0.000,  0.000
  0.021,300.917,  0.000,  0.000
  0.021,300.615,  0.000,  0.000
  0.021,300.681,  0.000,  0.000
  0.020,302.470,  0.000,  0.040
  0.020,302.526,  0.000,  0.040
  0.020,302.578,  0.000,  0.010
  0.020,302.586,  0.000,  0.010
  0.020,302.557,  0.000,  0.010
  0.020,302.535,  0.000,  0.010
  0.020,302.550,  0.000,  0.020
  0.020,302.572,  0.000,  0.020
  0.020,302.559,  0.000,  0.020
  0.020,302.513,  0.000,  0.000
  0.021,302.459,  0.000,  0.000
  0.021,302.395,  0.000,  0.000
  0.021,302.226,  0.000,  0.000
  0.021,301.995,  0.000,  0.000
  0.021,301.832,  0.000,  0.000
  0.021,301.728,  0.000,  0.000
  0.021,301.633,  0.000,  0.000
  0.021,301.579,  0.000,  0.000
  0.020,301.483,  0.000,  0.000
  0.020,301.429,  0.000,  0.000
  0.021,301.879,  0.000,  0.000
  0.021,302.053,  0.000,  0.000
  0.022,301.940,  0.000,  0.000
  0.021,301.109,  0.000,  0.000
  0.021,301.081,  0.000,  0.000
  0.021,302.528,  0.000,  0.020
  0.021,302.442,  0.000,  0.020
  0.021,302.509,  0.000,  0.000
  0.020,302.570,  0.000,  0.000
  0.020,302.585,  0.000,  0.000
  0.020,302.575,  0.000,  0.000
  0.020,302.567,  0.000,  0.000
  0.020,302.541,  0.000,  0.000
  0.021,302.322,  0.000,  0.000
  0.021,301.968,  0.000,  0.000
  0.021,301.869,  0.000,  0.000
  0.021,301.786,  0.000,  0.000
  0.021,301.498,  0.000,  0.000
  0.021,301.344,  0.000,  0.000
  0.021,301.386,  0.000,  0.000
  0.021,301.404,  0.000,  0.000
  0.021,301.354,  0.000,  0.000
  0.021,301.314,  0.000,  0.000
  0.020,301.291,  0.000,  0.000
  0.021,301.709,  0.000,  0.000
  0.021,301.775,  0.000,  0.000
  0.021,301.946,  0.000,  0.000
  0.021,302.108,  0.000,  0.000
  0.022,302.138,  0.000,  0.000
  0.022,302.276,  0.000,  0.000
  0.020,302.474,  0.000,  0.020
  0.020,302.482,  0.000,  0.020
  0.020,302.499,  0.000,  0.000
  0.020,302.542,  0.000,  0.000
  0.020,302.585,  0.000,  0.000
  0.020,302.613,  0.000,  0.000
  0.020,302.607,  0.000,  0.000
  0.021,302.309,  0.000,  0.000
  0.021,301.617,  0.000,  0.000
  0.021,301.261,  0.000,  0.000
  0.021,301.426,  0.000,  0.000
  0.021,301.423,  0.000,  0.000
  0.021,301.289,  0.000,  0.000
  0.021,301.345,  0.000,  0.000
  0.020,301.311,  0.000,  0.000
  0.021,301.072,  0.000,  0.000
  0.020,300.905,  0.000,  0.000
  0.020,300.855,  0.000,  0.000
  0.021,301.367,  0.000,  0.000
  0.021,301.475,  0.000,  0.000
  0.021,301.640,  0.000,  0.000
  0.021,301.821,  0.000,  0.000
  0.021,302.044,  0.000,  0.000
  0.022,302.345,  0.000,  0.000
  0.022,302.508,  0.000,  0.000
  0.020,302.524,  0.000,  0.020
  0.020,302.509,  0.000,  0.020
  0.020,302.504,  0.000,  0.000
  0.020,302.514,  0.000,  0.000
  0.020,302.539,  0.000,  0.000
  0.020,302.597,  0.000,  0.000
  0.020,302.532,  0.000,  0.000
  0.021,302.001,  0.000,  0.000
  0.021,301.384,  0.000,  0.000
  0.021,301.247,  0.000,  0.000
  0.021,301.347,  0.000,  0.000
  0.021,301.419,  0.000,  0.000
  0.021,301.325,  0.000,  0.000
  0.020,301.305,  0.000,  0.000
  0.020,301.126,  0.000,  0.000
  0.020,300.793,  0.000,  0.000
  0.020,300.601,  0.000,  0.000
  0.021,300.928,  0.000,  0.000
  0.021,301.241,  0.000,  0.000
  0.021,301.363,  0.000,  0.000
  0.021,301.545,  0.000,  0.000
  0.021,301.886,  0.000,  0.000
  0.022,302.312,  0.000,  0.000
  0.022,302.539,  0.000,  0.000
  0.021,302.357,  0.000,  0.000
  0.020,302.513,  0.000,  0.020
  0.020,302.518,  0.000,  0.020
  0.020,302.511,  0.000,  0.000
  0.020,302.494,  0.000,  0.000
  0.020,302.489,  0.000,  0.000
  0.020,302.528,  0.000,  0.000
  0.020,302.487,  0.000,  0.000
  0.021,302.136,  0.000,  0.000
  0.021,301.681,  0.000,  0.000
  0.021,301.551,  0.000,  0.000
  0.021,301.610,  0.000,  0.000
  0.021,301.455,  0.000,  0.000
  0.021,301.175,  0.000,  0.000
  0.021,301.070,  0.000,  0.000
  0.020,300.909,  0.000,  0.000
  0.020,300.621,  0.000,  0.000
  0.020,300.408,  0.000,  0.000
  0.021,301.012,  0.000,  0.000
  0.021,301.109,  0.000,  0.000
  0.021,301.249,  0.000,  0.000
  0.021,301.513,  0.000,  0.000
  0.021,301.989,  0.000,  0.000
  0.022,302.495,  0.000,  0.000
  0.021,302.405,  0.000,  0.000
  0.021,302.366,  0.000,  0.000
  0.020,302.514,  0.000,  0.060
  0.020,302.523,  0.000,  0.060
  0.020,302.527,  0.000,  0.030
  0.020,302.512,  0.000,  0.030
  0.020,302.499,  0.000,  0.030
  0.020,302.501,  0.000,  0.030
  0.021,302.476,  0.000,  0.140
  0.021,302.277,  0.000,  0.140
  0.021,301.955,  0.000,  0.140
  0.021,301.831,  0.000,  0.260
  0.021,301.849,  0.000,  0.260
  0.021,301.625,  0.000,  0.260
  0.021,301.138,  0.000,  0.260
  0.021,300.871,  0.000,  0.260
  0.020,300.961,  0.000,  0.260
  0.020,301.045,  0.000,  0.260
  0.020,300.954,  0.000,  0.260
  0.020,300.865,  0.000,  0.260
  0.021,301.242,  0.000,  0.260
  0.021,301.364,  0.000,  0.260
  0.021,301.707,  0.000,  0.170
  0.022,302.327,  0.000,  0.170
  0.021,302.469,  0.000,  0.170
  0.021,302.408,  0.000,  0.000
  0.021,302.372,  0.000,  0.000
  0.020,302.516,  0.000,  0.060
  0.020,302.532,  0.000,  0.060
  0.020,302.550,  0.000,  0.030
  0.020,302.549,  0.000,  0.030
  0.020,302.508,  0.000,  0.030
  0.021,302.458,  0.000,  0.030
  0.021,302.422,  0.000,  0.140
  0.021,302.324,  0.000,  0.140
  0.021,302.090,  0.000,  0.140
  0.021,301.876,  0.000,  0.260
  0.021,301.816,  0.000,  0.260
  0.020,301.727,  0.000,  0.260
  0.021,301.416,  0.000,  0.260
  0.021,301.001,  0.000,  0.260
  0.021,300.801,  0.000,  0.260
  0.020,300.905,  0.000,  0.260
  0.020,301.044,  0.000,  0.260
  0.021,301.406,  0.000,  0.260
  0.021,301.475,  0.000,  0.260
  0.022,301.628,  0.000,  0.260
  0.022,302.166,  0.000,  0.170
  0.020,302.499,  0.000,  0.170
  0.020,302.501,  0.000,  0.170
  0.020,302.445,  0.000,  0.000
  0.020,302.381,  0.000,  0.000
  0.020,302.499,  0.000,  0.060
  0.021,302.619,  0.000,  0.060
  0.020,302.524,  0.000,  0.030
  0.020,302.517,  0.000,  0.030
  0.021,302.467,  0.000,  0.030
  0.021,302.432,  0.000,  0.030
  0.020,302.422,  0.000,  0.140
  0.020,302.343,  0.000,  0.140
  0.021,302.087,  0.000,  0.140
  0.021,301.806,  0.000,  0.260
  0.021,301.699,  0.000,  0.260
  0.020,301.677,  0.000,  0.260
  0.020,301.598,  0.000,  0.260
  0.020,301.401,  0.000,  0.260
  0.020,301.137,  0.000,  0.260
  0.021,300.935,  0.000,  0.260
  0.020,300.934,  0.000,  0.260
  0.022,301.503,  0.000,  0.260
  0.022,301.660,  0.000,  0.260
  0.022,302.048,  0.000,  0.260
  0.022,302.574,  0.000,  0.170
  0.020,302.493,  0.000,  0.170
  0.020,302.447,  0.000,  0.170
  0.020,302.462,  0.000,  0.000
  0.020,302.391,  0.000,  0.000
  0.020,302.473,  0.000,  0.060
  0.021,302.614,  0.000,  0.060
  0.021,302.606,  0.000,  0.030
  0.022,302.608,  0.000,  0.030
  0.021,302.461,  0.000,  0.030
  0.020,302.449,  0.000,  0.030
  0.020,302.450,  0.000,  0.140
  0.020,302.347,  0.000,  0.140
  0.021,302.059,  0.000,  0.140
  0.021,301.762,  0.000,  0.260
  0.021,301.616,  0.000,  0.260
  0.021,301.567,  0.000,  0.260
  0.020,301.477,  0.000,  0.260
  0.020,301.362,  0.000,  0.260
  0.020,301.284,  0.000,  0.260
  0.020,301.225,  0.000,  0.260
  0.021,301.563,  0.000,  0.260
  0.021,301.520,  0.000,  0.260
  0.022,301.712,  0.000,  0.260
  0.022,302.202,  0.000,  0.260
  0.021,302.422,  0.000,  0.170
  0.020,302.446,  0.000,  0.170
  0.020,302.394,  0.000,  0.170
  0.020,302.422,  0.000,  0.000
  0.020,302.376,  0.000,  0.000
  0.020,302.436,  0.000,  0.000
  0.020,302.420,  0.000,  0.000
  0.020,302.447,  0.000,  0.000
  0.020,302.532,  0.000,  0.000
  0.020,302.558,  0.000,  0.000
  0.020,302.464,  0.000,  0.000
  0.020,302.396,  0.000,  0.000
  0.021,302.307,  0.000,  0.000
  0.021,302.099,  0.000,  0.000
  0.021,301.793,  0.000,  0.000
  0.021,301.602,  0.000,  0.000
  0.020,301.587,  0.000,  0.000
  0.020,301.588,  0.000,  0.000
  0.020,301.483,  0.000,  0.000
  0.020,301.472,  0.000,  0.000
  0.021,301.667,  0.000,  0.000
  0.021,301.676,  0.000,  0.000
  0.021,301.667,  0.000,  0.000
  0.021,301.794,  0.000,  0.000
  0.022,302.328,  0.000,  0.000
  0.021,302.470,  0.000,  0.000
  0.020,302.394,  0.000,  0.000
  0.021,302.378,  0.000,  0.000
  0.020,302.404,  0.000,  0.000
  0.020,302.360,  0.000,  0.000
  0.020,302.444,  0.000,  0.000
  0.020,302.445,  0.000,  0.000
  0.020,302.490,  0.000,  0.000
  0.020,302.587,  0.000,  0.000
  0.020,302.600,  0.000,  0.000
  0.021,302.441,  0.000,  0.000
  0.021,302.258,  0.000,  0.000
  0.020,302.214,  0.000,  0.000
  0.020,302.161,  0.000,  0.000
  0.021,301.893,  0.000,  0.000
  0.021,301.610,  0.000,  0.000
  0.020,301.568,  0.000,  0.000
  0.020,301.647,  0.000,  0.000
  0.020,301.626,  0.000,  0.000
  0.021,301.750,  0.000,  0.000
  0.021,301.799,  0.000,  0.000
  0.021,301.809,  0.000,  0.000
  0.022,301.930,  0.000,  0.000
  0.022,302.213,  0.000,  0.000
  0.022,302.483,  0.000,  0.000
  0.021,302.404,  0.000,  0.000
  0.021,302.388,  0.000,  0.000
  0.020,302.386,  0.000,  0.000
  0.020,302.390,  0.000,  0.000
  0.020,302.352,  0.000,  0.000
