  0.018,301.758,  0.001,  0.000
  0.018,301.807,  0.001,  0.000
  0.018,301.848,  0.000,  0.000
  0.017,301.844,  0.002,  0.000
  0.018,301.788,  0.002,  0.000
  0.019,301.866,  0.001,  0.000
  0.018,301.641,  0.000,  0.000
  0.019,301.628,  0.000,  0.000
  0.018,301.651,  0.000,  0.000
  0.018,301.659,  0.000,  0.000
  0.018,301.631,  0.000,  0.000
  0.018,301.645,  0.000,  0.000
  0.019,301.702,  0.000,  0.000
  0.019,301.618,  0.000,  0.000
  0.019,301.603,  0.000,  0.000
  0.019,301.592,  0.000,  0.000
  0.018,301.591,  0.000,  0.000
  0.018,301.609,  0.000,  0.000
  0.018,301.648,  0.000,  0.000
  0.018,301.697,  0.000,  0.000
  0.018,301.739,  0.000,  0.000
  0.018,301.762,  0.000,  0.000
  0.018,301.752,  0.000,  0.000
  0.018,301.712,  0.000,  0.000
  0.018,301.634,  0.000,  0.000
  0.019,301.659,  0.001,  0.000
  0.019,301.781,  0.000,  0.000
  0.018,301.789,  0.000,  0.000
  0.018,301.854,  0.000,  0.000
  0.018,301.851,  0.001,  0.000
  0.018,301.783,  0.002,  0.000
  0.019,301.837,  0.000,  0.000
  0.018,301.657,  0.000,  0.000
  0.018,301.682,  0.000,  0.000
  0.018,301.719,  0.000,  0.000
  0.018,301.706,  0.000,  0.000
  0.018,301.662,  0.000,  0.000
  0.019,301.816,  0.000,  0.000
  0.019,301.835,  0.000,  0.000
  0.020,301.889,  0.000,  0.000
  0.020,301.859,  0.000,  0.000
  0.019,301.570,  0.000,  0.000
  0.019,301.551,  0.000,  0.000
  0.020,301.755,  0.000,  0.000
  0.019,301.809,  0.000,  0.000
  0.020,301.923,  0.000,  0.000
  0.018,301.750,  0.000,  0.000
  0.018,301.762,  0.000,  0.000
  0.019,301.978,  0.000,  0.000
  0.020,301.937,  0.000,  0.000
  0.019,301.716,  0.000,  0.000
  0.020,301.804,  0.000,  0.000
  0.019,301.865,  0.000,  0.000
  0.019,301.854,  0.000,  0.000
  0.018,301.826,  0.000,  0.000
  0.018,301.805,  0.000,  0.000
  0.018,301.731,  0.000,  0.000
  0.018,301.668,  0.000,  0.000
  0.018,301.678,  0.000,  0.000
  0.018,301.738,  0.000,  0.000
  0.018,301.765,  0.000,  0.000
  0.018,301.723,  0.000,  0.000
  0.018,301.673,  0.000,  0.000
  0.018,301.694,  0.000,  0.000
  0.018,301.798,  0.000,  0.000
  0.020,301.949,  0.000,  0.000
  0.020,301.907,  0.000,  0.000
  0.019,301.596,  0.000,  0.000
  0.019,301.619,  0.000,  0.000
  0.020,301.793,  0.000,  0.000
  0.020,301.829,  0.000,  0.000
  0.020,301.882,  0.000,  0.000
  0.020,301.917,  0.000,  0.000
  0.020,301.941,  0.000,  0.000
  0.020,301.920,  0.000,  0.000
  0.020,301.929,  0.000,  0.000
  0.020,301.895,  0.000,  0.000
  0.020,301.849,  0.000,  0.000
  0.019,301.804,  0.000,  0.000
  0.020,301.973,  0.000,  0.000
  0.019,301.937,  0.000,  0.000
  0.018,301.748,  0.000,  0.000
  0.018,301.682,  0.000,  0.000
  0.018,301.662,  0.000,  0.000
  0.018,301.715,  0.000,  0.000
  0.018,301.773,  0.000,  0.000
  0.018,301.767,  0.000,  0.000
  0.018,301.704,  0.000,  0.000
  0.018,301.664,  0.000,  0.000
  0.018,301.695,  0.000,  0.000
  0.018,301.839,  0.000,  0.000
  0.019,301.994,  0.000,  0.000
  0.020,301.944,  0.000,  0.000
  0.020,301.858,  0.000,  0.000
  0.020,301.729,  0.000,  0.000
  0.020,301.773,  0.000,  0.000
  0.020,301.801,  0.000,  0.000
  0.020,301.848,  0.000,  0.000
  0.020,301.897,  0.001,  0.000
  0.020,301.894,  0.000,  0.000
  0.019,301.996,  0.000,  0.000
  0.020,301.970,  0.000,  0.000
  0.020,301.936,  0.000,  0.000
  0.019,301.699,  0.000,  0.000
  0.019,301.787,  0.000,  0.000
  0.019,301.951,  0.000,  0.000
  0.020,301.959,  0.000,  0.000
  0.018,301.716,  0.000,  0.000
  0.019,301.672,  0.000,  0.000
  0.018,301.699,  0.000,  0.000
  0.018,301.757,  0.000,  0.000
  0.018,301.780,  0.000,  0.000
  0.018,301.742,  0.000,  0.000
  0.018,301.674,  0.000,  0.000
  0.018,301.644,  0.000,  0.000
  0.018,301.685,  0.000,  0.000
  0.018,301.834,  0.001,  0.000
  0.019,301.996,  0.001,  0.000
  0.020,301.959,  0.001,  0.000
  0.020,301.878,  0.001,  0.000
  0.019,301.633,  0.000,  0.000
  0.020,301.789,  0.000,  0.000
  0.020,301.819,  0.000,  0.000
  0.020,301.879,  0.000,  0.000
  0.020,301.896,  0.001,  0.000
  0.019,302.043,  0.000,  0.000
  0.019,302.034,  0.000,  0.000
  0.019,302.008,  0.000,  0.000
  0.020,301.950,  0.000,  0.000
  0.019,301.690,  0.000,  0.000
  0.019,301.762,  0.000,  0.000
  0.019,301.949,  0.000,  0.000
  0.020,301.953,  0.000,  0.000
  0.020,301.937,  0.000,  0.000
  0.019,301.717,  0.000,  0.000
  0.018,301.741,  0.000,  0.000
  0.018,301.767,  0.000,  0.000
  0.018,301.760,  0.000,  0.000
  0.018,301.715,  0.000,  0.000
  0.019,301.651,  0.000,  0.000
  0.019,301.619,  0.000,  0.000
  0.018,301.642,  0.000,  0.000
  0.019,301.776,  0.000,  0.000
  0.020,301.953,  0.002,  0.000
  0.020,301.946,  0.003,  0.000
  0.020,301.898,  0.002,  0.000
  0.020,301.847,  0.000,  0.000
  0.020,301.841,  0.000,  0.000
  0.020,301.850,  0.000,  0.000
  0.020,301.884,  0.000,  0.000
  0.020,302.026,  0.000,  0.000
  0.019,302.058,  0.000,  0.000
  0.019,302.064,  0.000,  0.000
  0.019,302.027,  0.000,  0.000
  0.020,301.967,  0.000,  0.000
  0.019,301.721,  0.000,  0.000
  0.018,301.736,  0.000,  0.000
  0.019,301.967,  0.000,  0.000
  0.019,301.973,  0.000,  0.000
  0.020,301.978,  0.000,  0.000
  0.018,301.765,  0.000,  0.000
  0.018,301.755,  0.000,  0.000
  0.018,301.750,  0.000,  0.000
  0.020,301.952,  0.000,  0.000
  0.018,301.705,  0.000,  0.000
  0.019,301.657,  0.000,  0.000
  0.020,301.867,  0.000,  0.000
  0.020,301.874,  0.001,  0.000
  0.020,301.898,  0.002,  0.000
  0.020,301.925,  0.007,  0.000
  0.020,301.936,  0.009,  0.000
  0.020,301.922,  0.005,  0.000
  0.020,301.889,  0.001,  0.000
  0.020,301.872,  0.000,  0.000
  0.020,301.866,  0.000,  0.000
  0.020,302.006,  0.000,  0.000
  0.020,302.035,  0.000,  0.000
  0.019,302.068,  0.000,  0.000
  0.019,302.067,  0.000,  0.000
  0.019,302.032,  0.000,  0.000
  0.020,301.988,  0.000,  0.000
  0.020,301.970,  0.000,  0.000
  0.018,301.770,  0.000,  0.000
  0.019,301.990,  0.000,  0.000
  0.019,301.993,  0.000,  0.000
  0.019,301.998,  0.000,  0.000
  0.018,301.781,  0.000,  0.000
  0.018,301.758,  0.000,  0.000
  0.020,301.960,  0.000,  0.000
  0.020,301.951,  0.000,  0.000
  0.020,301.943,  0.000,  0.000
  0.018,301.709,  0.000,  0.000
  0.020,301.914,  0.000,  0.000
  0.020,301.900,  0.001,  0.000
  0.020,301.891,  0.003,  0.000
  0.020,301.897,  0.011,  0.000
  0.020,301.921,  0.016,  0.000
  0.020,301.938,  0.008,  0.000
  0.020,301.933,  0.001,  0.000
  0.020,301.899,  0.000,  0.000
  0.019,302.013,  0.000,  0.000
  0.019,302.015,  0.000,  0.000
  0.020,302.041,  0.000,  0.000
  0.019,302.057,  0.000,  0.000
  0.019,302.040,  0.000,  0.000
  0.019,302.007,  0.000,  0.000
  0.020,301.979,  0.000,  0.000
  0.020,301.975,  0.000,  0.000
  0.018,301.796,  0.000,  0.000
  0.018,301.861,  0.000,  0.000
  0.019,301.992,  0.000,  0.000
  0.019,301.990,  0.000,  0.000
  0.020,301.987,  0.000,  0.000
  0.018,301.765,  0.000,  0.000
  0.020,301.974,  0.000,  0.000
  0.019,301.974,  0.000,  0.000
  0.019,301.976,  0.000,  0.000
  0.020,301.973,  0.000,  0.000
  0.020,301.947,  0.000,  0.000
  0.020,301.915,  0.000,  0.000
  0.020,301.894,  0.004,  0.000
  0.019,301.895,  0.013,  0.000
  0.019,301.922,  0.016,  0.000
  0.019,301.949,  0.005,  0.000
  0.020,301.932,  0.000,  0.000
  0.019,302.035,  0.000,  0.000
  0.019,302.006,  0.000,  0.000
  0.019,302.007,  0.000,  0.000
  0.020,302.028,  0.000,  0.000
  0.019,302.034,  0.000,  0.000
  0.019,302.011,  0.000,  0.000
  0.019,301.981,  0.000,  0.000
  0.019,301.962,  0.000,  0.000
  0.020,301.969,  0.000,  0.000
  0.020,301.992,  0.000,  0.000
  0.018,301.799,  0.000,  0.000
  0.019,302.000,  0.000,  0.000
  0.019,301.989,  0.000,  0.000
  0.020,301.991,  0.000,  0.000
  0.018,301.791,  0.000,  0.000
  0.018,301.805,  0.000,  0.000
  0.018,301.804,  0.000,  0.000
  0.019,301.997,  0.000,  0.000
  0.019,301.981,  0.000,  0.000
  0.020,301.948,  0.000,  0.000
  0.020,301.917,  0.000,  0.000
  0.020,301.916,  0.001,  0.000
  0.019,301.928,  0.006,  0.000
  0.019,301.934,  0.006,  0.000
  0.019,301.917,  0.000,  0.000
  0.020,302.065,  0.000,  0.000
  0.019,302.015,  0.000,  0.000
  0.019,301.978,  0.000,  0.000
  0.020,301.981,  0.000,  0.000
  0.020,302.014,  0.000,  0.000
  0.020,302.034,  0.000,  0.000
  0.019,302.018,  0.000,  0.000
  0.019,301.986,  0.000,  0.000
  0.019,301.968,  0.000,  0.000
  0.020,301.983,  0.000,  0.000
  0.020,302.010,  0.000,  0.000
  0.018,301.811,  0.000,  0.000
  0.019,302.003,  0.000,  0.000
  0.019,301.979,  0.000,  0.000
  0.018,301.775,  0.000,  0.000
  0.018,301.797,  0.000,  0.000
  0.018,301.817,  0.000,  0.000
  0.018,301.812,  0.000,  0.000
  0.019,301.991,  0.000,  0.000
  0.019,301.956,  0.000,  0.000
  0.020,301.921,  0.000,  0.000
  0.020,301.913,  0.000,  0.000
  0.020,301.935,  0.000,  0.000
  0.020,301.949,  0.000,  0.000
  0.018,301.733,  0.000,  0.000
  0.020,302.055,  0.000,  0.000
  0.020,302.029,  0.000,  0.000
  0.020,301.978,  0.000,  0.000
  0.020,301.945,  0.000,  0.000
  0.020,301.958,  0.000,  0.000
  0.020,302.013,  0.000,  0.000
  0.020,302.050,  0.000,  0.000
  0.019,302.037,  0.000,  0.000
  0.019,302.005,  0.000,  0.000
  0.019,301.989,  0.000,  0.000
  0.020,302.006,  0.000,  0.000
  0.019,301.970,  0.000,  0.000
  0.018,301.794,  0.000,  0.000
  0.018,301.786,  0.000,  0.000
  0.020,301.960,  0.000,  0.000
  0.018,301.727,  0.000,  0.000
  0.018,301.753,  0.000,  0.000
  0.018,301.777,  0.000,  0.000
  0.020,301.985,  0.000,  0.000
  0.019,301.955,  0.000,  0.000
  0.020,301.914,  0.000,  0.000
  0.020,301.888,  0.000,  0.000
  0.020,301.896,  0.000,  0.000
  0.020,301.927,  0.000,  0.000
  0.020,301.936,  0.000,  0.000
  0.019,302.038,  0.000,  0.000
  0.020,302.046,  0.000,  0.000
  0.018,301.806,  0.000,  0.000
  0.020,301.956,  0.000,  0.000
  0.020,301.936,  0.000,  0.000
  0.020,301.964,  0.000,  0.000
  0.020,302.014,  0.000,  0.000
  0.020,302.043,  0.000,  0.000
  0.020,302.038,  0.000,  0.000
  0.019,302.032,  0.000,  0.000
  0.019,302.012,  0.000,  0.000
  0.019,302.024,  0.000,  0.000
  0.019,302.023,  0.000,  0.000
  0.019,301.942,  0.000,  0.000
  0.018,301.732,  0.000,  0.000
  0.018,301.692,  0.000,  0.000
  0.019,301.827,  0.000,  0.000
  0.018,301.698,  0.000,  0.000
  0.020,301.938,  0.000,  0.000
  0.020,301.941,  0.000,  0.000
  0.020,301.920,  0.000,  0.000
  0.020,301.888,  0.000,  0.000
  0.020,301.862,  0.000,  0.000
  0.020,301.867,  0.000,  0.000
  0.020,301.901,  0.000,  0.000
  0.018,301.886,  0.000,  0.000
  0.019,302.055,  0.000,  0.000
  0.020,302.047,  0.000,  0.000
  0.019,301.891,  0.000,  0.000
  0.019,301.850,  0.000,  0.000
  0.020,301.953,  0.000,  0.000
  0.020,301.974,  0.000,  0.000
  0.020,302.001,  0.000,  0.000
  0.020,302.016,  0.000,  0.000
  0.020,302.012,  0.000,  0.000
  0.018,301.803,  0.000,  0.000
  0.019,302.012,  0.000,  0.000
  0.019,302.028,  0.000,  0.000
  0.019,302.020,  0.000,  0.000
  0.020,301.986,  0.000,  0.000
  0.018,301.727,  0.000,  0.000
  0.018,301.680,  0.000,  0.000
  0.020,301.894,  0.000,  0.000
  0.020,301.906,  0.000,  0.000
  0.020,301.921,  0.000,  0.000
  0.020,301.923,  0.000,  0.000
  0.020,301.908,  0.000,  0.000
  0.020,301.882,  0.000,  0.000
  0.020,301.856,  0.000,  0.000
  0.020,301.853,  0.000,  0.000
  0.018,301.869,  0.000,  0.000
  0.018,301.887,  0.000,  0.000
  0.019,302.068,  0.000,  0.000
  0.019,302.056,  0.000,  0.000
  0.019,302.033,  0.000,  0.000
  0.020,302.005,  0.001,  0.000
  0.020,301.980,  0.001,  0.000
  0.020,301.973,  0.000,  0.000
  0.020,301.984,  0.000,  0.000
  0.020,301.992,  0.001,  0.000
  0.020,301.987,  0.000,  0.000
  0.020,301.984,  0.001,  0.000
  0.019,302.001,  0.001,  0.000
  0.019,302.023,  0.000,  0.000
  0.019,302.018,  0.000,  0.000
  0.019,301.981,  0.001,  0.000
  0.020,301.936,  0.000,  0.000
  0.020,301.909,  0.000,  0.000
  0.020,301.913,  0.000,  0.000
  0.019,301.928,  0.000,  0.000
  0.019,301.932,  0.000,  0.000
  0.020,301.925,  0.000,  0.000
  0.020,301.910,  0.000,  0.000
  0.020,301.886,  0.000,  0.000
  0.020,301.863,  0.000,  0.000
