  0.021,303.108,  0.000,  0.000
  0.022,303.067,  0.000,  0.000
  0.022,302.999,  0.000,  0.000
  0.022,302.955,  0.000,  0.000
  0.022,302.938,  0.000,  0.000
  0.023,303.065,  0.000,  0.000
  0.023,303.053,  0.000,  0.000
  0.023,303.054,  0.000,  0.000
  0.023,303.077,  0.000,  0.000
  0.023,303.123,  0.000,  0.000
  0.023,303.195,  0.000,  0.000
  0.023,303.289,  0.000,  0.000
  0.023,303.346,  0.000,  0.000
  0.023,303.338,  0.000,  0.000
  0.023,303.341,  0.000,  0.000
  0.023,303.401,  0.000,  0.000
  0.022,303.382,  0.000,  0.000
  0.023,303.323,  0.000,  0.000
  0.023,303.297,  0.000,  0.000
  0.022,303.305,  0.000,  0.000
  0.023,303.269,  0.000,  0.000
  0.022,303.233,  0.000,  0.000
  0.022,303.226,  0.000,  0.000
  0.022,303.232,  0.000,  0.000
  0.023,303.190,  0.000,  0.000
  0.022,303.099,  0.000,  0.000
  0.022,303.050,  0.000,  0.000
  0.022,302.958,  0.000,  0.000
  0.022,302.889,  0.000,  0.000
  0.023,303.034,  0.000,  0.000
  0.023,303.039,  0.000,  0.000
  0.023,303.069,  0.000,  0.000
  0.023,303.108,  0.000,  0.000
  0.023,303.145,  0.000,  0.000
  0.023,303.171,  0.000,  0.000
  0.023,303.221,  0.000,  0.000
  0.023,303.301,  0.000,  0.000
  0.023,303.361,  0.000,  0.000
  0.023,303.386,  0.000,  0.000
  0.023,303.407,  0.000,  0.000
  0.022,303.361,  0.000,  0.000
  0.022,303.358,  0.000,  0.000
  0.023,303.326,  0.000,  0.000
  0.023,303.302,  0.000,  0.000
  0.022,303.297,  0.000,  0.000
  0.022,303.287,  0.000,  0.000
  0.022,303.270,  0.000,  0.000
  0.022,303.262,  0.000,  0.000
  0.022,303.274,  0.000,  0.000
  0.022,303.247,  0.000,  0.000
  0.022,303.021,  0.000,  0.000
  0.022,302.988,  0.000,  0.000
  0.022,302.955,  0.000,  0.000
  0.023,303.053,  0.000,  0.000
  0.023,303.042,  0.000,  0.000
  0.023,303.074,  0.000,  0.000
  0.023,303.143,  0.000,  0.000
  0.023,303.182,  0.000,  0.000
  0.023,303.195,  0.000,  0.000
  0.023,303.215,  0.000,  0.000
  0.023,303.268,  0.000,  0.000
  0.023,303.329,  0.000,  0.000
  0.023,303.366,  0.000,  0.000
  0.023,303.398,  0.000,  0.000
  0.023,303.420,  0.000,  0.000
  0.022,303.344,  0.000,  0.000
  0.023,303.323,  0.000,  0.000
  0.023,303.328,  0.000,  0.000
  0.023,303.331,  0.000,  0.000
  0.022,303.311,  0.000,  0.000
  0.022,303.281,  0.000,  0.000
  0.022,303.273,  0.000,  0.000
  0.022,303.274,  0.000,  0.000
  0.022,303.281,  0.000,  0.000
  0.022,303.272,  0.000,  0.000
  0.022,302.967,  0.000,  0.000
  0.022,302.911,  0.000,  0.000
  0.022,302.957,  0.000,  0.000
  0.023,303.055,  0.000,  0.000
  0.023,303.051,  0.000,  0.000
  0.023,303.092,  0.000,  0.000
  0.023,303.169,  0.000,  0.000
  0.023,303.206,  0.000,  0.000
  0.023,303.214,  0.000,  0.000
  0.023,303.240,  0.000,  0.000
  0.023,303.284,  0.000,  0.000
  0.023,303.322,  0.000,  0.000
  0.023,303.343,  0.000,  0.000
  0.023,303.370,  0.000,  0.000
  0.023,303.399,  0.000,  0.000
  0.022,303.311,  0.000,  0.000
  0.023,303.164,  0.000,  0.000
  0.023,302.962,  0.000,  0.000
  0.022,303.012,  0.000,  0.000
  0.022,303.281,  0.000,  0.000
  0.022,303.372,  0.000,  0.000
  0.022,303.307,  0.000,  0.000
  0.022,303.309,  0.000,  0.000
  0.022,303.303,  0.000,  0.000
  0.022,303.282,  0.000,  0.000
  0.023,303.136,  0.000,  0.000
  0.022,302.895,  0.000,  0.000
  0.023,303.000,  0.000,  0.000
  0.023,303.006,  0.000,  0.000
  0.023,303.036,  0.000,  0.000
  0.023,303.107,  0.000,  0.000
  0.023,303.183,  0.000,  0.000
  0.023,303.222,  0.000,  0.000
  0.023,303.228,  0.000,  0.000
  0.023,303.245,  0.000,  0.000
  0.023,303.275,  0.000,  0.000
  0.023,303.292,  0.000,  0.000
  0.023,303.303,  0.000,  0.000
  0.023,303.324,  0.000,  0.000
  0.023,303.359,  0.000,  0.000
  0.022,303.223,  0.000,  0.000
  0.023,302.942,  0.000,  0.000
  0.023,302.623,  0.000,  0.000
  0.022,302.569,  0.000,  0.000
  0.022,303.014,  0.000,  0.000
  0.022,303.434,  0.000,  0.000
  0.022,303.357,  0.000,  0.000
  0.022,303.327,  0.000,  0.000
  0.022,303.304,  0.000,  0.000
  0.022,303.253,  0.000,  0.000
  0.023,303.282,  0.000,  0.000
  0.023,303.140,  0.000,  0.000
  0.023,303.024,  0.000,  0.000
  0.023,302.984,  0.000,  0.000
  0.023,303.020,  0.000,  0.000
  0.023,303.111,  0.000,  0.000
  0.023,303.200,  0.000,  0.000
  0.023,303.243,  0.000,  0.000
  0.023,303.246,  0.000,  0.000
  0.023,303.249,  0.000,  0.000
  0.023,303.263,  0.000,  0.000
  0.023,303.263,  0.000,  0.000
  0.023,303.278,  0.000,  0.000
  0.023,303.317,  0.000,  0.000
  0.023,303.336,  0.000,  0.000
  0.022,303.208,  0.000,  0.000
  0.022,303.065,  0.000,  0.000
  0.022,302.925,  0.000,  0.000
  0.022,303.029,  0.000,  0.000
  0.022,303.331,  0.000,  0.000
  0.022,303.416,  0.000,  0.000
  0.022,303.414,  0.000,  0.000
  0.022,303.423,  0.000,  0.000
  0.022,303.381,  0.000,  0.000
  0.022,303.280,  0.000,  0.000
  0.023,303.424,  0.000,  0.000
  0.023,303.332,  0.000,  0.000
  0.023,303.208,  0.000,  0.000
  0.023,303.103,  0.000,  0.000
  0.023,303.076,  0.000,  0.000
  0.023,303.121,  0.000,  0.000
  0.023,303.196,  0.000,  0.000
  0.023,303.264,  0.000,  0.000
  0.023,303.306,  0.000,  0.000
  0.023,303.308,  0.000,  0.000
  0.023,303.274,  0.000,  0.000
  0.023,303.251,  0.000,  0.000
  0.023,303.264,  0.000,  0.000
  0.023,303.308,  0.000,  0.000
  0.023,303.335,  0.000,  0.000
  0.023,303.308,  0.000,  0.000
  0.023,303.262,  0.000,  0.000
  0.023,303.244,  0.000,  0.000
  0.023,303.319,  0.000,  0.000
  0.022,303.375,  0.000,  0.000
  0.022,303.423,  0.000,  0.000
  0.022,303.407,  0.000,  0.000
  0.022,303.420,  0.000,  0.000
  0.022,303.405,  0.000,  0.000
  0.022,303.317,  0.000,  0.000
  0.023,303.462,  0.000,  0.000
  0.023,303.445,  0.000,  0.000
  0.023,303.400,  0.000,  0.000
  0.023,303.322,  0.000,  0.000
  0.023,303.260,  0.000,  0.000
  0.023,303.244,  0.000,  0.000
  0.023,303.280,  0.000,  0.000
  0.023,303.341,  0.000,  0.000
  0.023,303.376,  0.000,  0.000
  0.023,303.350,  0.000,  0.000
  0.023,303.306,  0.000,  0.000
  0.023,303.283,  0.000,  0.000
  0.023,303.294,  0.000,  0.000
  0.023,303.330,  0.000,  0.000
  0.023,303.366,  0.000,  0.000
  0.023,303.366,  0.000,  0.000
  0.023,303.332,  0.000,  0.000
  0.023,303.322,  0.000,  0.000
  0.023,303.390,  0.000,  0.000
  0.023,303.478,  0.000,  0.000
  0.022,303.446,  0.000,  0.000
  0.022,303.447,  0.000,  0.000
  0.022,303.454,  0.000,  0.000
  0.022,303.402,  0.000,  0.000
  0.022,303.304,  0.000,  0.000
  0.023,303.453,  0.000,  0.000
  0.023,303.462,  0.000,  0.000
  0.023,303.462,  0.000,  0.000
  0.023,303.449,  0.000,  0.000
  0.023,303.423,  0.000,  0.000
  0.023,303.400,  0.000,  0.000
  0.023,303.413,  0.000,  0.000
  0.023,303.443,  0.000,  0.000
  0.023,303.349,  0.000,  0.000
  0.023,303.121,  0.000,  0.000
  0.023,303.121,  0.000,  0.000
  0.023,303.274,  0.000,  0.000
  0.023,303.311,  0.000,  0.000
  0.023,303.344,  0.000,  0.000
  0.023,303.399,  0.000,  0.000
  0.022,303.411,  0.000,  0.000
  0.022,303.419,  0.000,  0.000
  0.023,303.468,  0.000,  0.000
  0.023,303.554,  0.000,  0.000
  0.023,303.581,  0.000,  0.000
  0.022,303.484,  0.000,  0.000
  0.022,303.450,  0.000,  0.000
  0.022,303.494,  0.000,  0.000
  0.022,303.500,  0.000,  0.000
  0.022,303.403,  0.000,  0.000
  0.023,303.439,  0.000,  0.000
  0.023,303.457,  0.000,  0.000
  0.023,303.462,  0.000,  0.000
  0.023,303.466,  0.000,  0.000
  0.023,303.465,  0.000,  0.000
  0.023,303.458,  0.000,  0.000
  0.023,303.470,  0.000,  0.000
  0.022,303.270,  0.000,  0.000
  0.022,302.740,  0.000,  0.000
  0.021,302.287,  0.000,  0.000
  0.021,302.562,  0.000,  0.000
  0.022,303.014,  0.000,  0.000
  0.023,303.283,  0.000,  0.000
  0.023,303.348,  0.000,  0.000
  0.023,303.370,  0.000,  0.000
  0.022,303.428,  0.000,  0.000
  0.022,303.484,  0.000,  0.000
  0.023,303.564,  0.000,  0.000
  0.022,303.586,  0.000,  0.000
  0.022,303.550,  0.000,  0.000
  0.022,303.516,  0.000,  0.000
  0.022,303.465,  0.000,  0.000
  0.022,303.428,  0.000,  0.000
  0.022,303.414,  0.000,  0.000
  0.022,303.373,  0.000,  0.000
  0.023,303.408,  0.000,  0.000
  0.023,303.423,  0.000,  0.000
  0.023,303.444,  0.000,  0.000
  0.023,303.450,  0.000,  0.000
  0.023,303.443,  0.000,  0.000
  0.023,303.445,  0.000,  0.000
  0.023,303.455,  0.000,  0.000
  0.023,303.390,  0.000,  0.000
  0.022,302.957,  0.000,  0.000
  0.022,302.604,  0.000,  0.000
  0.022,302.869,  0.000,  0.000
  0.022,303.109,  0.000,  0.000
  0.023,303.379,  0.000,  0.000
  0.023,303.441,  0.000,  0.000
  0.023,303.425,  0.000,  0.000
  0.023,303.464,  0.000,  0.000
  0.023,303.548,  0.000,  0.000
  0.023,303.596,  0.000,  0.000
  0.022,303.592,  0.000,  0.000
  0.023,303.571,  0.000,  0.000
  0.022,303.507,  0.000,  0.000
  0.022,303.476,  0.000,  0.000
  0.022,303.446,  0.000,  0.000
  0.022,303.400,  0.000,  0.000
  0.022,303.353,  0.000,  0.000
  0.022,303.394,  0.000,  0.000
  0.022,303.398,  0.000,  0.000
  0.023,303.403,  0.000,  0.000
  0.023,303.434,  0.000,  0.000
  0.023,303.422,  0.000,  0.000
  0.023,303.439,  0.000,  0.000
  0.022,303.404,  0.000,  0.000
  0.022,303.397,  0.000,  0.000
  0.023,303.359,  0.000,  0.000
  0.023,303.207,  0.000,  0.000
  0.023,303.179,  0.000,  0.000
  0.023,303.344,  0.000,  0.000
  0.023,303.483,  0.000,  0.000
  0.023,303.515,  0.000,  0.000
  0.023,303.544,  0.000,  0.000
  0.023,303.573,  0.000,  0.000
  0.022,303.558,  0.000,  0.000
  0.021,303.562,  0.000,  0.000
  0.021,303.556,  0.000,  0.000
  0.021,303.537,  0.000,  0.000
  0.021,303.504,  0.000,  0.000
  0.022,303.475,  0.000,  0.000
  0.022,303.455,  0.000,  0.000
  0.022,303.428,  0.000,  0.000
  0.022,303.377,  0.000,  0.000
  0.022,303.389,  0.000,  0.000
  0.022,303.393,  0.000,  0.000
  0.022,303.404,  0.000,  0.000
  0.023,303.354,  0.000,  0.000
  0.023,303.424,  0.000,  0.000
  0.022,303.434,  0.000,  0.000
  0.023,303.464,  0.000,  0.000
  0.023,303.421,  0.000,  0.000
  0.023,303.430,  0.000,  0.000
  0.023,303.423,  0.000,  0.000
  0.023,303.417,  0.000,  0.000
  0.023,303.454,  0.000,  0.000
  0.022,303.469,  0.000,  0.000
  0.023,303.532,  0.000,  0.000
  0.023,303.559,  0.000,  0.000
  0.023,303.564,  0.000,  0.000
  0.021,303.546,  0.000,  0.000
  0.021,303.545,  0.000,  0.000
  0.021,303.534,  0.000,  0.000
  0.021,303.507,  0.000,  0.000
  0.021,303.469,  0.000,  0.000
  0.022,303.438,  0.000,  0.000
  0.022,303.417,  0.000,  0.000
  0.022,303.402,  0.000,  0.000
  0.022,303.382,  0.000,  0.000
  0.022,303.385,  0.000,  0.000
  0.022,303.379,  0.000,  0.000
  0.022,303.366,  0.000,  0.000
  0.023,303.363,  0.000,  0.000
  0.023,303.397,  0.000,  0.000
  0.023,303.449,  0.000,  0.000
  0.022,303.466,  0.000,  0.000
  0.023,303.452,  0.000,  0.000
  0.023,303.426,  0.000,  0.000
  0.023,303.440,  0.000,  0.000
  0.023,303.463,  0.000,  0.000
  0.023,303.482,  0.000,  0.000
  0.023,303.501,  0.000,  0.000
  0.023,303.519,  0.000,  0.000
  0.022,303.514,  0.000,  0.000
  0.021,303.519,  0.000,  0.000
  0.021,303.515,  0.000,  0.000
  0.021,303.509,  0.000,  0.000
  0.022,303.496,  0.000,  0.000
  0.022,303.464,  0.000,  0.000
  0.023,303.474,  0.000,  0.000
  0.022,303.407,  0.000,  0.000
  0.023,303.443,  0.000,  0.000
  0.023,303.432,  0.000,  0.000
  0.022,303.366,  0.000,  0.000
  0.023,303.379,  0.000,  0.000
  0.022,303.379,  0.000,  0.000
  0.022,303.370,  0.000,  0.000
  0.023,303.361,  0.000,  0.000
  0.023,303.354,  0.000,  0.000
  0.023,303.376,  0.000,  0.000
  0.023,303.412,  0.000,  0.000
  0.023,303.429,  0.000,  0.000
  0.023,303.426,  0.000,  0.000
  0.023,303.433,  0.000,  0.000
  0.023,303.458,  0.000,  0.000
  0.023,303.478,  0.000,  0.000
  0.023,303.487,  0.000,  0.000
  0.023,303.491,  0.000,  0.000
  0.022,303.467,  0.000,  0.000
  0.022,303.471,  0.000,  0.000
  0.022,303.469,  0.000,  0.000
  0.023,303.495,  0.000,  0.000
  0.023,303.487,  0.000,  0.000
  0.023,303.472,  0.000,  0.000
  0.023,303.451,  0.000,  0.000
  0.023,303.434,  0.000,  0.000
  0.023,303.425,  0.000,  0.000
  0.022,303.367,  0.000,  0.000
  0.022,303.362,  0.000,  0.000
