  0.020,301.037,  0.000,  0.000
  0.020,301.050,  0.000,  0.000
  0.020,301.086,  0.000,  0.000
  0.020,301.125,  0.000,  0.000
  0.020,301.180,  0.000,  0.000
  0.020,301.226,  0.000,  0.000
  0.020,301.207,  0.000,  0.000
  0.020,301.098,  0.000,  0.000
  0.020,301.064,  0.000,  0.000
  0.020,301.154,  0.000,  0.000
  0.020,301.239,  0.000,  0.000
  0.020,301.222,  0.000,  0.000
  0.020,301.149,  0.000,  0.000
  0.020,301.158,  0.000,  0.000
  0.020,301.216,  0.000,  0.000
  0.020,301.242,  0.000,  0.000
  0.020,301.246,  0.000,  0.000
  0.020,301.230,  0.000,  0.000
  0.020,301.151,  0.000,  0.000
  0.020,301.040,  0.000,  0.000
  0.020,301.054,  0.000,  0.000
  0.020,301.148,  0.000,  0.000
  0.020,301.198,  0.000,  0.000
  0.020,301.212,  0.000,  0.000
  0.021,301.160,  0.000,  0.000
  0.020,301.031,  0.000,  0.000
  0.020,301.062,  0.000,  0.000
  0.020,301.086,  0.000,  0.000
  0.020,301.117,  0.000,  0.000
  0.020,301.200,  0.000,  0.000
  0.020,301.240,  0.000,  0.000
  0.020,301.185,  0.000,  0.000
  0.020,301.070,  0.000,  0.000
  0.020,301.042,  0.000,  0.000
  0.020,301.135,  0.000,  0.000
  0.020,301.227,  0.000,  0.000
  0.020,301.196,  0.000,  0.000
  0.020,301.136,  0.000,  0.000
  0.020,301.159,  0.000,  0.000
  0.020,301.231,  0.000,  0.000
  0.020,301.256,  0.000,  0.000
  0.020,301.262,  0.000,  0.000
  0.020,301.260,  0.000,  0.000
  0.020,301.184,  0.000,  0.000
  0.020,301.059,  0.000,  0.000
  0.020,301.051,  0.000,  0.000
  0.020,301.112,  0.000,  0.000
  0.020,301.161,  0.000,  0.000
  0.021,301.203,  0.000,  0.000
  0.021,301.173,  0.000,  0.000
  0.020,301.048,  0.000,  0.000
  0.020,301.072,  0.000,  0.000
  0.020,301.068,  0.000,  0.000
  0.020,301.097,  0.000,  0.000
  0.020,301.177,  0.000,  0.000
  0.020,301.225,  0.000,  0.000
  0.020,301.181,  0.000,  0.000
  0.020,301.092,  0.000,  0.000
  0.020,301.060,  0.000,  0.000
  0.020,301.122,  0.000,  0.000
  0.020,301.204,  0.000,  0.000
  0.020,301.199,  0.000,  0.000
  0.020,301.161,  0.000,  0.000
  0.020,301.179,  0.000,  0.000
  0.020,301.223,  0.000,  0.000
  0.020,301.264,  0.000,  0.000
  0.020,301.286,  0.000,  0.000
  0.020,301.290,  0.000,  0.000
  0.020,301.239,  0.000,  0.000
  0.020,301.125,  0.000,  0.000
  0.020,301.071,  0.000,  0.000
  0.020,301.092,  0.000,  0.000
  0.020,301.134,  0.000,  0.000
  0.020,301.195,  0.000,  0.000
  0.020,301.197,  0.000,  0.000
  0.020,301.069,  0.000,  0.000
  0.020,301.044,  0.000,  0.000
  0.020,301.053,  0.000,  0.000
  0.020,301.096,  0.000,  0.000
  0.020,301.151,  0.000,  0.000
  0.020,301.222,  0.000,  0.000
  0.020,301.243,  0.000,  0.000
  0.020,301.187,  0.000,  0.000
  0.020,301.124,  0.000,  0.000
  0.020,301.127,  0.000,  0.000
  0.020,301.212,  0.000,  0.000
  0.020,301.253,  0.000,  0.000
  0.020,301.231,  0.000,  0.000
  0.020,301.195,  0.000,  0.000
  0.020,301.217,  0.000,  0.000
  0.020,301.276,  0.000,  0.000
  0.020,301.307,  0.000,  0.000
  0.020,301.311,  0.000,  0.000
  0.020,301.295,  0.000,  0.000
  0.020,301.205,  0.000,  0.000
  0.020,301.094,  0.000,  0.000
  0.020,301.086,  0.000,  0.000
  0.020,301.129,  0.000,  0.000
  0.020,301.190,  0.000,  0.000
  0.020,301.211,  0.000,  0.000
  0.020,301.055,  0.000,  0.000
  0.020,301.035,  0.000,  0.000
  0.020,301.047,  0.000,  0.000
  0.020,301.086,  0.000,  0.000
  0.020,301.148,  0.000,  0.000
  0.020,301.231,  0.000,  0.000
  0.020,301.282,  0.000,  0.000
  0.020,301.242,  0.000,  0.000
  0.020,301.157,  0.000,  0.000
  0.020,301.115,  0.000,  0.000
  0.020,301.225,  0.000,  0.000
  0.020,301.301,  0.000,  0.000
  0.020,301.263,  0.000,  0.000
  0.020,301.208,  0.000,  0.000
  0.020,301.211,  0.000,  0.000
  0.020,301.282,  0.000,  0.000
  0.020,301.318,  0.000,  0.000
  0.020,301.317,  0.000,  0.000
  0.020,301.316,  0.000,  0.000
  0.020,301.252,  0.000,  0.000
  0.020,301.115,  0.000,  0.000
  0.020,301.086,  0.000,  0.000
  0.020,301.130,  0.000,  0.000
  0.020,301.172,  0.000,  0.000
  0.020,301.191,  0.000,  0.000
  0.020,301.059,  0.000,  0.000
  0.020,301.045,  0.000,  0.000
  0.020,301.042,  0.000,  0.000
  0.020,301.062,  0.000,  0.000
  0.020,301.127,  0.000,  0.000
  0.020,301.217,  0.000,  0.000
  0.020,301.275,  0.000,  0.000
  0.020,301.240,  0.000,  0.000
  0.020,301.128,  0.000,  0.000
  0.020,301.074,  0.000,  0.000
  0.020,301.199,  0.000,  0.000
  0.020,301.303,  0.000,  0.000
  0.020,301.268,  0.000,  0.000
  0.020,301.212,  0.000,  0.000
  0.020,301.210,  0.000,  0.000
  0.020,301.276,  0.000,  0.000
  0.020,301.322,  0.000,  0.000
  0.020,301.322,  0.000,  0.000
  0.020,301.322,  0.000,  0.000
  0.020,301.275,  0.000,  0.000
  0.020,301.148,  0.000,  0.000
  0.020,301.100,  0.000,  0.000
  0.020,301.133,  0.000,  0.000
  0.020,301.158,  0.000,  0.000
  0.020,301.153,  0.000,  0.000
  0.020,301.078,  0.000,  0.000
  0.020,301.054,  0.000,  0.000
  0.020,301.039,  0.000,  0.000
  0.020,301.040,  0.000,  0.000
  0.020,301.093,  0.000,  0.000
  0.020,301.185,  0.000,  0.000
  0.020,301.255,  0.000,  0.000
  0.020,301.222,  0.000,  0.000
  0.020,301.120,  0.000,  0.000
  0.020,301.078,  0.000,  0.000
  0.020,301.196,  0.000,  0.000
  0.020,301.290,  0.000,  0.000
  0.020,301.267,  0.000,  0.000
  0.020,301.228,  0.000,  0.000
  0.020,301.221,  0.000,  0.000
  0.020,301.267,  0.000,  0.000
  0.020,301.323,  0.000,  0.000
  0.020,301.325,  0.000,  0.000
  0.020,301.331,  0.000,  0.000
  0.020,301.305,  0.000,  0.000
  0.020,301.208,  0.000,  0.000
  0.020,301.131,  0.000,  0.000
  0.020,301.133,  0.000,  0.000
  0.020,301.147,  0.000,  0.000
  0.021,301.122,  0.000,  0.000
  0.020,301.091,  0.000,  0.000
  0.020,301.064,  0.000,  0.000
  0.020,301.043,  0.000,  0.000
  0.020,301.028,  0.000,  0.000
  0.020,301.070,  0.000,  0.000
  0.020,301.152,  0.000,  0.000
  0.020,301.238,  0.000,  0.000
  0.020,301.247,  0.000,  0.000
  0.020,301.196,  0.000,  0.000
  0.020,301.145,  0.000,  0.000
  0.020,301.203,  0.000,  0.000
  0.020,301.276,  0.000,  0.000
  0.020,301.276,  0.000,  0.000
  0.020,301.257,  0.000,  0.000
  0.020,301.243,  0.000,  0.000
  0.020,301.267,  0.000,  0.000
  0.020,301.315,  0.000,  0.000
  0.020,301.326,  0.000,  0.000
  0.020,301.339,  0.000,  0.000
  0.020,301.339,  0.000,  0.000
  0.020,301.265,  0.000,  0.000
  0.020,301.159,  0.000,  0.000
  0.020,301.132,  0.000,  0.000
  0.020,301.141,  0.000,  0.000
  0.020,301.120,  0.000,  0.000
  0.020,301.108,  0.000,  0.000
  0.020,301.075,  0.000,  0.000
  0.020,301.039,  0.000,  0.000
  0.020,301.022,  0.000,  0.000
  0.020,301.054,  0.000,  0.000
  0.020,301.120,  0.000,  0.000
  0.020,301.217,  0.000,  0.000
  0.020,301.262,  0.000,  0.000
  0.020,301.237,  0.000,  0.000
  0.020,301.168,  0.000,  0.000
  0.020,301.192,  0.000,  0.000
  0.020,301.268,  0.000,  0.000
  0.020,301.295,  0.000,  0.000
  0.020,301.291,  0.000,  0.000
  0.020,301.272,  0.000,  0.000
  0.020,301.268,  0.000,  0.000
  0.020,301.294,  0.000,  0.000
  0.020,301.318,  0.000,  0.000
  0.020,301.336,  0.000,  0.000
  0.020,301.344,  0.000,  0.000
  0.020,301.295,  0.000,  0.000
  0.020,301.188,  0.000,  0.000
  0.021,301.138,  0.000,  0.000
  0.020,301.145,  0.000,  0.000
  0.020,301.136,  0.000,  0.000
  0.020,301.116,  0.000,  0.000
  0.020,301.079,  0.000,  0.000
  0.020,301.036,  0.000,  0.000
  0.020,301.019,  0.000,  0.000
  0.020,301.039,  0.000,  0.000
  0.020,301.093,  0.000,  0.000
  0.020,301.183,  0.000,  0.000
  0.020,301.245,  0.000,  0.000
  0.020,301.232,  0.000,  0.000
  0.020,301.154,  0.000,  0.000
  0.020,301.137,  0.000,  0.000
  0.020,301.266,  0.000,  0.000
  0.020,301.322,  0.000,  0.000
  0.020,301.306,  0.000,  0.000
  0.020,301.279,  0.000,  0.000
  0.020,301.266,  0.000,  0.000
  0.020,301.289,  0.000,  0.000
  0.020,301.311,  0.000,  0.000
  0.020,301.323,  0.000,  0.000
  0.020,301.341,  0.000,  0.000
  0.020,301.310,  0.000,  0.000
  0.020,301.221,  0.000,  0.000
  0.021,301.163,  0.000,  0.000
  0.020,301.160,  0.000,  0.000
  0.020,301.154,  0.000,  0.000
  0.020,301.101,  0.000,  0.000
  0.020,301.070,  0.000,  0.000
  0.020,301.034,  0.000,  0.000
  0.020,301.012,  0.000,  0.000
  0.020,301.016,  0.000,  0.000
  0.020,301.062,  0.000,  0.000
  0.020,301.143,  0.000,  0.000
  0.020,301.213,  0.000,  0.000
  0.020,301.223,  0.000,  0.000
  0.020,301.141,  0.000,  0.000
  0.020,301.125,  0.000,  0.000
  0.020,301.264,  0.000,  0.000
  0.020,301.331,  0.000,  0.000
  0.020,301.285,  0.000,  0.000
  0.020,301.258,  0.000,  0.000
  0.020,301.274,  0.000,  0.000
  0.020,301.303,  0.000,  0.000
  0.020,301.306,  0.000,  0.000
  0.020,301.308,  0.000,  0.000
  0.020,301.333,  0.000,  0.000
  0.020,301.325,  0.000,  0.000
  0.020,301.263,  0.000,  0.000
  0.020,301.202,  0.000,  0.000
  0.021,301.177,  0.000,  0.000
  0.021,301.156,  0.000,  0.000
  0.020,301.088,  0.000,  0.000
  0.020,301.057,  0.000,  0.000
  0.020,301.029,  0.000,  0.000
  0.020,300.993,  0.000,  0.000
  0.020,300.985,  0.000,  0.000
  0.020,301.030,  0.000,  0.000
  0.020,301.107,  0.000,  0.000
  0.020,301.187,  0.000,  0.000
  0.020,301.223,  0.000,  0.000
  0.020,301.172,  0.000,  0.000
  0.020,301.161,  0.000,  0.000
  0.020,301.261,  0.000,  0.000
  0.020,301.310,  0.000,  0.000
  0.020,301.269,  0.000,  0.000
  0.020,301.263,  0.000,  0.000
  0.020,301.292,  0.000,  0.000
  0.020,301.309,  0.000,  0.000
  0.020,301.297,  0.000,  0.000
  0.020,301.293,  0.000,  0.000
  0.020,301.320,  0.000,  0.000
  0.020,301.326,  0.000,  0.000
  0.020,301.300,  0.000,  0.000
  0.020,301.243,  0.000,  0.000
  0.021,301.182,  0.000,  0.000
  0.021,301.145,  0.000,  0.000
  0.020,301.092,  0.000,  0.000
  0.020,301.046,  0.000,  0.000
  0.020,301.010,  0.000,  0.000
  0.020,300.968,  0.000,  0.000
  0.020,300.963,  0.000,  0.000
  0.020,301.006,  0.000,  0.000
  0.020,301.082,  0.000,  0.000
  0.020,301.169,  0.000,  0.000
  0.020,301.219,  0.000,  0.000
  0.020,301.203,  0.000,  0.000
  0.020,301.184,  0.000,  0.000
  0.020,301.231,  0.000,  0.000
  0.021,301.282,  0.000,  0.000
  0.020,301.284,  0.000,  0.000
  0.020,301.276,  0.000,  0.000
  0.020,301.291,  0.000,  0.000
  0.020,301.300,  0.000,  0.000
  0.020,301.299,  0.000,  0.000
  0.020,301.290,  0.000,  0.000
  0.020,301.299,  0.000,  0.000
  0.020,301.320,  0.000,  0.000
  0.020,301.311,  0.000,  0.000
  0.020,301.258,  0.000,  0.000
  0.021,301.184,  0.000,  0.000
  0.021,301.150,  0.000,  0.000
  0.020,301.103,  0.000,  0.000
  0.020,301.046,  0.000,  0.000
  0.020,300.996,  0.000,  0.000
  0.020,300.956,  0.000,  0.000
  0.020,300.954,  0.000,  0.000
  0.020,300.986,  0.000,  0.000
  0.020,301.060,  0.000,  0.000
  0.020,301.149,  0.000,  0.000
  0.020,301.206,  0.000,  0.000
  0.020,301.199,  0.000,  0.000
  0.020,301.142,  0.000,  0.000
  0.021,301.157,  0.000,  0.000
  0.021,301.266,  0.000,  0.000
  0.020,301.300,  0.000,  0.000
  0.020,301.274,  0.000,  0.000
  0.020,301.259,  0.000,  0.000
  0.020,301.283,  0.000,  0.000
  0.020,301.306,  0.000,  0.000
  0.020,301.290,  0.000,  0.000
  0.020,301.279,  0.000,  0.000
  0.020,301.301,  0.000,  0.000
  0.020,301.304,  0.000,  0.000
  0.020,301.258,  0.000,  0.000
  0.020,301.192,  0.000,  0.000
  0.021,301.167,  0.000,  0.000
  0.020,301.117,  0.000,  0.000
  0.020,301.054,  0.000,  0.000
  0.020,300.997,  0.000,  0.000
  0.020,300.958,  0.000,  0.000
  0.020,300.944,  0.000,  0.000
  0.020,300.961,  0.000,  0.000
  0.020,301.032,  0.000,  0.000
  0.020,301.120,  0.000,  0.000
  0.020,301.179,  0.000,  0.000
  0.020,301.178,  0.000,  0.000
  0.020,301.108,  0.000,  0.000
  0.020,301.110,  0.000,  0.000
  0.021,301.226,  0.000,  0.000
  0.021,301.283,  0.000,  0.000
  0.021,301.254,  0.000,  0.000
  0.020,301.231,  0.000,  0.000
  0.020,301.275,  0.000,  0.000
  0.020,301.320,  0.000,  0.000
  0.020,301.292,  0.000,  0.000
  0.020,301.261,  0.000,  0.000
  0.020,301.279,  0.000,  0.000
  0.020,301.290,  0.000,  0.000
  0.020,301.270,  0.000,  0.000
  0.020,301.219,  0.000,  0.000
  0.021,301.182,  0.000,  0.000
