  0.020,302.772,  0.000,  0.000
  0.020,302.735,  0.000,  0.000
  0.020,302.675,  0.000,  0.000
  0.020,302.635,  0.000,  0.000
  0.020,302.636,  0.000,  0.000
  0.020,302.646,  0.000,  0.000
  0.020,302.625,  0.000,  0.000
  0.020,302.583,  0.000,  0.000
  0.020,302.557,  0.000,  0.000
  0.020,302.550,  0.000,  0.000
  0.020,302.542,  0.000,  0.000
  0.020,302.525,  0.000,  0.000
  0.020,302.538,  0.000,  0.000
  0.020,302.569,  0.000,  0.000
  0.020,302.550,  0.000,  0.000
  0.020,302.484,  0.000,  0.000
  0.021,302.424,  0.000,  0.000
  0.021,302.361,  0.000,  0.000
  0.021,302.241,  0.000,  0.000
  0.021,302.142,  0.000,  0.000
  0.021,302.172,  0.000,  0.000
  0.021,302.348,  0.000,  0.000
  0.021,302.542,  0.000,  0.000
  0.020,302.607,  0.000,  0.000
  0.021,302.552,  0.000,  0.000
  0.020,302.754,  0.000,  0.000
  0.020,302.747,  0.000,  0.000
  0.020,302.722,  0.000,  0.000
  0.020,302.682,  0.000,  0.000
  0.020,302.650,  0.000,  0.000
  0.020,302.634,  0.000,  0.000
  0.020,302.609,  0.000,  0.000
  0.020,302.579,  0.000,  0.000
  0.020,302.564,  0.000,  0.000
  0.020,302.566,  0.000,  0.000
  0.020,302.573,  0.000,  0.000
  0.020,302.560,  0.000,  0.000
  0.020,302.539,  0.000,  0.000
  0.020,302.531,  0.000,  0.000
  0.020,302.521,  0.000,  0.000
  0.020,302.484,  0.000,  0.000
  0.021,302.357,  0.000,  0.000
  0.021,302.075,  0.000,  0.000
  0.021,301.832,  0.000,  0.000
  0.021,301.778,  0.000,  0.000
  0.021,301.801,  0.000,  0.000
  0.021,301.877,  0.000,  0.000
  0.021,302.135,  0.000,  0.000
  0.021,302.484,  0.000,  0.000
  0.021,302.577,  0.000,  0.000
  0.020,302.725,  0.000,  0.000
  0.020,302.748,  0.000,  0.000
  0.020,302.762,  0.000,  0.000
  0.020,302.737,  0.000,  0.000
  0.020,302.681,  0.000,  0.000
  0.020,302.631,  0.000,  0.000
  0.020,302.607,  0.000,  0.000
  0.020,302.595,  0.000,  0.000
  0.020,302.568,  0.000,  0.000
  0.020,302.565,  0.000,  0.000
  0.020,302.572,  0.000,  0.000
  0.020,302.577,  0.000,  0.000
  0.020,302.568,  0.000,  0.000
  0.020,302.540,  0.000,  0.000
  0.020,302.510,  0.000,  0.000
  0.021,302.398,  0.000,  0.000
  0.021,302.055,  0.000,  0.000
  0.021,301.689,  0.000,  0.000
  0.021,301.603,  0.000,  0.000
  0.020,301.618,  0.000,  0.000
  0.020,301.546,  0.000,  0.000
  0.020,301.450,  0.000,  0.000
  0.020,301.477,  0.000,  0.000
  0.022,302.128,  0.000,  0.000
  0.021,302.455,  0.000,  0.000
  0.020,302.695,  0.000,  0.000
  0.020,302.730,  0.000,  0.000
  0.020,302.769,  0.000,  0.000
  0.020,302.782,  0.000,  0.000
  0.020,302.743,  0.000,  0.000
  0.020,302.669,  0.000,  0.000
  0.020,302.605,  0.000,  0.000
  0.020,302.618,  0.000,  0.000
  0.020,302.579,  0.000,  0.000
  0.020,302.566,  0.000,  0.000
  0.020,302.533,  0.000,  0.000
  0.020,302.546,  0.000,  0.000
  0.020,302.580,  0.000,  0.000
  0.020,302.591,  0.000,  0.000
  0.021,302.521,  0.000,  0.000
  0.021,302.240,  0.000,  0.000
  0.021,301.783,  0.000,  0.000
  0.021,301.530,  0.000,  0.000
  0.020,301.452,  0.000,  0.000
  0.020,301.234,  0.000,  0.000
  0.020,300.982,  0.000,  0.000
  0.020,300.912,  0.000,  0.000
  0.020,301.042,  0.000,  0.000
  0.022,301.678,  0.000,  0.000
  0.022,302.212,  0.000,  0.000
  0.020,302.680,  0.000,  0.000
  0.020,302.698,  0.000,  0.000
  0.020,302.735,  0.000,  0.000
  0.020,302.773,  0.000,  0.000
  0.020,302.769,  0.000,  0.000
  0.020,302.705,  0.000,  0.000
  0.020,302.630,  0.000,  0.000
  0.020,302.604,  0.000,  0.000
  0.020,302.611,  0.000,  0.000
  0.020,302.591,  0.000,  0.000
  0.020,302.535,  0.000,  0.000
  0.020,302.511,  0.000,  0.000
  0.020,302.537,  0.000,  0.000
  0.020,302.589,  0.000,  0.000
  0.021,302.538,  0.000,  0.000
  0.021,302.145,  0.000,  0.000
  0.021,301.629,  0.000,  0.000
  0.020,301.358,  0.000,  0.000
  0.020,301.128,  0.000,  0.000
  0.020,300.761,  0.000,  0.000
  0.021,300.520,  0.000,  0.000
  0.021,300.579,  0.000,  0.000
  0.020,300.840,  0.000,  0.000
  0.021,301.531,  0.000,  0.000
  0.021,301.929,  0.000,  0.000
  0.020,302.692,  0.000,  0.000
  0.020,302.688,  0.000,  0.000
  0.020,302.703,  0.000,  0.000
  0.020,302.731,  0.000,  0.000
  0.020,302.745,  0.000,  0.000
  0.020,302.726,  0.000,  0.000
  0.020,302.679,  0.000,  0.000
  0.020,302.625,  0.000,  0.000
  0.020,302.601,  0.000,  0.000
  0.020,302.597,  0.000,  0.000
  0.020,302.572,  0.000,  0.000
  0.020,302.520,  0.000,  0.000
  0.020,302.508,  0.000,  0.000
  0.020,302.570,  0.000,  0.000
  0.020,302.597,  0.000,  0.000
  0.021,302.269,  0.000,  0.000
  0.021,301.619,  0.000,  0.000
  0.021,301.232,  0.000,  0.000
  0.021,301.051,  0.000,  0.000
  0.021,300.855,  0.000,  0.000
  0.021,300.721,  0.000,  0.000
  0.020,300.691,  0.000,  0.000
  0.021,301.303,  0.000,  0.000
  0.021,301.503,  0.000,  0.000
  0.022,301.915,  0.000,  0.000
  0.020,302.706,  0.000,  0.000
  0.020,302.691,  0.000,  0.000
  0.020,302.684,  0.000,  0.000
  0.020,302.700,  0.000,  0.000
  0.020,302.729,  0.000,  0.000
  0.020,302.742,  0.000,  0.000
  0.020,302.720,  0.000,  0.000
  0.020,302.674,  0.000,  0.000
  0.020,302.621,  0.000,  0.000
  0.020,302.590,  0.000,  0.000
  0.020,302.574,  0.000,  0.000
  0.020,302.561,  0.000,  0.000
  0.020,302.571,  0.000,  0.000
  0.020,302.618,  0.000,  0.000
  0.020,302.668,  0.000,  0.000
  0.020,302.566,  0.000,  0.000
  0.021,302.106,  0.000,  0.000
  0.021,301.577,  0.000,  0.000
  0.021,301.404,  0.000,  0.000
  0.021,301.345,  0.000,  0.000
  0.021,301.180,  0.000,  0.000
  0.021,301.096,  0.000,  0.000
  0.020,301.221,  0.000,  0.000
  0.021,301.841,  0.000,  0.000
  0.022,302.224,  0.000,  0.000
  0.020,302.708,  0.000,  0.000
  0.020,302.695,  0.000,  0.000
  0.020,302.688,  0.000,  0.000
  0.020,302.703,  0.000,  0.000
  0.020,302.730,  0.000,  0.000
  0.020,302.743,  0.000,  0.000
  0.020,302.729,  0.000,  0.000
  0.020,302.700,  0.000,  0.000
  0.020,302.669,  0.000,  0.000
  0.020,302.642,  0.000,  0.000
  0.020,302.624,  0.000,  0.000
  0.020,302.626,  0.000,  0.000
  0.020,302.632,  0.000,  0.000
  0.020,302.617,  0.000,  0.000
  0.020,302.618,  0.000,  0.000
  0.020,302.620,  0.000,  0.000
  0.021,302.437,  0.000,  0.000
  0.021,302.006,  0.000,  0.000
  0.021,301.749,  0.000,  0.000
  0.021,301.802,  0.000,  0.000
  0.021,301.822,  0.000,  0.000
  0.021,301.763,  0.000,  0.000
  0.021,301.836,  0.000,  0.000
  0.020,302.044,  0.000,  0.000
  0.022,302.330,  0.000,  0.000
  0.020,302.700,  0.000,  0.000
  0.020,302.686,  0.000,  0.000
  0.020,302.690,  0.000,  0.000
  0.020,302.715,  0.000,  0.000
  0.020,302.738,  0.000,  0.000
  0.020,302.745,  0.000,  0.000
  0.020,302.727,  0.000,  0.000
  0.020,302.707,  0.000,  0.000
  0.020,302.699,  0.000,  0.000
  0.020,302.700,  0.000,  0.000
  0.020,302.696,  0.000,  0.000
  0.020,302.675,  0.000,  0.000
  0.020,302.625,  0.000,  0.000
  0.020,302.560,  0.000,  0.000
  0.020,302.542,  0.000,  0.000
  0.020,302.598,  0.000,  0.000
  0.020,302.596,  0.000,  0.000
  0.021,302.339,  0.000,  0.000
  0.021,301.981,  0.000,  0.000
  0.021,301.928,  0.000,  0.000
  0.021,302.106,  0.000,  0.000
  0.021,302.228,  0.000,  0.000
  0.021,302.308,  0.000,  0.000
  0.020,302.408,  0.000,  0.000
  0.021,302.488,  0.000,  0.000
  0.020,302.678,  0.000,  0.000
  0.020,302.666,  0.000,  0.000
  0.020,302.687,  0.000,  0.000
  0.020,302.714,  0.000,  0.000
  0.020,302.731,  0.000,  0.000
  0.020,302.732,  0.000,  0.000
  0.020,302.723,  0.000,  0.000
  0.020,302.715,  0.000,  0.000
  0.020,302.718,  0.000,  0.000
  0.020,302.710,  0.000,  0.000
  0.020,302.685,  0.000,  0.000
  0.020,302.644,  0.000,  0.000
  0.020,302.592,  0.000,  0.000
  0.020,302.547,  0.000,  0.000
  0.020,302.534,  0.000,  0.000
  0.020,302.572,  0.000,  0.000
  0.020,302.638,  0.000,  0.000
  0.020,302.609,  0.000,  0.000
  0.021,302.381,  0.000,  0.000
  0.021,302.164,  0.000,  0.000
  0.021,302.198,  0.000,  0.000
  0.021,302.359,  0.000,  0.000
  0.021,302.474,  0.000,  0.000
  0.020,302.523,  0.000,  0.000
  0.020,302.528,  0.000,  0.000
  0.020,302.679,  0.000,  0.000
  0.020,302.676,  0.000,  0.000
  0.020,302.694,  0.000,  0.000
  0.020,302.712,  0.000,  0.000
  0.020,302.717,  0.000,  0.000
  0.020,302.701,  0.000,  0.000
  0.020,302.692,  0.000,  0.000
  0.020,302.712,  0.000,  0.000
  0.020,302.730,  0.000,  0.000
  0.020,302.722,  0.000,  0.000
  0.020,302.681,  0.000,  0.000
  0.020,302.619,  0.000,  0.000
  0.020,302.574,  0.000,  0.000
  0.020,302.548,  0.000,  0.000
  0.020,302.538,  0.000,  0.000
  0.020,302.545,  0.000,  0.000
  0.020,302.586,  0.000,  0.000
  0.020,302.639,  0.000,  0.000
  0.021,302.629,  0.000,  0.000
  0.021,302.534,  0.000,  0.000
  0.021,302.473,  0.000,  0.000
  0.021,302.473,  0.000,  0.000
  0.020,302.473,  0.000,  0.000
  0.020,302.482,  0.000,  0.000
  0.020,302.510,  0.000,  0.000
  0.020,302.724,  0.000,  0.000
  0.020,302.718,  0.000,  0.000
  0.020,302.706,  0.000,  0.000
  0.020,302.695,  0.000,  0.000
  0.020,302.668,  0.000,  0.000
  0.020,302.646,  0.000,  0.000
  0.020,302.648,  0.000,  0.000
  0.020,302.664,  0.000,  0.000
  0.020,302.672,  0.000,  0.000
  0.020,302.665,  0.000,  0.000
  0.020,302.653,  0.000,  0.000
  0.020,302.634,  0.000,  0.000
  0.020,302.591,  0.000,  0.000
  0.020,302.540,  0.000,  0.000
  0.020,302.524,  0.000,  0.000
  0.020,302.535,  0.000,  0.000
  0.020,302.558,  0.000,  0.000
  0.020,302.584,  0.000,  0.000
  0.021,302.596,  0.000,  0.000
  0.021,302.577,  0.000,  0.000
  0.021,302.520,  0.000,  0.000
  0.021,302.446,  0.000,  0.000
  0.021,302.411,  0.000,  0.000
  0.020,302.439,  0.000,  0.000
  0.020,302.504,  0.000,  0.000
  0.020,302.755,  0.000,  0.000
  0.020,302.732,  0.000,  0.000
  0.020,302.609,  0.000,  0.000
  0.021,302.468,  0.000,  0.000
  0.020,302.481,  0.000,  0.000
  0.020,302.591,  0.000,  0.000
  0.020,302.633,  0.000,  0.000
  0.020,302.620,  0.000,  0.000
  0.020,302.601,  0.000,  0.000
  0.020,302.595,  0.000,  0.000
  0.020,302.607,  0.000,  0.000
  0.020,302.628,  0.000,  0.000
  0.020,302.617,  0.000,  0.000
  0.020,302.560,  0.000,  0.000
  0.021,302.515,  0.000,  0.000
  0.020,302.523,  0.000,  0.000
  0.020,302.548,  0.000,  0.000
  0.020,302.568,  0.000,  0.000
  0.021,302.592,  0.000,  0.000
  0.020,302.612,  0.000,  0.000
  0.021,302.584,  0.000,  0.000
  0.021,302.502,  0.000,  0.000
  0.021,302.437,  0.000,  0.000
  0.020,302.444,  0.000,  0.000
  0.020,302.508,  0.000,  0.000
  0.020,302.607,  0.000,  0.000
  0.020,302.444,  0.000,  0.000
  0.021,302.062,  0.000,  0.000
  0.021,301.825,  0.000,  0.000
  0.020,302.033,  0.000,  0.000
  0.020,302.380,  0.000,  0.000
  0.020,302.576,  0.000,  0.000
  0.020,302.613,  0.000,  0.000
  0.020,302.621,  0.000,  0.000
  0.020,302.617,  0.000,  0.000
  0.020,302.603,  0.000,  0.000
  0.020,302.600,  0.000,  0.000
  0.020,302.603,  0.000,  0.000
  0.020,302.574,  0.000,  0.000
  0.021,302.513,  0.000,  0.000
  0.021,302.497,  0.000,  0.000
  0.020,302.548,  0.000,  0.000
  0.020,302.610,  0.000,  0.000
  0.020,302.646,  0.000,  0.000
  0.020,302.630,  0.000,  0.000
  0.020,302.570,  0.000,  0.000
  0.020,302.503,  0.000,  0.000
  0.020,302.459,  0.000,  0.000
  0.020,302.454,  0.000,  0.000
  0.020,302.501,  0.000,  0.000
  0.021,302.319,  0.000,  0.000
  0.021,302.100,  0.000,  0.000
  0.021,301.718,  0.000,  0.000
  0.020,301.504,  0.000,  0.000
  0.019,301.631,  0.000,  0.000
  0.021,302.228,  0.000,  0.000
  0.020,302.389,  0.000,  0.000
  0.020,302.572,  0.000,  0.000
  0.019,302.643,  0.000,  0.000
  0.019,302.638,  0.000,  0.000
  0.020,302.604,  0.000,  0.000
  0.020,302.576,  0.000,  0.000
  0.020,302.563,  0.000,  0.000
  0.020,302.553,  0.000,  0.000
  0.021,302.512,  0.000,  0.000
  0.021,302.488,  0.000,  0.000
  0.020,302.538,  0.000,  0.000
  0.020,302.640,  0.000,  0.000
  0.020,302.702,  0.000,  0.000
  0.020,302.655,  0.000,  0.000
  0.021,302.544,  0.000,  0.000
  0.021,302.473,  0.000,  0.000
  0.020,302.453,  0.000,  0.000
  0.020,302.449,  0.000,  0.000
  0.020,302.470,  0.000,  0.000
