  0.017,300.261,  0.000,  0.000
  0.017,300.252,  0.000,  0.000
  0.017,300.242,  0.000,  0.000
  0.017,300.230,  0.000,  0.000
  0.017,300.216,  0.000,  0.000
  0.017,300.207,  0.000,  0.000
  0.017,300.202,  0.000,  0.000
  0.017,300.193,  0.000,  0.000
  0.017,300.169,  0.000,  0.000
  0.017,300.136,  0.000,  0.000
  0.017,300.113,  0.000,  0.000
  0.017,300.115,  0.000,  0.000
  0.017,300.134,  0.000,  0.000
  0.017,300.146,  0.000,  0.000
  0.017,300.142,  0.000,  0.000
  0.017,300.121,  0.000,  0.000
  0.017,300.095,  0.000,  0.000
  0.017,300.086,  0.000,  0.000
  0.017,300.096,  0.000,  0.000
  0.017,300.097,  0.000,  0.000
  0.017,300.082,  0.000,  0.000
  0.017,300.075,  0.000,  0.000
  0.017,300.076,  0.000,  0.000
  0.017,300.091,  0.000,  0.000
  0.017,300.084,  0.000,  0.000
  0.017,300.285,  0.000,  0.000
  0.017,300.277,  0.000,  0.000
  0.017,300.268,  0.000,  0.000
  0.017,300.259,  0.000,  0.000
  0.017,300.248,  0.000,  0.000
  0.017,300.237,  0.000,  0.000
  0.017,300.229,  0.000,  0.000
  0.017,300.223,  0.000,  0.000
  0.017,300.213,  0.000,  0.000
  0.017,300.197,  0.000,  0.000
  0.017,300.182,  0.000,  0.000
  0.017,300.178,  0.000,  0.000
  0.017,300.182,  0.000,  0.000
  0.017,300.184,  0.000,  0.000
  0.017,300.178,  0.000,  0.000
  0.017,300.166,  0.000,  0.000
  0.017,300.153,  0.000,  0.000
  0.017,300.146,  0.000,  0.000
  0.017,300.147,  0.000,  0.000
  0.017,300.145,  0.000,  0.000
  0.017,300.137,  0.000,  0.000
  0.017,300.132,  0.000,  0.000
  0.017,300.130,  0.000,  0.000
  0.017,300.146,  0.000,  0.000
  0.017,300.140,  0.000,  0.000
  0.017,300.309,  0.000,  0.000
  0.017,300.300,  0.000,  0.000
  0.017,300.291,  0.000,  0.000
  0.017,300.283,  0.000,  0.000
  0.017,300.275,  0.000,  0.000
  0.017,300.265,  0.000,  0.000
  0.017,300.256,  0.000,  0.000
  0.017,300.249,  0.000,  0.000
  0.017,300.244,  0.000,  0.000
  0.017,300.237,  0.000,  0.000
  0.017,300.228,  0.000,  0.000
  0.017,300.221,  0.000,  0.000
  0.017,300.217,  0.000,  0.000
  0.017,300.213,  0.000,  0.000
  0.017,300.207,  0.000,  0.000
  0.017,300.201,  0.000,  0.000
  0.017,300.195,  0.000,  0.000
  0.017,300.190,  0.000,  0.000
  0.017,300.186,  0.000,  0.000
  0.017,300.182,  0.000,  0.000
  0.017,300.178,  0.000,  0.000
  0.017,300.173,  0.000,  0.000
  0.017,300.170,  0.000,  0.000
  0.017,300.185,  0.000,  0.000
  0.017,300.180,  0.000,  0.000
  0.017,300.332,  0.000,  0.000
  0.017,300.323,  0.000,  0.000
  0.017,300.314,  0.000,  0.000
  0.017,300.307,  0.000,  0.000
  0.017,300.299,  0.000,  0.000
  0.017,300.291,  0.000,  0.000
  0.017,300.283,  0.000,  0.000
  0.017,300.275,  0.000,  0.000
  0.017,300.269,  0.000,  0.000
  0.017,300.265,  0.000,  0.000
  0.017,300.259,  0.000,  0.000
  0.017,300.252,  0.000,  0.000
  0.017,300.246,  0.000,  0.000
  0.017,300.240,  0.000,  0.000
  0.017,300.235,  0.000,  0.000
  0.017,300.231,  0.000,  0.000
  0.017,300.227,  0.000,  0.000
  0.017,300.223,  0.000,  0.000
  0.017,300.219,  0.000,  0.000
  0.017,300.214,  0.000,  0.000
  0.017,300.211,  0.000,  0.000
  0.017,300.207,  0.000,  0.000
  0.017,300.204,  0.000,  0.000
  0.017,300.217,  0.000,  0.000
  0.017,300.212,  0.000,  0.000
  0.017,300.354,  0.000,  0.000
  0.017,300.346,  0.000,  0.000
  0.017,300.338,  0.000,  0.000
  0.017,300.330,  0.000,  0.000
  0.017,300.322,  0.000,  0.000
  0.017,300.315,  0.000,  0.000
  0.017,300.308,  0.000,  0.000
  0.017,300.301,  0.000,  0.000
  0.017,300.295,  0.000,  0.000
  0.017,300.289,  0.000,  0.000
  0.017,300.284,  0.000,  0.000
  0.017,300.278,  0.000,  0.000
  0.017,300.273,  0.000,  0.000
  0.017,300.267,  0.000,  0.000
  0.017,300.263,  0.000,  0.000
  0.017,300.260,  0.000,  0.000
  0.017,300.256,  0.000,  0.000
  0.017,300.252,  0.000,  0.000
  0.017,300.249,  0.000,  0.000
  0.017,300.245,  0.000,  0.000
  0.017,300.242,  0.000,  0.000
  0.017,300.238,  0.000,  0.000
  0.017,300.235,  0.000,  0.000
  0.017,300.246,  0.000,  0.000
  0.017,300.241,  0.000,  0.000
  0.017,300.376,  0.000,  0.000
  0.017,300.368,  0.000,  0.000
  0.017,300.360,  0.000,  0.000
  0.017,300.353,  0.000,  0.000
  0.017,300.346,  0.000,  0.000
  0.017,300.339,  0.000,  0.000
  0.017,300.332,  0.000,  0.000
  0.017,300.326,  0.000,  0.000
  0.017,300.320,  0.000,  0.000
  0.017,300.314,  0.000,  0.000
  0.017,300.309,  0.000,  0.000
  0.017,300.304,  0.000,  0.000
  0.017,300.300,  0.000,  0.000
  0.017,300.295,  0.000,  0.000
  0.017,300.291,  0.000,  0.000
  0.017,300.288,  0.000,  0.000
  0.017,300.285,  0.000,  0.000
  0.017,300.281,  0.000,  0.000
  0.017,300.278,  0.000,  0.000
  0.017,300.275,  0.000,  0.000
  0.017,300.271,  0.000,  0.000
  0.017,300.268,  0.000,  0.000
  0.017,300.266,  0.000,  0.000
  0.017,300.274,  0.000,  0.750
  0.017,300.269,  0.000,  0.750
  0.017,300.400,  0.000,  0.000
  0.017,300.392,  0.000,  0.000
  0.017,300.384,  0.000,  0.000
  0.017,300.376,  0.000,  0.000
  0.017,300.369,  0.000,  0.000
  0.017,300.363,  0.000,  0.000
  0.017,300.356,  0.000,  0.000
  0.017,300.350,  0.000,  0.000
  0.017,300.345,  0.000,  0.000
  0.017,300.339,  0.000,  0.000
  0.017,300.334,  0.000,  0.000
  0.017,300.330,  0.000,  0.000
  0.017,300.326,  0.000,  0.000
  0.017,300.323,  0.000,  0.000
  0.017,300.319,  0.000,  0.000
  0.017,300.316,  0.000,  0.000
  0.017,300.313,  0.000,  0.000
  0.017,300.310,  0.000,  0.000
  0.017,300.306,  0.000,  0.000
  0.017,300.304,  0.000,  0.000
  0.017,300.301,  0.000,  0.000
  0.017,300.298,  0.000,  0.000
  0.017,300.295,  0.000,  0.000
  0.017,300.301,  0.000,  0.750
  0.017,300.296,  0.000,  0.750
  0.017,300.423,  0.000,  0.000
  0.017,300.415,  0.000,  0.000
  0.017,300.407,  0.000,  0.000
  0.017,300.400,  0.000,  0.000
  0.017,300.393,  0.000,  0.000
  0.017,300.387,  0.000,  0.000
  0.017,300.381,  0.000,  0.000
  0.017,300.376,  0.000,  0.000
  0.017,300.370,  0.000,  0.000
  0.017,300.365,  0.000,  0.000
  0.017,300.361,  0.000,  0.000
  0.017,300.357,  0.000,  0.000
  0.017,300.353,  0.000,  0.000
  0.017,300.350,  0.000,  0.000
  0.017,300.347,  0.000,  0.000
  0.017,300.344,  0.000,  0.000
  0.017,300.341,  0.000,  0.000
  0.017,300.338,  0.000,  0.000
  0.017,300.335,  0.000,  0.000
  0.017,300.333,  0.000,  0.000
  0.017,300.330,  0.000,  0.000
  0.017,300.327,  0.000,  0.000
  0.017,300.325,  0.000,  0.000
  0.017,300.329,  0.000,  0.750
  0.017,300.324,  0.000,  0.750
  0.017,300.448,  0.000,  0.000
  0.017,300.439,  0.000,  0.000
  0.017,300.430,  0.000,  0.000
  0.017,300.423,  0.000,  0.000
  0.017,300.417,  0.000,  0.000
  0.017,300.411,  0.000,  0.000
  0.017,300.404,  0.000,  0.000
  0.017,300.399,  0.000,  0.000
  0.017,300.394,  0.000,  0.000
  0.017,300.390,  0.000,  0.000
  0.017,300.386,  0.000,  0.000
  0.017,300.383,  0.000,  0.000
  0.017,300.380,  0.000,  0.000
  0.017,300.377,  0.000,  0.000
  0.017,300.374,  0.000,  0.000
  0.017,300.371,  0.000,  0.000
  0.017,300.369,  0.000,  0.000
  0.017,300.366,  0.000,  0.000
  0.017,300.364,  0.000,  0.000
  0.017,300.361,  0.000,  0.000
  0.017,300.359,  0.000,  0.000
  0.017,300.357,  0.000,  0.000
  0.017,300.355,  0.000,  0.000
  0.017,300.356,  0.000,  0.750
  0.017,300.352,  0.000,  0.750
  0.017,300.471,  0.000,  0.000
  0.017,300.464,  0.000,  0.000
  0.017,300.456,  0.000,  0.000
  0.017,300.448,  0.000,  0.000
  0.017,300.441,  0.000,  0.000
  0.017,300.436,  0.000,  0.000
  0.017,300.429,  0.000,  0.000
  0.017,300.424,  0.000,  0.000
  0.017,300.419,  0.000,  0.000
  0.017,300.415,  0.000,  0.000
  0.017,300.412,  0.000,  0.000
  0.017,300.408,  0.000,  0.000
  0.017,300.406,  0.000,  0.000
  0.018,300.403,  0.000,  0.000
  0.018,300.401,  0.000,  0.000
  0.018,300.399,  0.000,  0.000
  0.018,300.397,  0.000,  0.000
  0.018,300.395,  0.000,  0.000
  0.018,300.393,  0.000,  0.000
  0.018,300.391,  0.000,  0.000
  0.018,300.389,  0.000,  0.000
  0.018,300.387,  0.000,  0.000
  0.018,300.386,  0.000,  0.000
  0.018,300.385,  0.000,  0.000
  0.018,300.381,  0.000,  0.000
  0.017,300.495,  0.000,  0.000
  0.017,300.489,  0.000,  0.000
  0.018,300.482,  0.000,  0.000
  0.018,300.474,  0.000,  0.000
  0.018,300.467,  0.000,  0.000
  0.018,300.461,  0.000,  0.000
  0.018,300.455,  0.000,  0.000
  0.018,300.450,  0.000,  0.000
  0.018,300.447,  0.000,  0.000
  0.018,300.442,  0.000,  0.000
  0.018,300.438,  0.000,  0.000
  0.018,300.436,  0.000,  0.000
  0.018,300.435,  0.000,  0.000
  0.018,300.434,  0.000,  0.000
  0.018,300.432,  0.000,  0.000
  0.018,300.431,  0.000,  0.000
  0.018,300.430,  0.000,  0.000
  0.018,300.428,  0.000,  0.000
  0.018,300.426,  0.000,  0.000
  0.018,300.425,  0.000,  0.000
  0.018,300.423,  0.000,  0.000
  0.018,300.421,  0.000,  0.000
  0.018,300.419,  0.000,  0.000
  0.018,300.417,  0.000,  0.000
  0.018,300.415,  0.000,  0.000
  0.018,300.517,  0.000,  0.000
  0.018,300.512,  0.000,  0.000
  0.018,300.505,  0.000,  0.000
  0.018,300.497,  0.000,  0.000
  0.018,300.490,  0.000,  0.000
  0.018,300.485,  0.000,  0.000
  0.018,300.481,  0.000,  0.000
  0.018,300.477,  0.000,  0.000
  0.018,300.472,  0.000,  0.000
  0.018,300.468,  0.000,  0.000
  0.018,300.465,  0.000,  0.000
  0.018,300.463,  0.000,  0.000
  0.018,300.462,  0.000,  0.000
  0.018,300.460,  0.000,  0.000
  0.018,300.459,  0.000,  0.000
  0.018,300.458,  0.000,  0.000
  0.018,300.457,  0.000,  0.000
  0.018,300.456,  0.000,  0.000
  0.018,300.456,  0.000,  0.000
  0.018,300.456,  0.000,  0.000
  0.018,300.456,  0.000,  0.000
  0.018,300.455,  0.000,  0.000
  0.018,300.454,  0.000,  0.000
  0.018,300.454,  0.000,  0.000
  0.018,300.453,  0.000,  0.000
  0.018,300.535,  0.000,  0.000
  0.018,300.530,  0.000,  0.000
  0.018,300.524,  0.000,  0.000
  0.018,300.519,  0.000,  0.000
  0.018,300.514,  0.000,  0.000
  0.018,300.510,  0.000,  0.000
  0.018,300.506,  0.000,  0.000
  0.018,300.501,  0.000,  0.000
  0.018,300.496,  0.000,  0.000
  0.018,300.494,  0.000,  0.000
  0.018,300.492,  0.000,  0.000
  0.018,300.490,  0.000,  0.000
  0.018,300.489,  0.000,  0.000
  0.018,300.488,  0.000,  0.000
  0.018,300.488,  0.000,  0.000
  0.018,300.487,  0.000,  0.000
  0.018,300.487,  0.000,  0.000
  0.018,300.487,  0.000,  0.000
  0.018,300.488,  0.000,  0.000
  0.018,300.488,  0.000,  0.000
  0.018,300.489,  0.000,  0.000
  0.018,300.490,  0.000,  0.000
  0.018,300.491,  0.000,  0.000
  0.018,300.491,  0.000,  0.000
  0.018,300.489,  0.000,  0.000
  0.018,300.550,  0.000,  0.000
  0.018,300.547,  0.000,  0.000
  0.018,300.544,  0.000,  0.000
  0.018,300.542,  0.000,  0.000
  0.018,300.538,  0.000,  0.000
  0.018,300.533,  0.000,  0.000
  0.018,300.529,  0.000,  0.000
  0.018,300.524,  0.000,  0.000
  0.018,300.521,  0.000,  0.000
  0.018,300.520,  0.000,  0.000
  0.018,300.518,  0.000,  0.000
  0.018,300.517,  0.000,  0.000
  0.018,300.516,  0.000,  0.000
  0.018,300.516,  0.000,  0.000
  0.018,300.516,  0.000,  0.000
  0.018,300.516,  0.000,  0.000
  0.018,300.516,  0.000,  0.000
  0.018,300.517,  0.000,  0.000
  0.018,300.519,  0.000,  0.000
  0.018,300.522,  0.000,  0.000
  0.018,300.524,  0.000,  0.000
  0.018,300.525,  0.000,  0.000
  0.018,300.526,  0.000,  0.000
  0.018,300.527,  0.000,  0.000
  0.018,300.526,  0.000,  0.000
  0.018,300.568,  0.000,  0.000
  0.018,300.567,  0.000,  0.000
  0.018,300.566,  0.000,  0.000
  0.018,300.564,  0.000,  0.000
  0.018,300.560,  0.000,  0.000
  0.018,300.555,  0.000,  0.000
  0.018,300.551,  0.000,  0.000
  0.018,300.547,  0.000,  0.000
  0.018,300.546,  0.000,  0.000
  0.018,300.545,  0.000,  0.000
  0.018,300.544,  0.000,  0.000
  0.018,300.543,  0.000,  0.000
  0.018,300.542,  0.000,  0.000
  0.018,300.542,  0.000,  0.000
  0.018,300.541,  0.000,  0.000
  0.018,300.542,  0.000,  0.000
  0.018,300.545,  0.000,  0.000
  0.018,300.549,  0.000,  0.000
  0.018,300.553,  0.000,  0.000
  0.018,300.553,  0.000,  0.000
  0.018,300.553,  0.000,  0.000
  0.018,300.556,  0.000,  0.000
  0.018,300.558,  0.000,  0.000
  0.018,300.560,  0.000,  0.000
  0.018,300.560,  0.000,  0.000
