  0.016,298.267,  0.000,  0.000
  0.016,298.330,  0.000,  0.000
  0.016,298.368,  0.000,  0.000
  0.016,298.331,  0.000,  0.000
  0.016,298.244,  0.000,  0.000
  0.016,298.188,  0.000,  0.000
  0.016,298.216,  0.000,  0.000
  0.016,298.282,  0.000,  0.000
  0.016,298.288,  0.000,  0.000
  0.016,298.202,  0.000,  0.000
  0.016,298.055,  0.000,  0.000
  0.016,297.991,  0.000,  0.000
  0.016,298.062,  0.000,  0.000
  0.016,298.151,  0.000,  0.000
  0.016,298.170,  0.000,  0.000
  0.016,298.118,  0.000,  0.000
  0.016,298.085,  0.000,  0.000
  0.016,298.141,  0.000,  0.000
  0.016,298.215,  0.000,  0.000
  0.016,298.230,  0.000,  0.000
  0.016,298.197,  0.000,  0.000
  0.016,298.162,  0.000,  0.000
  0.016,298.184,  0.000,  0.000
  0.016,298.237,  0.000,  0.000
  0.016,298.194,  0.000,  0.000
  0.016,298.287,  0.000,  0.000
  0.016,298.327,  0.000,  0.000
  0.016,298.303,  0.000,  0.000
  0.016,298.231,  0.000,  0.000
  0.016,298.200,  0.000,  0.000
  0.016,298.230,  0.000,  0.000
  0.016,298.231,  0.000,  0.000
  0.016,298.126,  0.000,  0.000
  0.016,297.982,  0.000,  0.000
  0.016,297.989,  0.000,  0.000
  0.016,298.020,  0.000,  0.000
  0.016,298.014,  0.000,  0.000
  0.016,298.101,  0.000,  0.000
  0.016,298.222,  0.000,  0.000
  0.016,298.259,  0.000,  0.000
  0.016,298.237,  0.000,  0.000
  0.016,298.199,  0.000,  0.000
  0.016,298.167,  0.000,  0.000
  0.016,298.154,  0.000,  0.000
  0.016,298.166,  0.000,  0.000
  0.016,298.207,  0.000,  0.000
  0.016,298.225,  0.000,  0.000
  0.016,298.145,  0.000,  0.000
  0.016,298.031,  0.000,  0.000
  0.016,298.004,  0.000,  0.000
  0.016,298.300,  0.000,  0.000
  0.016,298.250,  0.000,  0.000
  0.016,298.132,  0.000,  0.000
  0.016,298.004,  0.000,  0.000
  0.016,297.885,  0.000,  0.000
  0.016,297.801,  0.000,  0.000
  0.016,297.772,  0.000,  0.000
  0.016,297.800,  0.000,  0.000
  0.016,297.905,  0.000,  0.000
  0.016,298.058,  0.000,  0.000
  0.016,298.141,  0.000,  0.000
  0.016,298.183,  0.000,  0.000
  0.016,298.241,  0.000,  0.000
  0.016,298.317,  0.000,  0.000
  0.016,298.309,  0.000,  0.000
  0.016,298.219,  0.000,  0.000
  0.016,298.142,  0.000,  0.000
  0.016,298.139,  0.000,  0.000
  0.016,298.158,  0.000,  0.000
  0.016,298.191,  0.000,  0.000
  0.016,298.230,  0.000,  0.000
  0.016,298.184,  0.000,  0.000
  0.016,298.028,  0.000,  0.000
  0.016,297.932,  0.000,  0.000
  0.016,298.013,  0.000,  0.000
  0.016,298.309,  0.000,  0.000
  0.016,298.190,  0.000,  0.000
  0.016,298.048,  0.000,  0.000
  0.016,297.942,  0.000,  0.000
  0.016,297.863,  0.000,  0.000
  0.016,297.803,  0.000,  0.000
  0.016,297.804,  0.000,  0.000
  0.016,297.885,  0.000,  0.000
  0.016,298.057,  0.000,  0.000
  0.016,298.231,  0.000,  0.000
  0.016,298.334,  0.000,  0.000
  0.016,298.369,  0.000,  0.000
  0.016,298.347,  0.000,  0.000
  0.016,298.241,  0.000,  0.000
  0.016,298.105,  0.000,  0.000
  0.016,298.074,  0.000,  0.000
  0.016,298.132,  0.000,  0.000
  0.016,298.231,  0.000,  0.000
  0.016,298.294,  0.000,  0.000
  0.016,298.304,  0.000,  0.000
  0.016,298.275,  0.000,  0.000
  0.016,298.200,  0.000,  0.000
  0.016,298.103,  0.000,  0.000
  0.016,298.100,  0.000,  0.000
  0.016,298.214,  0.000,  0.000
  0.016,298.240,  0.000,  0.000
  0.016,298.192,  0.000,  0.000
  0.016,298.109,  0.000,  0.000
  0.016,298.039,  0.000,  0.000
  0.016,298.040,  0.000,  0.000
  0.016,298.078,  0.000,  0.000
  0.016,298.120,  0.000,  0.000
  0.016,298.188,  0.000,  0.000
  0.016,298.294,  0.000,  0.000
  0.016,298.395,  0.000,  0.000
  0.016,298.429,  0.000,  0.000
  0.016,298.399,  0.000,  0.000
  0.016,298.325,  0.000,  0.000
  0.016,298.206,  0.000,  0.000
  0.016,298.092,  0.000,  0.000
  0.016,298.099,  0.000,  0.000
  0.016,298.230,  0.000,  0.000
  0.016,298.344,  0.000,  0.000
  0.016,298.374,  0.000,  0.000
  0.016,298.356,  0.000,  0.000
  0.016,298.308,  0.000,  0.000
  0.016,298.228,  0.000,  0.000
  0.016,298.169,  0.000,  0.000
  0.016,298.223,  0.000,  0.000
  0.016,298.340,  0.000,  0.000
  0.016,298.169,  0.000,  0.000
  0.016,298.250,  0.000,  0.000
  0.016,298.279,  0.000,  0.000
  0.016,298.254,  0.000,  0.000
  0.016,298.246,  0.000,  0.000
  0.016,298.287,  0.000,  0.000
  0.016,298.353,  0.000,  0.000
  0.016,298.415,  0.000,  0.000
  0.016,298.443,  0.000,  0.000
  0.016,298.415,  0.000,  0.000
  0.016,298.363,  0.000,  0.000
  0.016,298.332,  0.000,  0.000
  0.016,298.296,  0.000,  0.000
  0.016,298.239,  0.000,  0.000
  0.016,298.215,  0.000,  0.000
  0.016,298.257,  0.000,  0.000
  0.016,298.340,  0.000,  0.000
  0.016,298.373,  0.000,  0.000
  0.016,298.345,  0.000,  0.000
  0.016,298.329,  0.000,  0.000
  0.016,298.342,  0.000,  0.000
  0.016,298.355,  0.000,  0.000
  0.016,298.357,  0.000,  0.000
  0.016,298.367,  0.000,  0.000
  0.016,298.373,  0.000,  0.000
  0.016,298.174,  0.000,  0.000
  0.016,298.304,  0.000,  0.000
  0.016,298.420,  0.000,  0.000
  0.016,298.460,  0.000,  0.000
  0.016,298.455,  0.000,  0.000
  0.016,298.464,  0.000,  0.000
  0.016,298.478,  0.000,  0.000
  0.016,298.453,  0.000,  0.000
  0.016,298.397,  0.000,  0.000
  0.016,298.347,  0.000,  0.000
  0.016,298.331,  0.000,  0.000
  0.016,298.334,  0.000,  0.000
  0.016,298.334,  0.000,  0.000
  0.016,298.327,  0.000,  0.000
  0.016,298.350,  0.000,  0.000
  0.016,298.395,  0.000,  0.000
  0.016,298.411,  0.000,  0.000
  0.016,298.375,  0.000,  0.000
  0.016,298.342,  0.000,  0.000
  0.016,298.351,  0.000,  0.000
  0.016,298.364,  0.000,  0.000
  0.016,298.327,  0.000,  0.000
  0.016,298.266,  0.000,  0.000
  0.016,298.279,  0.000,  0.000
  0.016,298.350,  0.000,  0.000
  0.016,298.332,  0.000,  0.000
  0.016,298.374,  0.000,  0.000
  0.016,298.438,  0.000,  0.000
  0.016,298.511,  0.000,  0.000
  0.016,298.534,  0.000,  0.000
  0.016,298.495,  0.000,  0.000
  0.016,298.450,  0.000,  0.000
  0.016,298.403,  0.000,  0.000
  0.016,298.351,  0.000,  0.000
  0.016,298.321,  0.000,  0.000
  0.016,298.331,  0.000,  0.000
  0.016,298.370,  0.000,  0.000
  0.016,298.410,  0.000,  0.000
  0.016,298.445,  0.000,  0.000
  0.016,298.464,  0.000,  0.000
  0.016,298.441,  0.000,  0.000
  0.016,298.397,  0.000,  0.000
  0.016,298.384,  0.000,  0.000
  0.016,298.387,  0.000,  0.000
  0.016,298.353,  0.000,  0.000
  0.016,298.246,  0.000,  0.000
  0.016,298.069,  0.000,  0.000
  0.016,297.953,  0.000,  0.000
  0.016,298.060,  0.000,  0.000
  0.016,298.306,  0.000,  0.000
  0.016,298.492,  0.000,  0.000
  0.016,298.408,  0.000,  0.000
  0.016,298.397,  0.000,  0.000
  0.016,298.435,  0.000,  0.000
  0.016,298.398,  0.000,  0.000
  0.016,298.329,  0.000,  0.000
  0.016,298.330,  0.000,  0.000
  0.016,298.384,  0.000,  0.000
  0.016,298.395,  0.000,  0.000
  0.016,298.362,  0.000,  0.000
  0.016,298.350,  0.000,  0.000
  0.016,298.387,  0.000,  0.000
  0.016,298.441,  0.000,  0.000
  0.016,298.476,  0.000,  0.000
  0.016,298.509,  0.000,  0.000
  0.016,298.533,  0.000,  0.000
  0.016,298.495,  0.000,  0.000
  0.016,298.432,  0.000,  0.000
  0.016,298.393,  0.000,  0.000
  0.016,298.333,  0.000,  0.000
  0.016,298.180,  0.000,  0.000
  0.017,297.969,  0.000,  0.000
  0.017,297.862,  0.000,  0.000
  0.016,297.947,  0.000,  0.000
  0.016,298.135,  0.000,  0.000
  0.016,298.599,  0.000,  0.000
  0.016,298.512,  0.000,  0.000
  0.016,298.441,  0.000,  0.000
  0.016,298.369,  0.000,  0.000
  0.016,298.271,  0.000,  0.000
  0.016,298.209,  0.000,  0.000
  0.016,298.252,  0.000,  0.000
  0.016,298.382,  0.000,  0.000
  0.016,298.477,  0.000,  0.000
  0.016,298.442,  0.000,  0.000
  0.016,298.367,  0.000,  0.000
  0.016,298.361,  0.000,  0.000
  0.016,298.426,  0.000,  0.000
  0.016,298.515,  0.000,  0.000
  0.016,298.550,  0.000,  0.000
  0.016,298.442,  0.000,  0.000
  0.016,298.335,  0.000,  0.000
  0.016,298.396,  0.000,  0.000
  0.016,298.467,  0.000,  0.000
  0.016,298.413,  0.000,  0.000
  0.017,298.285,  0.000,  0.000
  0.017,298.127,  0.000,  0.000
  0.017,298.005,  0.000,  0.000
  0.016,297.976,  0.000,  0.000
  0.016,298.043,  0.000,  0.000
  0.016,298.588,  0.000,  0.000
  0.016,298.545,  0.000,  0.000
  0.016,298.480,  0.000,  0.000
  0.016,298.379,  0.000,  0.000
  0.016,298.273,  0.000,  0.000
  0.016,298.236,  0.000,  0.000
  0.016,298.313,  0.000,  0.000
  0.016,298.464,  0.000,  0.000
  0.016,298.557,  0.000,  0.000
  0.016,298.516,  0.000,  0.000
  0.016,298.431,  0.000,  0.000
  0.016,298.430,  0.000,  0.000
  0.016,298.476,  0.000,  0.000
  0.016,298.372,  0.000,  0.000
  0.017,298.056,  0.000,  0.000
  0.017,297.837,  0.000,  0.000
  0.016,297.985,  0.000,  0.000
  0.016,298.319,  0.000,  0.000
  0.016,298.560,  0.000,  0.000
  0.016,298.608,  0.000,  0.000
  0.016,298.504,  0.000,  0.000
  0.017,298.369,  0.000,  0.000
  0.017,298.242,  0.000,  0.000
  0.017,298.173,  0.000,  0.000
  0.016,298.203,  0.000,  0.000
  0.016,298.438,  0.000,  0.000
  0.016,298.433,  0.000,  0.000
  0.016,298.462,  0.000,  0.000
  0.016,298.465,  0.000,  0.000
  0.017,298.420,  0.000,  0.000
  0.016,298.394,  0.000,  0.000
  0.016,298.442,  0.000,  0.000
  0.016,298.523,  0.000,  0.000
  0.016,298.573,  0.000,  0.000
  0.016,298.582,  0.000,  0.000
  0.016,298.568,  0.000,  0.000
  0.016,298.524,  0.000,  0.000
  0.016,298.340,  0.000,  0.000
  0.017,297.985,  0.000,  0.000
  0.017,297.675,  0.000,  0.000
  0.017,297.636,  0.000,  0.000
  0.017,297.846,  0.000,  0.000
  0.016,298.302,  0.000,  0.000
  0.016,298.634,  0.000,  0.000
  0.016,298.623,  0.000,  0.000
  0.016,298.521,  0.000,  0.000
  0.016,298.469,  0.000,  0.000
  0.016,298.429,  0.000,  0.000
  0.016,298.423,  0.000,  0.000
  0.016,298.465,  0.000,  0.000
  0.016,298.322,  0.000,  0.000
  0.016,298.340,  0.000,  0.000
  0.016,298.432,  0.000,  0.000
  0.016,298.552,  0.000,  0.000
  0.016,298.586,  0.000,  0.000
  0.016,298.520,  0.000,  0.000
  0.016,298.458,  0.000,  0.000
  0.016,298.470,  0.000,  0.000
  0.016,298.533,  0.000,  0.000
  0.016,298.604,  0.000,  0.000
  0.016,298.600,  0.000,  0.000
  0.016,298.425,  0.000,  0.000
  0.017,298.134,  0.000,  0.000
  0.016,297.879,  0.000,  0.000
  0.016,297.727,  0.000,  0.000
  0.017,297.740,  0.000,  0.000
  0.017,298.007,  0.000,  0.000
  0.017,298.448,  0.000,  0.000
  0.016,298.630,  0.000,  0.000
  0.016,298.545,  0.000,  0.000
  0.016,298.516,  0.000,  0.000
  0.016,298.524,  0.000,  0.000
  0.016,298.524,  0.000,  0.000
  0.016,298.551,  0.000,  0.000
  0.016,298.591,  0.000,  0.000
  0.016,298.288,  0.000,  0.000
  0.016,298.325,  0.000,  0.000
  0.016,298.454,  0.000,  0.000
  0.016,298.604,  0.000,  0.000
  0.016,298.646,  0.000,  0.000
  0.016,298.565,  0.000,  0.000
  0.016,298.478,  0.000,  0.010
  0.016,298.478,  0.000,  0.010
  0.016,298.538,  0.000,  0.010
  0.016,298.582,  0.000,  0.000
  0.016,298.497,  0.000,  0.000
  0.017,298.285,  0.000,  0.000
  0.017,298.078,  0.000,  0.000
  0.016,297.930,  0.000,  0.000
  0.016,297.865,  0.000,  0.000
  0.017,297.989,  0.000,  0.000
  0.017,298.363,  0.000,  0.000
  0.016,298.648,  0.000,  0.000
  0.016,298.599,  0.000,  0.000
  0.016,298.517,  0.000,  0.000
  0.016,298.553,  0.000,  0.000
  0.016,298.605,  0.000,  0.000
  0.016,298.635,  0.000,  0.000
  0.016,298.626,  0.000,  0.000
  0.016,298.554,  0.000,  0.000
  0.017,298.375,  0.000,  0.000
  0.016,298.404,  0.000,  0.000
  0.016,298.511,  0.000,  0.000
  0.016,298.611,  0.000,  0.000
  0.016,298.625,  0.000,  0.000
  0.016,298.564,  0.000,  0.000
  0.016,298.498,  0.000,  0.010
  0.016,298.495,  0.000,  0.010
  0.016,298.548,  0.000,  0.010
  0.016,298.544,  0.000,  0.000
  0.016,298.413,  0.000,  0.000
  0.016,298.237,  0.000,  0.000
  0.016,298.091,  0.000,  0.000
  0.016,298.013,  0.000,  0.000
  0.017,298.081,  0.000,  0.000
  0.016,298.367,  0.000,  0.000
  0.016,298.651,  0.000,  0.000
  0.016,298.677,  0.000,  0.000
  0.016,298.613,  0.000,  0.000
  0.016,298.623,  0.000,  0.000
  0.016,298.640,  0.000,  0.000
  0.016,298.605,  0.000,  0.000
  0.016,298.496,  0.000,  0.000
  0.016,298.274,  0.000,  0.000
  0.017,297.975,  0.000,  0.000
