  0.020,301.819,  0.000,  0.000
  0.020,301.823,  0.000,  0.000
  0.020,301.826,  0.000,  0.000
  0.020,301.829,  0.000,  0.000
  0.020,301.832,  0.000,  0.000
  0.020,301.835,  0.000,  0.000
  0.020,301.837,  0.000,  0.010
  0.020,301.837,  0.000,  0.010
  0.020,301.837,  0.000,  0.010
  0.020,301.840,  0.000,  0.000
  0.020,301.849,  0.000,  0.000
  0.020,301.859,  0.000,  0.000
  0.020,301.865,  0.000,  0.000
  0.020,301.871,  0.000,  0.000
  0.020,301.880,  0.000,  0.000
  0.020,301.882,  0.000,  0.000
  0.020,301.874,  0.000,  0.020
  0.020,301.878,  0.000,  0.020
  0.020,301.899,  0.000,  0.020
  0.021,301.879,  0.000,  0.020
  0.020,301.788,  0.000,  0.010
  0.020,301.675,  0.000,  0.010
  0.020,301.609,  0.000,  0.010
  0.020,301.633,  0.000,  0.000
  0.020,301.752,  0.000,  0.000
  0.020,301.820,  0.000,  0.000
  0.020,301.824,  0.000,  0.000
  0.020,301.827,  0.000,  0.000
  0.020,301.830,  0.000,  0.000
  0.020,301.833,  0.000,  0.000
  0.020,301.837,  0.000,  0.000
  0.020,301.838,  0.000,  0.000
  0.020,301.837,  0.000,  0.000
  0.020,301.837,  0.000,  0.000
  0.020,301.842,  0.000,  0.000
  0.020,301.853,  0.000,  0.000
  0.020,301.862,  0.000,  0.000
  0.020,301.868,  0.000,  0.000
  0.020,301.875,  0.000,  0.000
  0.020,301.878,  0.000,  0.000
  0.020,301.870,  0.000,  0.000
  0.020,301.862,  0.000,  0.020
  0.020,301.876,  0.000,  0.020
  0.020,301.905,  0.000,  0.020
  0.020,301.896,  0.000,  0.020
  0.020,301.809,  0.000,  0.000
  0.020,301.671,  0.000,  0.000
  0.020,301.593,  0.000,  0.000
  0.020,301.668,  0.000,  0.000
  0.020,301.867,  0.000,  0.000
  0.020,301.821,  0.000,  0.000
  0.020,301.825,  0.000,  0.000
  0.020,301.828,  0.000,  0.000
  0.020,301.831,  0.000,  0.000
  0.020,301.835,  0.000,  0.000
  0.020,301.837,  0.000,  0.000
  0.020,301.838,  0.000,  0.000
  0.020,301.837,  0.000,  0.000
  0.020,301.839,  0.000,  0.000
  0.020,301.846,  0.000,  0.000
  0.020,301.857,  0.000,  0.000
  0.020,301.865,  0.000,  0.000
  0.020,301.870,  0.000,  0.000
  0.020,301.875,  0.000,  0.000
  0.020,301.872,  0.000,  0.000
  0.020,301.863,  0.000,  0.000
  0.020,301.867,  0.000,  0.020
  0.020,301.893,  0.000,  0.020
  0.020,301.924,  0.000,  0.020
  0.020,301.921,  0.000,  0.020
  0.020,301.849,  0.000,  0.000
  0.020,301.741,  0.000,  0.000
  0.021,301.746,  0.000,  0.000
  0.020,301.875,  0.000,  0.000
  0.020,301.950,  0.000,  0.000
  0.020,301.823,  0.000,  0.000
  0.020,301.826,  0.000,  0.000
  0.020,301.829,  0.000,  0.000
  0.020,301.832,  0.000,  0.000
  0.020,301.835,  0.000,  0.000
  0.020,301.838,  0.000,  0.000
  0.020,301.838,  0.000,  0.000
  0.020,301.837,  0.000,  0.000
  0.020,301.841,  0.000,  0.000
  0.020,301.851,  0.000,  0.000
  0.020,301.860,  0.000,  0.000
  0.020,301.867,  0.000,  0.000
  0.020,301.872,  0.000,  0.000
  0.020,301.874,  0.000,  0.000
  0.020,301.869,  0.000,  0.000
  0.020,301.868,  0.000,  0.000
  0.020,301.889,  0.000,  0.020
  0.020,301.920,  0.000,  0.020
  0.020,301.932,  0.000,  0.020
  0.020,301.927,  0.000,  0.020
  0.021,301.929,  0.000,  0.000
  0.021,301.943,  0.000,  0.000
  0.021,301.968,  0.000,  0.000
  0.020,301.963,  0.000,  0.000
  0.020,301.890,  0.000,  0.000
  0.020,301.824,  0.000,  0.000
  0.020,301.827,  0.000,  0.000
  0.020,301.830,  0.000,  0.000
  0.020,301.833,  0.000,  0.000
  0.020,301.836,  0.000,  0.000
  0.020,301.837,  0.000,  0.000
  0.020,301.837,  0.000,  0.000
  0.020,301.839,  0.000,  0.000
  0.020,301.845,  0.000,  0.000
  0.020,301.854,  0.000,  0.000
  0.020,301.861,  0.000,  0.000
  0.020,301.868,  0.000,  0.000
  0.020,301.874,  0.000,  0.000
  0.020,301.876,  0.000,  0.000
  0.020,301.874,  0.000,  0.000
  0.020,301.885,  0.000,  0.000
  0.020,301.914,  0.000,  0.020
  0.020,301.932,  0.000,  0.020
  0.020,301.928,  0.000,  0.020
  0.021,301.926,  0.000,  0.020
  0.021,301.930,  0.000,  0.000
  0.021,301.930,  0.000,  0.000
  0.020,301.927,  0.000,  0.000
  0.020,301.895,  0.000,  0.000
  0.020,301.849,  0.000,  0.000
  0.020,301.824,  0.000,  0.000
  0.020,301.827,  0.000,  0.000
  0.020,301.831,  0.000,  0.000
  0.020,301.834,  0.000,  0.000
  0.020,301.836,  0.000,  0.000
  0.020,301.837,  0.000,  0.000
  0.020,301.838,  0.000,  0.000
  0.020,301.842,  0.000,  0.000
  0.020,301.849,  0.000,  0.000
  0.020,301.856,  0.000,  0.000
  0.020,301.864,  0.000,  0.000
  0.020,301.872,  0.000,  0.000
  0.020,301.877,  0.000,  0.000
  0.020,301.878,  0.000,  0.000
  0.020,301.885,  0.000,  0.000
  0.020,301.908,  0.000,  0.000
  0.020,301.925,  0.000,  0.000
  0.020,301.926,  0.000,  0.000
  0.021,301.926,  0.000,  0.000
  0.021,301.904,  0.000,  0.000
  0.021,301.822,  0.000,  0.000
  0.021,301.774,  0.000,  0.000
  0.020,301.786,  0.000,  0.000
  0.020,301.839,  0.000,  0.000
  0.020,301.866,  0.000,  0.000
  0.020,301.825,  0.000,  0.000
  0.020,301.828,  0.000,  0.000
  0.020,301.832,  0.000,  0.000
  0.020,301.834,  0.000,  0.000
  0.020,301.836,  0.000,  0.000
  0.020,301.837,  0.000,  0.000
  0.020,301.839,  0.000,  0.000
  0.020,301.845,  0.000,  0.000
  0.020,301.852,  0.000,  0.000
  0.020,301.859,  0.000,  0.000
  0.020,301.867,  0.000,  0.000
  0.020,301.875,  0.000,  0.000
  0.020,301.878,  0.000,  0.000
  0.020,301.883,  0.000,  0.000
  0.020,301.899,  0.000,  0.000
  0.020,301.912,  0.000,  0.000
  0.021,301.914,  0.000,  0.000
  0.020,301.917,  0.000,  0.000
  0.021,301.918,  0.000,  0.000
  0.021,301.851,  0.000,  0.000
  0.021,301.755,  0.000,  0.000
  0.020,301.700,  0.000,  0.000
  0.020,301.679,  0.000,  0.000
  0.020,301.733,  0.000,  0.000
  0.020,301.860,  0.000,  0.000
  0.020,301.826,  0.000,  0.000
  0.020,301.829,  0.000,  0.000
  0.020,301.832,  0.000,  0.000
  0.020,301.835,  0.000,  0.000
  0.020,301.837,  0.000,  0.000
  0.020,301.838,  0.000,  0.000
  0.020,301.841,  0.000,  0.000
  0.020,301.848,  0.000,  0.000
  0.020,301.855,  0.000,  0.000
  0.020,301.862,  0.000,  0.000
  0.020,301.868,  0.000,  0.000
  0.020,301.875,  0.000,  0.000
  0.020,301.884,  0.000,  0.000
  0.020,301.894,  0.000,  0.000
  0.020,301.897,  0.000,  0.000
  0.021,301.890,  0.000,  0.000
  0.020,301.894,  0.000,  0.000
  0.020,301.918,  0.000,  0.000
  0.021,301.915,  0.000,  0.000
  0.021,301.838,  0.000,  0.000
  0.020,301.755,  0.000,  0.000
  0.020,301.672,  0.000,  0.000
  0.020,301.615,  0.000,  0.000
  0.020,301.653,  0.000,  0.000
  0.021,301.836,  0.000,  0.000
  0.020,301.826,  0.000,  0.000
  0.020,301.830,  0.000,  0.000
  0.020,301.833,  0.000,  0.000
  0.020,301.836,  0.000,  0.000
  0.020,301.837,  0.000,  0.000
  0.020,301.839,  0.000,  0.000
  0.020,301.844,  0.000,  0.000
  0.020,301.851,  0.000,  0.000
  0.020,301.857,  0.000,  0.000
  0.020,301.862,  0.000,  0.000
  0.020,301.869,  0.000,  0.000
  0.020,301.882,  0.000,  0.000
  0.020,301.895,  0.000,  0.000
  0.020,301.898,  0.000,  0.000
  0.020,301.884,  0.000,  0.000
  0.020,301.871,  0.000,  0.000
  0.020,301.888,  0.000,  0.000
  0.020,301.929,  0.000,  0.000
  0.021,301.935,  0.000,  0.000
  0.021,301.865,  0.000,  0.000
  0.020,301.766,  0.000,  0.000
  0.020,301.683,  0.000,  0.000
  0.020,301.618,  0.000,  0.000
  0.020,301.678,  0.000,  0.000
  0.021,301.910,  0.000,  0.000
  0.020,301.827,  0.000,  0.000
  0.020,301.830,  0.000,  0.000
  0.020,301.833,  0.000,  0.000
  0.020,301.836,  0.000,  0.000
  0.020,301.837,  0.000,  0.000
  0.020,301.840,  0.000,  0.000
  0.020,301.846,  0.000,  0.000
  0.020,301.852,  0.000,  0.000
  0.020,301.857,  0.000,  0.000
  0.020,301.863,  0.000,  0.000
  0.020,301.874,  0.000,  0.000
  0.020,301.890,  0.000,  0.000
  0.020,301.900,  0.000,  0.000
  0.020,301.896,  0.000,  0.000
  0.020,301.886,  0.000,  0.000
  0.020,301.884,  0.000,  0.000
  0.020,301.903,  0.000,  0.000
  0.020,301.939,  0.000,  0.000
  0.020,301.959,  0.000,  0.000
  0.021,301.913,  0.000,  0.000
  0.021,301.827,  0.000,  0.000
  0.020,301.734,  0.000,  0.000
  0.020,301.695,  0.000,  0.000
  0.020,301.813,  0.000,  0.000
  0.021,302.030,  0.000,  0.000
  0.020,301.826,  0.000,  0.000
  0.020,301.830,  0.000,  0.000
  0.020,301.833,  0.000,  0.000
  0.020,301.835,  0.000,  0.000
  0.020,301.837,  0.000,  0.000
  0.020,301.840,  0.000,  0.000
  0.020,301.846,  0.000,  0.000
  0.020,301.852,  0.000,  0.000
  0.020,301.859,  0.000,  0.000
  0.020,301.867,  0.000,  0.000
  0.020,301.879,  0.000,  0.000
  0.020,301.894,  0.000,  0.000
  0.020,301.902,  0.000,  0.000
  0.020,301.903,  0.000,  0.000
  0.020,301.902,  0.000,  0.000
  0.021,301.905,  0.000,  0.000
  0.020,301.922,  0.000,  0.000
  0.020,301.952,  0.000,  0.000
  0.021,301.956,  0.000,  0.000
  0.021,301.924,  0.000,  0.000
  0.021,301.904,  0.000,  0.000
  0.021,301.877,  0.000,  0.000
  0.021,301.919,  0.000,  0.000
  0.021,302.022,  0.000,  0.000
  0.021,302.093,  0.000,  0.000
  0.020,301.824,  0.000,  0.000
  0.020,301.827,  0.000,  0.000
  0.020,301.831,  0.000,  0.000
  0.020,301.833,  0.000,  0.000
  0.020,301.835,  0.000,  0.000
  0.020,301.839,  0.000,  0.000
  0.020,301.846,  0.000,  0.000
  0.020,301.852,  0.000,  0.000
  0.020,301.859,  0.000,  0.000
  0.020,301.868,  0.000,  0.000
  0.020,301.879,  0.000,  0.000
  0.020,301.891,  0.000,  0.000
  0.020,301.902,  0.000,  0.000
  0.020,301.903,  0.000,  0.000
  0.021,301.896,  0.000,  0.000
  0.020,301.901,  0.000,  0.000
  0.020,301.930,  0.000,  0.000
  0.021,301.939,  0.000,  0.000
  0.021,301.853,  0.000,  0.000
  0.021,301.799,  0.000,  0.000
  0.020,301.838,  0.000,  0.000
  0.020,301.947,  0.000,  0.000
  0.021,302.051,  0.000,  0.000
  0.021,302.064,  0.000,  0.000
  0.021,302.071,  0.000,  0.000
  0.020,301.821,  0.000,  0.000
  0.020,301.825,  0.000,  0.000
  0.020,301.828,  0.000,  0.000
  0.020,301.830,  0.000,  0.000
  0.020,301.832,  0.000,  0.000
  0.020,301.838,  0.000,  0.000
  0.020,301.845,  0.000,  0.000
  0.020,301.851,  0.000,  0.000
  0.020,301.858,  0.000,  0.000
  0.020,301.867,  0.000,  0.000
  0.020,301.878,  0.000,  0.000
  0.020,301.890,  0.000,  0.000
  0.020,301.897,  0.000,  0.000
  0.020,301.887,  0.000,  0.000
  0.020,301.877,  0.000,  0.000
  0.020,301.893,  0.000,  0.000
  0.020,301.937,  0.000,  0.000
  0.021,301.901,  0.000,  0.000
  0.021,301.761,  0.000,  0.000
  0.020,301.666,  0.000,  0.000
  0.020,301.702,  0.000,  0.000
  0.020,301.845,  0.000,  0.000
  0.021,302.011,  0.000,  0.000
  0.021,302.064,  0.000,  0.000
  0.021,302.067,  0.000,  0.000
  0.020,301.817,  0.000,  0.000
  0.020,301.821,  0.000,  0.000
  0.020,301.824,  0.000,  0.000
  0.020,301.826,  0.000,  0.000
  0.020,301.829,  0.000,  0.000
  0.020,301.835,  0.000,  0.000
  0.020,301.842,  0.000,  0.000
  0.020,301.848,  0.000,  0.000
  0.020,301.855,  0.000,  0.000
  0.020,301.865,  0.000,  0.000
  0.020,301.878,  0.000,  0.000
  0.020,301.889,  0.000,  0.000
  0.020,301.886,  0.000,  0.000
  0.020,301.875,  0.000,  0.130
  0.020,301.877,  0.000,  0.130
  0.020,301.908,  0.000,  0.130
  0.020,301.945,  0.000,  0.000
  0.021,301.909,  0.000,  0.000
  0.020,301.785,  0.000,  0.000
  0.020,301.666,  0.000,  0.000
  0.020,301.673,  0.000,  0.000
  0.020,301.855,  0.000,  0.000
  0.021,302.051,  0.000,  0.000
  0.021,302.088,  0.000,  0.000
  0.021,302.072,  0.000,  0.000
  0.020,301.812,  0.000,  0.000
  0.020,301.816,  0.000,  0.000
  0.020,301.819,  0.000,  0.000
  0.020,301.821,  0.000,  0.000
  0.020,301.826,  0.000,  0.000
  0.020,301.832,  0.000,  0.000
  0.020,301.838,  0.000,  0.000
  0.020,301.844,  0.000,  0.000
  0.020,301.852,  0.000,  0.000
  0.020,301.866,  0.000,  0.000
  0.020,301.881,  0.000,  0.000
  0.020,301.885,  0.000,  0.000
  0.020,301.878,  0.000,  0.000
  0.020,301.878,  0.000,  0.130
  0.020,301.898,  0.000,  0.130
  0.020,301.928,  0.000,  0.130
  0.020,301.948,  0.000,  0.000
  0.020,301.947,  0.000,  0.000
  0.020,301.901,  0.000,  0.000
  0.020,301.835,  0.000,  0.000
  0.021,301.867,  0.000,  0.000
  0.021,302.004,  0.000,  0.000
  0.021,302.078,  0.000,  0.000
  0.021,302.079,  0.000,  0.000
  0.021,302.093,  0.000,  0.000
