  0.020,301.442,  0.000,  0.000
  0.020,301.517,  0.000,  0.000
  0.020,301.558,  0.000,  0.010
  0.020,301.471,  0.000,  0.010
  0.020,301.449,  0.000,  0.010
  0.020,301.486,  0.000,  0.010
  0.020,301.566,  0.000,  0.000
  0.020,301.531,  0.000,  0.000
  0.020,301.485,  0.000,  0.000
  0.020,301.530,  0.000,  0.000
  0.020,301.531,  0.000,  0.000
  0.020,301.531,  0.000,  0.000
  0.020,301.506,  0.000,  0.000
  0.020,301.509,  0.000,  0.000
  0.020,301.505,  0.000,  0.000
  0.020,301.456,  0.000,  0.000
  0.020,301.479,  0.000,  0.000
  0.020,301.476,  0.000,  0.000
  0.020,301.501,  0.000,  0.000
  0.020,301.461,  0.000,  0.000
  0.019,301.426,  0.000,  0.000
  0.020,301.426,  0.000,  0.000
  0.020,301.418,  0.000,  0.000
  0.020,301.394,  0.000,  0.000
  0.020,301.415,  0.000,  0.000
  0.020,301.440,  0.000,  0.000
  0.020,301.517,  0.000,  0.000
  0.020,301.604,  0.000,  0.000
  0.020,301.627,  0.000,  0.000
  0.020,301.624,  0.000,  0.000
  0.020,301.600,  0.000,  0.000
  0.020,301.543,  0.000,  0.000
  0.020,301.481,  0.000,  0.000
  0.020,301.478,  0.000,  0.000
  0.020,301.512,  0.000,  0.000
  0.020,301.520,  0.000,  0.000
  0.020,301.505,  0.000,  0.000
  0.020,301.498,  0.000,  0.000
  0.020,301.506,  0.000,  0.000
  0.020,301.508,  0.000,  0.000
  0.020,301.451,  0.000,  0.000
  0.020,301.464,  0.000,  0.000
  0.020,301.470,  0.000,  0.000
  0.019,301.492,  0.000,  0.000
  0.019,301.453,  0.000,  0.000
  0.020,301.424,  0.000,  0.000
  0.020,301.421,  0.000,  0.000
  0.019,301.399,  0.000,  0.000
  0.020,301.407,  0.000,  0.000
  0.020,301.418,  0.000,  0.000
  0.020,301.463,  0.000,  0.000
  0.020,301.535,  0.000,  0.000
  0.020,301.552,  0.000,  0.000
  0.020,301.549,  0.000,  0.000
  0.020,301.562,  0.000,  0.000
  0.020,301.533,  0.000,  0.000
  0.020,301.479,  0.000,  0.000
  0.020,301.481,  0.000,  0.000
  0.020,301.502,  0.000,  0.000
  0.020,301.494,  0.000,  0.000
  0.020,301.507,  0.000,  0.000
  0.020,301.479,  0.000,  0.000
  0.020,301.502,  0.000,  0.000
  0.020,301.500,  0.000,  0.000
  0.020,301.504,  0.000,  0.000
  0.020,301.468,  0.000,  0.000
  0.020,301.464,  0.000,  0.000
  0.020,301.441,  0.000,  0.000
  0.019,301.477,  0.000,  0.000
  0.019,301.447,  0.000,  0.000
  0.020,301.430,  0.000,  0.000
  0.020,301.404,  0.000,  0.000
  0.019,301.392,  0.000,  0.000
  0.020,301.419,  0.000,  0.000
  0.020,301.390,  0.000,  0.000
  0.020,301.507,  0.000,  0.000
  0.020,301.559,  0.000,  0.000
  0.020,301.534,  0.000,  0.000
  0.020,301.515,  0.000,  0.000
  0.020,301.504,  0.000,  0.000
  0.020,301.494,  0.000,  0.000
  0.020,301.481,  0.000,  0.000
  0.020,301.495,  0.000,  0.000
  0.020,301.503,  0.000,  0.000
  0.020,301.489,  0.000,  0.000
  0.020,301.498,  0.000,  0.000
  0.020,301.467,  0.000,  0.000
  0.020,301.497,  0.000,  0.000
  0.020,301.483,  0.000,  0.000
  0.019,301.475,  0.000,  0.000
  0.020,301.472,  0.000,  0.000
  0.020,301.457,  0.000,  0.000
  0.020,301.418,  0.000,  0.000
  0.019,301.457,  0.000,  0.000
  0.020,301.437,  0.000,  0.000
  0.020,301.430,  0.000,  0.000
  0.019,301.394,  0.000,  0.000
  0.020,301.392,  0.000,  0.000
  0.020,301.413,  0.000,  0.000
  0.019,301.360,  0.000,  0.000
  0.020,301.535,  0.000,  0.000
  0.020,301.531,  0.000,  0.000
  0.020,301.492,  0.000,  0.000
  0.020,301.510,  0.000,  0.000
  0.020,301.518,  0.000,  0.000
  0.020,301.496,  0.000,  0.000
  0.020,301.490,  0.000,  0.000
  0.020,301.485,  0.000,  0.000
  0.020,301.491,  0.000,  0.000
  0.020,301.503,  0.000,  0.000
  0.020,301.494,  0.000,  0.000
  0.020,301.475,  0.000,  0.000
  0.020,301.476,  0.000,  0.000
  0.020,301.456,  0.000,  0.000
  0.019,301.445,  0.000,  0.000
  0.020,301.463,  0.000,  0.000
  0.019,301.452,  0.000,  0.000
  0.020,301.429,  0.000,  0.000
  0.020,301.440,  0.000,  0.000
  0.020,301.431,  0.000,  0.000
  0.019,301.427,  0.000,  0.000
  0.019,301.395,  0.000,  0.000
  0.020,301.402,  0.000,  0.000
  0.019,301.391,  0.000,  0.000
  0.019,301.362,  0.000,  0.000
  0.020,301.522,  0.000,  0.000
  0.020,301.509,  0.000,  0.000
  0.020,301.470,  0.000,  0.000
  0.020,301.493,  0.000,  0.000
  0.020,301.508,  0.000,  0.000
  0.020,301.474,  0.000,  0.000
  0.020,301.489,  0.000,  0.000
  0.020,301.467,  0.000,  0.000
  0.020,301.480,  0.000,  0.000
  0.020,301.500,  0.000,  0.140
  0.019,301.490,  0.000,  0.140
  0.020,301.482,  0.000,  0.140
  0.020,301.444,  0.000,  0.140
  0.020,301.446,  0.000,  0.980
  0.020,301.434,  0.000,  0.980
  0.019,301.436,  0.000,  0.980
  0.019,301.456,  0.000,  2.020
  0.020,301.438,  0.000,  2.020
  0.020,301.434,  0.000,  2.020
  0.019,301.427,  0.000,  2.020
  0.019,301.422,  0.000,  0.000
  0.020,301.388,  0.000,  0.000
  0.020,301.378,  0.000,  0.000
  0.019,301.370,  0.000,  0.000
  0.019,301.371,  0.000,  0.000
  0.020,301.510,  0.000,  0.000
  0.020,301.506,  0.000,  0.000
  0.020,301.470,  0.000,  0.000
  0.020,301.490,  0.000,  0.000
  0.020,301.493,  0.000,  0.000
  0.020,301.474,  0.000,  0.000
  0.020,301.496,  0.000,  0.000
  0.020,301.460,  0.000,  0.000
  0.020,301.471,  0.000,  0.000
  0.020,301.492,  0.000,  0.140
  0.019,301.497,  0.000,  0.140
  0.020,301.464,  0.000,  0.140
  0.020,301.434,  0.000,  0.140
  0.020,301.446,  0.000,  0.980
  0.020,301.436,  0.000,  0.980
  0.020,301.408,  0.000,  0.980
  0.019,301.450,  0.000,  2.020
  0.020,301.441,  0.000,  2.020
  0.020,301.432,  0.000,  2.020
  0.019,301.406,  0.000,  2.020
  0.019,301.414,  0.000,  0.000
  0.020,301.391,  0.000,  0.000
  0.020,301.347,  0.000,  0.000
  0.019,301.360,  0.000,  0.000
  0.020,301.370,  0.000,  0.000
  0.020,301.515,  0.000,  0.000
  0.020,301.495,  0.000,  0.000
  0.020,301.482,  0.000,  0.000
  0.020,301.498,  0.000,  0.000
  0.020,301.487,  0.000,  0.000
  0.020,301.504,  0.000,  0.000
  0.020,301.513,  0.000,  0.000
  0.020,301.474,  0.000,  0.000
  0.020,301.480,  0.000,  0.000
  0.020,301.485,  0.000,  0.140
  0.020,301.493,  0.000,  0.140
  0.020,301.442,  0.000,  0.140
  0.020,301.453,  0.000,  0.140
  0.020,301.428,  0.000,  0.980
  0.020,301.445,  0.000,  0.980
  0.020,301.415,  0.000,  0.980
  0.020,301.443,  0.000,  2.020
  0.020,301.439,  0.000,  2.020
  0.019,301.423,  0.000,  2.020
  0.019,301.395,  0.000,  2.020
  0.019,301.406,  0.000,  0.000
  0.020,301.389,  0.000,  0.000
  0.019,301.346,  0.000,  0.000
  0.020,301.367,  0.000,  0.000
  0.020,301.345,  0.000,  0.000
  0.020,301.506,  0.000,  0.000
  0.020,301.484,  0.000,  0.000
  0.020,301.491,  0.000,  0.000
  0.020,301.491,  0.000,  0.000
  0.020,301.483,  0.000,  0.000
  0.020,301.515,  0.000,  0.000
  0.019,301.520,  0.000,  0.000
  0.020,301.503,  0.000,  0.000
  0.020,301.477,  0.000,  0.000
  0.020,301.468,  0.000,  0.140
  0.020,301.473,  0.000,  0.140
  0.019,301.438,  0.000,  0.140
  0.020,301.458,  0.000,  0.140
  0.019,301.422,  0.000,  0.980
  0.019,301.452,  0.000,  0.980
  0.020,301.439,  0.000,  0.980
  0.020,301.438,  0.000,  2.020
  0.019,301.423,  0.000,  2.020
  0.019,301.419,  0.000,  2.020
  0.019,301.394,  0.000,  2.020
  0.020,301.400,  0.000,  0.000
  0.019,301.378,  0.000,  0.000
  0.019,301.361,  0.000,  0.000
  0.020,301.368,  0.000,  0.000
  0.019,301.331,  0.000,  0.000
  0.020,301.504,  0.000,  0.000
  0.020,301.491,  0.000,  0.000
  0.020,301.504,  0.000,  0.060
  0.020,301.484,  0.000,  0.060
  0.020,301.488,  0.000,  0.060
  0.020,301.506,  0.000,  0.060
  0.019,301.510,  0.000,  0.180
  0.020,301.508,  0.000,  0.180
  0.020,301.452,  0.000,  0.180
  0.020,301.449,  0.000,  0.200
  0.020,301.454,  0.000,  0.200
  0.019,301.453,  0.000,  0.200
  0.019,301.462,  0.000,  0.200
  0.019,301.437,  0.000,  1.330
  0.019,301.438,  0.000,  1.330
  0.020,301.448,  0.000,  1.330
  0.019,301.431,  0.000,  2.550
  0.019,301.419,  0.000,  2.550
  0.019,301.421,  0.000,  2.550
  0.020,301.396,  0.000,  2.550
  0.020,301.382,  0.000,  0.270
  0.019,301.356,  0.000,  0.270
  0.019,301.362,  0.000,  0.270
  0.020,301.348,  0.000,  0.000
  0.019,301.345,  0.000,  0.000
  0.020,301.494,  0.000,  0.000
  0.020,301.495,  0.000,  0.000
  0.020,301.502,  0.000,  0.060
  0.020,301.487,  0.000,  0.060
  0.020,301.494,  0.000,  0.060
  0.020,301.484,  0.000,  0.060
  0.020,301.490,  0.001,  0.180
  0.020,301.488,  0.000,  0.180
  0.020,301.430,  0.000,  0.180
  0.020,301.443,  0.000,  0.200
  0.020,301.445,  0.000,  0.200
  0.019,301.467,  0.000,  0.200
  0.019,301.462,  0.000,  0.200
  0.020,301.438,  0.000,  1.330
  0.020,301.423,  0.000,  1.330
  0.019,301.433,  0.000,  1.330
  0.019,301.424,  0.000,  2.550
  0.019,301.427,  0.000,  2.550
  0.020,301.427,  0.000,  2.550
  0.020,301.395,  0.000,  2.550
  0.019,301.358,  0.000,  0.270
  0.019,301.355,  0.000,  0.270
  0.020,301.345,  0.000,  0.270
  0.019,301.315,  0.000,  0.000
  0.019,301.342,  0.000,  0.000
  0.020,301.486,  0.000,  0.000
  0.020,301.478,  0.000,  0.000
  0.020,301.488,  0.001,  0.060
  0.019,301.486,  0.000,  0.060
  0.020,301.487,  0.000,  0.060
  0.020,301.458,  0.000,  0.060
  0.020,301.472,  0.001,  0.180
  0.020,301.460,  0.000,  0.180
  0.020,301.432,  0.000,  0.180
  0.020,301.437,  0.000,  0.200
  0.020,301.437,  0.000,  0.200
  0.019,301.459,  0.000,  0.200
  0.020,301.444,  0.000,  0.200
  0.020,301.412,  0.000,  1.330
  0.020,301.425,  0.000,  1.330
  0.019,301.405,  0.000,  1.330
  0.019,301.426,  0.000,  2.550
  0.019,301.410,  0.000,  2.550
  0.020,301.417,  0.000,  2.550
  0.020,301.389,  0.000,  2.550
  0.019,301.356,  0.000,  0.270
  0.019,301.351,  0.000,  0.270
  0.020,301.324,  0.000,  0.270
  0.019,301.313,  0.000,  0.000
  0.019,301.330,  0.000,  0.000
  0.020,301.485,  0.000,  0.000
  0.020,301.456,  0.001,  0.000
  0.020,301.478,  0.001,  0.060
  0.019,301.482,  0.000,  0.060
  0.020,301.480,  0.000,  0.060
  0.020,301.448,  0.016,  0.060
  0.020,301.449,  0.090,  0.180
  0.019,301.441,  0.005,  0.180
  0.020,301.434,  0.001,  0.180
  0.020,301.424,  0.001,  0.200
  0.020,301.416,  0.011,  0.200
  0.020,301.436,  0.000,  0.200
  0.020,301.425,  0.000,  0.200
  0.020,301.396,  0.000,  1.330
  0.019,301.430,  0.000,  1.330
  0.020,301.408,  0.000,  1.330
  0.020,301.411,  0.000,  2.550
  0.019,301.387,  0.000,  2.550
  0.020,301.388,  0.000,  2.550
  0.019,301.377,  0.000,  2.550
  0.019,301.364,  0.000,  0.270
  0.020,301.336,  0.000,  0.270
  0.020,301.307,  0.000,  0.270
  0.019,301.325,  0.000,  0.000
  0.019,301.295,  0.000,  0.000
  0.020,301.482,  0.000,  0.160
  0.020,301.452,  0.001,  0.160
  0.020,301.468,  0.001,  0.000
  0.020,301.484,  0.000,  0.000
  0.020,301.479,  0.001,  0.000
  0.020,301.448,  0.062,  0.000
  0.019,301.428,  0.257,  0.050
  0.019,301.431,  0.012,  0.050
  0.020,301.432,  0.000,  0.050
  0.020,301.411,  0.031,  0.180
  0.020,301.403,  0.683,  0.180
  0.020,301.418,  0.010,  0.180
  0.020,301.411,  0.001,  0.180
  0.019,301.395,  0.000,  2.090
  0.019,301.414,  0.000,  2.090
  0.020,301.409,  0.000,  2.090
  0.020,301.368,  0.000,  3.420
  0.020,301.370,  0.000,  3.420
  0.019,301.367,  0.000,  3.420
  0.019,301.362,  0.000,  3.420
  0.019,301.367,  0.000,  4.920
  0.020,301.327,  0.000,  4.920
  0.019,301.300,  0.000,  4.920
  0.019,301.304,  0.000, 10.010
  0.019,301.279,  0.000, 10.010
  0.020,301.473,  0.000,  0.160
  0.020,301.466,  0.000,  0.160
  0.020,301.453,  0.000,  0.000
  0.020,301.482,  0.000,  0.000
  0.020,301.474,  0.004,  0.000
  0.019,301.437,  0.052,  0.000
  0.019,301.414,  0.121,  0.050
  0.020,301.415,  0.006,  0.050
  0.020,301.408,  0.001,  0.050
  0.019,301.402,  0.235,  0.180
  0.019,301.401,  1.645,  0.180
  0.020,301.394,  0.039,  0.180
  0.020,301.392,  0.004,  0.180
  0.019,301.396,  0.000,  2.090
  0.020,301.382,  0.000,  2.090
  0.020,301.398,  0.000,  2.090
  0.020,301.337,  0.000,  3.420
  0.020,301.356,  0.000,  3.420
  0.019,301.374,  0.000,  3.420
  0.019,301.354,  0.000,  3.420
  0.019,301.338,  0.000,  4.920
  0.019,301.339,  0.000,  4.920
  0.019,301.311,  0.000,  4.920
  0.019,301.299,  0.000, 10.010
  0.019,301.296,  0.000, 10.010
