  0.015,298.666,  0.000,  0.000
  0.015,298.649,  0.000,  0.000
  0.015,298.624,  0.000,  0.000
  0.015,298.611,  0.000,  0.000
  0.015,298.594,  0.000,  0.000
  0.015,298.536,  0.000,  0.000
  0.015,298.502,  0.000,  0.000
  0.015,298.524,  0.000,  0.000
  0.015,298.506,  0.000,  0.000
  0.015,298.476,  0.000,  0.000
  0.015,298.475,  0.000,  0.000
  0.015,298.489,  0.000,  0.000
  0.015,298.485,  0.000,  0.000
  0.015,298.482,  0.000,  0.000
  0.015,298.495,  0.000,  0.000
  0.015,298.493,  0.000,  0.000
  0.015,298.482,  0.000,  0.000
  0.015,298.503,  0.000,  0.000
  0.015,298.507,  0.000,  0.000
  0.015,298.503,  0.000,  0.000
  0.015,298.511,  0.000,  0.000
  0.015,298.524,  0.000,  0.000
  0.015,298.531,  0.000,  0.000
  0.015,298.563,  0.000,  0.000
  0.015,298.517,  0.000,  0.000
  0.015,298.709,  0.000,  0.000
  0.015,298.703,  0.000,  0.000
  0.015,298.680,  0.000,  0.000
  0.015,298.654,  0.000,  0.000
  0.015,298.630,  0.000,  0.000
  0.015,298.593,  0.000,  0.000
  0.015,298.548,  0.000,  0.000
  0.015,298.533,  0.000,  0.000
  0.015,298.532,  0.000,  0.000
  0.015,298.512,  0.000,  0.000
  0.015,298.498,  0.000,  0.000
  0.015,298.502,  0.000,  0.000
  0.015,298.508,  0.000,  0.000
  0.015,298.503,  0.000,  0.000
  0.015,298.507,  0.000,  0.000
  0.015,298.515,  0.000,  0.000
  0.015,298.506,  0.000,  0.000
  0.015,298.512,  0.000,  0.000
  0.015,298.523,  0.000,  0.000
  0.015,298.530,  0.000,  0.000
  0.015,298.526,  0.000,  0.000
  0.015,298.524,  0.000,  0.000
  0.015,298.541,  0.000,  0.000
  0.015,298.584,  0.000,  0.000
  0.015,298.550,  0.000,  0.000
  0.015,298.733,  0.000,  0.000
  0.015,298.738,  0.000,  0.000
  0.015,298.726,  0.000,  0.000
  0.015,298.702,  0.000,  0.000
  0.015,298.667,  0.000,  0.000
  0.015,298.639,  0.000,  0.000
  0.015,298.611,  0.000,  0.000
  0.015,298.557,  0.000,  0.000
  0.015,298.531,  0.000,  0.000
  0.015,298.541,  0.000,  0.000
  0.015,298.531,  0.000,  0.000
  0.015,298.516,  0.000,  0.000
  0.015,298.524,  0.000,  0.000
  0.015,298.527,  0.000,  0.000
  0.015,298.522,  0.000,  0.000
  0.015,298.526,  0.000,  0.000
  0.015,298.528,  0.000,  0.000
  0.015,298.529,  0.000,  0.000
  0.015,298.528,  0.000,  0.000
  0.015,298.533,  0.000,  0.000
  0.015,298.548,  0.000,  0.000
  0.015,298.529,  0.000,  0.000
  0.015,298.536,  0.000,  0.000
  0.015,298.596,  0.000,  0.000
  0.015,298.578,  0.000,  0.000
  0.015,298.758,  0.000,  0.000
  0.015,298.768,  0.000,  0.000
  0.015,298.756,  0.000,  0.000
  0.015,298.740,  0.000,  0.000
  0.015,298.708,  0.000,  0.000
  0.015,298.676,  0.000,  0.000
  0.015,298.657,  0.000,  0.000
  0.015,298.600,  0.000,  0.000
  0.015,298.540,  0.000,  0.000
  0.015,298.542,  0.000,  0.000
  0.015,298.561,  0.000,  0.000
  0.015,298.539,  0.000,  0.000
  0.015,298.538,  0.000,  0.000
  0.015,298.546,  0.000,  0.000
  0.015,298.540,  0.000,  0.000
  0.015,298.531,  0.000,  0.000
  0.015,298.544,  0.000,  0.000
  0.015,298.549,  0.000,  0.000
  0.015,298.532,  0.000,  0.000
  0.015,298.525,  0.000,  0.000
  0.015,298.564,  0.000,  0.000
  0.015,298.543,  0.000,  0.000
  0.015,298.534,  0.000,  0.000
  0.015,298.598,  0.000,  0.000
  0.015,298.594,  0.000,  0.000
  0.015,298.793,  0.000,  0.000
  0.015,298.787,  0.000,  0.000
  0.015,298.787,  0.000,  0.000
  0.015,298.766,  0.000,  0.000
  0.015,298.751,  0.000,  0.000
  0.015,298.719,  0.000,  0.000
  0.015,298.693,  0.000,  0.000
  0.015,298.647,  0.000,  0.000
  0.015,298.575,  0.000,  0.000
  0.015,298.532,  0.000,  0.000
  0.015,298.569,  0.000,  0.000
  0.015,298.571,  0.000,  0.000
  0.015,298.557,  0.000,  0.000
  0.015,298.558,  0.000,  0.000
  0.015,298.559,  0.000,  0.000
  0.015,298.544,  0.000,  0.000
  0.015,298.555,  0.000,  0.000
  0.015,298.565,  0.000,  0.000
  0.015,298.545,  0.000,  0.000
  0.015,298.533,  0.000,  0.000
  0.015,298.574,  0.000,  0.000
  0.015,298.560,  0.000,  0.000
  0.015,298.545,  0.000,  0.000
  0.015,298.600,  0.000,  0.000
  0.015,298.601,  0.000,  0.000
  0.015,298.816,  0.000,  0.000
  0.015,298.786,  0.000,  0.000
  0.015,298.817,  0.000,  0.000
  0.015,298.788,  0.000,  0.000
  0.015,298.783,  0.000,  0.000
  0.015,298.757,  0.000,  0.000
  0.015,298.721,  0.000,  0.000
  0.015,298.686,  0.000,  0.000
  0.015,298.613,  0.000,  0.000
  0.015,298.545,  0.000,  0.000
  0.015,298.564,  0.000,  0.000
  0.015,298.598,  0.000,  0.000
  0.015,298.580,  0.000,  0.000
  0.015,298.570,  0.000,  0.000
  0.015,298.576,  0.000,  0.000
  0.015,298.566,  0.000,  0.000
  0.015,298.567,  0.000,  0.000
  0.015,298.579,  0.000,  0.000
  0.015,298.565,  0.000,  0.000
  0.015,298.558,  0.000,  0.000
  0.015,298.583,  0.000,  0.000
  0.015,298.575,  0.000,  0.000
  0.015,298.559,  0.000,  0.000
  0.015,298.603,  0.000,  0.000
  0.015,298.606,  0.000,  0.000
  0.015,298.849,  0.000,  0.000
  0.015,298.805,  0.000,  0.000
  0.015,298.843,  0.000,  0.000
  0.015,298.821,  0.000,  0.000
  0.015,298.804,  0.000,  0.000
  0.015,298.784,  0.000,  0.000
  0.015,298.745,  0.000,  0.000
  0.015,298.714,  0.000,  0.000
  0.015,298.645,  0.000,  0.000
  0.015,298.587,  0.000,  0.000
  0.015,298.574,  0.000,  0.000
  0.015,298.607,  0.000,  0.000
  0.015,298.605,  0.000,  0.000
  0.015,298.592,  0.000,  0.000
  0.015,298.590,  0.000,  0.000
  0.015,298.585,  0.000,  0.000
  0.015,298.581,  0.000,  0.000
  0.015,298.592,  0.000,  0.000
  0.015,298.584,  0.000,  0.000
  0.015,298.578,  0.000,  0.000
  0.015,298.594,  0.000,  0.000
  0.015,298.592,  0.000,  0.000
  0.015,298.578,  0.000,  0.000
  0.015,298.609,  0.000,  0.000
  0.015,298.607,  0.000,  0.000
  0.015,298.888,  0.000,  0.000
  0.015,298.869,  0.000,  0.000
  0.015,298.863,  0.000,  0.000
  0.015,298.849,  0.000,  0.000
  0.015,298.825,  0.000,  0.000
  0.015,298.804,  0.000,  0.000
  0.015,298.765,  0.000,  0.000
  0.015,298.723,  0.000,  0.000
  0.015,298.663,  0.000,  0.000
  0.015,298.632,  0.000,  0.000
  0.015,298.603,  0.000,  0.000
  0.015,298.595,  0.000,  0.000
  0.015,298.623,  0.000,  0.000
  0.015,298.617,  0.000,  0.000
  0.015,298.601,  0.000,  0.000
  0.015,298.600,  0.000,  0.000
  0.015,298.595,  0.000,  0.000
  0.015,298.605,  0.000,  0.000
  0.015,298.598,  0.000,  0.000
  0.015,298.584,  0.000,  0.000
  0.015,298.603,  0.000,  0.000
  0.015,298.611,  0.000,  0.000
  0.015,298.604,  0.000,  0.000
  0.015,298.622,  0.000,  0.000
  0.015,298.610,  0.000,  0.000
  0.014,298.880,  0.000,  0.000
  0.015,298.922,  0.000,  0.000
  0.015,298.872,  0.000,  0.000
  0.015,298.863,  0.000,  0.000
  0.015,298.840,  0.000,  0.000
  0.015,298.812,  0.000,  0.000
  0.015,298.776,  0.000,  0.000
  0.015,298.728,  0.000,  0.000
  0.015,298.667,  0.000,  0.000
  0.015,298.660,  0.000,  0.000
  0.015,298.635,  0.000,  0.000
  0.015,298.596,  0.000,  0.000
  0.015,298.629,  0.000,  0.000
  0.015,298.636,  0.000,  0.000
  0.015,298.613,  0.000,  0.000
  0.015,298.613,  0.000,  0.000
  0.015,298.608,  0.000,  0.000
  0.015,298.615,  0.000,  0.000
  0.015,298.613,  0.000,  0.000
  0.015,298.590,  0.000,  0.000
  0.015,298.610,  0.000,  0.000
  0.015,298.621,  0.000,  0.000
  0.015,298.612,  0.000,  0.000
  0.015,298.627,  0.000,  0.000
  0.015,298.632,  0.000,  0.000
  0.014,298.892,  0.000,  0.000
  0.015,298.936,  0.000,  0.000
  0.015,298.895,  0.000,  0.000
  0.015,298.872,  0.000,  0.000
  0.015,298.843,  0.000,  0.000
  0.015,298.810,  0.000,  0.000
  0.015,298.782,  0.000,  0.000
  0.015,298.741,  0.000,  0.000
  0.015,298.679,  0.000,  0.000
  0.015,298.670,  0.000,  0.000
  0.015,298.662,  0.000,  0.000
  0.015,298.624,  0.000,  0.000
  0.015,298.631,  0.000,  0.000
  0.015,298.651,  0.000,  0.000
  0.015,298.629,  0.000,  0.000
  0.015,298.630,  0.000,  0.000
  0.015,298.623,  0.000,  0.000
  0.015,298.623,  0.000,  0.000
  0.015,298.629,  0.000,  0.000
  0.015,298.609,  0.000,  0.000
  0.015,298.621,  0.000,  0.000
  0.015,298.623,  0.000,  0.000
  0.015,298.603,  0.000,  0.000
  0.015,298.621,  0.000,  0.000
  0.015,298.651,  0.000,  0.000
  0.015,298.960,  0.000,  0.000
  0.015,298.942,  0.000,  0.000
  0.015,298.920,  0.000,  0.000
  0.015,298.872,  0.000,  0.000
  0.015,298.833,  0.000,  0.000
  0.015,298.805,  0.000,  0.000
  0.015,298.785,  0.000,  0.000
  0.015,298.747,  0.000,  0.000
  0.015,298.702,  0.000,  0.000
  0.015,298.679,  0.000,  0.000
  0.015,298.682,  0.000,  0.000
  0.015,298.654,  0.000,  0.000
  0.015,298.638,  0.000,  0.000
  0.015,298.665,  0.000,  0.000
  0.015,298.650,  0.000,  0.000
  0.015,298.648,  0.000,  0.000
  0.015,298.642,  0.000,  0.000
  0.015,298.637,  0.000,  0.000
  0.015,298.645,  0.000,  0.000
  0.015,298.635,  0.000,  0.000
  0.015,298.636,  0.000,  0.000
  0.015,298.639,  0.000,  0.000
  0.015,298.626,  0.000,  0.000
  0.015,298.626,  0.000,  0.000
  0.015,298.635,  0.000,  0.000
  0.015,298.996,  0.000,  0.000
  0.015,298.953,  0.000,  0.000
  0.015,298.918,  0.000,  0.000
  0.015,298.857,  0.000,  0.000
  0.015,298.811,  0.000,  0.000
  0.015,298.806,  0.000,  0.000
  0.015,298.789,  0.000,  0.000
  0.015,298.739,  0.000,  0.000
  0.015,298.721,  0.000,  0.000
  0.015,298.700,  0.000,  0.000
  0.015,298.696,  0.000,  0.000
  0.015,298.671,  0.000,  0.000
  0.015,298.654,  0.000,  0.000
  0.015,298.676,  0.000,  0.000
  0.015,298.665,  0.000,  0.000
  0.015,298.658,  0.000,  0.000
  0.015,298.656,  0.000,  0.000
  0.015,298.649,  0.000,  0.000
  0.015,298.652,  0.000,  0.000
  0.015,298.649,  0.000,  0.000
  0.015,298.644,  0.000,  0.000
  0.015,298.660,  0.000,  0.000
  0.015,298.670,  0.000,  0.000
  0.015,298.650,  0.000,  0.000
  0.015,298.619,  0.000,  0.000
  0.015,298.988,  0.000,  0.000
  0.015,298.944,  0.000,  0.000
  0.015,298.891,  0.000,  0.000
  0.015,298.842,  0.000,  0.000
  0.015,298.809,  0.000,  0.000
  0.015,298.809,  0.000,  0.000
  0.015,298.797,  0.000,  0.000
  0.015,298.742,  0.000,  0.000
  0.015,298.725,  0.000,  0.000
  0.015,298.726,  0.000,  0.000
  0.015,298.705,  0.000,  0.000
  0.015,298.679,  0.000,  0.000
  0.015,298.676,  0.000,  0.000
  0.015,298.688,  0.000,  0.000
  0.015,298.676,  0.000,  0.000
  0.015,298.665,  0.000,  0.000
  0.015,298.666,  0.000,  0.000
  0.015,298.662,  0.000,  0.000
  0.015,298.658,  0.000,  0.000
  0.015,298.659,  0.000,  0.000
  0.015,298.653,  0.000,  0.000
  0.015,298.658,  0.000,  0.000
  0.015,298.656,  0.000,  0.000
  0.015,298.663,  0.000,  0.000
  0.015,298.654,  0.000,  0.000
  0.015,298.959,  0.000,  0.000
  0.015,298.900,  0.000,  0.000
  0.015,298.851,  0.000,  0.000
  0.015,298.845,  0.000,  0.000
  0.015,298.833,  0.000,  0.000
  0.015,298.807,  0.000,  0.000
  0.015,298.805,  0.000,  0.000
  0.015,298.754,  0.000,  0.000
  0.015,298.726,  0.000,  0.000
  0.015,298.742,  0.000,  0.000
  0.015,298.713,  0.000,  0.000
  0.015,298.686,  0.000,  0.000
  0.015,298.697,  0.000,  0.000
  0.015,298.699,  0.000,  0.000
  0.015,298.684,  0.000,  0.000
  0.015,298.673,  0.000,  0.000
  0.015,298.677,  0.000,  0.000
  0.015,298.672,  0.000,  0.000
  0.015,298.666,  0.000,  0.000
  0.015,298.671,  0.000,  0.000
  0.015,298.664,  0.000,  0.000
  0.015,298.632,  0.000,  0.000
  0.015,298.583,  0.000,  0.000
  0.015,298.651,  0.000,  0.000
  0.015,298.686,  0.000,  0.000
  0.015,298.923,  0.000,  0.000
  0.015,298.857,  0.000,  0.000
  0.015,298.828,  0.000,  0.000
  0.015,298.863,  0.000,  0.000
  0.015,298.852,  0.000,  0.000
  0.015,298.809,  0.000,  0.000
  0.015,298.809,  0.000,  0.000
  0.015,298.773,  0.000,  0.000
  0.015,298.741,  0.000,  0.000
  0.015,298.749,  0.000,  0.000
  0.015,298.725,  0.000,  0.000
  0.015,298.698,  0.000,  0.000
  0.015,298.711,  0.000,  0.000
  0.015,298.708,  0.000,  0.000
  0.015,298.690,  0.000,  0.000
  0.015,298.682,  0.000,  0.000
  0.015,298.688,  0.000,  0.000
  0.015,298.679,  0.000,  0.000
  0.015,298.674,  0.000,  0.000
  0.015,298.683,  0.000,  0.000
  0.015,298.676,  0.000,  0.000
  0.015,298.636,  0.000,  0.000
  0.015,298.580,  0.000,  0.000
  0.015,298.640,  0.000,  0.000
  0.015,298.646,  0.000,  0.000
