  0.017,299.696,  0.144,  0.000
  0.017,299.659,  0.641,  0.000
  0.017,299.616,  1.317,  0.000
  0.017,299.575,  0.895,  0.000
  0.017,299.575,  0.166,  0.000
  0.017,299.611,  0.010,  0.000
  0.017,299.647,  0.004,  0.000
  0.017,299.690,  0.000,  0.000
  0.017,299.728,  0.000,  0.000
  0.017,299.729,  0.000,  0.000
  0.017,299.714,  0.000,  0.000
  0.017,299.700,  0.000,  0.000
  0.017,299.708,  0.000,  0.000
  0.017,299.723,  0.000,  0.000
  0.017,299.725,  0.000,  0.000
  0.017,299.722,  0.002,  0.000
  0.017,299.724,  0.003,  0.000
  0.017,299.739,  0.001,  0.000
  0.017,299.774,  0.000,  0.000
  0.017,299.805,  0.000,  0.000
  0.017,299.822,  0.000,  0.000
  0.017,299.834,  0.000,  0.000
  0.017,299.867,  0.000,  0.000
  0.017,299.936,  0.000,  0.000
  0.017,299.975,  0.000,  0.000
  0.017,299.689,  0.457,  0.000
  0.017,299.659,  0.482,  0.000
  0.017,299.620,  1.063,  0.000
  0.017,299.581,  1.535,  0.000
  0.017,299.578,  0.857,  0.000
  0.017,299.618,  0.147,  0.000
  0.017,299.683,  0.010,  0.000
  0.017,299.720,  0.005,  0.000
  0.017,299.720,  0.001,  0.000
  0.017,299.731,  0.000,  0.000
  0.017,299.731,  0.000,  0.000
  0.017,299.717,  0.000,  0.000
  0.017,299.723,  0.000,  0.000
  0.017,299.728,  0.000,  0.000
  0.017,299.719,  0.000,  0.000
  0.017,299.725,  0.004,  0.000
  0.017,299.752,  0.009,  0.000
  0.017,299.760,  0.008,  0.000
  0.017,299.757,  0.002,  0.000
  0.017,299.747,  0.000,  0.000
  0.017,299.757,  0.000,  0.000
  0.017,299.807,  0.000,  0.000
  0.017,299.882,  0.000,  0.000
  0.017,299.959,  0.000,  0.000
  0.017,299.983,  0.000,  0.000
  0.017,299.660,  1.521,  0.000
  0.017,299.654,  0.998,  0.000
  0.017,299.644,  0.644,  0.000
  0.017,299.638,  1.051,  0.000
  0.017,299.628,  1.529,  0.000
  0.017,299.634,  0.785,  0.000
  0.017,299.684,  0.115,  0.000
  0.017,299.737,  0.016,  0.000
  0.017,299.737,  0.009,  0.000
  0.017,299.733,  0.001,  0.000
  0.017,299.740,  0.000,  0.000
  0.017,299.726,  0.000,  0.000
  0.017,299.729,  0.000,  0.000
  0.017,299.734,  0.000,  0.000
  0.017,299.729,  0.000,  0.000
  0.017,299.740,  0.002,  0.000
  0.017,299.774,  0.010,  0.000
  0.017,299.780,  0.018,  0.000
  0.018,299.760,  0.009,  0.000
  0.017,299.725,  0.000,  0.000
  0.017,299.719,  0.000,  0.000
  0.017,299.777,  0.000,  0.000
  0.017,299.883,  0.000,  0.000
  0.017,299.986,  0.000,  0.000
  0.017,300.010,  0.000,  0.000
  0.017,299.647,  1.951,  0.000
  0.017,299.663,  2.225,  0.000
  0.017,299.684,  1.331,  0.000
  0.017,299.697,  0.680,  0.000
  0.017,299.680,  1.258,  0.000
  0.017,299.650,  1.552,  0.000
  0.017,299.655,  0.643,  0.000
  0.017,299.717,  0.101,  0.000
  0.017,299.756,  0.036,  0.000
  0.017,299.753,  0.009,  0.000
  0.017,299.743,  0.001,  0.000
  0.017,299.730,  0.001,  0.000
  0.017,299.730,  0.000,  0.000
  0.017,299.743,  0.000,  0.000
  0.017,299.756,  0.000,  0.000
  0.017,299.765,  0.001,  0.000
  0.017,299.780,  0.003,  0.000
  0.017,299.782,  0.010,  0.000
  0.018,299.769,  0.011,  0.000
  0.018,299.751,  0.001,  0.000
  0.018,299.747,  0.001,  0.000
  0.017,299.792,  0.000,  0.000
  0.017,299.883,  0.000,  0.000
  0.017,299.984,  0.000,  0.000
  0.017,300.004,  0.000,  0.000
  0.017,299.673,  0.527,  0.000
  0.017,299.691,  1.155,  0.000
  0.017,299.707,  1.368,  0.000
  0.017,299.709,  1.339,  0.000
  0.017,299.687,  1.461,  0.000
  0.017,299.665,  1.683,  0.000
  0.017,299.653,  1.380,  0.000
  0.017,299.687,  0.570,  0.000
  0.017,299.748,  0.183,  0.000
  0.017,299.769,  0.060,  0.000
  0.017,299.753,  0.008,  0.000
  0.017,299.732,  0.001,  0.000
  0.017,299.723,  0.001,  0.000
  0.017,299.747,  0.000,  0.000
  0.017,299.787,  0.000,  0.000
  0.017,299.805,  0.000,  0.000
  0.017,299.791,  0.000,  0.000
  0.017,299.778,  0.001,  0.000
  0.017,299.781,  0.001,  0.000
  0.017,299.790,  0.000,  0.000
  0.018,299.800,  0.000,  0.000
  0.018,299.834,  0.000,  0.000
  0.017,299.897,  0.000,  0.000
  0.017,299.957,  0.000,  0.000
  0.017,299.949,  0.000,  0.000
  0.017,299.715,  0.373,  0.000
  0.017,299.721,  0.196,  0.000
  0.017,299.704,  0.363,  0.000
  0.017,299.670,  1.222,  0.000
  0.017,299.657,  2.153,  0.000
  0.017,299.682,  2.223,  0.000
  0.017,299.694,  1.783,  0.000
  0.017,299.699,  1.300,  0.000
  0.017,299.741,  0.735,  0.000
  0.017,299.777,  0.358,  0.000
  0.017,299.762,  0.118,  0.000
  0.017,299.733,  0.022,  0.000
  0.017,299.712,  0.009,  0.000
  0.017,299.736,  0.002,  0.030
  0.017,299.794,  0.000,  0.030
  0.017,299.834,  0.000,  0.030
  0.017,299.825,  0.000,  0.000
  0.017,299.798,  0.001,  0.000
  0.017,299.790,  0.000,  0.000
  0.017,299.802,  0.000,  0.000
  0.017,299.830,  0.000,  0.000
  0.017,299.866,  0.000,  0.000
  0.017,299.906,  0.000,  0.000
  0.017,299.933,  0.000,  0.000
  0.017,299.913,  0.000,  0.000
  0.017,299.745,  1.086,  0.000
  0.017,299.733,  0.596,  0.000
  0.017,299.697,  0.335,  0.000
  0.017,299.653,  0.440,  0.000
  0.017,299.648,  1.284,  0.000
  0.017,299.692,  2.432,  0.000
  0.017,299.725,  2.513,  0.000
  0.017,299.732,  1.913,  0.000
  0.017,299.755,  1.406,  0.000
  0.017,299.778,  1.014,  0.000
  0.017,299.763,  0.602,  0.000
  0.017,299.736,  0.233,  0.000
  0.017,299.721,  0.077,  0.000
  0.017,299.728,  0.033,  0.030
  0.017,299.766,  0.004,  0.030
  0.018,299.817,  0.000,  0.030
  0.018,299.843,  0.001,  0.000
  0.017,299.835,  0.001,  0.000
  0.017,299.818,  0.000,  0.000
  0.017,299.810,  0.000,  0.000
  0.017,299.828,  0.000,  0.000
  0.017,299.870,  0.000,  0.000
  0.017,299.908,  0.000,  0.000
  0.017,299.927,  0.000,  0.000
  0.017,299.919,  0.000,  0.000
  0.017,299.760,  1.149,  0.000
  0.017,299.730,  1.020,  0.000
  0.017,299.707,  0.765,  0.000
  0.017,299.682,  0.519,  0.000
  0.017,299.670,  0.583,  0.000
  0.017,299.690,  1.246,  0.000
  0.017,299.713,  2.304,  0.000
  0.017,299.734,  2.367,  0.000
  0.017,299.757,  1.828,  0.000
  0.017,299.766,  1.457,  0.000
  0.017,299.760,  1.252,  0.000
  0.017,299.754,  0.771,  0.000
  0.017,299.744,  0.228,  0.000
  0.017,299.737,  0.151,  0.030
  0.017,299.739,  0.087,  0.030
  0.017,299.769,  0.017,  0.030
  0.018,299.816,  0.002,  0.000
  0.018,299.844,  0.001,  0.000
  0.017,299.848,  0.000,  0.000
  0.017,299.843,  0.000,  0.000
  0.017,299.844,  0.000,  0.000
  0.017,299.861,  0.000,  0.000
  0.017,299.894,  0.000,  0.000
  0.017,299.924,  0.000,  0.000
  0.017,299.928,  0.000,  0.000
  0.017,299.759,  0.210,  0.000
  0.017,299.732,  0.542,  0.000
  0.017,299.739,  0.865,  0.000
  0.017,299.733,  0.955,  0.000
  0.017,299.706,  0.773,  0.000
  0.017,299.686,  0.644,  0.000
  0.017,299.683,  0.989,  0.000
  0.017,299.719,  1.684,  0.000
  0.017,299.759,  1.873,  0.000
  0.017,299.755,  1.602,  0.000
  0.017,299.747,  1.439,  0.000
  0.017,299.767,  1.208,  0.000
  0.017,299.760,  0.579,  0.000
  0.018,299.747,  0.223,  0.030
  0.018,299.744,  0.316,  0.030
  0.017,299.754,  0.216,  0.030
  0.017,299.781,  0.061,  0.000
  0.017,299.820,  0.005,  0.000
  0.017,299.851,  0.001,  0.000
  0.017,299.868,  0.001,  0.000
  0.017,299.875,  0.000,  0.000
  0.017,299.877,  0.000,  0.000
  0.017,299.886,  0.000,  0.000
  0.017,299.906,  0.000,  0.000
  0.017,299.910,  0.000,  0.000
  0.017,299.757,  0.004,  0.000
  0.017,299.752,  0.009,  0.000
  0.017,299.772,  0.185,  0.000
  0.017,299.774,  0.630,  0.000
  0.017,299.739,  0.844,  0.000
  0.017,299.689,  0.473,  0.000
  0.017,299.677,  0.269,  0.000
  0.017,299.724,  0.710,  0.000
  0.017,299.782,  1.434,  0.000
  0.017,299.770,  1.775,  0.000
  0.017,299.754,  1.637,  0.000
  0.017,299.782,  1.469,  0.000
  0.017,299.771,  1.176,  0.000
  0.018,299.754,  0.420,  0.000
  0.018,299.769,  0.321,  0.000
  0.018,299.779,  0.621,  0.000
  0.017,299.786,  0.533,  0.000
  0.017,299.807,  0.170,  0.000
  0.017,299.833,  0.013,  0.000
  0.017,299.859,  0.002,  0.000
  0.017,299.885,  0.001,  0.000
  0.017,299.899,  0.000,  0.000
  0.017,299.898,  0.000,  0.000
  0.017,299.893,  0.000,  0.000
  0.017,299.878,  0.000,  0.000
  0.017,299.759,  0.004,  0.000
  0.017,299.778,  0.006,  0.000
  0.017,299.792,  0.000,  0.000
  0.017,299.792,  0.026,  0.000
  0.017,299.749,  0.153,  0.000
  0.017,299.703,  0.159,  0.000
  0.017,299.704,  0.032,  0.000
  0.017,299.759,  0.223,  0.000
  0.017,299.804,  0.971,  0.000
  0.017,299.798,  2.001,  0.000
  0.017,299.785,  2.304,  0.000
  0.017,299.798,  1.711,  0.000
  0.017,299.788,  1.216,  0.000
  0.017,299.779,  0.603,  0.000
  0.018,299.797,  0.104,  0.000
  0.018,299.808,  0.477,  0.000
  0.017,299.811,  1.101,  0.000
  0.017,299.822,  0.952,  0.000
  0.017,299.828,  0.236,  0.000
  0.017,299.835,  0.015,  0.000
  0.017,299.867,  0.003,  0.000
  0.017,299.906,  0.000,  0.000
  0.017,299.904,  0.000,  0.000
  0.017,299.873,  0.000,  0.000
  0.017,299.846,  0.000,  0.000
  0.017,299.767,  0.000,  0.000
  0.017,299.806,  0.001,  0.000
  0.017,299.810,  0.004,  0.000
  0.017,299.791,  0.006,  0.000
  0.017,299.752,  0.001,  0.000
  0.017,299.733,  0.002,  0.000
  0.017,299.746,  0.007,  0.000
  0.017,299.793,  0.022,  0.000
  0.017,299.822,  0.258,  0.000
  0.018,299.821,  1.208,  0.000
  0.017,299.811,  2.479,  0.000
  0.017,299.809,  2.141,  0.000
  0.017,299.813,  0.660,  0.000
  0.017,299.808,  0.225,  0.000
  0.017,299.812,  0.042,  0.000
  0.017,299.826,  0.087,  0.000
  0.017,299.828,  0.511,  0.000
  0.017,299.831,  1.135,  0.000
  0.017,299.833,  0.722,  0.000
  0.017,299.833,  0.075,  0.000
  0.017,299.849,  0.008,  0.000
  0.017,299.884,  0.002,  0.000
  0.017,299.885,  0.000,  0.000
  0.017,299.842,  0.000,  0.000
  0.017,299.811,  0.000,  0.000
  0.017,299.801,  0.000,  0.000
  0.017,299.845,  0.000,  0.000
  0.017,299.837,  0.000,  0.000
  0.017,299.788,  0.002,  0.000
  0.017,299.763,  0.003,  0.000
  0.017,299.778,  0.003,  0.000
  0.017,299.784,  0.001,  0.000
  0.017,299.804,  0.003,  0.000
  0.017,299.832,  0.010,  0.000
  0.018,299.835,  0.146,  0.000
  0.018,299.814,  0.800,  0.000
  0.017,299.807,  1.465,  0.000
  0.017,299.829,  0.910,  0.000
  0.017,299.828,  0.352,  0.000
  0.017,299.811,  0.116,  0.000
  0.017,299.820,  0.012,  0.000
  0.017,299.838,  0.031,  0.000
  0.017,299.840,  0.156,  0.000
  0.017,299.835,  0.296,  0.000
  0.017,299.846,  0.117,  0.000
  0.017,299.859,  0.010,  0.000
  0.017,299.861,  0.002,  0.000
  0.017,299.852,  0.000,  0.000
  0.017,299.820,  0.000,  0.000
  0.017,299.795,  0.000,  0.000
  0.017,299.857,  0.000,  0.000
  0.017,299.887,  0.000,  0.000
  0.017,299.855,  0.000,  0.000
  0.017,299.784,  0.000,  0.000
  0.017,299.771,  0.000,  0.000
  0.017,299.804,  0.000,  0.000
  0.017,299.805,  0.000,  0.000
  0.017,299.801,  0.001,  0.000
  0.017,299.823,  0.005,  0.000
  0.017,299.837,  0.009,  0.000
  0.017,299.806,  0.023,  0.000
  0.017,299.793,  0.233,  0.000
  0.017,299.828,  0.687,  0.000
  0.017,299.850,  0.839,  0.000
  0.017,299.830,  0.570,  0.000
  0.017,299.821,  0.200,  0.000
  0.017,299.844,  0.040,  0.000
  0.017,299.854,  0.013,  0.000
  0.017,299.849,  0.007,  0.000
  0.017,299.857,  0.015,  0.000
  0.017,299.866,  0.018,  0.000
  0.017,299.853,  0.006,  0.000
  0.017,299.838,  0.001,  0.000
  0.017,299.826,  0.000,  0.000
  0.017,299.811,  0.000,  0.000
  0.017,299.896,  0.000,  0.000
  0.017,299.912,  0.000,  0.000
  0.017,299.855,  0.000,  0.000
  0.017,299.787,  0.000,  0.000
  0.017,299.777,  0.000,  0.000
  0.017,299.801,  0.000,  0.000
  0.017,299.804,  0.000,  0.000
  0.017,299.796,  0.000,  0.000
  0.017,299.805,  0.001,  0.000
  0.017,299.825,  0.005,  0.000
  0.017,299.812,  0.012,  0.000
  0.017,299.795,  0.007,  0.000
  0.017,299.825,  0.098,  0.000
  0.017,299.858,  0.553,  0.000
  0.017,299.855,  0.967,  0.000
  0.017,299.849,  0.706,  0.000
  0.017,299.853,  0.252,  0.000
  0.017,299.865,  0.060,  0.000
  0.017,299.876,  0.012,  0.000
  0.017,299.865,  0.003,  0.000
  0.017,299.856,  0.005,  0.000
  0.017,299.851,  0.008,  0.000
  0.017,299.853,  0.003,  0.000
  0.017,299.857,  0.002,  0.000
  0.017,299.846,  0.000,  0.000
