  0.021,302.162,  0.000,  0.000
  0.021,302.162,  0.000,  0.000
  0.021,302.160,  0.000,  0.000
  0.021,302.161,  0.000,  0.000
  0.021,302.162,  0.000,  0.000
  0.021,302.162,  0.000,  0.000
  0.021,302.161,  0.000,  0.000
  0.021,302.160,  0.000,  0.000
  0.021,302.158,  0.000,  0.000
  0.021,302.154,  0.000,  0.000
  0.021,302.152,  0.000,  0.000
  0.021,302.152,  0.000,  0.000
  0.021,302.152,  0.000,  0.000
  0.021,302.152,  0.000,  0.000
  0.021,302.153,  0.000,  0.000
  0.021,302.154,  0.000,  0.000
  0.021,302.154,  0.000,  0.000
  0.021,302.155,  0.000,  0.000
  0.021,302.156,  0.000,  0.000
  0.021,302.159,  0.000,  0.000
  0.021,302.163,  0.000,  0.000
  0.021,302.167,  0.000,  0.000
  0.021,302.172,  0.000,  0.000
  0.021,302.198,  0.000,  0.000
  0.021,302.201,  0.000,  0.000
  0.021,302.171,  0.000,  0.000
  0.021,302.173,  0.000,  0.000
  0.021,302.173,  0.000,  0.000
  0.021,302.174,  0.000,  0.000
  0.021,302.177,  0.000,  0.000
  0.021,302.181,  0.000,  0.000
  0.021,302.182,  0.000,  0.000
  0.021,302.183,  0.000,  0.000
  0.021,302.184,  0.000,  0.000
  0.021,302.183,  0.000,  0.000
  0.021,302.180,  0.000,  0.000
  0.021,302.178,  0.000,  0.000
  0.021,302.176,  0.000,  0.000
  0.021,302.175,  0.000,  0.000
  0.021,302.175,  0.000,  0.000
  0.021,302.176,  0.000,  0.000
  0.021,302.177,  0.000,  0.000
  0.021,302.179,  0.000,  0.000
  0.021,302.181,  0.000,  0.000
  0.021,302.183,  0.000,  0.000
  0.021,302.186,  0.000,  0.000
  0.021,302.190,  0.000,  0.000
  0.021,302.195,  0.000,  0.000
  0.021,302.220,  0.000,  0.000
  0.021,302.222,  0.000,  0.000
  0.021,302.203,  0.000,  0.000
  0.021,302.203,  0.000,  0.000
  0.021,302.202,  0.000,  0.000
  0.021,302.198,  0.000,  0.000
  0.021,302.194,  0.000,  0.000
  0.021,302.194,  0.000,  0.000
  0.021,302.195,  0.000,  0.000
  0.021,302.196,  0.000,  0.000
  0.021,302.198,  0.000,  0.000
  0.021,302.200,  0.000,  0.000
  0.021,302.201,  0.000,  0.000
  0.021,302.200,  0.000,  0.000
  0.021,302.200,  0.000,  0.000
  0.021,302.200,  0.000,  0.000
  0.021,302.202,  0.000,  0.000
  0.021,302.204,  0.000,  0.000
  0.021,302.206,  0.000,  0.000
  0.021,302.208,  0.000,  0.000
  0.021,302.210,  0.000,  0.000
  0.021,302.212,  0.000,  0.000
  0.021,302.214,  0.000,  0.000
  0.021,302.217,  0.000,  0.000
  0.021,302.221,  0.000,  0.000
  0.021,302.246,  0.000,  0.000
  0.021,302.246,  0.000,  0.000
  0.021,302.249,  0.000,  0.000
  0.021,302.247,  0.000,  0.000
  0.021,302.247,  0.000,  0.000
  0.021,302.245,  0.000,  0.000
  0.021,302.240,  0.000,  0.000
  0.021,302.236,  0.000,  0.000
  0.021,302.234,  0.000,  0.000
  0.021,302.233,  0.000,  0.000
  0.021,302.232,  0.000,  0.000
  0.021,302.233,  0.000,  0.000
  0.021,302.235,  0.000,  0.000
  0.021,302.236,  0.000,  0.000
  0.021,302.237,  0.000,  0.000
  0.021,302.238,  0.000,  0.000
  0.021,302.239,  0.000,  0.000
  0.021,302.239,  0.000,  0.000
  0.021,302.240,  0.000,  0.000
  0.021,302.240,  0.000,  0.000
  0.021,302.241,  0.000,  0.000
  0.021,302.242,  0.000,  0.000
  0.021,302.244,  0.000,  0.000
  0.021,302.246,  0.000,  0.000
  0.021,302.249,  0.000,  0.000
  0.021,302.271,  0.000,  0.000
  0.021,302.270,  0.000,  0.000
  0.021,302.283,  0.000,  0.000
  0.021,302.283,  0.000,  0.000
  0.021,302.283,  0.000,  0.000
  0.021,302.284,  0.000,  0.000
  0.021,302.285,  0.000,  0.000
  0.021,302.284,  0.000,  0.000
  0.021,302.281,  0.000,  0.000
  0.021,302.278,  0.000,  0.000
  0.021,302.276,  0.000,  0.000
  0.021,302.275,  0.000,  0.000
  0.021,302.275,  0.000,  0.000
  0.021,302.276,  0.000,  0.000
  0.021,302.277,  0.000,  0.000
  0.021,302.277,  0.000,  0.000
  0.021,302.277,  0.000,  0.000
  0.021,302.275,  0.000,  0.000
  0.021,302.273,  0.000,  0.000
  0.021,302.272,  0.000,  0.000
  0.021,302.272,  0.000,  0.000
  0.021,302.271,  0.000,  0.000
  0.021,302.272,  0.000,  0.000
  0.021,302.273,  0.000,  0.000
  0.021,302.275,  0.000,  0.000
  0.021,302.294,  0.000,  0.000
  0.021,302.293,  0.000,  0.000
  0.021,302.302,  0.000,  0.000
  0.021,302.307,  0.000,  0.000
  0.021,302.308,  0.000,  0.000
  0.021,302.309,  0.000,  0.000
  0.021,302.313,  0.000,  0.000
  0.021,302.316,  0.000,  0.000
  0.021,302.315,  0.000,  0.000
  0.021,302.313,  0.000,  0.000
  0.021,302.312,  0.000,  0.000
  0.021,302.310,  0.000,  0.000
  0.021,302.309,  0.000,  0.000
  0.021,302.308,  0.000,  0.000
  0.021,302.308,  0.000,  0.000
  0.021,302.308,  0.000,  0.000
  0.021,302.308,  0.000,  0.000
  0.021,302.306,  0.000,  0.000
  0.021,302.303,  0.000,  0.000
  0.021,302.301,  0.000,  0.000
  0.021,302.300,  0.000,  0.000
  0.021,302.299,  0.000,  0.000
  0.021,302.299,  0.000,  0.000
  0.021,302.299,  0.000,  0.000
  0.021,302.300,  0.000,  0.000
  0.021,302.316,  0.000,  0.000
  0.021,302.315,  0.000,  0.000
  0.021,302.316,  0.000,  0.000
  0.021,302.324,  0.000,  0.000
  0.021,302.329,  0.000,  0.000
  0.021,302.330,  0.000,  0.000
  0.021,302.332,  0.000,  0.000
  0.021,302.335,  0.000,  0.000
  0.021,302.337,  0.000,  0.000
  0.021,302.337,  0.000,  0.000
  0.021,302.336,  0.000,  0.000
  0.021,302.335,  0.000,  0.000
  0.021,302.334,  0.000,  0.000
  0.021,302.333,  0.000,  0.000
  0.021,302.332,  0.000,  0.000
  0.021,302.332,  0.000,  0.000
  0.021,302.332,  0.000,  0.000
  0.021,302.331,  0.000,  0.000
  0.021,302.329,  0.000,  0.000
  0.021,302.327,  0.000,  0.000
  0.021,302.326,  0.000,  0.000
  0.021,302.325,  0.000,  0.000
  0.021,302.324,  0.000,  0.000
  0.021,302.324,  0.000,  0.000
  0.021,302.324,  0.000,  0.000
  0.021,302.337,  0.000,  0.000
  0.021,302.335,  0.000,  0.000
  0.021,302.331,  0.000,  0.000
  0.021,302.337,  0.000,  0.000
  0.021,302.344,  0.000,  0.000
  0.021,302.348,  0.000,  0.000
  0.021,302.350,  0.000,  0.000
  0.021,302.351,  0.000,  0.000
  0.021,302.354,  0.000,  0.000
  0.021,302.355,  0.000,  0.000
  0.021,302.355,  0.000,  0.000
  0.021,302.355,  0.000,  0.000
  0.021,302.355,  0.000,  0.000
  0.021,302.354,  0.000,  0.000
  0.021,302.353,  0.000,  0.000
  0.021,302.352,  0.000,  0.000
  0.021,302.351,  0.000,  0.000
  0.021,302.351,  0.000,  0.000
  0.021,302.351,  0.000,  0.000
  0.021,302.350,  0.000,  0.000
  0.021,302.350,  0.000,  0.000
  0.021,302.349,  0.000,  0.000
  0.021,302.348,  0.000,  0.000
  0.021,302.348,  0.000,  0.000
  0.021,302.347,  0.000,  0.000
  0.021,302.356,  0.000,  0.000
  0.021,302.354,  0.000,  0.000
  0.021,302.344,  0.000,  0.000
  0.021,302.349,  0.000,  0.000
  0.021,302.355,  0.000,  0.000
  0.021,302.361,  0.000,  0.000
  0.021,302.365,  0.000,  0.000
  0.021,302.366,  0.000,  0.000
  0.021,302.368,  0.000,  0.000
  0.021,302.369,  0.000,  0.000
  0.021,302.370,  0.000,  0.000
  0.021,302.370,  0.000,  0.000
  0.021,302.370,  0.000,  0.000
  0.021,302.370,  0.000,  0.000
  0.021,302.370,  0.000,  0.000
  0.021,302.369,  0.000,  0.000
  0.021,302.369,  0.000,  0.000
  0.021,302.369,  0.000,  0.000
  0.021,302.369,  0.000,  0.000
  0.021,302.369,  0.000,  0.000
  0.021,302.369,  0.000,  0.000
  0.021,302.369,  0.000,  0.000
  0.021,302.368,  0.000,  0.000
  0.021,302.368,  0.000,  0.000
  0.021,302.366,  0.000,  0.000
  0.021,302.372,  0.000,  0.000
  0.021,302.368,  0.000,  0.000
  0.021,302.352,  0.000,  0.000
  0.021,302.357,  0.000,  0.000
  0.021,302.362,  0.000,  0.000
  0.021,302.368,  0.000,  0.000
  0.021,302.374,  0.000,  0.000
  0.021,302.377,  0.000,  0.000
  0.021,302.379,  0.000,  0.000
  0.021,302.380,  0.000,  0.000
  0.021,302.381,  0.000,  0.000
  0.021,302.381,  0.000,  0.000
  0.021,302.381,  0.000,  0.000
  0.021,302.382,  0.000,  0.000
  0.021,302.382,  0.000,  0.000
  0.021,302.383,  0.000,  0.000
  0.021,302.383,  0.000,  0.000
  0.021,302.383,  0.000,  0.000
  0.021,302.383,  0.000,  0.000
  0.021,302.383,  0.000,  0.000
  0.021,302.383,  0.000,  0.000
  0.021,302.383,  0.000,  0.000
  0.021,302.383,  0.000,  0.000
  0.021,302.382,  0.000,  0.000
  0.021,302.381,  0.000,  0.000
  0.021,302.381,  0.000,  0.000
  0.021,302.378,  0.000,  0.000
  0.021,302.354,  0.000,  0.000
  0.021,302.361,  0.000,  0.000
  0.021,302.366,  0.000,  0.000
  0.021,302.371,  0.000,  0.000
  0.021,302.377,  0.000,  0.000
  0.021,302.381,  0.000,  0.000
  0.021,302.384,  0.000,  0.000
  0.021,302.386,  0.000,  0.000
  0.021,302.388,  0.000,  0.000
  0.021,302.390,  0.000,  0.000
  0.021,302.391,  0.000,  0.000
  0.021,302.392,  0.000,  0.000
  0.021,302.393,  0.000,  0.000
  0.021,302.394,  0.000,  0.000
  0.021,302.395,  0.000,  0.000
  0.021,302.395,  0.000,  0.000
  0.021,302.395,  0.000,  0.000
  0.021,302.395,  0.000,  0.000
  0.021,302.395,  0.000,  0.000
  0.021,302.394,  0.000,  0.000
  0.021,302.392,  0.000,  0.000
  0.021,302.391,  0.000,  0.000
  0.021,302.389,  0.000,  0.000
  0.021,302.385,  0.000,  0.000
  0.021,302.381,  0.000,  0.000
  0.021,302.349,  0.000,  0.000
  0.021,302.356,  0.000,  0.000
  0.021,302.361,  0.000,  0.000
  0.021,302.366,  0.000,  0.000
  0.021,302.371,  0.000,  0.000
  0.021,302.376,  0.000,  0.000
  0.021,302.380,  0.000,  0.000
  0.021,302.383,  0.000,  0.000
  0.021,302.385,  0.000,  0.000
  0.021,302.388,  0.000,  0.000
  0.021,302.389,  0.000,  0.000
  0.021,302.390,  0.000,  0.000
  0.021,302.391,  0.000,  0.000
  0.021,302.393,  0.000,  0.000
  0.021,302.394,  0.000,  0.000
  0.021,302.394,  0.000,  0.000
  0.021,302.394,  0.000,  0.000
  0.021,302.395,  0.000,  0.000
  0.021,302.395,  0.000,  0.000
  0.021,302.394,  0.000,  0.000
  0.021,302.392,  0.000,  0.000
  0.021,302.390,  0.000,  0.000
  0.021,302.388,  0.000,  0.000
  0.021,302.385,  0.000,  0.000
  0.021,302.381,  0.000,  0.000
  0.021,302.340,  0.000,  0.000
  0.021,302.346,  0.000,  0.000
  0.021,302.352,  0.000,  0.000
  0.021,302.357,  0.000,  0.000
  0.021,302.361,  0.000,  0.000
  0.021,302.366,  0.000,  0.000
  0.021,302.370,  0.000,  0.000
  0.021,302.374,  0.000,  0.000
  0.021,302.377,  0.000,  0.000
  0.021,302.380,  0.000,  0.000
  0.021,302.382,  0.000,  0.000
  0.021,302.383,  0.000,  0.000
  0.021,302.384,  0.000,  0.000
  0.021,302.386,  0.000,  0.000
  0.021,302.387,  0.000,  0.000
  0.021,302.388,  0.000,  0.000
  0.021,302.389,  0.000,  0.000
  0.021,302.389,  0.000,  0.000
  0.021,302.390,  0.000,  0.000
  0.021,302.390,  0.000,  0.000
  0.021,302.390,  0.000,  0.000
  0.021,302.387,  0.000,  0.000
  0.021,302.385,  0.000,  0.000
  0.021,302.382,  0.000,  0.000
  0.021,302.378,  0.000,  0.000
  0.021,302.327,  0.000,  0.000
  0.021,302.334,  0.000,  0.000
  0.021,302.340,  0.000,  0.000
  0.021,302.345,  0.000,  0.000
  0.021,302.349,  0.000,  0.000
  0.021,302.352,  0.000,  0.000
  0.021,302.356,  0.000,  0.000
  0.021,302.361,  0.000,  0.000
  0.021,302.364,  0.000,  0.000
  0.021,302.367,  0.000,  0.010
  0.021,302.370,  0.000,  0.010
  0.021,302.372,  0.000,  0.010
  0.021,302.372,  0.000,  0.010
  0.021,302.374,  0.000,  0.000
  0.021,302.376,  0.000,  0.000
  0.021,302.378,  0.000,  0.000
  0.021,302.379,  0.000,  0.000
  0.021,302.380,  0.000,  0.000
  0.021,302.380,  0.000,  0.000
  0.021,302.381,  0.000,  0.000
  0.021,302.382,  0.000,  0.030
  0.021,302.381,  0.000,  0.030
  0.021,302.379,  0.000,  0.030
  0.021,302.377,  0.000,  0.000
  0.021,302.373,  0.000,  0.000
  0.021,302.312,  0.000,  0.000
  0.021,302.318,  0.000,  0.000
  0.021,302.324,  0.000,  0.000
  0.021,302.329,  0.000,  0.000
  0.021,302.334,  0.000,  0.000
  0.021,302.337,  0.000,  0.000
  0.021,302.341,  0.000,  0.000
  0.021,302.345,  0.000,  0.000
  0.021,302.348,  0.000,  0.000
  0.021,302.351,  0.000,  0.010
  0.021,302.354,  0.000,  0.010
  0.021,302.357,  0.000,  0.010
  0.021,302.358,  0.000,  0.010
  0.021,302.359,  0.000,  0.000
  0.021,302.360,  0.000,  0.000
  0.021,302.363,  0.000,  0.000
  0.021,302.366,  0.000,  0.000
  0.021,302.367,  0.000,  0.000
  0.021,302.368,  0.000,  0.000
  0.021,302.368,  0.000,  0.000
  0.021,302.369,  0.000,  0.030
  0.021,302.369,  0.000,  0.030
  0.021,302.369,  0.000,  0.030
  0.021,302.367,  0.000,  0.000
  0.021,302.365,  0.000,  0.000
