  0.022,302.324,  0.000,  0.000
  0.022,302.298,  0.000,  0.000
  0.021,302.114,  0.000,  0.000
  0.020,302.148,  0.000,  0.000
  0.020,302.120,  0.000,  0.000
  0.020,302.048,  0.000,  0.000
  0.022,302.225,  0.000,  0.000
  0.022,302.195,  0.000,  0.000
  0.022,302.174,  0.000,  0.000
  0.022,302.152,  0.000,  0.000
  0.022,302.190,  0.000,  0.000
  0.022,302.376,  0.000,  0.000
  0.022,302.527,  0.000,  0.000
  0.021,302.256,  0.000,  0.000
  0.021,302.119,  0.000,  0.000
  0.021,302.106,  0.000,  0.000
  0.022,302.396,  0.000,  0.000
  0.022,302.500,  0.000,  0.000
  0.023,302.625,  0.000,  0.000
  0.021,302.558,  0.000,  0.000
  0.021,302.562,  0.000,  0.000
  0.021,302.525,  0.000,  0.000
  0.021,302.537,  0.000,  0.000
  0.022,302.763,  0.000,  0.000
  0.021,302.607,  0.000,  0.000
  0.022,302.316,  0.000,  0.000
  0.022,302.300,  0.000,  0.000
  0.022,302.319,  0.000,  0.000
  0.022,302.321,  0.000,  0.000
  0.020,302.079,  0.000,  0.000
  0.020,302.055,  0.000,  0.000
  0.022,302.276,  0.000,  0.000
  0.022,302.263,  0.000,  0.000
  0.022,302.218,  0.000,  0.000
  0.022,302.153,  0.000,  0.000
  0.022,302.124,  0.000,  0.000
  0.022,302.221,  0.000,  0.000
  0.022,302.330,  0.000,  0.000
  0.021,302.012,  0.000,  0.000
  0.021,301.894,  0.000,  0.000
  0.021,301.839,  0.000,  0.000
  0.021,301.846,  0.000,  0.000
  0.022,302.225,  0.000,  0.000
  0.022,302.403,  0.000,  0.000
  0.022,302.605,  0.000,  0.000
  0.021,302.566,  0.000,  0.000
  0.021,302.582,  0.000,  0.000
  0.021,302.586,  0.000,  0.000
  0.021,302.622,  0.000,  0.000
  0.021,302.600,  0.000,  0.000
  0.022,302.336,  0.000,  0.000
  0.022,302.320,  0.000,  0.000
  0.022,302.303,  0.000,  0.000
  0.022,302.266,  0.000,  0.000
  0.022,302.240,  0.000,  0.000
  0.021,302.246,  0.000,  0.000
  0.022,302.273,  0.000,  0.000
  0.022,302.270,  0.000,  0.000
  0.022,302.198,  0.000,  0.000
  0.022,302.103,  0.000,  0.000
  0.022,302.088,  0.000,  0.000
  0.022,302.167,  0.000,  0.000
  0.022,302.201,  0.000,  0.000
  0.021,301.875,  0.000,  0.000
  0.021,301.813,  0.000,  0.000
  0.021,301.747,  0.000,  0.000
  0.021,301.710,  0.000,  0.000
  0.021,301.711,  0.000,  0.000
  0.022,302.060,  0.000,  0.000
  0.022,302.201,  0.000,  0.000
  0.022,302.490,  0.000,  0.000
  0.021,302.575,  0.000,  0.000
  0.022,302.772,  0.000,  0.000
  0.021,302.610,  0.000,  0.000
  0.021,302.579,  0.000,  0.000
  0.022,302.365,  0.000,  0.000
  0.022,302.341,  0.000,  0.000
  0.022,302.281,  0.000,  0.000
  0.022,302.229,  0.000,  0.000
  0.022,302.213,  0.000,  0.000
  0.021,302.203,  0.000,  0.000
  0.021,302.189,  0.000,  0.000
  0.021,302.165,  0.000,  0.000
  0.021,302.105,  0.000,  0.000
  0.021,302.043,  0.000,  0.000
  0.022,302.077,  0.000,  0.000
  0.022,302.162,  0.000,  0.000
  0.022,302.149,  0.000,  0.000
  0.021,301.789,  0.000,  0.000
  0.020,301.723,  0.000,  0.000
  0.020,301.681,  0.000,  0.000
  0.021,301.690,  0.000,  0.000
  0.022,302.035,  0.000,  0.000
  0.022,302.007,  0.000,  0.000
  0.022,302.022,  0.000,  0.000
  0.022,302.192,  0.000,  0.000
  0.022,302.549,  0.000,  0.000
  0.022,302.767,  0.000,  0.000
  0.021,302.577,  0.000,  0.000
  0.021,302.485,  0.000,  0.000
  0.022,302.395,  0.000,  0.000
  0.022,302.357,  0.000,  0.000
  0.022,302.290,  0.000,  0.000
  0.022,302.248,  0.000,  0.000
  0.022,302.229,  0.000,  0.000
  0.021,302.198,  0.000,  0.000
  0.021,302.143,  0.000,  0.000
  0.021,302.082,  0.000,  0.000
  0.021,302.037,  0.000,  0.000
  0.021,302.059,  0.000,  0.000
  0.022,302.154,  0.000,  0.000
  0.022,302.187,  0.000,  0.000
  0.022,302.095,  0.000,  0.000
  0.022,301.989,  0.000,  0.000
  0.020,301.605,  0.000,  0.000
  0.020,301.609,  0.000,  0.000
  0.022,301.938,  0.000,  0.000
  0.022,301.926,  0.000,  0.000
  0.022,301.944,  0.000,  0.000
  0.022,302.023,  0.000,  0.000
  0.022,302.130,  0.000,  0.000
  0.022,302.368,  0.000,  0.000
  0.022,302.678,  0.000,  0.000
  0.021,302.483,  0.000,  0.000
  0.022,302.207,  0.000,  0.000
  0.022,302.407,  0.000,  0.000
  0.022,302.365,  0.000,  0.000
  0.022,302.321,  0.000,  0.000
  0.022,302.294,  0.000,  0.000
  0.022,302.269,  0.000,  0.000
  0.021,302.229,  0.000,  0.000
  0.021,302.184,  0.000,  0.000
  0.021,302.145,  0.000,  0.000
  0.021,302.134,  0.000,  0.000
  0.021,302.185,  0.000,  0.000
  0.022,302.252,  0.000,  0.000
  0.022,302.198,  0.000,  0.000
  0.022,302.038, -0.000,  0.000
  0.022,301.906,  0.000,  0.000
  0.020,301.529,  0.000,  0.000
  0.022,301.910,  0.000,  0.000
  0.022,301.895,  0.000,  0.000
  0.022,301.805,  0.000,  0.000
  0.022,301.776,  0.000,  0.000
  0.022,301.843,  0.000,  0.000
  0.022,302.034,  0.000,  0.000
  0.022,302.324,  0.000,  0.000
  0.022,302.569,  0.000,  0.000
  0.022,302.278,  0.000,  0.000
  0.022,301.901,  0.000,  0.000
  0.022,302.366,  0.000,  0.000
  0.022,302.343,  0.000,  0.000
  0.022,302.320,  0.000,  0.000
  0.022,302.302,  0.000,  0.000
  0.022,302.290,  0.000,  0.000
  0.021,302.268,  0.000,  0.000
  0.021,302.254,  0.000,  0.000
  0.021,302.254,  0.000,  0.000
  0.021,302.256,  0.000,  0.000
  0.021,302.250,  0.000,  0.000
  0.022,302.248,  0.000,  0.000
  0.022,302.187,  0.000,  0.000
  0.022,302.031,  0.000,  0.000
  0.022,301.877,  0.000,  0.000
  0.022,301.844,  0.000,  0.000
  0.022,301.852,  0.000,  0.000
  0.022,301.788,  0.000,  0.000
  0.022,301.713,  0.000,  0.000
  0.022,301.682,  0.000,  0.000
  0.022,301.697,  0.000,  0.000
  0.022,301.867,  0.000,  0.000
  0.022,302.287,  0.000,  0.000
  0.022,302.531,  0.000,  0.000
  0.021,302.163,  0.000,  0.000
  0.021,301.843,  0.000,  0.000
  0.022,302.276,  0.000,  0.000
  0.022,302.296,  0.000,  0.000
  0.022,302.291,  0.000,  0.000
  0.022,302.277,  0.000,  0.000
  0.022,302.272,  0.000,  0.000
  0.022,302.257,  0.000,  0.000
  0.022,302.244,  0.000,  0.000
  0.021,302.245,  0.000,  0.000
  0.021,302.237,  0.000,  0.000
  0.021,302.205,  0.000,  0.000
  0.021,302.192,  0.000,  0.000
  0.022,302.176,  0.000,  0.000
  0.022,302.088,  0.000,  0.000
  0.022,301.935,  0.000,  0.000
  0.022,301.826,  0.000,  0.000
  0.022,301.780,  0.000,  0.000
  0.022,301.704,  0.000,  0.000
  0.022,301.650,  0.000,  0.000
  0.022,301.631,  0.000,  0.000
  0.022,301.659,  0.000,  0.000
  0.022,301.852,  0.000,  0.000
  0.022,302.291,  0.000,  0.000
  0.022,302.505,  0.000,  0.000
  0.021,302.183,  0.000,  0.000
  0.022,302.272,  0.000,  0.000
  0.022,302.242,  0.000,  0.000
  0.022,302.242,  0.000,  0.000
  0.022,302.244,  0.000,  0.000
  0.022,302.244,  0.000,  0.000
  0.022,302.248,  0.000,  0.000
  0.022,302.249,  0.000,  0.000
  0.022,302.230,  0.000,  0.000
  0.021,302.216,  0.000,  0.000
  0.021,302.202,  0.000,  0.000
  0.021,302.184,  0.000,  0.000
  0.021,302.164,  0.000,  0.000
  0.022,302.143,  0.000,  0.000
  0.022,302.119,  0.000,  0.000
  0.022,302.053,  0.000,  0.000
  0.022,301.910,  0.000,  0.000
  0.022,301.759,  0.000,  0.000
  0.022,301.679,  0.000,  0.000
  0.022,301.607,  0.000,  0.000
  0.022,301.581,  0.000,  0.000
  0.022,301.638,  0.000,  0.000
  0.022,301.928,  0.000,  0.000
  0.022,302.320,  0.000,  0.000
  0.022,302.415,  0.000,  0.000
  0.022,302.395,  0.000,  0.000
  0.022,302.398,  0.000,  0.000
  0.022,302.248,  0.000,  0.000
  0.022,302.227,  0.000,  0.000
  0.022,302.206,  0.000,  0.000
  0.022,302.205,  0.000,  0.000
  0.022,302.217,  0.019,  0.000
  0.022,302.219,  0.079,  0.000
  0.022,302.205,  0.027,  0.000
  0.022,302.185,  0.000,  0.000
  0.022,302.159,  0.000,  0.000
  0.022,302.144,  0.000,  0.000
  0.022,302.129,  0.000,  0.000
  0.022,302.105,  0.000,  0.000
  0.022,302.097,  0.000,  0.000
  0.022,302.109,  0.000,  0.000
  0.022,302.056,  0.000,  0.000
  0.022,301.881,  0.000,  0.000
  0.022,301.678,  0.000,  0.000
  0.022,301.576,  0.000,  0.000
  0.022,301.549,  0.000,  0.000
  0.022,301.660,  0.000,  0.000
  0.022,302.014,  0.000,  0.000
  0.022,302.276,  0.000,  0.000
  0.022,302.277,  0.000,  0.000
  0.022,302.304,  0.000,  0.000
  0.022,302.388,  0.000,  0.000
  0.022,302.215,  0.001,  0.000
  0.022,302.208,  0.000,  0.000
  0.022,302.199,  0.001,  0.000
  0.022,302.195,  0.002,  0.000
  0.022,302.197,  0.005,  0.000
  0.022,302.194,  0.022,  0.000
  0.022,302.177,  0.009,  0.000
  0.022,302.150,  0.000,  0.000
  0.022,302.118,  0.000,  0.000
  0.022,302.082,  0.000,  0.000
  0.022,302.055,  0.000,  0.000
  0.022,302.046,  0.000,  0.000
  0.022,302.062,  0.000,  0.000
  0.022,302.102,  0.000,  0.000
  0.022,302.121,  0.000,  0.000
  0.022,302.059,  0.000,  0.000
  0.022,301.885,  0.000,  0.000
  0.022,301.685,  0.000,  0.000
  0.022,301.598,  0.000,  0.000
  0.022,301.768,  0.000,  0.000
  0.022,302.075,  0.000,  0.000
  0.023,302.199,  0.000,  0.000
  0.022,302.218,  0.000,  0.000
  0.022,302.256,  0.000,  0.000
  0.022,302.320,  0.000,  0.000
  0.022,302.182,  0.000,  0.000
  0.022,302.178,  0.000,  0.000
  0.022,302.186,  0.000,  0.000
  0.022,302.193,  0.007,  0.000
  0.022,302.186,  0.008,  0.000
  0.022,302.173,  0.000,  0.000
  0.022,302.158,  0.000,  0.000
  0.022,302.142,  0.000,  0.000
  0.022,302.126,  0.000,  0.000
  0.022,302.110,  0.000,  0.000
  0.022,302.078,  0.000,  0.000
  0.022,302.066,  0.000,  0.000
  0.022,302.078,  0.000,  0.000
  0.022,302.106,  0.000,  0.000
  0.022,302.114,  0.000,  0.000
  0.022,302.099,  0.000,  0.000
  0.022,302.024,  0.000,  0.000
  0.022,301.899,  0.000,  0.000
  0.022,301.839,  0.000,  0.000
  0.022,301.923,  0.000,  0.000
  0.022,302.058,  0.000,  0.000
  0.022,302.152,  0.000,  0.000
  0.022,302.221,  0.000,  0.000
  0.022,302.256,  0.000,  0.000
  0.022,302.287,  0.000,  0.000
  0.022,302.173,  0.000,  0.000
  0.022,302.165,  0.001,  0.000
  0.022,302.166,  0.082,  0.000
  0.022,302.172,  0.271,  0.000
  0.022,302.169,  0.010,  0.000
  0.022,302.153,  0.002,  0.000
  0.022,302.141,  0.000,  0.000
  0.022,302.140,  0.000,  0.000
  0.022,302.143,  0.000,  0.000
  0.022,302.148,  0.000,  0.000
  0.022,302.145,  0.000,  0.000
  0.022,302.136,  0.000,  0.000
  0.022,302.136,  0.000,  0.000
  0.022,302.138,  0.000,  0.000
  0.022,302.110,  0.000,  0.000
  0.022,302.051,  0.000,  0.000
  0.022,301.995,  0.000,  0.000
  0.022,301.955,  0.000,  0.000
  0.022,301.914,  0.000,  0.000
  0.022,301.919,  0.000,  0.000
  0.022,302.002,  0.000,  0.000
  0.022,302.105,  0.000,  0.000
  0.022,302.190,  0.000,  0.000
  0.022,302.247,  0.000,  0.000
  0.022,302.255,  0.000,  0.000
  0.022,302.161,  0.000,  0.000
  0.022,302.157,  0.001,  0.000
  0.022,302.157,  0.036,  0.000
  0.022,302.156,  0.077,  0.000
  0.022,302.149,  0.002,  0.000
  0.022,302.135,  0.001,  0.000
  0.022,302.126,  0.000,  0.000
  0.022,302.133,  0.000,  0.000
  0.022,302.151,  0.000,  0.000
  0.022,302.168,  0.000,  0.000
  0.022,302.177,  0.000,  0.000
  0.022,302.176,  0.000,  0.000
  0.022,302.171,  0.000,  0.000
  0.022,302.143,  0.000,  0.000
  0.022,302.047,  0.000,  0.000
  0.022,301.902,  0.000,  0.000
  0.022,301.830,  0.000,  0.000
  0.022,301.843,  0.000,  0.000
  0.022,301.864,  0.000,  0.000
  0.022,301.911,  0.000,  0.000
  0.022,302.008,  0.000,  0.000
  0.022,302.085,  0.000,  0.000
  0.021,302.135,  0.000,  0.000
  0.021,302.196,  0.000,  0.000
  0.022,302.205,  0.000,  0.000
  0.022,302.149,  0.000,  0.000
  0.022,302.145,  0.000,  0.000
  0.022,302.143,  0.001,  0.000
  0.022,302.141,  0.002,  0.000
  0.022,302.137,  0.000,  0.000
  0.022,302.127,  0.000,  0.000
  0.022,302.117,  0.000,  0.000
  0.022,302.119,  0.000,  0.000
  0.022,302.134,  0.000,  0.000
  0.022,302.155,  0.000,  0.000
  0.022,302.168,  0.000,  0.000
  0.022,302.175,  0.000,  0.000
  0.022,302.171,  0.000,  0.000
  0.022,302.078,  0.000,  0.000
  0.022,301.845,  0.000,  0.000
  0.022,301.637,  0.000,  0.000
  0.022,301.588,  0.000,  0.000
  0.022,301.626,  0.000,  0.000
  0.022,301.710,  0.000,  0.000
  0.022,301.864,  0.000,  0.000
  0.022,302.036,  0.000,  0.000
  0.022,302.097,  0.000,  0.000
  0.021,302.081,  0.000,  0.000
  0.022,302.095,  0.000,  0.000
  0.022,302.124,  0.000,  0.000
