  0.015,297.818,  0.000,  0.000
  0.016,297.830,  0.000,  0.000
  0.016,297.845,  0.000,  0.000
  0.016,297.854,  0.000,  0.000
  0.016,297.863,  0.000,  0.000
  0.016,297.904,  0.000,  0.000
  0.016,297.993,  0.000,  0.000
  0.016,298.072,  0.000,  0.000
  0.015,298.079,  0.000,  0.000
  0.015,298.037,  0.000,  0.000
  0.015,298.002,  0.000,  0.000
  0.015,297.980,  0.000,  0.000
  0.015,297.969,  0.000,  0.000
  0.015,297.970,  0.000,  0.000
  0.015,297.988,  0.000,  0.000
  0.015,298.013,  0.000,  0.000
  0.015,298.024,  0.000,  0.000
  0.015,298.001,  0.000,  0.000
  0.015,297.971,  0.000,  0.000
  0.015,297.964,  0.000,  0.000
  0.015,297.947,  0.000,  0.000
  0.015,297.922,  0.000,  0.000
  0.015,297.895,  0.000,  0.000
  0.015,297.881,  0.000,  0.000
  0.015,297.861,  0.000,  0.000
  0.015,297.853,  0.000,  0.000
  0.016,297.869,  0.000,  0.000
  0.016,297.883,  0.000,  0.000
  0.016,297.900,  0.000,  0.000
  0.016,297.940,  0.000,  0.000
  0.016,298.021,  0.000,  0.000
  0.016,298.101,  0.000,  0.000
  0.015,298.110,  0.000,  0.000
  0.015,298.067,  0.000,  0.000
  0.015,298.039,  0.000,  0.000
  0.015,298.040,  0.000,  0.000
  0.015,298.038,  0.000,  0.000
  0.015,298.033,  0.000,  0.000
  0.015,298.026,  0.000,  0.000
  0.015,298.032,  0.000,  0.000
  0.015,298.049,  0.000,  0.000
  0.015,298.057,  0.000,  0.000
  0.015,298.031,  0.000,  0.000
  0.015,297.994,  0.000,  0.000
  0.015,297.979,  0.000,  0.000
  0.015,297.970,  0.000,  0.000
  0.015,297.952,  0.000,  0.000
  0.015,297.923,  0.000,  0.000
  0.015,297.896,  0.000,  0.000
  0.015,297.866,  0.000,  0.000
  0.016,297.887,  0.000,  0.000
  0.016,297.903,  0.000,  0.000
  0.016,297.922,  0.000,  0.000
  0.016,297.959,  0.000,  0.000
  0.016,298.033,  0.000,  0.000
  0.016,298.119,  0.000,  0.000
  0.015,298.141,  0.000,  0.000
  0.015,298.093,  0.000,  0.000
  0.015,298.053,  0.000,  0.000
  0.015,298.057,  0.000,  0.000
  0.015,298.082,  0.000,  0.000
  0.015,298.098,  0.000,  0.000
  0.015,298.100,  0.000,  0.000
  0.015,298.098,  0.000,  0.000
  0.015,298.101,  0.000,  0.000
  0.015,298.106,  0.000,  0.000
  0.015,298.101,  0.000,  0.000
  0.015,298.073,  0.000,  0.000
  0.015,298.032,  0.000,  0.000
  0.015,298.002,  0.000,  0.000
  0.015,297.986,  0.000,  0.000
  0.015,297.968,  0.000,  0.000
  0.015,297.947,  0.000,  0.000
  0.015,297.928,  0.000,  0.000
  0.015,297.894,  0.000,  0.000
  0.016,297.923,  0.000,  0.000
  0.016,297.938,  0.000,  0.000
  0.016,297.970,  0.000,  0.000
  0.016,298.035,  0.000,  0.000
  0.016,298.124,  0.000,  0.000
  0.016,298.167,  0.000,  0.000
  0.015,298.129,  0.000,  0.000
  0.015,298.078,  0.000,  0.000
  0.015,298.068,  0.000,  0.000
  0.015,298.090,  0.000,  0.000
  0.015,298.124,  0.000,  0.000
  0.015,298.148,  0.000,  0.000
  0.015,298.160,  0.000,  0.000
  0.015,298.165,  0.000,  0.000
  0.015,298.168,  0.000,  0.000
  0.015,298.162,  0.000,  0.000
  0.015,298.141,  0.000,  0.000
  0.015,298.105,  0.000,  0.000
  0.015,298.060,  0.000,  0.000
  0.015,298.027,  0.000,  0.000
  0.015,298.010,  0.000,  0.000
  0.015,297.999,  0.000,  0.000
  0.015,297.983,  0.000,  0.000
  0.015,297.972,  0.000,  0.000
  0.015,297.947,  0.000,  0.000
  0.016,297.959,  0.000,  0.000
  0.016,297.980,  0.000,  0.000
  0.016,298.035,  0.000,  0.000
  0.016,298.129,  0.000,  0.000
  0.016,298.202,  0.000,  0.000
  0.016,298.184,  0.000,  0.000
  0.015,298.121,  0.000,  0.000
  0.015,298.097,  0.000,  0.000
  0.015,298.115,  0.000,  0.000
  0.015,298.149,  0.000,  0.000
  0.015,298.183,  0.000,  0.000
  0.015,298.203,  0.000,  0.000
  0.015,298.210,  0.000,  0.000
  0.015,298.214,  0.000,  0.000
  0.015,298.212,  0.000,  0.000
  0.015,298.196,  0.000,  0.000
  0.015,298.161,  0.000,  0.000
  0.015,298.118,  0.000,  0.000
  0.015,298.077,  0.000,  0.000
  0.015,298.049,  0.000,  0.000
  0.015,298.036,  0.000,  0.000
  0.015,298.035,  0.000,  0.000
  0.015,298.033,  0.000,  0.000
  0.015,298.028,  0.000,  0.000
  0.015,298.009,  0.000,  0.000
  0.016,297.996,  0.000,  0.000
  0.016,298.033,  0.000,  0.000
  0.016,298.117,  0.000,  0.000
  0.016,298.216,  0.000,  0.000
  0.016,298.245,  0.000,  0.000
  0.015,298.189,  0.000,  0.000
  0.015,298.144,  0.000,  0.000
  0.015,298.154,  0.000,  0.000
  0.015,298.196,  0.000,  0.000
  0.015,298.237,  0.000,  0.000
  0.015,298.254,  0.000,  0.000
  0.015,298.252,  0.000,  0.000
  0.015,298.252,  0.000,  0.000
  0.015,298.250,  0.000,  0.000
  0.015,298.238,  0.000,  0.000
  0.015,298.206,  0.000,  0.000
  0.015,298.163,  0.000,  0.000
  0.015,298.125,  0.000,  0.000
  0.015,298.094,  0.000,  0.000
  0.015,298.068,  0.000,  0.000
  0.015,298.055,  0.000,  0.000
  0.015,298.062,  0.000,  0.000
  0.015,298.077,  0.000,  0.000
  0.015,298.084,  0.000,  0.000
  0.015,298.066,  0.000,  0.000
  0.016,298.039,  0.000,  0.000
  0.016,298.100,  0.000,  0.000
  0.016,298.201,  0.000,  0.000
  0.016,298.277,  0.000,  0.000
  0.015,298.261,  0.000,  0.000
  0.015,298.204,  0.000,  0.000
  0.015,298.200,  0.000,  0.000
  0.015,298.241,  0.000,  0.000
  0.015,298.290,  0.000,  0.000
  0.015,298.310,  0.000,  0.000
  0.015,298.299,  0.000,  0.000
  0.015,298.290,  0.000,  0.000
  0.015,298.291,  0.000,  0.000
  0.015,298.282,  0.000,  0.000
  0.015,298.250,  0.000,  0.000
  0.015,298.204,  0.000,  0.000
  0.015,298.164,  0.000,  0.000
  0.015,298.136,  0.000,  0.000
  0.015,298.113,  0.000,  0.000
  0.015,298.087,  0.000,  0.000
  0.015,298.069,  0.000,  0.000
  0.015,298.076,  0.000,  0.000
  0.015,298.101,  0.000,  0.000
  0.015,298.120,  0.000,  0.000
  0.015,298.099,  0.000,  0.000
  0.016,298.094,  0.000,  0.000
  0.016,298.176,  0.000,  0.000
  0.016,298.276,  0.000,  0.000
  0.016,298.313,  0.000,  0.000
  0.015,298.269,  0.000,  0.000
  0.015,298.239,  0.000,  0.000
  0.015,298.273,  0.000,  0.000
  0.015,298.329,  0.000,  0.000
  0.015,298.355,  0.000,  0.000
  0.015,298.340,  0.000,  0.000
  0.015,298.326,  0.000,  0.000
  0.015,298.330,  0.000,  0.000
  0.015,298.329,  0.000,  0.000
  0.015,298.301,  0.000,  0.000
  0.015,298.252,  0.000,  0.000
  0.015,298.202,  0.000,  0.000
  0.015,298.167,  0.000,  0.000
  0.015,298.149,  0.000,  0.000
  0.015,298.129,  0.000,  0.000
  0.015,298.100,  0.000,  0.000
  0.015,298.078,  0.000,  0.000
  0.015,298.080,  0.000,  0.000
  0.015,298.110,  0.000,  0.000
  0.015,298.132,  0.000,  0.000
  0.015,298.107,  0.000,  0.000
  0.016,298.163,  0.000,  0.000
  0.016,298.257,  0.000,  0.000
  0.016,298.336,  0.000,  0.000
  0.016,298.335,  0.000,  0.000
  0.015,298.288,  0.000,  0.000
  0.015,298.291,  0.000,  0.000
  0.015,298.346,  0.000,  0.000
  0.015,298.387,  0.000,  0.000
  0.015,298.382,  0.000,  0.000
  0.015,298.361,  0.000,  0.000
  0.015,298.361,  0.000,  0.000
  0.015,298.367,  0.000,  0.000
  0.015,298.347,  0.000,  0.000
  0.015,298.301,  0.000,  0.000
  0.015,298.251,  0.000,  0.000
  0.015,298.211,  0.000,  0.000
  0.015,298.185,  0.000,  0.000
  0.015,298.167,  0.000,  0.000
  0.015,298.143,  0.000,  0.000
  0.015,298.109,  0.000,  0.000
  0.015,298.083,  0.000,  0.000
  0.015,298.086,  0.000,  0.000
  0.015,298.116,  0.000,  0.000
  0.015,298.129,  0.000,  0.000
  0.015,298.101,  0.000,  0.000
  0.016,298.240,  0.000,  0.000
  0.016,298.334,  0.000,  0.000
  0.016,298.388,  0.000,  0.000
  0.015,298.363,  0.000,  0.000
  0.015,298.329,  0.000,  0.000
  0.015,298.355,  0.000,  0.000
  0.015,298.406,  0.000,  0.000
  0.015,298.422,  0.000,  0.000
  0.015,298.407,  0.000,  0.000
  0.015,298.397,  0.000,  0.000
  0.015,298.395,  0.000,  0.000
  0.015,298.376,  0.000,  0.000
  0.015,298.336,  0.000,  0.000
  0.015,298.295,  0.000,  0.000
  0.015,298.265,  0.000,  0.000
  0.015,298.243,  0.000,  0.000
  0.015,298.221,  0.000,  0.000
  0.015,298.194,  0.000,  0.000
  0.015,298.163,  0.000,  0.000
  0.015,298.130,  0.000,  0.000
  0.015,298.105,  0.000,  0.000
  0.015,298.108,  0.000,  0.000
  0.015,298.124,  0.000,  0.000
  0.015,298.118,  0.000,  0.000
  0.015,298.092,  0.000,  0.000
  0.016,298.306,  0.000,  0.000
  0.016,298.395,  0.000,  0.000
  0.016,298.432,  0.000,  0.000
  0.015,298.408,  0.000,  0.000
  0.015,298.392,  0.000,  0.000
  0.015,298.418,  0.000,  0.000
  0.015,298.446,  0.000,  0.000
  0.015,298.447,  0.000,  0.000
  0.015,298.437,  0.000,  0.000
  0.015,298.424,  0.000,  0.000
  0.015,298.397,  0.000,  0.000
  0.015,298.356,  0.000,  0.000
  0.015,298.320,  0.000,  0.000
  0.015,298.302,  0.000,  0.000
  0.015,298.296,  0.000,  0.000
  0.015,298.282,  0.000,  0.000
  0.015,298.256,  0.000,  0.000
  0.015,298.222,  0.000,  0.000
  0.015,298.189,  0.000,  0.000
  0.015,298.159,  0.000,  0.000
  0.015,298.134,  0.000,  0.000
  0.015,298.120,  0.000,  0.000
  0.015,298.115,  0.000,  0.000
  0.015,298.106,  0.000,  0.000
  0.015,298.090,  0.000,  0.000
  0.016,298.358,  0.000,  0.000
  0.016,298.440,  0.000,  0.000
  0.015,298.471,  0.000,  0.000
  0.015,298.459,  0.000,  0.000
  0.015,298.454,  0.000,  0.000
  0.015,298.468,  0.000,  0.000
  0.015,298.476,  0.000,  0.000
  0.015,298.471,  0.000,  0.000
  0.015,298.455,  0.000,  0.000
  0.015,298.424,  0.000,  0.000
  0.015,298.381,  0.000,  0.000
  0.015,298.343,  0.000,  0.000
  0.015,298.324,  0.000,  0.000
  0.015,298.326,  0.000,  0.000
  0.015,298.327,  0.000,  0.000
  0.015,298.312,  0.000,  0.000
  0.015,298.279,  0.000,  0.000
  0.015,298.237,  0.000,  0.000
  0.015,298.200,  0.000,  0.000
  0.015,298.175,  0.000,  0.000
  0.015,298.155,  0.000,  0.000
  0.015,298.131,  0.000,  0.000
  0.015,298.111,  0.000,  0.000
  0.015,298.100,  0.000,  0.000
  0.015,298.096,  0.000,  0.000
  0.016,298.397,  0.000,  0.000
  0.016,298.473,  0.000,  0.000
  0.015,298.503,  0.000,  0.000
  0.015,298.500,  0.000,  0.000
  0.015,298.499,  0.000,  0.000
  0.015,298.498,  0.000,  0.000
  0.015,298.493,  0.000,  0.000
  0.015,298.482,  0.000,  0.000
  0.015,298.452,  0.000,  0.000
  0.016,298.407,  0.000,  0.000
  0.015,298.366,  0.000,  0.000
  0.015,298.346,  0.000,  0.000
  0.015,298.346,  0.000,  0.000
  0.015,298.347,  0.000,  0.000
  0.015,298.337,  0.000,  0.000
  0.015,298.314,  0.000,  0.000
  0.015,298.283,  0.000,  0.000
  0.015,298.241,  0.000,  0.000
  0.016,298.201,  0.000,  0.000
  0.016,298.176,  0.000,  0.000
  0.015,298.168,  0.000,  0.000
  0.015,298.159,  0.000,  0.000
  0.015,298.142,  0.000,  0.000
  0.015,298.124,  0.000,  0.000
  0.015,298.113,  0.000,  0.000
  0.016,298.430,  0.000,  0.000
  0.015,298.498,  0.000,  0.000
  0.015,298.525,  0.000,  0.000
  0.015,298.523,  0.000,  0.000
  0.015,298.515,  0.000,  0.000
  0.015,298.509,  0.000,  0.000
  0.015,298.502,  0.000,  0.000
  0.015,298.483,  0.000,  0.000
  0.016,298.442,  0.000,  0.000
  0.016,298.394,  0.000,  0.000
  0.015,298.364,  0.000,  0.000
  0.015,298.362,  0.000,  0.000
  0.015,298.370,  0.000,  0.000
  0.015,298.362,  0.000,  0.000
  0.015,298.335,  0.000,  0.000
  0.015,298.305,  0.000,  0.000
  0.015,298.276,  0.000,  0.000
  0.015,298.240,  0.000,  0.000
  0.016,298.200,  0.000,  0.000
  0.016,298.171,  0.000,  0.000
  0.016,298.167,  0.000,  0.000
  0.016,298.177,  0.000,  0.000
  0.015,298.175,  0.000,  0.000
  0.015,298.165,  0.000,  0.000
  0.015,298.142,  0.000,  0.000
  0.016,298.469,  0.000,  0.000
  0.015,298.522,  0.000,  0.000
  0.015,298.536,  0.000,  0.000
  0.015,298.526,  0.000,  0.000
  0.015,298.511,  0.000,  0.000
  0.015,298.507,  0.000,  0.000
  0.015,298.504,  0.000,  0.000
  0.016,298.483,  0.000,  0.000
  0.016,298.441,  0.000,  0.000
  0.016,298.397,  0.000,  0.000
  0.015,298.380,  0.000,  0.000
  0.015,298.393,  0.000,  0.000
  0.015,298.401,  0.000,  0.000
  0.016,298.379,  0.000,  0.000
  0.016,298.340,  0.000,  0.000
  0.015,298.309,  0.000,  0.000
  0.015,298.283,  0.000,  0.000
  0.015,298.252,  0.000,  0.000
  0.016,298.214,  0.000,  0.000
  0.016,298.185,  0.000,  0.000
  0.016,298.179,  0.000,  0.000
  0.016,298.193,  0.000,  0.000
  0.015,298.203,  0.000,  0.000
  0.015,298.196,  0.000,  0.000
  0.015,298.171,  0.000,  0.000
