  0.015,297.698,  0.000,  0.000
  0.015,297.699,  0.000,  0.000
  0.015,297.699,  0.000,  0.000
  0.015,297.701,  0.000,  0.000
  0.015,297.712,  0.000,  0.000
  0.016,297.717,  0.000,  0.000
  0.016,297.696,  0.000,  0.000
  0.016,297.653,  0.000,  0.000
  0.016,297.624,  0.000,  0.000
  0.016,297.620,  0.000,  0.000
  0.016,297.637,  0.000,  0.000
  0.016,297.674,  0.000,  0.000
  0.016,297.692,  0.000,  0.000
  0.016,297.688,  0.000,  0.000
  0.015,297.726,  0.000,  0.000
  0.015,297.742,  0.000,  0.000
  0.016,297.695,  0.000,  0.000
  0.015,297.647,  0.000,  0.000
  0.015,297.691,  0.000,  0.000
  0.015,297.749,  0.000,  0.000
  0.016,297.736,  0.000,  0.000
  0.016,297.702,  0.000,  0.000
  0.016,297.682,  0.000,  0.000
  0.016,297.683,  0.000,  0.000
  0.016,297.660,  0.000,  0.000
  0.015,297.737,  0.000,  0.000
  0.015,297.730,  0.000,  0.000
  0.015,297.722,  0.000,  0.000
  0.015,297.722,  0.000,  0.000
  0.016,297.740,  0.000,  0.000
  0.016,297.768,  0.000,  0.000
  0.016,297.771,  0.000,  0.000
  0.016,297.745,  0.000,  0.000
  0.016,297.721,  0.000,  0.000
  0.016,297.710,  0.000,  0.000
  0.016,297.714,  0.000,  0.000
  0.016,297.740,  0.000,  0.000
  0.016,297.783,  0.000,  0.000
  0.015,297.814,  0.000,  0.000
  0.015,297.786,  0.000,  0.000
  0.016,297.750,  0.000,  0.000
  0.016,297.673,  0.000,  0.000
  0.016,297.681,  0.000,  0.000
  0.015,297.741,  0.000,  0.000
  0.015,297.777,  0.000,  0.000
  0.015,297.758,  0.000,  0.000
  0.015,297.740,  0.000,  0.000
  0.015,297.730,  0.000,  0.000
  0.016,297.738,  0.000,  0.000
  0.016,297.722,  0.000,  0.000
  0.015,297.767,  0.000,  0.000
  0.015,297.760,  0.000,  0.000
  0.015,297.744,  0.000,  0.000
  0.015,297.726,  0.000,  0.000
  0.015,297.718,  0.000,  0.000
  0.016,297.741,  0.000,  0.000
  0.016,297.807,  0.000,  0.000
  0.015,297.840,  0.000,  0.000
  0.016,297.803,  0.000,  0.000
  0.016,297.769,  0.000,  0.000
  0.016,297.773,  0.000,  0.000
  0.015,297.764,  0.000,  0.000
  0.015,297.772,  0.000,  0.000
  0.015,297.816,  0.000,  0.000
  0.016,297.839,  0.000,  0.000
  0.016,297.775,  0.000,  0.000
  0.016,297.719,  0.000,  0.000
  0.016,297.720,  0.000,  0.000
  0.016,297.721,  0.000,  0.000
  0.016,297.724,  0.000,  0.000
  0.015,297.737,  0.000,  0.000
  0.015,297.756,  0.000,  0.000
  0.015,297.753,  0.000,  0.000
  0.015,297.754,  0.000,  0.000
  0.016,297.748,  0.000,  0.000
  0.015,297.788,  0.000,  0.000
  0.015,297.785,  0.000,  0.000
  0.015,297.768,  0.000,  0.000
  0.015,297.743,  0.000,  0.000
  0.015,297.724,  0.000,  0.000
  0.016,297.741,  0.000,  0.000
  0.016,297.813,  0.000,  0.000
  0.015,297.873,  0.000,  0.000
  0.015,297.850,  0.000,  0.000
  0.016,297.807,  0.000,  0.000
  0.016,297.768,  0.000,  0.000
  0.015,297.687,  0.000,  0.000
  0.015,297.630,  0.000,  0.000
  0.015,297.688,  0.000,  0.000
  0.015,297.816,  0.000,  0.000
  0.016,297.791,  0.000,  0.000
  0.016,297.697,  0.000,  0.000
  0.016,297.677,  0.000,  0.000
  0.016,297.665,  0.000,  0.000
  0.016,297.620,  0.000,  0.000
  0.016,297.573,  0.000,  0.000
  0.016,297.596,  0.000,  0.000
  0.016,297.671,  0.000,  0.000
  0.016,297.732,  0.000,  0.000
  0.016,297.742,  0.000,  0.000
  0.015,297.815,  0.000,  0.000
  0.015,297.805,  0.000,  0.000
  0.015,297.800,  0.000,  0.000
  0.015,297.793,  0.000,  0.000
  0.015,297.791,  0.000,  0.000
  0.016,297.814,  0.000,  0.000
  0.015,297.861,  0.000,  0.000
  0.015,297.895,  0.000,  0.000
  0.015,297.885,  0.000,  0.000
  0.016,297.834,  0.000,  0.000
  0.016,297.722,  0.000,  0.000
  0.015,297.593,  0.000,  0.000
  0.015,297.582,  0.000,  0.000
  0.015,297.718,  0.000,  0.000
  0.015,297.843,  0.000,  0.000
  0.016,297.814,  0.000,  0.000
  0.016,297.732,  0.000,  0.000
  0.015,297.705,  0.000,  0.000
  0.016,297.654,  0.000,  0.000
  0.016,297.566,  0.000,  0.000
  0.016,297.471,  0.000,  0.000
  0.016,297.361,  0.000,  0.000
  0.016,297.312,  0.000,  0.000
  0.016,297.471,  0.000,  0.000
  0.016,297.719,  0.000,  0.000
  0.015,297.864,  0.000,  0.000
  0.015,297.845,  0.000,  0.000
  0.015,297.834,  0.000,  0.000
  0.015,297.837,  0.000,  0.000
  0.015,297.854,  0.000,  0.000
  0.015,297.880,  0.000,  0.000
  0.015,297.902,  0.000,  0.000
  0.015,297.911,  0.000,  0.000
  0.015,297.903,  0.000,  0.000
  0.016,297.856,  0.000,  0.000
  0.016,297.734,  0.000,  0.000
  0.016,297.632,  0.000,  0.000
  0.015,297.676,  0.000,  0.000
  0.015,297.824,  0.000,  0.000
  0.016,297.852,  0.000,  0.000
  0.016,297.706,  0.001,  0.000
  0.016,297.524,  0.000,  0.000
  0.015,297.475,  0.000,  0.000
  0.015,297.555,  0.000,  0.000
  0.015,297.584,  0.000,  0.000
  0.016,297.474,  0.000,  0.000
  0.016,297.259,  0.000,  0.000
  0.016,296.993,  0.000,  0.000
  0.016,296.890,  0.000,  0.000
  0.016,297.298,  0.000,  0.000
  0.015,297.909,  0.000,  0.000
  0.015,297.899,  0.000,  0.000
  0.015,297.884,  0.000,  0.000
  0.015,297.875,  0.000,  0.000
  0.015,297.886,  0.000,  0.000
  0.015,297.905,  0.000,  0.000
  0.015,297.916,  0.000,  0.000
  0.015,297.914,  0.000,  0.000
  0.015,297.904,  0.000,  0.000
  0.015,297.876,  0.000,  0.000
  0.016,297.816,  0.000,  0.000
  0.016,297.778,  0.000,  0.000
  0.016,297.829,  0.000,  0.000
  0.016,297.857,  0.000,  0.000
  0.016,297.717,  0.000,  0.000
  0.016,297.507,  0.001,  0.000
  0.015,297.373,  0.001,  0.000
  0.015,297.299,  0.001,  0.000
  0.015,297.329,  0.000,  0.000
  0.015,297.486,  0.000,  0.000
  0.016,297.456,  0.000,  0.000
  0.016,297.196,  0.000,  0.000
  0.016,296.885,  0.000,  0.000
  0.016,296.793,  0.000,  0.000
  0.016,297.273,  0.000,  0.000
  0.016,297.934,  0.000,  0.000
  0.015,297.936,  0.000,  0.000
  0.015,297.930,  0.000,  0.000
  0.015,297.908,  0.000,  0.000
  0.015,297.900,  0.000,  0.000
  0.015,297.917,  0.000,  0.000
  0.015,297.934,  0.000,  0.000
  0.015,297.932,  0.000,  0.000
  0.015,297.917,  0.000,  0.000
  0.015,297.900,  0.000,  0.000
  0.016,297.890,  0.000,  0.000
  0.016,297.903,  0.000,  0.000
  0.016,297.920,  0.000,  0.000
  0.016,297.839,  0.000,  0.000
  0.016,297.653,  0.000,  0.000
  0.015,297.533,  0.000,  0.000
  0.015,297.509,  0.000,  0.000
  0.015,297.448,  0.000,  0.000
  0.015,297.371,  0.000,  0.000
  0.015,297.376,  0.001,  0.000
  0.016,297.405,  0.000,  0.000
  0.016,297.326,  0.000,  0.000
  0.016,297.301,  0.000,  0.000
  0.016,297.434,  0.000,  0.000
  0.016,297.731,  0.000,  0.000
  0.016,297.955,  0.000,  0.000
  0.016,297.967,  0.000,  0.000
  0.016,297.975,  0.000,  0.000
  0.015,297.959,  0.000,  0.000
  0.015,297.939,  0.000,  0.000
  0.015,297.951,  0.000,  0.000
  0.015,297.979,  0.000,  0.000
  0.015,297.984,  0.000,  0.000
  0.015,297.958,  0.000,  0.000
  0.015,297.934,  0.000,  0.000
  0.016,297.939,  0.000,  0.000
  0.016,297.959,  0.000,  0.000
  0.016,297.944,  0.000,  0.000
  0.016,297.825,  0.000,  0.000
  0.016,297.657,  0.000,  0.000
  0.015,297.601,  0.000,  0.000
  0.015,297.648,  0.000,  0.000
  0.014,297.635,  0.000,  0.000
  0.015,297.553,  0.000,  0.000
  0.015,297.504,  0.000,  0.000
  0.016,297.567,  0.000,  0.000
  0.016,297.708,  0.000,  0.000
  0.016,297.799,  0.000,  0.000
  0.015,297.803,  0.000,  0.000
  0.016,297.784,  0.000,  0.000
  0.015,297.958,  0.000,  0.000
  0.016,297.974,  0.000,  0.000
  0.016,298.008,  0.000,  0.000
  0.015,298.021,  0.000,  0.000
  0.015,298.012,  0.000,  0.000
  0.015,298.013,  0.000,  0.000
  0.015,298.031,  0.000,  0.000
  0.015,298.035,  0.000,  0.000
  0.015,298.007,  0.000,  0.000
  0.015,297.976,  0.000,  0.000
  0.016,297.976,  0.000,  0.000
  0.016,297.985,  0.000,  0.000
  0.016,297.944,  0.000,  0.000
  0.016,297.824,  0.000,  0.000
  0.016,297.678,  0.000,  0.000
  0.015,297.624,  0.000,  0.000
  0.015,297.658,  0.000,  0.000
  0.015,297.678,  0.000,  0.000
  0.015,297.678,  0.000,  0.000
  0.015,297.748,  0.000,  0.000
  0.015,297.862,  0.000,  0.000
  0.015,297.890,  0.000,  0.000
  0.015,297.859,  0.000,  0.000
  0.016,297.833,  0.000,  0.000
  0.016,297.799,  0.000,  0.000
  0.015,297.939,  0.000,  0.000
  0.015,297.944,  0.001,  0.000
  0.016,298.319,  0.000,  0.000
  0.015,298.014,  0.001,  0.000
  0.015,298.040,  0.000,  0.000
  0.015,298.040,  0.000,  0.000
  0.015,298.029,  0.000,  0.000
  0.015,298.017,  0.000,  0.000
  0.016,298.336,  0.000,  0.000
  0.017,298.329,  0.000,  0.000
  0.017,298.335,  0.000,  0.000
  0.016,298.014,  0.000,  0.000
  0.016,297.964,  0.000,  0.000
  0.016,297.843,  0.000,  0.000
  0.016,297.706,  0.000,  0.000
  0.016,297.633,  0.000,  0.000
  0.015,297.626,  0.000,  0.000
  0.015,297.667,  0.000,  0.000
  0.016,297.748,  0.000,  0.000
  0.015,297.863,  0.000,  0.000
  0.015,297.946,  0.000,  0.000
  0.015,297.940,  0.000,  0.000
  0.016,297.903,  0.000,  0.000
  0.016,297.879,  0.000,  0.000
  0.016,297.844,  0.000,  0.000
  0.015,297.929,  0.000,  0.000
  0.015,297.928,  0.000,  0.000
  0.015,297.938,  0.000,  0.000
  0.015,297.961,  0.000,  0.000
  0.016,298.328,  0.000,  0.000
  0.016,298.335,  0.000,  0.000
  0.016,298.322,  0.000,  0.000
  0.016,298.309,  0.000,  0.000
  0.016,298.308,  0.000,  0.000
  0.016,298.317,  0.000,  0.000
  0.017,298.334,  0.000,  0.000
  0.017,298.353,  0.000,  0.000
  0.016,298.012,  0.000,  0.000
  0.016,297.922,  0.000,  0.000
  0.016,297.782,  0.000,  0.000
  0.016,297.686,  0.000,  0.000
  0.016,297.676,  0.000,  0.000
  0.016,297.717,  0.000,  0.000
  0.016,297.766,  0.000,  0.000
  0.015,297.821,  0.000,  0.000
  0.015,297.884,  0.000,  0.000
  0.016,297.924,  0.000,  0.000
  0.016,297.931,  0.000,  0.000
  0.016,297.930,  0.000,  0.000
  0.016,297.881,  0.000,  0.000
  0.016,298.288,  0.000,  0.000
  0.015,297.927,  0.000,  0.000
  0.016,298.283,  0.000,  0.000
  0.015,297.926,  0.000,  0.000
  0.015,297.932,  0.000,  0.000
  0.016,298.292,  0.000,  0.000
  0.016,298.289,  0.000,  0.000
  0.016,298.283,  0.000,  0.000
  0.016,298.286,  0.000,  0.000
  0.016,298.297,  0.000,  0.000
  0.016,298.314,  0.000,  0.000
  0.016,298.337,  0.000,  0.000
  0.016,298.353,  0.000,  0.000
  0.017,298.331,  0.000,  0.000
  0.016,297.915,  0.000,  0.000
  0.016,297.816,  0.000,  0.000
  0.016,297.760,  0.000,  0.000
  0.016,297.710,  0.000,  0.000
  0.015,297.635,  0.000,  0.000
  0.015,297.625,  0.000,  0.000
  0.016,297.713,  0.000,  0.000
  0.016,297.792,  0.000,  0.000
  0.016,297.826,  0.000,  0.000
  0.016,297.846,  0.000,  0.000
  0.016,297.857,  0.000,  0.000
  0.015,297.928,  0.000,  0.000
  0.015,297.934,  0.000,  0.000
  0.016,298.289,  0.000,  0.000
  0.015,297.924,  0.000,  0.000
  0.015,297.912,  0.000,  0.000
  0.015,297.912,  0.000,  0.000
  0.016,298.275,  0.000,  0.000
  0.015,297.926,  0.000,  0.000
  0.015,297.927,  0.000,  0.000
  0.016,298.286,  0.000,  0.000
  0.016,298.298,  0.000,  0.000
  0.016,298.314,  0.000,  0.000
  0.016,298.333,  0.000,  0.000
  0.016,298.344,  0.000,  0.000
  0.016,298.328,  0.000,  0.000
  0.017,298.291,  0.000,  0.000
  0.016,297.878,  0.000,  0.000
  0.016,297.723,  0.000,  0.000
  0.016,297.540,  0.000,  0.000
  0.016,297.516,  0.000,  0.000
  0.016,297.678,  0.000,  0.000
  0.015,297.773,  0.000,  0.000
  0.016,297.706,  0.000,  0.000
  0.016,297.682,  0.000,  0.000
  0.016,297.757,  0.000,  0.000
  0.015,297.927,  0.000,  0.000
  0.016,298.296,  0.000,  0.000
  0.015,297.936,  0.000,  0.000
  0.016,298.288,  0.000,  0.000
  0.016,298.279,  0.000,  0.000
  0.015,297.916,  0.000,  0.000
  0.015,297.914,  0.000,  0.000
  0.016,298.275,  0.000,  0.000
  0.015,297.925,  0.000,  0.000
  0.016,298.280,  0.000,  0.000
  0.016,298.292,  0.000,  0.000
  0.016,298.302,  0.000,  0.000
  0.016,298.315,  0.000,  0.000
  0.016,298.329,  0.000,  0.000
  0.016,298.338,  0.000,  0.000
  0.016,298.337,  0.000,  0.000
  0.016,298.315,  0.000,  0.000
  0.015,297.876,  0.000,  0.000
  0.016,297.696,  0.000,  0.000
  0.016,297.658,  0.000,  0.000
  0.016,297.752,  0.000,  0.000
  0.015,297.719,  0.000,  0.000
  0.015,297.609,  0.000,  0.000
  0.016,297.553,  0.000,  0.000
  0.016,297.644,  0.000,  0.000
