  0.019,300.841,  0.000,  5.020
  0.019,300.864,  0.002,  5.020
  0.019,300.880,  0.005,  2.360
  0.019,300.874,  0.009,  2.360
  0.019,300.847,  0.118,  2.360
  0.019,300.803,  0.834,  2.360
  0.019,300.789,  2.716,  4.240
  0.019,300.817,  3.537,  4.240
  0.019,300.840,  1.797,  4.240
  0.019,300.826,  0.180,  7.330
  0.019,300.787,  0.168,  7.330
  0.019,300.762,  0.620,  7.330
  0.019,300.760,  1.313,  7.330
  0.019,300.772,  1.667,  7.890
  0.019,300.796,  1.633,  7.890
  0.019,300.826,  0.938,  7.890
  0.019,300.855,  0.493, 27.770
  0.019,300.864,  0.195, 27.770
  0.019,300.849,  0.019, 27.770
  0.019,300.837,  0.060, 27.770
  0.019,300.824,  0.370,  7.660
  0.019,300.795,  0.885,  7.660
  0.019,300.778,  0.979,  7.660
  0.019,300.804,  0.637,  6.220
  0.019,300.829,  0.507,  6.220
  0.020,300.998,  0.008, 11.440
  0.019,300.895,  0.047, 11.440
  0.019,300.900,  0.288,  7.450
  0.019,300.900,  0.649,  7.450
  0.019,300.883,  1.114,  7.450
  0.019,300.840,  2.326,  7.450
  0.019,300.827,  3.810,  8.920
  0.019,300.847,  3.415,  8.920
  0.019,300.861,  1.398,  8.920
  0.019,300.847,  0.195,  6.230
  0.019,300.817,  0.304,  6.230
  0.019,300.797,  0.837,  6.230
  0.019,300.795,  1.109,  6.230
  0.019,300.814,  0.792,  5.020
  0.019,300.829,  0.444,  5.020
  0.019,300.831,  0.140,  5.020
  0.019,300.842,  0.043,  5.940
  0.019,300.866,  0.020,  5.940
  0.019,300.877,  0.010,  5.940
  0.019,300.855,  0.033,  5.940
  0.019,300.806,  0.168,  4.620
  0.019,300.777,  0.515,  4.620
  0.019,300.791,  0.703,  4.620
  0.019,300.835,  0.421,  6.510
  0.019,300.848,  0.122,  6.510
  0.019,300.981,  0.012, 11.440
  0.019,300.930,  0.164, 11.440
  0.019,300.902,  1.044,  7.450
  0.019,300.906,  1.940,  7.450
  0.019,300.910,  1.742,  7.450
  0.019,300.890,  1.504,  7.450
  0.019,300.877,  1.860,  8.920
  0.019,300.874,  1.893,  8.920
  0.019,300.873,  0.433,  8.920
  0.019,300.863,  0.105,  6.230
  0.019,300.850,  0.152,  6.230
  0.019,300.837,  0.351,  6.230
  0.019,300.837,  0.361,  6.230
  0.019,300.853,  0.167,  5.020
  0.019,300.862,  0.048,  5.020
  0.019,300.854,  0.007,  5.020
  0.019,300.851,  0.002,  5.940
  0.019,300.863,  0.003,  5.940
  0.019,300.871,  0.005,  5.940
  0.019,300.836,  0.005,  5.940
  0.019,300.765,  0.015,  4.620
  0.019,300.724,  0.081,  4.620
  0.019,300.738,  0.152,  4.620
  0.019,300.799,  0.079,  6.510
  0.019,300.840,  0.009,  6.510
  0.019,301.049,  1.515, 11.440
  0.019,300.947,  0.951, 11.440
  0.019,300.917,  0.768,  7.450
  0.019,300.922,  1.659,  7.450
  0.019,300.924,  0.733,  7.450
  0.019,300.912,  0.232,  7.450
  0.019,300.906,  0.184,  8.920
  0.019,300.902,  0.080,  8.920
  0.019,300.897,  0.008,  8.920
  0.019,300.885,  0.018,  6.230
  0.019,300.874,  0.030,  6.230
  0.019,300.860,  0.054,  6.230
  0.019,300.847,  0.038,  6.230
  0.019,300.844,  0.011,  5.020
  0.019,300.852,  0.002,  5.020
  0.019,300.860,  0.001,  5.020
  0.019,300.863,  0.001,  5.940
  0.019,300.870,  0.000,  5.940
  0.019,300.871,  0.000,  5.940
  0.019,300.828,  0.000,  5.940
  0.019,300.744,  0.000,  4.620
  0.019,300.669,  0.001,  4.620
  0.019,300.650,  0.004,  4.620
  0.019,300.717,  0.003,  6.510
  0.019,300.803,  0.000,  6.510
  0.019,301.036,  5.069, 11.440
  0.019,300.964,  0.494, 11.440
  0.019,300.953,  0.064,  7.450
  0.019,300.947,  0.069,  7.450
  0.019,300.938,  0.041,  7.450
  0.019,300.937,  0.014,  7.450
  0.019,300.942,  0.047,  8.920
  0.019,300.938,  0.148,  8.920
  0.019,300.932,  0.203,  8.920
  0.019,300.911,  0.054,  6.230
  0.019,300.890,  0.002,  6.230
  0.019,300.874,  0.002,  6.230
  0.019,300.850,  0.002,  6.230
  0.019,300.829,  0.001,  5.020
  0.019,300.834,  0.000,  5.020
  0.019,300.851,  0.001,  5.020
  0.019,300.864,  0.001,  5.940
  0.019,300.876,  0.000,  5.940
  0.019,300.881,  0.000,  5.940
  0.019,300.842,  0.000,  5.940
  0.019,300.756,  0.000,  4.620
  0.019,300.669,  0.001,  4.620
  0.019,300.646,  0.001,  4.620
  0.019,300.721,  0.001,  6.510
  0.019,300.821,  0.001,  6.510
  0.019,301.011,  2.484, 25.640
  0.019,300.983,  0.051, 25.640
  0.019,300.985,  0.044, 25.360
  0.019,300.979,  0.007, 25.360
  0.019,300.979,  0.008, 25.360
  0.019,301.000,  0.050, 25.360
  0.019,300.986,  0.315, 37.430
  0.019,300.954,  1.095, 37.430
  0.019,300.934,  1.571, 37.430
  0.019,300.923,  0.475, 17.820
  0.019,300.915,  0.002, 17.820
  0.019,300.904,  0.007, 17.820
  0.019,300.879,  0.001, 17.820
  0.019,300.845,  0.000,  9.670
  0.019,300.833,  0.001,  9.670
  0.019,300.850,  0.001,  9.670
  0.019,300.876,  0.001,  2.320
  0.019,300.898,  0.000,  2.320
  0.019,300.900,  0.000,  2.320
  0.019,300.860,  0.000,  2.320
  0.019,300.799,  0.000,  1.910
  0.019,300.750,  0.000,  1.910
  0.020,300.896,  0.001,  1.910
  0.019,300.810,  0.001,  0.330
  0.019,300.870,  0.002,  0.330
  0.019,301.051,  1.129, 25.640
  0.019,301.025,  0.001, 25.640
  0.019,301.017,  0.019, 25.360
  0.020,301.102,  0.005, 25.360
  0.019,301.008,  0.017, 25.360
  0.019,301.047,  0.084, 25.360
  0.019,301.026,  0.327, 37.430
  0.019,300.984,  0.743, 37.430
  0.019,300.942,  0.799, 37.430
  0.019,300.928,  0.212, 17.820
  0.019,300.939,  0.003, 17.820
  0.019,300.944,  0.004, 17.820
  0.019,300.930,  0.002, 17.820
  0.019,300.898,  0.014,  9.670
  0.019,300.868,  0.042,  9.670
  0.019,300.867,  0.039,  9.670
  0.019,300.897,  0.005,  2.320
  0.019,300.928,  0.000,  2.320
  0.019,300.927,  0.000,  2.320
  0.019,300.888,  0.000,  2.320
  0.019,300.818,  0.000,  1.910
  0.019,300.775,  0.000,  1.910
  0.019,300.783,  0.000,  1.910
  0.020,300.965,  0.000,  0.330
  0.020,301.008,  0.001,  0.330
  0.019,301.061,  0.418, 25.640
  0.019,301.047,  0.003, 25.640
  0.019,301.035,  0.025, 25.360
  0.019,301.037,  0.045, 25.360
  0.020,301.132,  0.043, 25.360
  0.019,301.047,  0.059, 25.360
  0.019,301.042,  0.113, 37.430
  0.019,301.008,  0.167, 37.430
  0.019,300.956,  0.115, 37.430
  0.019,300.938,  0.019, 17.820
  0.019,300.954,  0.002, 17.820
  0.019,300.972,  0.001, 17.820
  0.019,300.975,  0.011, 17.820
  0.019,300.955,  0.087,  9.670
  0.019,300.926,  0.241,  9.670
  0.019,300.900,  0.234,  9.670
  0.019,300.899,  0.016,  2.320
  0.019,300.924,  0.001,  2.320
  0.019,300.935,  0.000,  2.320
  0.019,300.872,  0.000,  2.320
  0.019,300.748,  0.001,  1.910
  0.019,300.689,  0.007,  1.910
  0.019,300.709,  0.019,  1.910
  0.020,300.935,  0.057,  0.330
  0.020,300.988,  0.160,  0.330
  0.019,301.038,  0.060, 25.640
  0.019,301.008,  0.013, 25.640
  0.019,301.039,  0.034, 25.360
  0.019,301.080,  0.040, 25.360
  0.020,301.154,  0.024, 25.360
  0.019,301.057,  0.016, 25.360
  0.019,301.026,  0.014, 37.430
  0.019,301.000,  0.012, 37.430
  0.019,300.975,  0.004, 37.430
  0.019,300.952,  0.001, 17.820
  0.019,300.956,  0.001, 17.820
  0.019,300.990,  0.002, 17.820
  0.019,301.002,  0.018, 17.820
  0.019,300.994,  0.070,  9.670
  0.019,300.979,  0.125,  9.670
  0.019,300.946,  0.079,  9.670
  0.019,300.919,  0.007,  2.320
  0.019,300.921,  0.001,  2.320
  0.019,300.923,  0.003,  2.320
  0.020,300.991,  0.010,  2.320
  0.019,300.738,  0.031,  1.910
  0.019,300.663,  0.087,  1.910
  0.019,300.674,  0.270,  1.910
  0.019,300.763,  0.775,  0.330
  0.020,300.961,  1.717,  0.330
  0.019,301.031,  0.026,  9.390
  0.019,300.996,  0.012,  9.390
  0.019,301.043,  0.009, 12.210
  0.019,301.110,  0.008, 12.210
  0.019,301.131,  0.003, 12.210
  0.019,301.080,  0.001, 12.210
  0.019,301.021,  0.001, 10.860
  0.019,301.004,  0.000, 10.860
  0.019,301.006,  0.001, 10.860
  0.019,300.986,  0.000, 10.750
  0.019,300.978,  0.001, 10.750
  0.019,301.020,  0.002, 10.750
  0.019,301.039,  0.008, 10.750
  0.019,301.020,  0.016,  4.570
  0.019,300.975,  0.015,  4.570
  0.019,300.950,  0.004,  4.570
  0.019,300.940,  0.000,  7.840
  0.019,300.939,  0.000,  7.840
  0.019,300.946,  0.010,  7.840
  0.019,300.924,  0.051,  7.840
  0.020,300.969,  0.127, 12.060
  0.020,300.873,  0.193, 12.060
  0.019,300.665,  0.233, 12.060
  0.019,300.736,  0.355,  4.590
  0.020,300.990,  0.461,  4.590
  0.019,301.064,  0.157,  9.390
  0.019,301.029,  0.045,  9.390
  0.019,301.038,  0.002, 12.210
  0.019,301.084,  0.001, 12.210
  0.019,301.109,  0.001, 12.210
  0.019,301.084,  0.000, 12.210
  0.019,301.050,  0.000, 10.860
  0.019,301.039,  0.000, 10.860
  0.019,301.038,  0.000, 10.860
  0.019,301.019,  0.000, 10.750
  0.019,301.014,  0.001, 10.750
  0.019,301.052,  0.001, 10.750
  0.019,301.155,  0.002, 10.750
  0.019,301.042,  0.002,  4.570
  0.019,300.966,  0.001,  4.570
  0.019,300.959,  0.000,  4.570
  0.019,300.996,  0.000,  7.840
  0.019,301.008,  0.001,  7.840
  0.019,300.997,  0.014,  7.840
  0.019,300.978,  0.044,  7.840
  0.019,300.919,  0.074, 12.060
  0.019,300.827,  0.071, 12.060
  0.020,300.943,  0.055, 12.060
  0.020,301.001,  0.041,  4.590
  0.020,301.086,  0.027,  4.590
  0.019,301.124,  0.115,  9.390
  0.019,301.067,  0.025,  9.390
  0.019,301.054,  0.002, 12.210
  0.019,301.067,  0.001, 12.210
  0.019,301.080,  0.001, 12.210
  0.019,301.076,  0.001, 12.210
  0.019,301.057,  0.000, 10.860
  0.019,301.036,  0.000, 10.860
  0.019,301.022,  0.000, 10.860
  0.019,301.021,  0.000, 10.750
  0.019,301.042,  0.000, 10.750
  0.019,301.079,  0.000, 10.750
  0.019,301.088,  0.000, 10.750
  0.019,301.026,  0.000,  4.570
  0.019,300.945,  0.000,  4.570
  0.019,300.972,  0.000,  4.570
  0.019,301.060,  0.000,  7.840
  0.019,301.084,  0.000,  7.840
  0.019,301.059,  0.003,  7.840
  0.019,301.012,  0.009,  7.840
  0.019,300.980,  0.013, 12.060
  0.019,300.959,  0.013, 12.060
  0.020,301.086,  0.008, 12.060
  0.020,301.118,  0.003,  4.590
  0.020,301.133,  0.002,  4.590
  0.019,301.109,  0.032,  9.390
  0.019,301.071,  0.002,  9.390
  0.019,301.054,  0.003, 12.210
  0.019,301.064,  0.002, 12.210
  0.019,301.077,  0.001, 12.210
  0.019,301.085,  0.002, 12.210
  0.019,301.070,  0.001, 10.860
  0.019,301.028,  0.000, 10.860
  0.019,301.002,  0.001, 10.860
  0.019,301.007,  0.000, 10.750
  0.019,301.035,  0.000, 10.750
  0.019,301.063,  0.000, 10.750
  0.019,301.058,  0.000, 10.750
  0.019,300.994,  0.000,  4.570
  0.019,300.927,  0.000,  4.570
  0.019,300.946,  0.000,  4.570
  0.019,301.023,  0.000,  7.840
  0.019,301.081,  0.000,  7.840
  0.019,301.056,  0.000,  7.840
  0.019,300.998,  0.001,  7.840
  0.019,300.970,  0.001, 12.060
  0.020,301.085,  0.001, 12.060
  0.020,301.096,  0.000, 12.060
  0.020,301.128,  0.000,  4.590
  0.020,301.139,  0.000,  4.590
  0.019,301.097,  0.011,  5.810
  0.019,301.047,  0.000,  5.810
  0.019,301.038,  0.001,  3.130
  0.019,301.049,  0.001,  3.130
  0.019,301.083,  0.001,  3.130
  0.019,301.068,  0.001,  3.130
  0.019,301.073,  0.001,  6.680
  0.019,301.039,  0.000,  6.680
  0.019,301.013,  0.000,  6.680
  0.019,301.013,  0.000, 12.910
  0.020,301.101,  0.000, 12.910
  0.020,301.155,  0.000, 12.910
  0.019,301.053,  0.000, 12.910
  0.019,301.007,  0.000, 17.450
  0.019,300.956,  0.000, 17.450
  0.019,300.952,  0.000, 17.450
  0.019,301.028,  0.000,  6.800
  0.019,301.026,  0.000,  6.800
  0.019,300.998,  0.000,  6.800
  0.019,300.928,  0.000,  6.800
  0.019,300.938,  0.000,  2.360
  0.020,301.101,  0.000,  2.360
  0.019,301.028,  0.000,  2.360
  0.019,300.976,  0.000,  0.130
  0.019,300.862,  0.000,  0.130
  0.019,301.103,  0.004,  5.810
  0.019,301.030,  0.000,  5.810
  0.019,301.032,  0.001,  3.130
  0.019,301.070,  0.001,  3.130
  0.019,301.074,  0.001,  3.130
  0.019,301.064,  0.001,  3.130
  0.019,301.064,  0.001,  6.680
  0.019,301.057,  0.001,  6.680
  0.019,301.059,  0.000,  6.680
  0.019,301.060,  0.001, 12.910
  0.020,301.165,  0.001, 12.910
  0.020,301.166,  0.000, 12.910
  0.020,301.154,  0.000, 12.910
  0.019,300.982,  0.001, 17.450
  0.019,300.960,  0.000, 17.450
  0.019,301.010,  0.000, 17.450
  0.020,301.145,  0.000,  6.800
  0.019,301.014,  0.000,  6.800
  0.019,300.896,  0.000,  6.800
  0.019,300.740,  0.000,  6.800
  0.020,300.932,  0.000,  2.360
  0.020,301.109,  0.000,  2.360
  0.019,300.980,  0.000,  2.360
  0.020,300.642,  0.000,  0.130
  0.020,300.432,  0.000,  0.130
