  0.022,302.846,  0.000,  0.000
  0.022,302.873,  0.000,  0.000
  0.021,302.894,  0.000,  0.000
  0.021,302.880,  0.002,  0.000
  0.021,302.853,  0.003,  0.000
  0.022,302.849,  0.000,  0.000
  0.022,302.873,  0.013,  0.000
  0.022,302.897,  0.294,  0.000
  0.022,302.882,  1.486,  0.000
  0.022,302.843,  2.546,  0.000
  0.022,302.824,  1.131,  0.000
  0.022,302.828,  0.099,  0.000
  0.022,302.824,  0.068,  0.000
  0.022,302.821,  0.001,  0.000
  0.022,302.824,  0.003,  0.000
  0.022,302.817,  0.003,  0.000
  0.022,302.811,  0.003,  0.000
  0.021,302.833,  0.001,  0.000
  0.021,302.878,  0.000,  0.000
  0.021,302.908,  0.001,  0.000
  0.022,302.898,  0.003,  0.000
  0.022,302.852,  0.012,  0.000
  0.022,302.837,  0.040,  0.000
  0.022,302.875,  0.037,  0.000
  0.022,302.899,  0.019,  0.000
  0.022,302.844,  0.000,  0.000
  0.022,302.847,  0.000,  0.000
  0.022,302.834,  0.000,  0.000
  0.022,302.822,  0.000,  0.000
  0.022,302.816,  0.001,  0.000
  0.022,302.827,  0.001,  0.000
  0.022,302.847,  0.002,  0.000
  0.021,302.866,  0.095,  0.000
  0.021,302.865,  0.649,  0.000
  0.022,302.832,  1.359,  0.000
  0.022,302.793,  1.035,  0.000
  0.022,302.780,  0.642,  0.000
  0.022,302.791,  0.169,  0.000
  0.022,302.800,  0.002,  0.000
  0.022,302.808,  0.005,  0.000
  0.022,302.811,  0.000,  0.000
  0.022,302.811,  0.000,  0.000
  0.022,302.828,  0.000,  0.000
  0.021,302.868,  0.001,  0.000
  0.021,302.897,  0.002,  0.000
  0.021,302.899,  0.004,  0.000
  0.022,302.892,  0.011,  0.000
  0.022,302.890,  0.018,  0.000
  0.022,302.911,  0.019,  0.000
  0.021,302.923,  0.009,  0.000
  0.021,302.857,  0.000,  0.000
  0.022,302.844,  0.000,  0.000
  0.022,302.800,  0.001,  0.000
  0.022,302.784,  0.001,  0.000
  0.022,302.809,  0.001,  0.000
  0.022,302.838,  0.000,  0.000
  0.022,302.842,  0.001,  0.000
  0.022,302.837,  0.002,  0.000
  0.021,302.839,  0.040,  0.000
  0.021,302.831,  0.239,  0.000
  0.022,302.808,  0.669,  0.000
  0.022,302.790,  0.833,  0.000
  0.022,302.795,  0.325,  0.000
  0.021,302.761,  0.013,  0.000
  0.022,302.814,  0.007,  0.000
  0.022,302.810,  0.000,  0.000
  0.022,302.813,  0.000,  0.000
  0.022,302.826,  0.000,  0.000
  0.022,302.846,  0.000,  0.000
  0.022,302.863,  0.000,  0.000
  0.021,302.877,  0.000,  0.000
  0.021,302.898,  0.000,  0.000
  0.021,302.913,  0.001,  0.000
  0.021,302.925,  0.002,  0.000
  0.021,302.916,  0.000,  0.000
  0.021,302.860,  0.000,  0.000
  0.021,302.852,  0.000,  0.000
  0.022,302.810,  0.002,  0.000
  0.022,302.789,  0.008,  0.000
  0.022,302.830,  0.009,  0.000
  0.021,302.881,  0.001,  0.000
  0.021,302.882,  0.000,  0.000
  0.021,302.847,  0.001,  0.000
  0.022,302.816,  0.008,  0.000
  0.021,302.808,  0.096,  0.000
  0.021,302.810,  0.374,  0.000
  0.021,302.820,  0.667,  0.000
  0.022,302.832,  0.486,  0.000
  0.022,302.834,  0.044,  0.000
  0.022,302.818,  0.007,  0.000
  0.022,302.808,  0.002,  0.000
  0.022,302.802,  0.001,  0.000
  0.022,302.811,  0.000,  0.000
  0.022,302.828,  0.000,  0.000
  0.022,302.847,  0.000,  0.000
  0.022,302.869,  0.000,  0.000
  0.021,302.886,  0.000,  0.000
  0.021,302.890,  0.000,  0.000
  0.022,302.893,  0.000,  0.000
  0.022,302.883,  0.000,  0.000
  0.021,302.850,  0.000,  0.000
  0.021,302.859,  0.000,  0.000
  0.021,302.834,  0.001,  0.000
  0.022,302.809,  0.014,  0.000
  0.021,302.836,  0.027,  0.000
  0.021,302.902,  0.000,  0.000
  0.021,302.929,  0.000,  0.000
  0.021,302.896,  0.000,  0.000
  0.022,302.830,  0.000,  0.000
  0.021,302.663,  0.015,  0.000
  0.022,302.782,  0.158,  0.000
  0.021,302.809,  0.435,  0.000
  0.021,302.834,  0.452,  0.000
  0.022,302.839,  0.157,  0.000
  0.022,302.817,  0.023,  0.000
  0.022,302.794,  0.005,  0.000
  0.022,302.784,  0.001,  0.000
  0.022,302.798,  0.000,  0.000
  0.022,302.823,  0.000,  0.000
  0.022,302.850,  0.000,  0.000
  0.022,302.868,  0.000,  0.000
  0.022,302.870,  0.000,  0.000
  0.022,302.859,  0.000,  0.000
  0.022,302.861,  0.000,  0.000
  0.022,302.868,  0.000,  0.000
  0.022,302.815,  0.000,  0.000
  0.021,302.809,  0.000,  0.000
  0.021,302.833,  0.000,  0.000
  0.021,302.802,  0.000,  0.000
  0.022,302.802,  0.000,  0.000
  0.020,302.760,  0.001,  0.000
  0.021,302.910,  0.000,  0.000
  0.021,302.926,  0.000,  0.000
  0.022,302.883,  0.000,  0.000
  0.021,302.700,  0.004,  0.000
  0.022,302.773,  0.064,  0.000
  0.022,302.783,  0.245,  0.000
  0.022,302.807,  0.356,  0.000
  0.022,302.821,  0.195,  0.000
  0.022,302.812,  0.042,  0.000
  0.022,302.787,  0.008,  0.000
  0.022,302.770,  0.001,  0.000
  0.022,302.783,  0.001,  0.000
  0.022,302.816,  0.000,  0.000
  0.022,302.847,  0.000,  0.000
  0.021,302.860,  0.000,  0.000
  0.022,302.859,  0.000,  0.000
  0.022,302.851,  0.000,  0.000
  0.022,302.858,  0.000,  0.000
  0.022,302.866,  0.000,  0.000
  0.022,302.772,  0.000,  0.000
  0.022,302.796,  0.000,  0.000
  0.021,302.802,  0.000,  0.000
  0.021,302.752,  0.000,  0.000
  0.022,302.757,  0.000,  0.000
  0.022,302.783,  0.000,  0.000
  0.021,302.786,  0.000,  0.000
  0.021,302.896,  0.000,  0.000
  0.022,302.896,  0.000,  0.000
  0.022,302.856,  0.001,  0.000
  0.022,302.815,  0.019,  0.000
  0.022,302.798,  0.105,  0.000
  0.022,302.800,  0.203,  0.000
  0.022,302.809,  0.159,  0.000
  0.022,302.815,  0.042,  0.000
  0.022,302.810,  0.009,  0.000
  0.022,302.796,  0.002,  0.000
  0.022,302.786,  0.000,  0.000
  0.022,302.796,  0.000,  0.000
  0.022,302.822,  0.000,  0.000
  0.022,302.849,  0.000,  0.000
  0.022,302.863,  0.000,  0.000
  0.022,302.866,  0.000,  0.000
  0.022,302.869,  0.000,  0.000
  0.022,302.867,  0.000,  0.000
  0.022,302.764,  0.000,  0.000
  0.022,302.773,  0.000,  0.000
  0.022,302.775,  0.000,  0.000
  0.022,302.760,  0.000,  0.000
  0.022,302.746,  0.000,  0.000
  0.022,302.758,  0.000,  0.000
  0.022,302.793,  0.000,  0.000
  0.022,302.828,  0.000,  0.000
  0.022,302.841,  0.000,  0.000
  0.022,302.843,  0.000,  0.000
  0.022,302.841,  0.005,  0.000
  0.022,302.836,  0.037,  0.000
  0.022,302.826,  0.087,  0.000
  0.022,302.817,  0.085,  0.000
  0.022,302.828,  0.038,  0.000
  0.022,302.855,  0.010,  0.000
  0.022,302.865,  0.002,  0.000
  0.022,302.843,  0.000,  0.000
  0.022,302.817,  0.000,  0.000
  0.022,302.821,  0.000,  0.000
  0.022,302.846,  0.000,  0.000
  0.022,302.862,  0.000,  0.000
  0.022,302.864,  0.000,  0.000
  0.022,302.864,  0.000,  0.000
  0.022,302.861,  0.000,  0.000
  0.021,302.781,  0.000,  0.000
  0.022,302.798,  0.000,  0.000
  0.022,302.807,  0.000,  0.000
  0.022,302.802,  0.000,  0.000
  0.022,302.788,  0.000,  0.000
  0.022,302.777,  0.000,  0.000
  0.022,302.784,  0.000,  0.000
  0.022,302.788,  0.000,  0.000
  0.022,302.787,  0.000,  0.000
  0.022,302.794,  0.000,  0.000
  0.022,302.816,  0.001,  0.000
  0.021,302.838,  0.009,  0.000
  0.021,302.840,  0.026,  0.000
  0.022,302.828,  0.037,  0.000
  0.022,302.837,  0.025,  0.000
  0.021,302.874,  0.009,  0.000
  0.021,302.908,  0.002,  0.000
  0.022,302.901,  0.001,  0.000
  0.022,302.870,  0.000,  0.000
  0.022,302.851,  0.000,  0.000
  0.022,302.850,  0.000,  0.000
  0.022,302.850,  0.000,  0.000
  0.022,302.849,  0.000,  0.000
  0.022,302.853,  0.000,  0.000
  0.022,302.847,  0.000,  0.000
  0.021,302.788,  0.000,  0.000
  0.021,302.825,  0.000,  0.000
  0.021,302.844,  0.000,  0.000
  0.022,302.841,  0.000,  0.000
  0.022,302.825,  0.000,  0.000
  0.022,302.818,  0.000,  0.000
  0.022,302.827,  0.000,  0.000
  0.022,302.826,  0.000,  0.000
  0.022,302.806,  0.000,  0.000
  0.022,302.783,  0.000,  0.000
  0.022,302.787,  0.000,  0.000
  0.022,302.806,  0.002,  0.000
  0.022,302.820,  0.008,  0.000
  0.022,302.821,  0.012,  0.000
  0.022,302.827,  0.012,  0.000
  0.021,302.827,  0.006,  0.000
  0.021,302.900,  0.002,  0.000
  0.022,302.913,  0.001,  0.000
  0.022,302.893,  0.000,  0.000
  0.022,302.862,  0.000,  0.000
  0.022,302.842,  0.000,  0.000
  0.022,302.838,  0.000,  0.000
  0.022,302.846,  0.000,  0.000
  0.022,302.848,  0.000,  0.000
  0.022,302.829,  0.000,  0.000
  0.022,302.779,  0.000,  0.000
  0.021,302.810,  0.000,  0.000
  0.021,302.820,  0.000,  0.000
  0.021,302.806,  0.000,  0.000
  0.022,302.806,  0.001,  0.000
  0.022,302.837,  0.001,  0.000
  0.021,302.873,  0.000,  0.000
  0.021,302.886,  0.000,  0.000
  0.021,302.870,  0.000,  0.000
  0.022,302.836,  0.000,  0.000
  0.022,302.811,  0.001,  0.000
  0.022,302.802,  0.002,  0.000
  0.022,302.799,  0.002,  0.000
  0.022,302.795,  0.003,  0.000
  0.022,302.800,  0.004,  0.000
  0.022,302.825,  0.003,  0.000
  0.022,302.865,  0.001,  0.000
  0.022,302.892,  0.001,  0.000
  0.022,302.884,  0.000,  0.000
  0.022,302.859,  0.000,  0.000
  0.022,302.837,  0.000,  0.000
  0.022,302.833,  0.000,  0.000
  0.022,302.845,  0.000,  0.000
  0.022,302.851,  0.000,  0.000
  0.022,302.826,  0.000,  0.000
  0.022,302.774,  0.000,  0.000
  0.022,302.766,  0.000,  0.000
  0.022,302.757,  0.000,  0.000
  0.022,302.736,  0.000,  0.000
  0.022,302.749,  0.000,  0.000
  0.022,302.806,  0.000,  0.000
  0.021,302.861,  0.000,  0.000
  0.021,302.884,  0.000,  0.000
  0.021,302.883,  0.000,  0.000
  0.021,302.876,  0.000,  0.000
  0.021,302.861,  0.004,  0.000
  0.022,302.840,  0.019,  0.000
  0.022,302.818,  0.025,  0.000
  0.022,302.794,  0.000,  0.000
  0.022,302.780,  0.001,  0.000
  0.022,302.784,  0.001,  0.000
  0.022,302.807,  0.001,  0.000
  0.022,302.835,  0.000,  0.000
  0.022,302.857,  0.000,  0.000
  0.022,302.864,  0.000,  0.000
  0.022,302.853,  0.000,  0.000
  0.022,302.832,  0.000,  0.000
  0.022,302.819,  0.000,  0.000
  0.022,302.827,  0.000,  0.000
  0.022,302.828,  0.000,  0.000
  0.022,302.779,  0.000,  0.000
  0.022,302.736,  0.000,  0.000
  0.022,302.704,  0.001,  0.000
  0.022,302.687,  0.006,  0.000
  0.022,302.703,  0.007,  0.000
  0.022,302.749,  0.000,  0.000
  0.022,302.801,  0.000,  0.000
  0.021,302.831,  0.000,  0.000
  0.021,302.843,  0.000,  0.000
  0.021,302.855,  0.000,  0.000
  0.021,302.867,  0.005,  0.000
  0.021,302.870,  0.041,  0.000
  0.021,302.865,  0.079,  0.000
  0.022,302.843,  0.002,  0.000
  0.022,302.811,  0.001,  0.000
  0.022,302.784,  0.000,  0.000
  0.022,302.772,  0.000,  0.000
  0.022,302.780,  0.000,  0.000
  0.022,302.812,  0.000,  0.000
  0.022,302.848,  0.000,  0.000
  0.022,302.854,  0.000,  0.000
  0.022,302.836,  0.000,  0.000
  0.022,302.815,  0.000,  0.000
  0.022,302.807,  0.000,  0.000
  0.022,302.814,  0.000,  0.000
  0.022,302.811,  0.000,  0.000
  0.022,302.755,  0.000,  0.000
  0.022,302.700,  0.005,  0.000
  0.022,302.676,  0.040,  0.000
  0.022,302.684,  0.078,  0.000
  0.022,302.705,  0.023,  0.000
  0.022,302.737,  0.000,  0.000
  0.022,302.767,  0.000,  0.000
  0.022,302.786,  0.000,  0.000
  0.022,302.804,  0.000,  0.000
  0.022,302.827,  0.000,  0.000
  0.021,302.857,  0.000,  0.000
  0.021,302.891,  0.003,  0.000
  0.021,302.900,  0.008,  0.000
  0.021,302.872,  0.000,  0.000
  0.022,302.819,  0.000,  0.000
  0.022,302.775,  0.000,  0.000
  0.022,302.761,  0.000,  0.000
  0.022,302.784,  0.000,  0.000
  0.022,302.824,  0.000,  0.000
  0.022,302.848,  0.000,  0.000
  0.022,302.846,  0.000,  0.000
  0.022,302.829,  0.000,  0.000
  0.022,302.811,  0.000,  0.000
  0.022,302.804,  0.000,  0.000
  0.021,302.847,  0.008,  0.000
  0.021,302.815,  0.001,  0.000
  0.022,302.757,  0.010,  0.000
  0.022,302.713,  0.093,  0.000
  0.022,302.705,  0.221,  0.000
  0.022,302.712,  0.118,  0.000
  0.022,302.720,  0.002,  0.000
  0.022,302.731,  0.001,  0.000
  0.022,302.743,  0.000,  0.000
  0.022,302.753,  0.000,  0.000
  0.022,302.770,  0.000,  0.000
  0.022,302.810,  0.000,  0.000
  0.021,302.865,  0.000,  0.000
  0.021,302.899,  0.000,  0.000
  0.021,302.884,  0.000,  0.000
  0.022,302.835,  0.000,  0.000
  0.022,302.785,  0.000,  0.000
  0.022,302.764,  0.000,  0.000
  0.022,302.777,  0.000,  0.000
  0.022,302.807,  0.000,  0.000
  0.022,302.830,  0.000,  0.000
  0.022,302.834,  0.000,  0.000
  0.022,302.824,  0.000,  0.000
  0.022,302.812,  0.000,  0.000
  0.022,302.815,  0.000,  0.000
