  0.021,302.735,  0.000,  0.030
  0.021,302.759,  0.000,  0.030
  0.021,302.771,  0.000,  0.060
  0.021,302.760,  0.000,  0.060
  0.021,302.737,  0.000,  0.060
  0.021,302.718,  0.000,  0.060
  0.021,302.704,  0.000,  0.000
  0.021,302.692,  0.000,  0.000
  0.021,302.679,  0.000,  0.000
  0.021,302.660,  0.000,  0.000
  0.021,302.635,  0.000,  0.000
  0.021,302.608,  0.000,  0.000
  0.021,302.587,  0.000,  0.000
  0.021,302.581,  0.000,  0.000
  0.021,302.584,  0.000,  0.000
  0.021,302.585,  0.000,  0.000
  0.021,302.578,  0.000,  0.030
  0.021,302.567,  0.000,  0.030
  0.022,302.563,  0.000,  0.030
  0.022,302.563,  0.000,  0.030
  0.021,302.563,  0.000,  0.000
  0.022,302.569,  0.000,  0.000
  0.022,302.579,  0.000,  0.000
  0.022,302.604,  0.000,  0.000
  0.022,302.609,  0.000,  0.000
  0.020,302.747,  0.000,  0.000
  0.021,302.755,  0.000,  0.000
  0.021,302.737,  0.000,  0.000
  0.020,302.604,  0.000,  0.000
  0.021,302.718,  0.000,  0.000
  0.021,302.728,  0.000,  0.000
  0.021,302.735,  0.000,  0.000
  0.021,302.733,  0.000,  0.000
  0.021,302.715,  0.000,  0.000
  0.021,302.680,  0.000,  0.000
  0.021,302.639,  0.000,  0.000
  0.021,302.612,  0.000,  0.000
  0.021,302.600,  0.000,  0.000
  0.021,302.591,  0.000,  0.000
  0.021,302.582,  0.000,  0.000
  0.021,302.575,  0.000,  0.000
  0.021,302.564,  0.000,  0.000
  0.021,302.558,  0.000,  0.000
  0.021,302.558,  0.000,  0.000
  0.021,302.559,  0.000,  0.000
  0.021,302.563,  0.000,  0.000
  0.022,302.565,  0.000,  0.000
  0.022,302.562,  0.000,  0.000
  0.022,302.589,  0.000,  0.000
  0.022,302.598,  0.000,  0.000
  0.021,302.717,  0.000,  0.000
  0.021,302.693,  0.000,  0.000
  0.021,302.684,  0.000,  0.000
  0.019,302.590,  0.000,  0.000
  0.019,302.626,  0.000,  0.000
  0.020,302.755,  0.000,  0.000
  0.021,302.763,  0.000,  0.000
  0.021,302.743,  0.000,  0.000
  0.021,302.704,  0.000,  0.000
  0.021,302.669,  0.000,  0.000
  0.021,302.650,  0.000,  0.000
  0.021,302.641,  0.000,  0.000
  0.021,302.626,  0.000,  0.000
  0.021,302.604,  0.000,  0.000
  0.021,302.583,  0.000,  0.000
  0.021,302.570,  0.000,  0.000
  0.021,302.566,  0.000,  0.000
  0.021,302.562,  0.000,  0.000
  0.021,302.556,  0.000,  0.000
  0.021,302.554,  0.000,  0.000
  0.022,302.549,  0.000,  0.000
  0.022,302.542,  0.000,  0.000
  0.022,302.548,  0.000,  0.000
  0.021,302.580,  0.000,  0.000
  0.021,302.588,  0.000,  0.000
  0.021,302.654,  0.000,  0.000
  0.021,302.656,  0.000,  0.000
  0.021,302.682,  0.000,  0.000
  0.020,302.712,  0.000,  0.000
  0.020,302.739,  0.000,  0.000
  0.021,302.748,  0.000,  0.000
  0.021,302.728,  0.000,  0.000
  0.020,302.582,  0.000,  0.000
  0.021,302.689,  0.000,  0.000
  0.021,302.691,  0.000,  0.000
  0.021,302.689,  0.000,  0.000
  0.021,302.678,  0.000,  0.000
  0.021,302.650,  0.000,  0.000
  0.021,302.613,  0.000,  0.000
  0.021,302.590,  0.000,  0.000
  0.021,302.589,  0.000,  0.000
  0.021,302.587,  0.000,  0.000
  0.021,302.575,  0.000,  0.000
  0.021,302.558,  0.000,  0.000
  0.022,302.543,  0.000,  0.000
  0.022,302.538,  0.000,  0.000
  0.021,302.540,  0.000,  0.000
  0.021,302.550,  0.000,  0.000
  0.021,302.573,  0.000,  0.000
  0.022,302.573,  0.000,  0.000
  0.021,302.639,  0.000,  0.000
  0.021,302.660,  0.000,  0.000
  0.020,302.682,  0.000,  0.000
  0.021,302.697,  0.000,  0.000
  0.021,302.699,  0.000,  0.000
  0.021,302.682,  0.000,  0.000
  0.021,302.675,  0.000,  0.000
  0.019,302.574,  0.000,  0.000
  0.019,302.632,  0.000,  0.000
  0.020,302.723,  0.000,  0.000
  0.021,302.715,  0.000,  0.000
  0.021,302.682,  0.000,  0.000
  0.021,302.639,  0.000,  0.000
  0.021,302.617,  0.000,  0.000
  0.021,302.617,  0.000,  0.000
  0.021,302.620,  0.000,  0.000
  0.021,302.614,  0.000,  0.000
  0.021,302.590,  0.000,  0.000
  0.021,302.562,  0.000,  0.000
  0.021,302.554,  0.000,  0.000
  0.021,302.553,  0.000,  0.000
  0.021,302.549,  0.000,  0.000
  0.021,302.547,  0.000,  0.000
  0.022,302.557,  0.000,  0.000
  0.022,302.556,  0.000,  0.000
  0.020,302.647,  0.000,  0.000
  0.021,302.657,  0.000,  0.000
  0.021,302.653,  0.000,  0.000
  0.021,302.643,  0.000,  0.000
  0.021,302.637,  0.000,  0.000
  0.021,302.648,  0.000,  0.000
  0.021,302.673,  0.000,  0.000
  0.020,302.700,  0.000,  0.000
  0.020,302.719,  0.000,  0.000
  0.021,302.715,  0.000,  0.000
  0.021,302.683,  0.000,  0.000
  0.021,302.651,  0.000,  0.000
  0.021,302.642,  0.000,  0.000
  0.021,302.647,  0.000,  0.000
  0.021,302.652,  0.000,  0.000
  0.021,302.644,  0.000,  0.000
  0.021,302.614,  0.000,  0.000
  0.021,302.584,  0.000,  0.000
  0.021,302.580,  0.000,  0.000
  0.021,302.579,  0.000,  0.000
  0.021,302.569,  0.000,  0.000
  0.021,302.555,  0.000,  0.000
  0.021,302.543,  0.000,  0.000
  0.021,302.551,  0.000,  0.000
  0.021,302.552,  0.000,  0.000
  0.021,302.646,  0.000,  0.000
  0.021,302.625,  0.000,  0.000
  0.021,302.605,  0.000,  0.000
  0.021,302.607,  0.000,  0.000
  0.021,302.628,  0.000,  0.000
  0.021,302.652,  0.000,  0.000
  0.021,302.672,  0.000,  0.000
  0.021,302.680,  0.000,  0.000
  0.021,302.672,  0.000,  0.000
  0.021,302.655,  0.000,  0.000
  0.021,302.650,  0.000,  0.000
  0.021,302.659,  0.000,  0.000
  0.020,302.671,  0.000,  0.000
  0.021,302.677,  0.000,  0.000
  0.021,302.660,  0.000,  0.000
  0.021,302.616,  0.000,  0.000
  0.021,302.588,  0.000,  0.000
  0.021,302.596,  0.000,  0.000
  0.021,302.608,  0.000,  0.000
  0.021,302.605,  0.000,  0.000
  0.021,302.585,  0.000,  0.000
  0.021,302.559,  0.000,  0.000
  0.021,302.558,  0.000,  0.000
  0.021,302.574,  0.000,  0.000
  0.021,302.565,  0.000,  0.000
  0.021,302.621,  0.000,  0.000
  0.021,302.601,  0.000,  0.000
  0.021,302.602,  0.000,  0.000
  0.021,302.615,  0.000,  0.000
  0.021,302.635,  0.000,  0.000
  0.021,302.646,  0.000,  0.000
  0.021,302.636,  0.000,  0.000
  0.021,302.617,  0.000,  0.000
  0.021,302.615,  0.000,  0.000
  0.021,302.633,  0.000,  0.000
  0.021,302.656,  0.000,  0.000
  0.020,302.676,  0.000,  0.000
  0.021,302.683,  0.000,  0.000
  0.021,302.657,  0.000,  0.000
  0.021,302.610,  0.000,  0.000
  0.021,302.585,  0.000,  0.000
  0.021,302.597,  0.000,  0.000
  0.021,302.615,  0.000,  0.000
  0.021,302.627,  0.000,  0.000
  0.021,302.613,  0.000,  0.000
  0.021,302.578,  0.000,  0.000
  0.021,302.566,  0.000,  0.000
  0.021,302.579,  0.000,  0.000
  0.021,302.589,  0.000,  0.000
  0.021,302.579,  0.000,  0.000
  0.021,302.612,  0.000,  0.000
  0.021,302.613,  0.000,  0.000
  0.021,302.617,  0.000,  0.000
  0.021,302.626,  0.000,  0.000
  0.021,302.624,  0.000,  0.000
  0.021,302.606,  0.000,  0.000
  0.021,302.585,  0.000,  0.000
  0.021,302.588,  0.000,  0.000
  0.021,302.610,  0.000,  0.000
  0.020,302.636,  0.000,  0.000
  0.021,302.657,  0.000,  0.000
  0.021,302.659,  0.000,  0.000
  0.021,302.635,  0.000,  0.000
  0.021,302.602,  0.000,  0.000
  0.021,302.588,  0.000,  0.000
  0.021,302.594,  0.000,  0.000
  0.021,302.606,  0.000,  0.000
  0.021,302.622,  0.000,  0.000
  0.021,302.618,  0.000,  0.000
  0.021,302.587,  0.000,  0.000
  0.021,302.567,  0.000,  0.000
  0.021,302.574,  0.000,  0.000
  0.021,302.589,  0.000,  0.000
  0.021,302.590,  0.000,  0.000
  0.021,302.567,  0.000,  0.000
  0.021,302.620,  0.000,  0.030
  0.020,302.621,  0.000,  0.030
  0.021,302.618,  0.000,  0.000
  0.021,302.606,  0.000,  0.000
  0.021,302.587,  0.000,  0.000
  0.021,302.579,  0.000,  0.000
  0.021,302.585,  0.000,  0.050
  0.021,302.598,  0.000,  0.050
  0.021,302.616,  0.000,  0.050
  0.021,302.626,  0.000,  0.000
  0.021,302.616,  0.000,  0.000
  0.021,302.601,  0.000,  0.000
  0.021,302.593,  0.000,  0.000
  0.021,302.595,  0.000,  0.000
  0.021,302.599,  0.000,  0.000
  0.021,302.600,  0.000,  0.000
  0.021,302.603,  0.000,  0.000
  0.021,302.603,  0.000,  0.000
  0.021,302.590,  0.000,  0.000
  0.021,302.573,  0.000,  0.000
  0.021,302.568,  0.000,  0.000
  0.021,302.575,  0.000,  0.000
  0.021,302.572,  0.000,  0.000
  0.021,302.552,  0.000,  0.000
  0.021,302.533,  0.000,  0.000
  0.020,302.619,  0.000,  0.030
  0.021,302.617,  0.000,  0.030
  0.021,302.596,  0.000,  0.000
  0.021,302.578,  0.000,  0.000
  0.021,302.580,  0.000,  0.000
  0.021,302.588,  0.000,  0.000
  0.021,302.597,  0.000,  0.050
  0.021,302.607,  0.000,  0.050
  0.021,302.599,  0.000,  0.050
  0.021,302.580,  0.000,  0.000
  0.021,302.572,  0.000,  0.000
  0.021,302.581,  0.000,  0.000
  0.021,302.596,  0.000,  0.000
  0.021,302.604,  0.000,  0.000
  0.021,302.598,  0.000,  0.000
  0.021,302.587,  0.000,  0.000
  0.021,302.584,  0.000,  0.000
  0.021,302.591,  0.000,  0.000
  0.021,302.592,  0.000,  0.000
  0.021,302.585,  0.000,  0.000
  0.021,302.572,  0.000,  0.000
  0.021,302.552,  0.000,  0.000
  0.021,302.536,  0.000,  0.000
  0.021,302.531,  0.000,  0.000
  0.021,302.532,  0.000,  0.000
  0.021,302.600,  0.000,  0.030
  0.021,302.581,  0.000,  0.030
  0.021,302.567,  0.000,  0.000
  0.021,302.576,  0.000,  0.000
  0.021,302.588,  0.000,  0.000
  0.021,302.597,  0.000,  0.000
  0.021,302.596,  0.000,  0.050
  0.021,302.581,  0.000,  0.050
  0.021,302.563,  0.000,  0.050
  0.021,302.564,  0.000,  0.000
  0.021,302.576,  0.000,  0.000
  0.021,302.591,  0.000,  0.000
  0.021,302.599,  0.000,  0.000
  0.021,302.585,  0.000,  0.000
  0.021,302.567,  0.000,  0.000
  0.021,302.570,  0.000,  0.000
  0.021,302.587,  0.000,  0.000
  0.021,302.603,  0.000,  0.000
  0.021,302.606,  0.000,  0.000
  0.021,302.582,  0.000,  0.000
  0.021,302.547,  0.000,  0.000
  0.021,302.532,  0.000,  0.000
  0.021,302.541,  0.000,  0.000
  0.021,302.554,  0.000,  0.000
  0.021,302.563,  0.000,  0.000
  0.021,302.572,  0.000,  0.030
  0.021,302.556,  0.000,  0.030
  0.021,302.563,  0.000,  0.000
  0.021,302.577,  0.000,  0.000
  0.021,302.586,  0.000,  0.000
  0.021,302.581,  0.000,  0.000
  0.021,302.560,  0.000,  0.050
  0.021,302.550,  0.000,  0.050
  0.021,302.560,  0.000,  0.050
  0.021,302.576,  0.000,  0.000
  0.021,302.592,  0.000,  0.000
  0.021,302.596,  0.000,  0.000
  0.021,302.571,  0.000,  0.000
  0.021,302.547,  0.000,  0.000
  0.021,302.554,  0.000,  0.000
  0.021,302.577,  0.000,  0.000
  0.020,302.603,  0.000,  0.000
  0.021,302.612,  0.000,  0.000
  0.021,302.582,  0.000,  0.000
  0.021,302.543,  0.000,  0.000
  0.021,302.533,  0.000,  0.000
  0.021,302.544,  0.000,  0.000
  0.021,302.561,  0.000,  0.000
  0.021,302.576,  0.000,  0.000
  0.021,302.573,  0.000,  0.000
  0.021,302.560,  0.000,  0.000
  0.021,302.556,  0.000,  0.000
  0.021,302.565,  0.000,  0.050
  0.021,302.574,  0.000,  0.050
  0.021,302.566,  0.000,  0.050
  0.021,302.546,  0.000,  0.050
  0.021,302.537,  0.000,  0.010
  0.021,302.547,  0.000,  0.010
  0.021,302.564,  0.000,  0.010
  0.021,302.583,  0.000,  0.000
  0.021,302.589,  0.000,  0.000
  0.021,302.565,  0.000,  0.000
  0.021,302.538,  0.000,  0.000
  0.021,302.543,  0.000,  0.100
  0.021,302.565,  0.000,  0.100
  0.020,302.591,  0.000,  0.100
  0.021,302.601,  0.000,  0.050
  0.021,302.568,  0.000,  0.050
  0.021,302.534,  0.000,  0.050
  0.020,302.394,  0.000,  0.050
  0.021,302.540,  0.000,  0.000
  0.021,302.553,  0.000,  0.000
  0.021,302.562,  0.000,  0.000
  0.021,302.547,  0.000,  0.000
  0.021,302.520,  0.000,  0.000
  0.021,302.548,  0.000,  0.000
  0.021,302.550,  0.000,  0.000
  0.021,302.551,  0.000,  0.050
  0.021,302.543,  0.000,  0.050
  0.021,302.531,  0.000,  0.050
  0.021,302.530,  0.000,  0.050
  0.021,302.540,  0.000,  0.010
  0.021,302.551,  0.000,  0.010
  0.021,302.561,  0.000,  0.010
  0.021,302.561,  0.000,  0.000
  0.021,302.544,  0.000,  0.000
  0.021,302.528,  0.000,  0.000
  0.021,302.533,  0.000,  0.000
  0.021,302.550,  0.000,  0.100
  0.020,302.571,  0.000,  0.100
  0.021,302.578,  0.000,  0.100
  0.021,302.548,  0.000,  0.050
  0.020,302.375,  0.000,  0.050
  0.020,302.378,  0.000,  0.050
  0.021,302.533,  0.000,  0.050
  0.021,302.540,  0.000,  0.000
  0.021,302.542,  0.000,  0.000
  0.021,302.520,  0.000,  0.000
  0.021,302.493,  0.000,  0.000
  0.021,302.489,  0.000,  0.000
