  0.019,300.473,  0.000,  0.000
  0.019,300.501,  0.000,  0.000
  0.019,300.532,  0.000,  0.000
  0.019,300.532,  0.000,  0.000
  0.019,300.498,  0.000,  0.000
  0.019,300.481,  0.000,  0.000
  0.019,300.493,  0.000,  0.000
  0.019,300.498,  0.000,  0.000
  0.019,300.484,  0.000,  0.000
  0.019,300.476,  0.000,  0.000
  0.019,300.483,  0.000,  0.000
  0.019,300.513,  0.000,  0.000
  0.019,300.544,  0.000,  0.000
  0.019,300.558,  0.000,  0.000
  0.019,300.552,  0.000,  0.000
  0.019,300.546,  0.000,  0.000
  0.019,300.550,  0.000,  0.000
  0.019,300.549,  0.000,  0.000
  0.019,300.552,  0.000,  0.000
  0.019,300.566,  0.000,  0.000
  0.019,300.569,  0.000,  0.000
  0.019,300.557,  0.000,  0.000
  0.019,300.475,  0.000,  0.000
  0.019,300.387,  0.000,  0.000
  0.020,300.366,  0.000,  0.000
  0.019,300.434,  0.000,  0.000
  0.019,300.456,  0.000,  0.000
  0.019,300.511,  0.000,  0.000
  0.019,300.563,  0.000,  0.000
  0.019,300.564,  0.000,  0.000
  0.019,300.527,  0.000,  0.000
  0.019,300.496,  0.000,  0.000
  0.019,300.474,  0.000,  0.000
  0.019,300.459,  0.000,  0.000
  0.019,300.473,  0.000,  0.000
  0.019,300.515,  0.000,  0.000
  0.019,300.548,  0.000,  0.000
  0.019,300.560,  0.000,  0.000
  0.019,300.582,  0.000,  0.000
  0.019,300.585,  0.000,  0.000
  0.019,300.554,  0.000,  0.000
  0.019,300.537,  0.000,  0.000
  0.019,300.561,  0.000,  0.000
  0.019,300.590,  0.000,  0.000
  0.019,300.611,  0.000,  0.000
  0.019,300.551,  0.000,  0.000
  0.020,300.274,  0.000,  0.000
  0.020,299.992,  0.000,  0.000
  0.020,299.967,  0.000,  0.000
  0.020,300.132,  0.000,  0.000
  0.019,300.465,  0.000,  0.000
  0.019,300.444,  0.000,  0.000
  0.019,300.495,  0.000,  0.000
  0.019,300.565,  0.000,  0.000
  0.019,300.592,  0.000,  0.000
  0.019,300.568,  0.000,  0.000
  0.019,300.530,  0.000,  0.000
  0.019,300.505,  0.000,  0.000
  0.019,300.500,  0.000,  0.000
  0.019,300.513,  0.000,  0.000
  0.019,300.525,  0.000,  0.000
  0.019,300.542,  0.000,  0.000
  0.019,300.568,  0.000,  0.000
  0.019,300.590,  0.000,  0.000
  0.019,300.629,  0.000,  0.000
  0.019,300.664,  0.000,  0.000
  0.019,300.671,  0.000,  0.000
  0.019,300.649,  0.000,  0.000
  0.019,300.619,  0.000,  0.000
  0.019,300.605,  0.000,  0.000
  0.019,300.531,  0.000,  0.000
  0.020,300.212,  0.000,  0.000
  0.020,299.897,  0.000,  0.000
  0.020,299.913,  0.000,  0.000
  0.020,300.095,  0.000,  0.000
  0.019,300.548,  0.000,  0.000
  0.019,300.499,  0.000,  0.000
  0.019,300.515,  0.000,  0.000
  0.019,300.566,  0.000,  0.000
  0.019,300.591,  0.000,  0.000
  0.019,300.579,  0.000,  0.000
  0.019,300.567,  0.000,  0.000
  0.019,300.570,  0.000,  0.000
  0.019,300.565,  0.000,  0.000
  0.019,300.555,  0.000,  0.000
  0.019,300.571,  0.000,  0.000
  0.019,300.600,  0.000,  0.000
  0.019,300.609,  0.000,  0.000
  0.019,300.629,  0.000,  0.000
  0.019,300.651,  0.000,  0.000
  0.019,300.569,  0.000,  0.000
  0.019,300.383,  0.000,  0.000
  0.019,300.317,  0.000,  0.000
  0.019,300.399,  0.000,  0.000
  0.019,300.463,  0.000,  0.000
  0.019,300.458,  0.000,  0.000
  0.019,300.396,  0.000,  0.000
  0.020,300.251,  0.000,  0.000
  0.020,300.167,  0.000,  0.000
  0.020,300.190,  0.000,  0.000
  0.019,300.634,  0.000,  0.000
  0.019,300.595,  0.000,  0.000
  0.019,300.574,  0.000,  0.000
  0.019,300.586,  0.000,  0.000
  0.019,300.587,  0.000,  0.000
  0.019,300.583,  0.000,  0.000
  0.019,300.582,  0.000,  0.000
  0.019,300.580,  0.000,  0.000
  0.019,300.603,  0.000,  0.000
  0.019,300.653,  0.000,  0.000
  0.019,300.634,  0.000,  0.000
  0.019,300.598,  0.000,  0.000
  0.019,300.616,  0.000,  0.000
  0.019,300.663,  0.000,  0.000
  0.019,300.557,  0.000,  0.000
  0.019,300.145,  0.000,  0.000
  0.019,299.742,  0.000,  0.000
  0.019,299.792,  0.000,  0.000
  0.019,300.133,  0.000,  0.000
  0.019,300.340,  0.000,  0.000
  0.019,300.415,  0.000,  0.000
  0.019,300.466,  0.000,  0.000
  0.019,300.485,  0.000,  0.000
  0.019,300.434,  0.000,  0.000
  0.020,300.338,  0.000,  0.000
  0.019,300.682,  0.001,  0.000
  0.019,300.675,  0.000,  0.000
  0.019,300.646,  0.000,  0.000
  0.019,300.628,  0.000,  0.000
  0.019,300.611,  0.000,  0.000
  0.019,300.599,  0.000,  0.000
  0.019,300.599,  0.000,  0.000
  0.019,300.623,  0.000,  0.000
  0.019,300.613,  0.000,  0.000
  0.019,300.433,  0.000,  0.000
  0.019,300.286,  0.000,  0.000
  0.019,300.299,  0.000,  0.000
  0.019,300.324,  0.000,  0.000
  0.020,300.753,  0.000,  0.000
  0.020,300.418,  0.000,  0.000
  0.020,300.000,  0.000,  0.000
  0.020,299.619,  0.000,  0.000
  0.020,299.692,  0.000,  0.000
  0.020,300.050,  0.000,  0.000
  0.020,300.313,  0.000,  0.000
  0.019,300.435,  0.000,  0.000
  0.019,300.497,  0.000,  0.000
  0.019,300.536,  0.000,  0.000
  0.019,300.548,  0.000,  0.000
  0.020,300.530,  0.000,  0.000
  0.019,300.694,  0.001,  0.000
  0.019,300.702,  0.000,  0.000
  0.019,300.686,  0.000,  0.000
  0.019,300.669,  0.000,  0.000
  0.019,300.649,  0.000,  0.000
  0.019,300.645,  0.000,  0.000
  0.019,300.677,  0.000,  0.000
  0.019,300.584,  0.000,  0.000
  0.019,300.134,  0.000,  0.000
  0.019,299.761,  0.000,  0.000
  0.019,299.718,  0.000,  0.000
  0.020,300.079,  0.000,  0.000
  0.020,300.312,  0.000,  0.000
  0.019,300.052,  0.000,  0.000
  0.019,300.310,  0.000,  0.000
  0.020,300.241,  0.000,  0.000
  0.020,299.939,  0.000,  0.000
  0.020,299.920,  0.000,  0.000
  0.020,300.146,  0.000,  0.000
  0.020,300.361,  0.000,  0.000
  0.020,300.479,  0.000,  0.000
  0.019,300.551,  0.000,  0.000
  0.019,300.607,  0.000,  0.000
  0.019,300.673,  0.000,  0.000
  0.019,300.779,  0.000,  0.000
  0.019,300.671,  0.000,  0.000
  0.019,300.663,  0.000,  0.000
  0.019,300.659,  0.000,  0.000
  0.019,300.670,  0.000,  0.000
  0.019,300.687,  0.000,  0.000
  0.019,300.708,  0.000,  0.000
  0.019,300.592,  0.000,  0.000
  0.020,300.014,  0.000,  0.000
  0.020,299.378,  0.000,  0.000
  0.019,299.282,  0.000,  0.000
  0.019,299.396,  0.000,  0.000
  0.019,299.473,  0.000,  0.000
  0.019,299.679,  0.000,  0.000
  0.019,299.915,  0.000,  0.000
  0.019,300.200,  0.000,  0.000
  0.019,300.386,  0.000,  0.000
  0.020,300.321,  0.000,  0.000
  0.020,300.263,  0.000,  0.000
  0.020,300.336,  0.000,  0.000
  0.020,300.436,  0.000,  0.000
  0.020,300.528,  0.000,  0.000
  0.020,300.654,  0.000,  0.000
  0.019,300.750,  0.000,  0.000
  0.019,300.826,  0.000,  0.000
  0.019,300.933,  0.000,  0.000
  0.019,300.633,  0.000,  0.000
  0.019,300.601,  0.000,  0.000
  0.019,300.613,  0.000,  0.000
  0.019,300.648,  0.000,  0.000
  0.019,300.705,  0.000,  0.000
  0.019,300.728,  0.000,  0.000
  0.020,300.333,  0.000,  0.000
  0.020,299.517,  0.000,  0.000
  0.019,299.102,  0.000,  0.000
  0.019,299.144,  0.000,  0.000
  0.019,299.338,  0.000,  0.000
  0.019,299.481,  0.000,  0.000
  0.019,299.682,  0.000,  0.000
  0.019,299.863,  0.000,  0.000
  0.019,300.064,  0.000,  0.000
  0.019,300.314,  0.000,  0.000
  0.019,300.511,  0.000,  0.000
  0.020,300.532,  0.000,  0.000
  0.020,300.504,  0.000,  0.000
  0.020,300.551,  0.000,  0.000
  0.020,300.667,  0.000,  0.000
  0.020,300.789,  0.000,  0.000
  0.019,300.880,  0.000,  0.000
  0.019,300.922,  0.000,  0.000
  0.019,300.964,  0.000,  0.000
  0.019,300.626,  0.000,  0.000
  0.019,300.600,  0.000,  0.000
  0.019,300.611,  0.000,  0.000
  0.019,300.644,  0.000,  0.000
  0.019,300.708,  0.000,  0.000
  0.019,300.737,  0.000,  0.000
  0.020,300.337,  0.000,  0.000
  0.020,299.583,  0.000,  0.000
  0.020,299.241,  0.000,  0.000
  0.019,299.281,  0.000,  0.160
  0.019,299.438,  0.000,  0.160
  0.019,299.596,  0.000,  0.160
  0.019,299.748,  0.000,  0.160
  0.019,299.847,  0.000,  0.410
  0.019,299.910,  0.000,  0.410
  0.019,300.107,  0.000,  0.410
  0.019,300.456,  0.000,  0.190
  0.020,300.651,  0.000,  0.190
  0.019,300.668,  0.000,  0.190
  0.019,300.720,  0.000,  0.190
  0.019,300.853,  0.000,  0.000
  0.019,300.919,  0.000,  0.000
  0.020,300.933,  0.000,  0.000
  0.019,300.960,  0.000,  0.000
  0.019,300.961,  0.000,  0.000
  0.019,300.669,  0.000,  0.000
  0.019,300.659,  0.000,  0.000
  0.019,300.654,  0.000,  0.000
  0.019,300.668,  0.000,  0.000
  0.019,300.709,  0.000,  0.000
  0.019,300.761,  0.000,  0.000
  0.019,300.594,  0.000,  0.000
  0.020,300.066,  0.000,  0.000
  0.020,299.631,  0.000,  0.000
  0.020,299.551,  0.000,  0.160
  0.019,299.627,  0.000,  0.160
  0.019,299.737,  0.000,  0.160
  0.019,299.877,  0.000,  0.160
  0.019,299.914,  0.000,  0.410
  0.019,299.844,  0.000,  0.410
  0.019,299.907,  0.000,  0.410
  0.019,300.285,  0.000,  0.190
  0.020,300.735,  0.000,  0.190
  0.019,300.841,  0.000,  0.190
  0.019,300.854,  0.000,  0.190
  0.019,300.965,  0.000,  0.000
  0.019,300.980,  0.000,  0.000
  0.020,300.945,  0.000,  0.000
  0.020,300.942,  0.000,  0.000
  0.019,300.916,  0.000,  0.000
  0.019,300.723,  0.000,  0.000
  0.019,300.723,  0.000,  0.000
  0.019,300.715,  0.000,  0.000
  0.019,300.718,  0.000,  0.000
  0.019,300.735,  0.000,  0.000
  0.019,300.771,  0.000,  0.000
  0.019,300.770,  0.000,  0.000
  0.020,300.567,  0.000,  0.000
  0.020,300.217,  0.000,  0.000
  0.020,299.998,  0.000,  0.160
  0.020,299.964,  0.000,  0.160
  0.020,299.992,  0.000,  0.160
  0.020,300.021,  0.000,  0.160
  0.019,299.990,  0.000,  0.410
  0.019,299.899,  0.000,  0.410
  0.019,299.925,  0.000,  0.410
  0.019,300.336,  0.000,  0.190
  0.019,300.877,  0.000,  0.190
  0.019,300.944,  0.000,  0.190
  0.019,300.928,  0.000,  0.190
  0.019,301.001,  0.000,  0.000
  0.019,300.992,  0.000,  0.000
  0.019,300.943,  0.000,  0.000
  0.020,300.873,  0.000,  0.000
  0.020,300.801,  0.000,  0.000
  0.019,300.766,  0.001,  0.000
  0.019,300.764,  0.000,  0.000
  0.019,300.765,  0.000,  0.000
  0.019,300.774,  0.000,  0.000
  0.019,300.775,  0.000,  0.000
  0.019,300.765,  0.000,  0.000
  0.019,300.770,  0.000,  0.000
  0.019,300.748,  0.000,  0.000
  0.019,300.626,  0.000,  0.000
  0.020,300.441,  0.000,  0.160
  0.020,300.325,  0.000,  0.160
  0.020,300.279,  0.000,  0.160
  0.020,300.227,  0.000,  0.160
  0.020,300.156,  0.000,  0.410
  0.020,300.112,  0.000,  0.410
  0.020,300.262,  0.000,  0.410
  0.019,300.680,  0.000,  0.190
  0.019,300.989,  0.000,  0.190
  0.019,300.966,  0.000,  0.190
  0.019,300.937,  0.000,  0.190
  0.019,300.979,  0.000,  0.000
  0.019,301.012,  0.000,  0.000
  0.019,300.995,  0.000,  0.000
  0.020,300.850,  0.000,  0.000
  0.020,300.696,  0.000,  0.000
  0.019,300.778,  0.001,  0.000
  0.019,300.759,  0.000,  0.000
  0.019,300.764,  0.000,  0.000
  0.019,300.778,  0.000,  0.000
  0.019,300.773,  0.000,  0.000
  0.019,300.734,  0.000,  0.000
  0.019,300.687,  0.000,  0.000
  0.019,300.669,  0.000,  0.000
  0.019,300.655,  0.000,  0.000
  0.019,300.591,  0.000,  0.040
  0.020,300.509,  0.000,  0.040
  0.020,300.484,  0.000,  0.040
  0.020,300.502,  0.000,  0.040
  0.020,300.511,  0.000,  0.100
  0.020,300.560,  0.000,  0.100
  0.019,300.732,  0.000,  0.100
  0.019,300.953,  0.000,  0.100
  0.019,300.996,  0.000,  0.100
  0.019,300.948,  0.000,  0.100
  0.019,300.936,  0.000,  0.100
  0.019,300.976,  0.000,  0.050
  0.019,301.023,  0.000,  0.050
  0.019,300.999,  0.000,  0.050
  0.019,300.874,  0.000,  0.040
  0.020,300.713,  0.000,  0.040
  0.019,300.764,  0.033,  0.000
  0.019,300.752,  0.007,  0.000
  0.019,300.749,  0.000,  0.000
  0.019,300.744,  0.000,  0.000
  0.019,300.721,  0.000,  0.000
  0.019,300.668,  0.000,  0.000
  0.019,300.596,  0.000,  0.000
  0.019,300.540,  0.000,  0.000
  0.019,300.530,  0.000,  0.000
  0.019,300.554,  0.000,  0.040
  0.019,300.594,  0.000,  0.040
  0.020,300.663,  0.000,  0.040
  0.020,300.774,  0.000,  0.040
  0.019,300.875,  0.000,  0.100
  0.019,300.963,  0.000,  0.100
  0.019,301.022,  0.000,  0.100
  0.019,301.002,  0.000,  0.100
  0.019,300.948,  0.000,  0.100
  0.019,300.957,  0.000,  0.100
  0.019,300.981,  0.000,  0.100
  0.019,300.887,  0.000,  0.050
  0.020,300.793,  0.000,  0.050
  0.019,300.813,  0.000,  0.050
  0.019,300.830,  0.000,  0.040
  0.020,300.773,  0.000,  0.040
