  0.017,299.124,  0.000,  0.000
  0.017,299.108,  0.000,  0.000
  0.017,299.096,  0.000,  0.000
  0.017,299.077,  0.000,  0.000
  0.017,299.067,  0.000,  0.000
  0.017,299.073,  0.000,  0.000
  0.016,299.084,  0.000,  0.000
  0.016,299.090,  0.000,  0.000
  0.016,299.087,  0.000,  0.000
  0.016,299.061,  0.000,  0.000
  0.017,299.012,  0.000,  0.000
  0.017,298.974,  0.000,  0.000
  0.017,298.978,  0.000,  0.000
  0.017,299.001,  0.000,  0.000
  0.017,299.014,  0.000,  0.000
  0.016,299.023,  0.000,  0.000
  0.016,299.036,  0.000,  0.000
  0.017,299.034,  0.000,  0.000
  0.017,299.026,  0.000,  0.000
  0.017,299.026,  0.000,  0.000
  0.016,299.022,  0.000,  0.000
  0.016,299.011,  0.000,  0.000
  0.016,298.983,  0.000,  0.000
  0.017,298.974,  0.000,  0.000
  0.016,298.982,  0.000,  0.000
  0.016,299.149,  0.000,  0.000
  0.017,299.120,  0.000,  0.000
  0.017,299.088,  0.000,  0.000
  0.017,299.073,  0.000,  0.000
  0.017,299.079,  0.000,  0.000
  0.016,299.094,  0.000,  0.000
  0.016,299.104,  0.000,  0.000
  0.016,299.110,  0.000,  0.000
  0.016,299.100,  0.000,  0.000
  0.017,299.056,  0.000,  0.000
  0.017,298.996,  0.000,  0.000
  0.017,298.958,  0.000,  0.000
  0.017,298.978,  0.000,  0.000
  0.016,299.038,  0.000,  0.000
  0.016,299.081,  0.000,  0.000
  0.016,299.073,  0.000,  0.000
  0.017,299.039,  0.000,  0.000
  0.017,299.025,  0.000,  0.000
  0.017,299.045,  0.000,  0.000
  0.016,299.064,  0.000,  0.000
  0.016,299.064,  0.000,  0.000
  0.016,299.045,  0.000,  0.000
  0.016,299.011,  0.000,  0.000
  0.017,298.996,  0.000,  0.000
  0.017,298.993,  0.000,  0.000
  0.016,299.174,  0.000,  0.000
  0.017,299.152, -0.000,  0.000
  0.017,299.115,  0.000,  0.000
  0.017,299.091,  0.000,  0.000
  0.017,299.114,  0.000,  0.000
  0.016,299.117,  0.000,  0.000
  0.016,299.138,  0.000,  0.000
  0.016,299.129,  0.000,  0.000
  0.017,299.103,  0.000,  0.000
  0.017,299.082,  0.000,  0.000
  0.017,299.061,  0.000,  0.000
  0.017,299.031,  0.000,  0.000
  0.017,299.029,  0.000,  0.000
  0.016,299.064,  0.000,  0.000
  0.016,299.094,  0.000,  0.000
  0.017,299.076,  0.000,  0.000
  0.017,299.038,  0.000,  0.000
  0.017,299.033,  0.000,  0.000
  0.016,299.059,  0.000,  0.000
  0.016,299.076,  0.000,  0.000
  0.016,299.068,  0.000,  0.000
  0.017,299.042,  0.000,  0.000
  0.017,299.015,  0.000,  0.000
  0.017,299.018,  0.000,  0.000
  0.017,299.024,  0.000,  0.000
  0.017,299.204,  0.000,  0.000
  0.017,299.172,  0.000,  0.000
  0.017,299.120,  0.000,  0.000
  0.017,299.108,  0.000,  0.000
  0.016,299.158,  0.000,  0.000
  0.016,299.176,  0.000,  0.000
  0.016,299.153, -0.000,  0.000
  0.017,299.116,  0.000,  0.000
  0.017,299.088,  0.000,  0.000
  0.017,299.092,  0.000,  0.000
  0.017,299.107,  0.000,  0.000
  0.017,299.104,  0.000,  0.000
  0.017,299.091,  0.000,  0.000
  0.017,299.075,  0.000,  0.000
  0.017,299.064,  0.001,  0.000
  0.017,299.047,  0.001,  0.000
  0.017,299.036,  0.001,  0.000
  0.016,299.050,  0.000,  0.000
  0.016,299.069,  0.000,  0.000
  0.016,299.076,  0.000,  0.000
  0.016,299.068,  0.000,  0.000
  0.017,299.049,  0.000,  0.000
  0.017,299.023,  0.000,  0.000
  0.017,299.015,  0.000,  0.000
  0.017,299.005,  0.000,  0.000
  0.017,299.231,  0.001,  0.000
  0.017,299.209,  0.002,  0.000
  0.017,299.180,  0.003,  0.000
  0.017,299.163,  0.001,  0.000
  0.017,299.166,  0.000,  0.000
  0.017,299.162,  0.000,  0.000
  0.017,299.132,  0.000,  0.000
  0.017,299.117,  0.000,  0.000
  0.017,299.113,  0.000,  0.000
  0.017,299.112,  0.000,  0.000
  0.017,299.118,  0.000,  0.000
  0.017,299.120,  0.000,  0.000
  0.017,299.113,  0.000,  0.000
  0.017,299.090,  0.001,  0.000
  0.017,299.066,  0.015,  0.000
  0.017,299.050,  0.027,  0.000
  0.017,299.049,  0.010,  0.000
  0.017,299.057,  0.003,  0.000
  0.017,299.067,  0.001,  0.000
  0.016,299.081,  0.000,  0.000
  0.017,299.091,  0.000,  0.000
  0.017,299.083,  0.000,  0.000
  0.017,299.054,  0.000,  0.000
  0.017,299.029,  0.000,  0.000
  0.017,299.002,  0.000,  0.000
  0.017,299.256,  0.000,  0.000
  0.017,299.222,  0.002,  0.000
  0.017,299.198,  0.002,  0.000
  0.017,299.199,  0.000,  0.000
  0.017,299.195,  0.000,  0.000
  0.017,299.185,  0.000,  0.000
  0.017,299.167,  0.000,  0.000
  0.017,299.143,  0.000,  0.000
  0.017,299.117,  0.000,  0.000
  0.017,299.087,  0.000,  0.000
  0.017,299.072,  0.000,  0.000
  0.017,299.082,  0.000,  0.000
  0.017,299.096,  0.000,  0.000
  0.017,299.085,  0.014,  0.000
  0.017,299.061,  0.160,  0.000
  0.017,299.044,  0.317,  0.000
  0.017,299.046,  0.115,  0.000
  0.017,299.061,  0.009,  0.000
  0.017,299.082,  0.003,  0.000
  0.017,299.096,  0.000,  0.000
  0.017,299.085,  0.000,  0.000
  0.017,299.059,  0.000,  0.000
  0.017,299.062,  0.000,  0.000
  0.017,299.108,  0.000,  0.000
  0.016,299.131,  0.000,  0.000
  0.017,299.283,  0.000,  0.000
  0.017,299.265,  0.000,  0.000
  0.017,299.232,  0.000,  0.000
  0.017,299.200,  0.000,  0.000
  0.017,299.219,  0.001,  0.000
  0.016,299.235,  0.003,  0.000
  0.016,299.220,  0.009,  0.000
  0.017,299.171,  0.014,  0.000
  0.017,299.117,  0.014,  0.000
  0.017,299.082,  0.007,  0.000
  0.017,299.080,  0.002,  0.000
  0.017,299.093,  0.000,  0.000
  0.017,299.109,  0.000,  0.000
  0.017,299.108,  0.003,  0.000
  0.017,299.102,  0.030,  0.000
  0.017,299.110,  0.056,  0.000
  0.017,299.131,  0.023,  0.000
  0.017,299.143,  0.001,  0.000
  0.016,299.147,  0.001,  0.000
  0.017,299.125,  0.000,  0.000
  0.017,299.079,  0.000,  0.000
  0.017,299.037,  0.000,  0.000
  0.017,299.051,  0.000,  0.000
  0.016,299.126,  0.000,  0.000
  0.016,299.180,  0.000,  0.000
  0.017,298.746,  0.000,  0.000
  0.017,299.233,  0.000,  0.000
  0.017,299.258,  0.000,  0.000
  0.017,299.234,  0.002,  0.000
  0.017,299.258,  0.017,  0.000
  0.016,299.253,  0.057,  0.000
  0.017,299.253,  0.118,  0.000
  0.017,299.207,  0.153,  0.000
  0.017,299.163,  0.100,  0.000
  0.017,299.131,  0.021,  0.000
  0.017,299.115,  0.002,  0.000
  0.017,299.114,  0.000,  0.000
  0.017,299.135,  0.000,  0.000
  0.017,299.167,  0.000,  0.000
  0.017,299.197,  0.000,  0.000
  0.017,299.201,  0.000,  0.000
  0.017,299.183,  0.000,  0.000
  0.017,299.152,  0.000,  0.000
  0.017,299.128,  0.000,  0.000
  0.017,299.115,  0.000,  0.000
  0.017,299.100,  0.000,  0.000
  0.017,299.072,  0.000,  0.000
  0.017,299.062,  0.000,  0.000
  0.017,299.092,  0.000,  0.000
  0.016,299.126,  0.000,  0.000
  0.017,297.830,  0.000,  0.000
  0.017,298.506,  0.001,  0.000
  0.017,299.254,  0.006,  0.000
  0.017,299.292,  0.030,  0.000
  0.017,299.241,  0.114,  0.000
  0.017,299.283,  0.255,  0.000
  0.017,299.258,  0.279,  0.000
  0.017,299.253,  0.140,  0.000
  0.017,299.223,  0.048,  0.000
  0.017,299.173,  0.007,  0.000
  0.017,299.138,  0.001,  0.000
  0.017,299.139,  0.000,  0.000
  0.017,299.174,  0.000,  0.000
  0.017,299.209,  0.000,  0.000
  0.017,299.217,  0.000,  0.000
  0.017,299.202,  0.000,  0.000
  0.017,299.176,  0.000,  0.000
  0.017,299.147,  0.000,  0.000
  0.017,299.121,  0.000,  0.000
  0.017,299.123,  0.000,  0.000
  0.017,299.135,  0.000,  0.000
  0.017,299.141,  0.001,  0.000
  0.017,299.136,  0.000,  0.000
  0.017,299.146,  0.000,  0.000
  0.017,299.147,  0.000,  0.000
  0.017,297.676,  0.001,  0.000
  0.018,298.582,  0.008,  0.000
  0.017,298.881,  0.040,  0.000
  0.017,299.322,  0.147,  0.000
  0.017,299.241,  0.348,  0.000
  0.017,299.245,  0.426,  0.000
  0.017,299.266,  0.197,  0.000
  0.017,299.256,  0.031,  0.000
  0.017,299.259,  0.006,  0.000
  0.017,299.225,  0.001,  0.000
  0.017,299.175,  0.000,  0.000
  0.017,299.136,  0.000,  0.000
  0.017,299.146,  0.000,  0.000
  0.017,299.201,  0.000,  0.000
  0.017,299.211,  0.000,  0.000
  0.017,299.210,  0.000,  0.000
  0.017,299.195,  0.000,  0.000
  0.017,299.178,  0.000,  0.000
  0.017,299.164,  0.000,  0.000
  0.017,299.154,  0.000,  0.000
  0.017,299.143,  0.000,  0.000
  0.017,299.137,  0.000,  0.000
  0.017,299.160,  0.000,  0.000
  0.016,299.207,  0.000,  0.000
  0.016,299.234,  0.000,  0.000
  0.017,297.538,  0.007,  0.000
  0.018,298.462,  0.035,  0.000
  0.017,298.547,  0.103,  0.000
  0.017,299.157,  0.184,  0.000
  0.017,299.368,  0.197,  0.000
  0.017,299.257,  0.117,  0.000
  0.017,299.266,  0.028,  0.000
  0.017,299.274,  0.003,  0.000
  0.017,299.263,  0.001,  0.000
  0.017,299.264,  0.000,  0.000
  0.017,299.230,  0.000,  0.000
  0.017,299.209,  0.000,  0.000
  0.017,299.233,  0.000,  0.000
  0.017,299.265,  0.000,  0.000
  0.017,299.250,  0.000,  0.000
  0.017,299.244,  0.000,  0.000
  0.017,299.225,  0.000,  0.000
  0.017,299.223,  0.000,  0.000
  0.016,299.217,  0.000,  0.000
  0.017,299.196,  0.000,  0.000
  0.017,299.165,  0.000,  0.000
  0.017,299.152,  0.000,  0.000
  0.016,299.165,  0.000,  0.000
  0.016,299.214,  0.000,  0.000
  0.016,299.243,  0.000,  0.000
  0.018,298.013,  0.019,  0.000
  0.018,298.290,  0.050,  0.000
  0.018,298.673,  0.067,  0.000
  0.018,299.170,  0.053,  0.000
  0.017,299.362,  0.027,  0.000
  0.017,299.355,  0.008,  0.000
  0.017,299.324,  0.002,  0.000
  0.017,299.346,  0.000,  0.000
  0.017,299.301,  0.000,  0.000
  0.017,299.262,  0.000,  0.000
  0.017,299.244,  0.000,  0.000
  0.017,299.253,  0.000,  0.000
  0.016,299.300,  0.000,  0.000
  0.016,299.343,  0.000,  0.000
  0.016,299.331,  0.000,  0.000
  0.017,299.279,  0.000,  0.000
  0.017,299.226,  0.000,  0.000
  0.017,299.194,  0.000,  0.000
  0.017,299.178,  0.000,  0.000
  0.017,299.188,  0.000,  0.000
  0.016,299.212,  0.000,  0.000
  0.016,299.222,  0.000,  0.000
  0.016,299.210,  0.000,  0.000
  0.016,299.206,  0.000,  0.000
  0.017,299.194,  0.000,  0.000
  0.018,298.090,  0.010,  0.000
  0.018,298.443,  0.018,  0.000
  0.017,298.445,  0.011,  0.000
  0.017,298.866,  0.003,  0.000
  0.017,299.315,  0.001,  0.000
  0.017,299.421,  0.001,  0.000
  0.017,299.377,  0.000,  0.000
  0.017,299.393,  0.000,  0.000
  0.017,299.347,  0.000,  0.000
  0.017,299.287,  0.000,  0.000
  0.017,299.258,  0.000,  0.000
  0.017,299.247,  0.000,  0.000
  0.016,299.269,  0.000,  0.000
  0.016,299.317,  0.000,  0.000
  0.016,299.343,  0.000,  0.000
  0.017,299.318,  0.000,  0.000
  0.017,299.250,  0.000,  0.000
  0.017,299.185,  0.000,  0.000
  0.017,299.159,  0.000,  0.000
  0.016,299.181,  0.000,  0.000
  0.016,299.214,  0.000,  0.000
  0.016,299.230,  0.000,  0.000
  0.016,299.224,  0.000,  0.000
  0.017,299.216,  0.000,  0.000
  0.016,299.229,  0.000,  0.000
  0.018,298.313,  0.001,  0.000
  0.018,298.614,  0.001,  0.000
  0.018,298.959,  0.000,  0.000
  0.017,298.996,  0.000,  0.000
  0.017,299.365,  0.000,  0.000
  0.017,299.458,  0.000,  0.000
  0.017,299.401,  0.000,  0.000
  0.017,299.393,  0.000,  0.000
  0.017,299.351,  0.000,  0.000
  0.017,299.290,  0.000,  0.000
  0.017,299.253,  0.000,  0.000
  0.017,299.236,  0.000,  0.000
  0.017,299.257,  0.000,  0.000
  0.017,299.306,  0.000,  0.000
  0.017,299.344,  0.000,  0.000
  0.017,299.338,  0.000,  0.000
  0.017,299.276,  0.000,  0.000
  0.017,299.204,  0.000,  0.000
  0.017,299.180,  0.000,  0.000
  0.017,299.209,  0.000,  0.000
  0.017,299.237,  0.000,  0.000
  0.017,299.226,  0.000,  0.000
  0.017,299.194,  0.000,  0.000
  0.016,299.198,  0.000,  0.000
  0.016,299.234,  0.000,  0.000
  0.017,298.157,  0.000,  0.000
  0.018,298.564,  0.000,  0.000
  0.018,299.077,  0.000,  0.000
  0.017,299.139,  0.000,  0.000
  0.017,299.188,  0.000,  0.000
  0.017,299.402,  0.000,  0.000
  0.017,299.485,  0.000,  0.000
  0.017,299.442,  0.000,  0.000
  0.017,299.417,  0.000,  0.000
  0.017,299.374,  0.000,  0.000
  0.017,299.325,  0.000,  0.000
  0.017,299.293,  0.000,  0.000
  0.017,299.292,  0.000,  0.000
  0.017,299.321,  0.000,  0.000
  0.017,299.347,  0.000,  0.000
  0.017,299.340,  0.000,  0.000
  0.017,299.294,  0.000,  0.000
  0.017,299.237,  0.000,  0.000
  0.017,299.214,  0.000,  0.000
  0.016,299.245,  0.000,  0.000
  0.016,299.275,  0.000,  0.000
  0.017,299.268,  0.000,  0.000
  0.017,299.230,  0.000,  0.000
  0.017,299.199,  0.000,  0.000
  0.017,299.194,  0.000,  0.000
