  0.015,298.254,  0.000,  0.000
  0.015,298.229,  0.000,  0.000
  0.015,298.197,  0.000,  0.000
  0.015,298.200,  0.000,  0.000
  0.015,298.236,  0.000,  0.000
  0.013,297.723,  0.000,  0.000
  0.015,298.285,  0.000,  0.000
  0.015,298.235,  0.000,  0.000
  0.015,298.270,  0.000,  0.000
  0.013,297.652,  0.000,  0.000
  0.014,297.561,  0.000,  0.000
  0.013,297.489,  0.000,  0.000
  0.013,297.428,  0.000,  0.000
  0.013,297.404,  0.000,  0.000
  0.013,297.431,  0.000,  0.000
  0.013,297.496,  0.000,  0.000
  0.013,297.572,  0.000,  0.000
  0.013,297.594,  0.000,  0.000
  0.015,298.200,  0.009,  0.000
  0.013,297.532,  0.030,  0.000
  0.012,297.456,  0.000,  0.000
  0.013,297.509,  0.000,  0.000
  0.013,297.541,  0.000,  0.000
  0.013,297.576,  0.000,  0.000
  0.013,297.483,  0.000,  0.000
  0.015,298.230,  0.000,  0.000
  0.015,298.182,  0.000,  0.000
  0.015,298.179,  0.000,  0.000
  0.015,298.210,  0.000,  0.000
  0.015,298.260,  0.000,  0.000
  0.013,297.745,  0.000,  0.000
  0.015,298.287,  0.000,  0.000
  0.015,298.235,  0.000,  0.000
  0.015,298.281,  0.000,  0.000
  0.015,298.292,  0.000,  0.000
  0.013,297.611,  0.000,  0.000
  0.013,297.551,  0.000,  0.000
  0.013,297.517,  0.000,  0.000
  0.014,297.504,  0.000,  0.000
  0.014,297.549,  0.000,  0.000
  0.013,297.596,  0.000,  0.000
  0.013,297.595,  0.000,  0.000
  0.015,298.200,  0.000,  0.000
  0.015,298.222,  0.009,  0.000
  0.013,297.557,  0.044,  0.000
  0.012,297.459,  0.000,  0.000
  0.013,297.497,  0.000,  0.000
  0.013,297.567,  0.001,  0.000
  0.013,297.583,  0.006,  0.000
  0.013,297.537,  0.001,  0.000
  0.013,297.724,  0.000,  0.000
  0.015,298.194,  0.000,  0.000
  0.014,298.031,  0.000,  0.000
  0.015,298.225,  0.000,  0.000
  0.013,297.662,  0.000,  0.000
  0.015,298.283,  0.000,  0.000
  0.015,298.222,  0.000,  0.000
  0.015,298.216,  0.000,  0.000
  0.015,298.262,  0.000,  0.000
  0.015,298.281,  0.000,  0.000
  0.015,298.259,  0.000,  0.000
  0.013,297.630,  0.000,  0.000
  0.014,297.617,  0.000,  0.000
  0.014,297.596,  0.000,  0.000
  0.014,297.621,  0.000,  0.000
  0.015,298.226,  0.000,  0.000
  0.013,297.602,  0.000,  0.000
  0.015,298.145,  0.000,  0.000
  0.015,298.211,  0.003,  0.000
  0.013,297.601,  0.016,  0.000
  0.013,297.508,  0.000,  0.000
  0.013,297.620,  0.000,  0.000
  0.015,298.170,  0.012,  0.000
  0.015,298.196,  0.054,  0.000
  0.015,298.214,  0.008,  0.000
  0.015,298.249,  0.000,  0.000
  0.015,298.222,  0.000,  0.000
  0.015,298.228,  0.000,  0.000
  0.015,298.255,  0.000,  0.000
  0.013,297.666,  0.000,  0.000
  0.015,298.225,  0.000,  0.000
  0.015,298.164,  0.000,  0.000
  0.015,298.204,  0.000,  0.000
  0.015,298.252,  0.000,  0.000
  0.015,298.237,  0.000,  0.000
  0.015,298.257,  0.000,  0.000
  0.015,298.299,  0.000,  0.000
  0.014,297.661,  0.000,  0.000
  0.013,297.615,  0.000,  0.000
  0.013,297.613,  0.000,  0.000
  0.014,297.978,  0.000,  0.000
  0.013,297.542,  0.000,  0.000
  0.015,298.152,  0.000,  0.000
  0.015,298.182,  0.000,  0.000
  0.013,297.636,  0.001,  0.000
  0.013,297.577,  0.000,  0.000
  0.013,297.528,  0.000,  0.000
  0.015,298.151,  0.030,  0.000
  0.015,298.170,  0.149,  0.000
  0.015,298.211,  0.055,  0.000
  0.015,298.254,  0.000,  0.000
  0.015,298.236,  0.000,  0.000
  0.015,298.240,  0.000,  0.000
  0.015,298.282,  0.000,  0.000
  0.013,297.686,  0.000,  0.000
  0.013,297.597,  0.000,  0.000
  0.015,298.176,  0.000,  0.000
  0.015,298.240,  0.000,  0.000
  0.013,297.866,  0.000,  0.000
  0.015,298.248,  0.000,  0.000
  0.015,298.238,  0.000,  0.000
  0.015,298.282,  0.000,  0.000
  0.015,298.271,  0.000,  0.000
  0.013,297.622,  0.000,  0.000
  0.014,297.837,  0.000,  0.000
  0.013,297.615,  0.000,  0.000
  0.013,297.566,  0.000,  0.000
  0.013,297.481,  0.000,  0.000
  0.015,298.167,  0.000,  0.000
  0.013,297.638,  0.000,  0.000
  0.013,297.616,  0.000,  0.000
  0.012,297.551,  0.000,  0.000
  0.015,298.202,  0.023,  0.000
  0.015,298.182,  0.155,  0.000
  0.015,298.200,  0.213,  0.000
  0.015,298.285,  0.000,  0.000
  0.015,298.256,  0.000,  0.000
  0.015,298.245,  0.000,  0.000
  0.015,298.300,  0.000,  0.000
  0.014,297.743,  0.000,  0.000
  0.013,297.674,  0.000,  0.000
  0.015,298.259,  0.000,  0.000
  0.015,298.321,  0.000,  0.000
  0.013,297.766,  0.000,  0.000
  0.013,297.687,  0.001,  0.000
  0.015,298.238,  0.001,  0.000
  0.015,298.246,  0.000,  0.000
  0.015,298.270,  0.000,  0.000
  0.015,298.275,  0.000,  0.000
  0.013,297.673,  0.000,  0.000
  0.013,297.661,  0.000,  0.000
  0.013,297.603,  0.000,  0.000
  0.013,297.513,  0.000,  0.000
  0.014,297.766,  0.001,  0.000
  0.013,297.635,  0.000,  0.000
  0.013,297.622,  0.000,  0.000
  0.013,297.558,  0.000,  0.000
  0.012,297.570,  0.009,  0.000
  0.012,297.582,  0.129,  0.000
  0.015,298.232,  0.453,  0.000
  0.015,298.330,  0.000,  0.000
  0.015,298.297,  0.000,  0.000
  0.015,298.278,  0.000,  0.000
  0.014,297.921,  0.000,  0.000
  0.013,297.802,  0.000,  0.000
  0.013,297.755,  0.000,  0.000
  0.015,298.342,  0.000,  0.000
  0.015,298.407,  0.000,  0.000
  0.013,297.849,  0.000,  0.000
  0.013,297.763,  0.001,  0.000
  0.013,297.647,  0.003,  0.000
  0.015,298.249,  0.000,  0.000
  0.015,298.286,  0.000,  0.000
  0.015,298.308,  0.000,  0.000
  0.013,297.704,  0.000,  0.000
  0.013,297.685,  0.000,  0.000
  0.013,297.652,  0.000,  0.000
  0.013,297.559,  0.000,  0.000
  0.013,297.722,  0.001,  0.000
  0.013,297.644,  0.000,  0.000
  0.013,297.641,  0.000,  0.000
  0.013,297.584,  0.000,  0.000
  0.013,297.619,  0.003,  0.000
  0.013,297.642,  0.086,  0.000
  0.013,297.588,  0.487,  0.000
  0.015,298.354,  0.000,  0.000
  0.015,298.339,  0.000,  0.000
  0.013,297.728,  0.000,  0.000
  0.013,297.803,  0.000,  0.000
  0.013,297.835,  0.000,  0.000
  0.013,297.794,  0.000,  0.000
  0.015,298.399,  0.000,  0.000
  0.015,298.458,  0.000,  0.000
  0.013,297.903,  0.000,  0.000
  0.013,297.835,  0.000,  0.000
  0.013,297.732,  0.000,  0.000
  0.013,297.684,  0.000,  0.000
  0.015,298.305,  0.001,  0.000
  0.013,297.708,  0.000,  0.000
  0.013,297.685,  0.000,  0.000
  0.013,297.669,  0.000,  0.000
  0.013,297.693,  0.000,  0.000
  0.013,297.629,  0.000,  0.000
  0.013,297.563,  0.000,  0.000
  0.013,297.651,  0.000,  0.000
  0.013,297.691,  0.000,  0.000
  0.013,297.647,  0.000,  0.000
  0.013,297.684,  0.000,  0.000
  0.013,297.714,  0.039,  0.000
  0.013,297.640,  0.329,  0.000
  0.015,298.357,  0.000,  0.000
  0.015,298.350,  0.000,  0.000
  0.013,297.789,  0.000,  0.000
  0.013,297.876,  0.000,  0.000
  0.013,297.870,  0.000,  0.000
  0.015,298.402,  0.000,  0.000
  0.015,298.417,  0.000,  0.000
  0.014,298.308,  0.000,  0.000
  0.013,297.892,  0.000,  0.000
  0.014,297.870,  0.000,  0.000
  0.013,297.810,  0.000,  0.000
  0.013,297.728,  0.000,  0.000
  0.015,298.308,  0.000,  0.000
  0.013,297.717,  0.000,  0.000
  0.013,297.686,  0.000,  0.000
  0.013,297.656,  0.000,  0.000
  0.013,297.706,  0.002,  0.000
  0.013,297.698,  0.018,  0.000
  0.013,297.624,  0.024,  0.000
  0.013,297.653,  0.000,  0.000
  0.013,297.731,  0.000,  0.000
  0.013,297.702,  0.000,  0.000
  0.013,297.720,  0.000,  0.000
  0.013,297.759,  0.031,  0.000
  0.013,297.695,  0.190,  0.000
  0.015,298.349,  0.000,  0.000
  0.014,298.074,  0.000,  0.000
  0.013,297.799,  0.000,  0.000
  0.013,297.912,  0.000,  0.000
  0.013,297.899,  0.000,  0.000
  0.013,298.018,  0.000,  0.000
  0.015,298.425,  0.000,  0.000
  0.013,298.054,  0.000,  0.000
  0.013,297.847,  0.000,  0.000
  0.013,297.844,  0.000,  0.000
  0.013,297.827,  0.000,  0.000
  0.013,297.741,  0.000,  0.000
  0.014,298.086,  0.002,  0.000
  0.013,297.753,  0.010,  0.000
  0.014,297.742,  0.000,  0.000
  0.013,297.699,  0.000,  0.000
  0.013,297.716,  0.020,  0.000
  0.013,297.731,  0.203,  0.000
  0.013,297.704,  0.382,  0.000
  0.013,297.684,  0.009,  0.000
  0.013,297.727,  0.003,  0.000
  0.013,297.715,  0.000,  0.000
  0.013,297.702,  0.000,  0.000
  0.013,297.730,  0.017,  0.000
  0.013,297.718,  0.057,  0.000
  0.014,298.186,  0.000,  0.000
  0.013,297.813,  0.000,  0.000
  0.013,297.801,  0.000,  0.000
  0.013,297.924,  0.000,  0.000
  0.013,297.897,  0.000,  0.000
  0.013,297.809,  0.000,  0.000
  0.013,297.858,  0.000,  0.000
  0.013,297.890,  0.000,  0.000
  0.013,297.825,  0.000,  0.000
  0.013,297.908,  0.000,  0.000
  0.013,297.820,  0.001,  0.000
  0.013,297.773,  0.028,  0.000
  0.013,297.751,  0.098,  0.000
  0.014,297.808,  0.090,  0.000
  0.014,297.808,  0.000,  0.000
  0.013,297.772,  0.000,  0.000
  0.013,297.743,  0.041,  0.000
  0.013,297.737,  0.546,  0.000
  0.013,297.761,  1.349,  0.000
  0.013,297.758,  0.130,  0.000
  0.013,297.722,  0.004,  0.000
  0.013,297.693,  0.001,  0.000
  0.013,297.682,  0.000,  0.000
  0.015,298.296,  0.001,  0.000
  0.013,297.710,  0.002,  0.000
  0.015,298.407,  0.000,  0.000
  0.013,297.773,  0.000,  0.000
  0.013,297.845,  0.000,  0.000
  0.013,297.922,  0.000,  0.000
  0.013,297.866,  0.000,  0.000
  0.013,297.843,  0.000,  0.000
  0.013,297.904,  0.000,  0.000
  0.013,297.904,  0.000,  0.000
  0.013,297.817,  0.000,  0.000
  0.013,297.811,  0.000,  0.000
  0.014,297.856,  0.018,  0.000
  0.014,297.832,  0.240,  0.000
  0.013,297.817,  0.622,  0.000
  0.015,298.416,  0.338,  0.000
  0.013,297.807,  0.009,  0.000
  0.013,297.790,  0.000,  0.000
  0.013,297.776,  0.016,  0.000
  0.013,297.749,  0.490,  0.000
  0.013,297.771,  1.769,  0.000
  0.013,297.819,  0.391,  0.000
  0.013,297.763,  0.001,  0.000
  0.013,297.679,  0.002,  0.000
  0.013,297.696,  0.000,  0.000
  0.013,297.715,  0.000,  0.000
  0.013,297.718,  0.000,  0.000
  0.015,298.448,  0.000,  0.000
  0.013,297.893,  0.000,  0.000
  0.013,297.909,  0.000,  0.000
  0.014,298.259,  0.000,  0.000
  0.014,298.187,  0.000,  0.000
  0.013,297.887,  0.000,  0.000
  0.013,297.940,  0.000,  0.000
  0.013,297.892,  0.000,  0.000
  0.013,297.813,  0.000,  0.000
  0.013,297.851,  0.000,  0.000
  0.014,297.907,  0.047,  0.000
  0.014,297.874,  0.545,  0.000
  0.013,297.850,  1.437,  0.000
  0.013,297.830,  0.923,  0.000
  0.013,297.785,  0.056,  0.000
  0.014,298.143,  0.001,  0.000
  0.013,297.798,  0.003,  0.000
  0.013,297.775,  0.185,  0.000
  0.013,297.758,  0.826,  0.000
  0.014,297.840,  0.319,  0.000
  0.014,297.817,  0.000,  0.000
  0.013,297.721,  0.000,  0.000
  0.013,297.734,  0.000,  0.000
  0.013,297.765,  0.000,  0.000
  0.013,297.744,  0.000,  0.000
  0.015,298.454,  0.000,  0.000
  0.013,297.959,  0.000,  0.000
  0.013,297.964,  0.000,  0.000
  0.013,297.886,  0.000,  0.000
  0.013,297.839,  0.000,  0.000
  0.013,297.915,  0.000,  0.000
  0.013,297.955,  0.000,  0.000
  0.013,297.885,  0.000,  0.000
  0.013,297.844,  0.000,  0.000
  0.013,297.910,  0.000,  0.000
  0.014,297.937,  0.019,  0.000
  0.013,297.856,  0.291,  0.000
  0.015,298.420,  1.339,  0.000
  0.013,297.842,  1.767,  0.000
  0.013,297.811,  0.189,  0.000
  0.013,297.791,  0.003,  0.000
  0.013,297.825,  0.010,  0.000
  0.013,297.808,  0.104,  0.000
  0.013,297.764,  0.316,  0.000
  0.014,297.828,  0.133,  0.000
  0.014,297.848,  0.000,  0.000
  0.013,297.788,  0.000,  0.000
  0.013,297.780,  0.000,  0.000
  0.013,297.795,  0.000,  0.000
  0.013,297.769,  0.000,  0.000
  0.015,298.418,  0.000,  0.000
  0.016,298.506,  0.000,  0.000
  0.013,297.978,  0.000,  0.000
  0.013,297.910,  0.000,  0.000
  0.013,297.860,  0.000,  0.000
  0.013,297.927,  0.000,  0.000
  0.014,297.971,  0.000,  0.000
  0.013,297.910,  0.000,  0.000
  0.013,297.899,  0.000,  0.000
  0.013,297.957,  0.000,  0.000
  0.013,297.938,  0.000,  0.000
  0.014,298.217,  0.034,  0.000
  0.014,298.260,  0.561,  0.000
  0.013,297.854,  1.638,  0.000
  0.013,297.853,  0.343,  0.000
  0.013,297.847,  0.001,  0.000
  0.013,297.859,  0.042,  0.000
  0.013,297.840,  0.185,  0.000
  0.013,297.793,  0.271,  0.000
  0.013,297.811,  0.066,  0.000
  0.014,297.836,  0.001,  0.000
  0.014,297.840,  0.001,  0.000
  0.013,297.842,  0.000,  0.000
  0.013,297.818,  0.000,  0.000
  0.013,297.787,  0.001,  0.000
