  0.020,301.359,  3.399,  0.000
  0.020,301.365,  6.645,  0.000
  0.020,301.378,  8.609,  0.000
  0.020,301.366,  5.310,  0.000
  0.020,301.354,  1.004,  0.000
  0.020,301.353,  0.236,  0.000
  0.020,301.353,  1.076,  0.000
  0.020,301.352,  2.786,  0.000
  0.020,301.350,  4.261,  0.000
  0.020,301.360,  3.780,  0.170
  0.020,301.386,  2.149,  0.170
  0.019,301.402,  0.458,  0.170
  0.019,301.396,  0.032,  0.170
  0.019,301.385,  0.036,  0.370
  0.020,301.378,  0.210,  0.370
  0.020,301.375,  0.794,  0.370
  0.020,301.393,  1.506,  0.380
  0.020,301.418,  1.841,  0.380
  0.019,301.409,  2.230,  0.380
  0.020,301.381,  2.118,  0.380
  0.020,301.364,  0.462,  0.380
  0.020,301.362,  0.098,  0.380
  0.020,301.356,  0.067,  0.380
  0.020,301.368,  0.082,  1.270
  0.020,301.362,  0.520,  1.270
  0.020,301.398,  1.153,  0.000
  0.020,301.392,  3.085,  0.000
  0.020,301.400,  8.678,  0.000
  0.020,301.412, 10.562,  0.000
  0.020,301.406,  3.613,  0.000
  0.020,301.396,  0.220,  0.000
  0.020,301.384,  0.525,  0.150
  0.020,301.381,  2.110,  0.150
  0.020,301.386,  4.905,  0.150
  0.020,301.387,  8.301,  0.230
  0.020,301.394,  7.680,  0.230
  0.020,301.414,  2.347,  0.230
  0.020,301.427,  0.323,  0.230
  0.019,301.426,  0.158,  0.230
  0.019,301.416,  0.054,  0.230
  0.019,301.407,  0.312,  0.230
  0.020,301.406,  0.704,  0.430
  0.020,301.412,  1.235,  0.430
  0.020,301.413,  1.974,  0.430
  0.020,301.392,  2.826,  0.430
  0.020,301.366,  1.902,  0.200
  0.020,301.353,  0.177,  0.200
  0.020,301.358,  0.091,  0.200
  0.020,301.387,  0.041,  0.200
  0.020,301.396,  0.265,  0.200
  0.020,301.443,  1.089,  0.000
  0.020,301.431,  0.918,  0.000
  0.020,301.427,  3.374,  0.000
  0.020,301.437, 10.556,  0.000
  0.020,301.438, 10.098,  0.000
  0.020,301.433,  1.526,  0.000
  0.020,301.428,  0.301,  0.150
  0.020,301.436,  1.486,  0.150
  0.020,301.443,  4.697,  0.150
  0.020,301.430,  9.864,  0.230
  0.020,301.416, 12.967,  0.230
  0.020,301.428,  7.703,  0.230
  0.020,301.453,  3.231,  0.230
  0.020,301.475,  1.922,  0.230
  0.019,301.485,  0.098,  0.230
  0.019,301.467,  0.302,  0.230
  0.019,301.430,  0.242,  0.430
  0.020,301.404,  0.428,  0.430
  0.020,301.400,  1.611,  0.430
  0.020,301.391,  3.802,  0.430
  0.020,301.366,  4.854,  0.200
  0.020,301.360,  1.312,  0.200
  0.020,301.382,  0.278,  0.200
  0.020,301.425,  0.081,  0.200
  0.020,301.424,  0.152,  0.200
  0.020,301.471,  1.184,  0.000
  0.020,301.466,  0.578,  0.000
  0.020,301.460,  0.680,  0.000
  0.019,301.457,  3.971,  0.000
  0.020,301.459, 11.264,  0.000
  0.020,301.464,  6.101,  0.000
  0.020,301.466,  0.715,  0.150
  0.020,301.483,  0.927,  0.150
  0.019,301.498,  3.561,  0.150
  0.019,301.482,  7.594,  0.230
  0.019,301.457, 11.681,  0.230
  0.019,301.455, 11.414,  0.230
  0.020,301.469,  7.596,  0.230
  0.020,301.487,  5.700,  0.230
  0.020,301.510,  1.033,  0.230
  0.020,301.506,  1.287,  0.230
  0.020,301.463,  1.132,  0.430
  0.020,301.424,  0.162,  0.430
  0.020,301.403,  1.043,  0.430
  0.020,301.397,  3.738,  0.430
  0.020,301.400,  8.100,  0.200
  0.020,301.412,  5.702,  0.200
  0.019,301.426,  0.961,  0.200
  0.019,301.448,  0.400,  0.200
  0.020,301.449,  0.047,  0.200
  0.020,301.503,  0.314,  0.000
  0.020,301.501,  0.256,  0.000
  0.020,301.496,  0.153,  0.000
  0.020,301.492,  0.690,  0.000
  0.020,301.490,  3.684,  0.000
  0.020,301.498,  7.151,  0.000
  0.020,301.506,  2.950,  0.150
  0.020,301.514,  0.612,  0.150
  0.019,301.524,  1.863,  0.150
  0.019,301.521,  5.740,  0.230
  0.019,301.505,  9.064,  0.230
  0.019,301.490,  9.357,  0.230
  0.020,301.479,  5.490,  0.230
  0.020,301.476,  4.193,  0.230
  0.020,301.481,  2.632,  0.230
  0.020,301.481,  3.301,  0.230
  0.020,301.470,  3.400,  0.430
  0.020,301.455,  0.774,  0.430
  0.020,301.439,  0.746,  0.430
  0.020,301.432,  2.278,  0.430
  0.020,301.431,  7.192,  0.200
  0.020,301.427, 12.787,  0.200
  0.019,301.425,  3.511,  0.200
  0.019,301.441,  1.774,  0.200
  0.019,301.455,  0.275,  0.200
  0.020,301.533,  0.019,  0.000
  0.020,301.534,  0.025,  0.000
  0.020,301.532,  0.018,  0.000
  0.020,301.537,  0.140,  0.000
  0.020,301.536,  1.107,  0.000
  0.020,301.534,  4.277,  0.000
  0.019,301.534,  4.545,  0.290
  0.019,301.536,  0.627,  0.290
  0.020,301.542,  0.530,  0.290
  0.020,301.546,  3.411,  0.370
  0.020,301.541,  7.651,  0.370
  0.020,301.531,  8.079,  0.370
  0.020,301.514,  4.519,  0.370
  0.020,301.488,  1.667,  0.480
  0.020,301.464,  1.432,  0.480
  0.020,301.452,  3.255,  0.480
  0.020,301.450,  5.476,  0.590
  0.020,301.460,  2.332,  0.590
  0.020,301.477,  0.754,  0.590
  0.020,301.474,  2.049,  0.590
  0.020,301.455,  4.015,  0.290
  0.019,301.450, 11.380,  0.290
  0.020,301.456,  7.767,  0.290
  0.020,301.468,  5.365,  0.210
  0.020,301.445,  1.791,  0.210
  0.020,301.561,  0.002,  0.000
  0.020,301.559,  0.003,  0.000
  0.020,301.559,  0.001,  0.000
  0.020,301.565,  0.013,  0.000
  0.020,301.566,  0.172,  0.000
  0.020,301.559,  1.019,  0.000
  0.020,301.554,  1.719,  0.290
  0.020,301.554,  0.299,  0.290
  0.020,301.557,  0.090,  0.290
  0.020,301.561,  1.168,  0.370
  0.020,301.565,  4.712,  0.370
  0.020,301.565,  6.472,  0.370
  0.020,301.553,  4.180,  0.370
  0.020,301.524,  3.010,  0.480
  0.020,301.495,  1.355,  0.480
  0.019,301.480,  1.912,  0.480
  0.020,301.475,  4.216,  0.590
  0.020,301.485,  3.734,  0.590
  0.020,301.499,  1.712,  0.590
  0.020,301.497,  4.388,  0.590
  0.020,301.498,  5.748,  0.290
  0.020,301.482,  3.623,  0.290
  0.020,301.455,  5.030,  0.290
  0.020,301.437,  7.100,  0.210
  0.020,301.399,  5.895,  0.210
  0.020,301.582,  0.001,  0.000
  0.020,301.578,  0.000,  0.000
  0.020,301.575,  0.000,  0.000
  0.020,301.570,  0.001,  0.000
  0.020,301.569,  0.009,  0.000
  0.020,301.569,  0.024,  0.000
  0.020,301.569,  0.024,  0.290
  0.020,301.566,  0.013,  0.290
  0.020,301.559,  0.010,  0.290
  0.020,301.556,  0.193,  0.370
  0.020,301.567,  1.311,  0.370
  0.020,301.572,  2.484,  0.370
  0.020,301.564,  2.312,  0.370
  0.020,301.559,  3.759,  0.480
  0.020,301.556,  3.265,  0.480
  0.020,301.556,  2.254,  0.480
  0.020,301.545,  3.834,  0.590
  0.020,301.534,  3.900,  0.590
  0.020,301.514,  4.949,  0.590
  0.020,301.500,  8.751,  0.590
  0.020,301.463, 11.691,  0.290
  0.020,301.383,  6.900,  0.290
  0.020,301.338,  5.720,  0.290
  0.020,301.373,  6.301,  0.210
  0.020,301.396, 10.618,  0.210
  0.020,301.611,  0.000,  0.000
  0.020,301.603,  0.000,  0.000
  0.020,301.588,  0.000,  0.000
  0.020,301.572,  0.000,  0.000
  0.020,301.562,  0.002,  0.000
  0.020,301.563,  0.008,  0.000
  0.020,301.567,  0.016,  0.290
  0.020,301.567,  0.003,  0.290
  0.020,301.563,  0.001,  0.290
  0.020,301.561,  0.021,  0.370
  0.020,301.562,  0.090,  0.370
  0.020,301.558,  0.127,  0.370
  0.020,301.558,  0.350,  0.370
  0.020,301.582,  2.010,  0.480
  0.020,301.613,  3.263,  0.480
  0.020,301.604,  2.651,  0.480
  0.020,301.574,  3.987,  0.590
  0.020,301.539,  5.937,  0.590
  0.020,301.506,  8.872,  0.590
  0.020,301.458, 11.435,  0.590
  0.020,301.367, 15.943,  0.290
  0.019,301.258, 13.681,  0.290
  0.020,301.253, 10.420,  0.290
  0.020,301.350,  5.545,  0.210
  0.020,301.425,  9.120,  0.210
  0.020,301.644,  0.000,  0.000
  0.020,301.622,  0.000,  0.000
  0.020,301.604,  0.000,  0.000
  0.020,301.584,  0.000,  0.000
  0.020,301.569,  0.000,  0.000
  0.020,301.563,  0.000,  0.000
  0.020,301.558,  0.001,  0.300
  0.020,301.559,  0.001,  0.300
  0.020,301.573,  0.000,  0.300
  0.020,301.587,  0.001,  0.310
  0.020,301.573,  0.015,  0.310
  0.020,301.553,  0.028,  0.310
  0.020,301.561,  0.020,  0.310
  0.020,301.589,  0.100,  0.160
  0.020,301.601,  0.639,  0.160
  0.020,301.576,  1.557,  0.160
  0.020,301.535,  2.226,  0.300
  0.020,301.513,  4.419,  0.300
  0.020,301.489,  8.522,  0.300
  0.020,301.425, 11.319,  0.300
  0.019,301.319, 14.397,  0.540
  0.019,301.226, 19.776,  0.540
  0.020,301.236, 15.243,  0.540
  0.020,301.356,  6.969,  0.000
  0.020,301.443,  4.417,  0.000
  0.020,301.648,  0.000,  0.000
  0.020,301.620,  0.000,  0.000
  0.020,301.602,  0.000,  0.000
  0.020,301.589,  0.000,  0.000
  0.020,301.590,  0.000,  0.000
  0.020,301.585,  0.000,  0.000
  0.020,301.571,  0.000,  0.300
  0.020,301.560,  0.000,  0.300
  0.020,301.570,  0.000,  0.300
  0.020,301.588,  0.001,  0.310
  0.020,301.591,  0.002,  0.310
  0.020,301.577,  0.003,  0.310
  0.020,301.572,  0.007,  0.310
  0.020,301.571,  0.018,  0.160
  0.020,301.555,  0.043,  0.160
  0.020,301.531,  0.375,  0.160
  0.020,301.513,  1.154,  0.300
  0.020,301.514,  1.164,  0.300
  0.020,301.500,  2.260,  0.300
  0.020,301.428,  7.350,  0.300
  0.020,301.330, 10.775,  0.540
  0.019,301.262, 14.094,  0.540
  0.020,301.286, 19.981,  0.540
  0.020,301.388, 15.423,  0.000
  0.020,301.447,  1.273,  0.000
  0.020,301.650,  0.000,  0.000
  0.020,301.623,  0.000,  0.000
  0.020,301.605,  0.000,  0.000
  0.020,301.596,  0.000,  0.000
  0.020,301.599,  0.000,  0.000
  0.020,301.600,  0.000,  0.000
  0.020,301.589,  0.000,  0.300
  0.020,301.569,  0.000,  0.300
  0.020,301.552,  0.000,  0.300
  0.020,301.552,  0.000,  0.310
  0.020,301.572,  0.000,  0.310
  0.020,301.588,  0.000,  0.310
  0.020,301.585,  0.000,  0.310
  0.020,301.569,  0.001,  0.160
  0.020,301.548,  0.009,  0.160
  0.020,301.531,  0.037,  0.160
  0.020,301.522,  0.127,  0.300
  0.020,301.526,  0.203,  0.300
  0.020,301.527,  0.239,  0.300
  0.020,301.467,  1.583,  0.300
  0.020,301.381,  5.512,  0.540
  0.020,301.342,  7.731,  0.540
  0.020,301.373,  8.902,  0.540
  0.020,301.435, 11.047,  0.000
  0.020,301.447,  3.776,  0.000
  0.020,301.669,  0.000,  0.000
  0.020,301.643,  0.000,  0.000
  0.020,301.619,  0.000,  0.000
  0.020,301.600,  0.000,  0.000
  0.020,301.594,  0.000,  0.000
  0.020,301.600,  0.000,  0.000
  0.020,301.597,  0.000,  0.300
  0.020,301.568,  0.000,  0.300
  0.020,301.529,  0.000,  0.300
  0.020,301.513,  0.000,  0.310
  0.020,301.532,  0.000,  0.310
  0.020,301.571,  0.000,  0.310
  0.020,301.596,  0.000,  0.310
  0.020,301.592,  0.000,  0.160
  0.020,301.569,  0.000,  0.160
  0.020,301.535,  0.004,  0.160
  0.020,301.504,  0.007,  0.300
  0.020,301.503,  0.007,  0.300
  0.020,301.528,  0.033,  0.300
  0.020,301.519,  0.119,  0.300
  0.020,301.477,  0.831,  0.540
  0.020,301.458,  3.752,  0.540
  0.020,301.482,  4.815,  0.540
  0.020,301.493,  3.899,  0.000
  0.020,301.469,  3.480,  0.000
  0.020,301.694,  0.000,  0.000
  0.020,301.670,  0.000,  0.000
  0.020,301.638,  0.000,  0.000
  0.020,301.604,  0.000,  0.000
  0.020,301.584,  0.000,  0.000
  0.020,301.581,  0.000,  0.000
  0.020,301.585,  0.000,  0.010
  0.020,301.573,  0.000,  0.010
  0.020,301.545,  0.000,  0.010
  0.020,301.518,  0.000,  0.010
  0.020,301.521,  0.000,  0.010
  0.020,301.556,  0.000,  0.010
  0.020,301.593,  0.000,  0.010
  0.020,301.589,  0.000,  0.020
  0.020,301.549,  0.000,  0.020
  0.020,301.501,  0.001,  0.020
  0.020,301.472,  0.003,  0.000
  0.020,301.483,  0.003,  0.000
  0.020,301.516,  0.004,  0.000
  0.020,301.537,  0.027,  0.000
  0.020,301.544,  0.106,  0.760
  0.020,301.551,  0.955,  0.760
  0.020,301.563,  2.826,  0.760
  0.020,301.545,  2.598,  0.010
  0.020,301.507,  2.963,  0.010
  0.020,301.721,  0.000,  0.000
  0.020,301.699,  0.000,  0.000
  0.020,301.665,  0.000,  0.000
  0.020,301.627,  0.000,  0.000
  0.020,301.590,  0.000,  0.000
  0.020,301.573,  0.000,  0.000
  0.020,301.583,  0.000,  0.010
  0.020,301.595,  0.000,  0.010
  0.020,301.587,  0.000,  0.010
  0.020,301.575,  0.000,  0.010
  0.020,301.561,  0.000,  0.010
  0.020,301.562,  0.000,  0.010
  0.020,301.579,  0.000,  0.010
  0.020,301.562,  0.000,  0.020
  0.020,301.508,  0.000,  0.020
  0.020,301.463,  0.000,  0.020
  0.020,301.458,  0.000,  0.000
  0.020,301.488,  0.000,  0.000
  0.020,301.524,  0.000,  0.000
  0.019,301.546,  0.003,  0.000
  0.019,301.563,  0.015,  0.760
  0.019,301.580,  0.106,  0.760
  0.020,301.584,  0.349,  0.760
  0.020,301.563,  0.435,  0.010
  0.020,301.516,  0.540,  0.010
