  0.021,302.296,  0.001,  0.360
  0.021,302.296,  0.000,  0.360
  0.021,302.299,  0.001,  0.070
  0.021,302.301,  0.001,  0.070
  0.021,302.306,  0.000,  0.070
  0.021,302.308,  0.000,  0.070
  0.021,302.313,  0.000,  0.000
  0.021,302.318,  0.000,  0.000
  0.021,302.323,  0.000,  0.000
  0.021,302.327,  0.000,  0.000
  0.021,302.333,  0.000,  0.000
  0.021,302.338,  0.000,  0.000
  0.021,302.343,  0.000,  0.000
  0.021,302.348,  0.000,  0.000
  0.021,302.354,  0.000,  0.000
  0.021,302.359,  0.000,  0.000
  0.021,302.365,  0.000,  0.000
  0.021,302.371,  0.000,  0.000
  0.021,302.377,  0.000,  0.000
  0.021,302.383,  0.000,  0.000
  0.021,302.389,  0.000,  0.000
  0.021,302.395,  0.000,  0.000
  0.021,302.402,  0.000,  0.000
  0.021,302.431,  0.000,  0.000
  0.021,302.434,  0.000,  0.000
  0.021,302.305,  0.001,  0.060
  0.021,302.297,  0.001,  0.060
  0.021,302.311,  0.001,  0.070
  0.021,302.315,  0.000,  0.070
  0.021,302.316,  0.001,  0.070
  0.021,302.319,  0.001,  0.070
  0.021,302.324,  0.000,  0.000
  0.021,302.328,  0.000,  0.000
  0.021,302.333,  0.000,  0.000
  0.021,302.338,  0.000,  0.000
  0.021,302.343,  0.000,  0.000
  0.021,302.348,  0.000,  0.000
  0.021,302.354,  0.000,  0.000
  0.021,302.359,  0.000,  0.000
  0.021,302.364,  0.000,  0.000
  0.021,302.369,  0.000,  0.000
  0.021,302.374,  0.000,  0.000
  0.021,302.380,  0.000,  0.000
  0.021,302.385,  0.000,  0.000
  0.021,302.390,  0.000,  0.000
  0.021,302.396,  0.000,  0.000
  0.021,302.402,  0.000,  0.000
  0.021,302.408,  0.000,  0.000
  0.021,302.435,  0.000,  0.000
  0.021,302.438,  0.000,  0.000
  0.021,302.332,  0.000,  0.060
  0.021,302.330,  0.000,  0.060
  0.021,302.331,  0.001,  0.070
  0.021,302.324,  0.001,  0.070
  0.021,302.324,  0.000,  0.070
  0.021,302.334,  0.001,  0.070
  0.021,302.334,  0.001,  0.000
  0.021,302.340,  0.000,  0.000
  0.021,302.344,  0.000,  0.000
  0.021,302.349,  0.000,  0.000
  0.021,302.354,  0.000,  0.000
  0.021,302.359,  0.000,  0.000
  0.021,302.364,  0.000,  0.000
  0.021,302.369,  0.000,  0.000
  0.021,302.374,  0.000,  0.000
  0.021,302.379,  0.000,  0.000
  0.021,302.385,  0.000,  0.000
  0.021,302.390,  0.000,  0.000
  0.021,302.395,  0.000,  0.000
  0.021,302.400,  0.000,  0.000
  0.021,302.404,  0.000,  0.000
  0.021,302.409,  0.000,  0.000
  0.021,302.414,  0.000,  0.000
  0.021,302.440,  0.000,  0.000
  0.021,302.441,  0.000,  0.000
  0.021,302.357,  0.000,  0.060
  0.021,302.357,  0.001,  0.060
  0.021,302.354,  0.000,  0.070
  0.021,302.349,  0.000,  0.070
  0.021,302.346,  0.000,  0.070
  0.021,302.342,  0.001,  0.070
  0.021,302.341,  0.000,  0.000
  0.021,302.354,  0.001,  0.000
  0.021,302.355,  0.001,  0.000
  0.021,302.362,  0.001,  0.000
  0.021,302.366,  0.000,  0.000
  0.021,302.370,  0.000,  0.000
  0.021,302.375,  0.000,  0.000
  0.021,302.379,  0.000,  0.000
  0.021,302.384,  0.000,  0.000
  0.021,302.389,  0.000,  0.000
  0.021,302.394,  0.000,  0.000
  0.021,302.399,  0.000,  0.000
  0.021,302.404,  0.000,  0.000
  0.021,302.409,  0.000,  0.000
  0.021,302.414,  0.000,  0.000
  0.021,302.418,  0.000,  0.000
  0.021,302.423,  0.000,  0.000
  0.021,302.446,  0.000,  0.000
  0.021,302.447,  0.000,  0.000
  0.021,302.373,  0.000,  0.060
  0.021,302.374,  0.000,  0.060
  0.021,302.374,  0.000,  0.070
  0.021,302.374,  0.000,  0.070
  0.021,302.370,  0.001,  0.070
  0.021,302.366,  0.000,  0.070
  0.021,302.365,  0.000,  0.000
  0.021,302.362,  0.000,  0.000
  0.021,302.360,  0.000,  0.000
  0.021,302.369,  0.001,  0.000
  0.021,302.375,  0.001,  0.000
  0.021,302.384,  0.001,  0.000
  0.021,302.387,  0.000,  0.000
  0.021,302.392,  0.000,  0.000
  0.021,302.396,  0.000,  0.000
  0.021,302.400,  0.000,  0.000
  0.021,302.403,  0.000,  0.000
  0.021,302.407,  0.000,  0.000
  0.021,302.411,  0.000,  0.000
  0.021,302.416,  0.000,  0.000
  0.021,302.420,  0.000,  0.000
  0.021,302.425,  0.000,  0.000
  0.021,302.429,  0.000,  0.000
  0.021,302.448,  0.000,  0.000
  0.021,302.449,  0.000,  0.000
  0.021,302.384,  0.000,  1.580
  0.021,302.387,  0.000,  1.580
  0.021,302.389,  0.000,  0.190
  0.021,302.391,  0.000,  0.190
  0.021,302.391,  0.000,  0.190
  0.021,302.389,  0.000,  0.190
  0.021,302.386,  0.001,  0.000
  0.021,302.386,  0.001,  0.000
  0.021,302.392,  0.001,  0.000
  0.021,302.391,  0.001,  0.070
  0.021,302.382,  0.001,  0.070
  0.021,302.384,  0.001,  0.070
  0.021,302.392,  0.001,  0.070
  0.021,302.400,  0.001,  0.080
  0.021,302.408,  0.000,  0.080
  0.021,302.413,  0.000,  0.080
  0.021,302.418,  0.000,  0.000
  0.021,302.422,  0.000,  0.000
  0.021,302.424,  0.000,  0.000
  0.021,302.426,  0.000,  0.000
  0.021,302.429,  0.000,  0.130
  0.021,302.432,  0.000,  0.130
  0.021,302.436,  0.000,  0.130
  0.021,302.453,  0.000,  0.160
  0.021,302.453,  0.000,  0.160
  0.021,302.394,  0.000,  1.580
  0.021,302.398,  0.000,  1.580
  0.021,302.401,  0.000,  0.190
  0.021,302.404,  0.000,  0.190
  0.021,302.406,  0.000,  0.190
  0.021,302.406,  0.000,  0.190
  0.021,302.405,  0.000,  0.000
  0.021,302.406,  0.000,  0.000
  0.021,302.407,  0.001,  0.000
  0.021,302.408,  0.001,  0.070
  0.021,302.412,  0.001,  0.070
  0.021,302.418,  0.001,  0.070
  0.021,302.415,  0.001,  0.070
  0.021,302.408,  0.001,  0.080
  0.021,302.407,  0.001,  0.080
  0.021,302.412,  0.001,  0.080
  0.021,302.419,  0.000,  0.000
  0.021,302.428,  0.000,  0.000
  0.021,302.436,  0.000,  0.000
  0.021,302.442,  0.000,  0.000
  0.021,302.446,  0.000,  0.130
  0.021,302.448,  0.000,  0.130
  0.021,302.451,  0.000,  0.130
  0.021,302.464,  0.000,  0.160
  0.021,302.464,  0.000,  0.160
  0.021,302.404,  0.000,  1.580
  0.021,302.407,  0.000,  1.580
  0.021,302.411,  0.000,  0.190
  0.021,302.414,  0.000,  0.190
  0.021,302.417,  0.000,  0.190
  0.021,302.419,  0.000,  0.190
  0.021,302.421,  0.000,  0.000
  0.021,302.422,  0.000,  0.000
  0.021,302.422,  0.000,  0.000
  0.021,302.426,  0.000,  0.070
  0.021,302.434,  0.000,  0.070
  0.021,302.439,  0.001,  0.070
  0.021,302.438,  0.001,  0.070
  0.021,302.438,  0.001,  0.080
  0.021,302.441,  0.001,  0.080
  0.021,302.439,  0.001,  0.080
  0.021,302.433,  0.001,  0.000
  0.021,302.429,  0.001,  0.000
  0.021,302.431,  0.000,  0.000
  0.021,302.434,  0.000,  0.000
  0.021,302.437,  0.000,  0.130
  0.021,302.439,  0.000,  0.130
  0.021,302.442,  0.000,  0.130
  0.021,302.452,  0.000,  0.160
  0.021,302.453,  0.000,  0.160
  0.021,302.413,  0.000,  1.580
  0.021,302.416,  0.000,  1.580
  0.021,302.420,  0.000,  0.190
  0.021,302.423,  0.000,  0.190
  0.021,302.426,  0.000,  0.190
  0.021,302.429,  0.000,  0.190
  0.021,302.433,  0.000,  0.000
  0.021,302.436,  0.000,  0.000
  0.021,302.440,  0.000,  0.000
  0.021,302.444,  0.000,  0.070
  0.021,302.449,  0.000,  0.070
  0.021,302.451,  0.000,  0.070
  0.021,302.455,  0.000,  0.070
  0.021,302.462,  0.000,  0.080
  0.021,302.468,  0.001,  0.080
  0.021,302.470,  0.001,  0.080
  0.021,302.468,  0.001,  0.000
  0.021,302.464,  0.001,  0.000
  0.021,302.463,  0.001,  0.000
  0.021,302.463,  0.001,  0.000
  0.021,302.468,  0.000,  0.130
  0.021,302.473,  0.000,  0.130
  0.021,302.476,  0.000,  0.130
  0.021,302.478,  0.000,  0.160
  0.021,302.468,  0.000,  0.160
  0.021,302.421,  0.000,  1.890
  0.021,302.425,  0.000,  1.890
  0.021,302.428,  0.000,  1.590
  0.021,302.431,  0.000,  1.590
  0.021,302.434,  0.000,  1.590
  0.021,302.438,  0.000,  1.590
  0.021,302.442,  0.000,  1.690
  0.021,302.447,  0.000,  1.690
  0.021,302.452,  0.000,  1.690
  0.021,302.456,  0.000,  0.090
  0.021,302.460,  0.000,  0.090
  0.021,302.463,  0.000,  0.090
  0.021,302.468,  0.000,  0.090
  0.021,302.474,  0.000,  1.660
  0.021,302.480,  0.000,  1.660
  0.021,302.484,  0.000,  1.660
  0.021,302.487,  0.000,  2.160
  0.021,302.489,  0.000,  2.160
  0.021,302.491,  0.000,  2.160
  0.021,302.494,  0.000,  2.160
  0.021,302.498,  0.000,  0.490
  0.021,302.502,  0.000,  0.490
  0.021,302.505,  0.000,  0.490
  0.021,302.507,  0.000,  0.110
  0.021,302.501,  0.000,  0.110
  0.021,302.427,  0.000,  1.890
  0.021,302.430,  0.001,  1.890
  0.021,302.433,  0.001,  1.590
  0.021,302.437,  0.001,  1.590
  0.021,302.440,  0.001,  1.590
  0.021,302.444,  0.001,  1.590
  0.021,302.448,  0.001,  1.690
  0.021,302.453,  0.001,  1.690
  0.021,302.458,  0.001,  1.690
  0.021,302.462,  0.000,  0.090
  0.021,302.467,  0.000,  0.090
  0.021,302.472,  0.000,  0.090
  0.021,302.477,  0.000,  0.090
  0.021,302.482,  0.000,  1.660
  0.021,302.488,  0.000,  1.660
  0.021,302.493,  0.000,  1.660
  0.021,302.497,  0.000,  2.160
  0.021,302.501,  0.000,  2.160
  0.021,302.505,  0.000,  2.160
  0.021,302.508,  0.000,  2.160
  0.021,302.510,  0.000,  0.490
  0.021,302.512,  0.000,  0.490
  0.021,302.513,  0.000,  0.490
  0.021,302.513,  0.000,  0.110
  0.021,302.512,  0.000,  0.110
  0.021,302.431,  0.000,  1.890
  0.021,302.434,  0.001,  1.890
  0.021,302.438,  0.001,  1.590
  0.021,302.441,  0.001,  1.590
  0.021,302.444,  0.001,  1.590
  0.021,302.448,  0.001,  1.590
  0.021,302.452,  0.001,  1.690
  0.021,302.456,  0.001,  1.690
  0.021,302.461,  0.001,  1.690
  0.021,302.466,  0.001,  0.090
  0.021,302.471,  0.001,  0.090
  0.021,302.476,  0.001,  0.090
  0.021,302.480,  0.000,  0.090
  0.021,302.485,  0.000,  1.660
  0.021,302.489,  0.000,  1.660
  0.021,302.494,  0.000,  1.660
  0.021,302.497,  0.000,  2.160
  0.021,302.501,  0.000,  2.160
  0.021,302.504,  0.000,  2.160
  0.021,302.506,  0.000,  2.160
  0.021,302.508,  0.000,  0.490
  0.021,302.509,  0.000,  0.490
  0.021,302.510,  0.000,  0.490
  0.021,302.510,  0.000,  0.110
  0.021,302.509,  0.000,  0.110
  0.021,302.435,  0.000,  1.890
  0.021,302.438,  0.000,  1.890
  0.021,302.441,  0.001,  1.590
  0.021,302.444,  0.001,  1.590
  0.021,302.448,  0.001,  1.590
  0.021,302.451,  0.001,  1.590
  0.021,302.455,  0.001,  1.690
  0.021,302.459,  0.001,  1.690
  0.021,302.463,  0.002,  1.690
  0.021,302.468,  0.001,  0.090
  0.021,302.472,  0.001,  0.090
  0.021,302.477,  0.001,  0.090
  0.021,302.481,  0.001,  0.090
  0.021,302.485,  0.001,  1.660
  0.021,302.489,  0.001,  1.660
  0.021,302.492,  0.000,  1.660
  0.021,302.496,  0.000,  2.160
  0.021,302.498,  0.000,  2.160
  0.021,302.501,  0.000,  2.160
  0.021,302.503,  0.000,  2.160
  0.021,302.504,  0.000,  0.490
  0.021,302.505,  0.000,  0.490
  0.021,302.505,  0.000,  0.490
  0.021,302.505,  0.000,  0.110
  0.021,302.503,  0.000,  0.110
  0.021,302.437,  0.000,  3.220
  0.021,302.439,  0.000,  3.220
  0.021,302.443,  0.000, 11.040
  0.021,302.446,  0.000, 11.040
  0.021,302.449,  0.001, 11.040
  0.021,302.453,  0.001, 11.040
  0.021,302.456,  0.001,  2.420
  0.021,302.460,  0.001,  2.420
  0.021,302.464,  0.002,  2.420
  0.021,302.468,  0.002,  0.690
  0.021,302.472,  0.002,  0.690
  0.021,302.476,  0.002,  0.690
  0.021,302.480,  0.001,  0.690
  0.021,302.484,  0.001,  3.190
  0.021,302.487,  0.001,  3.190
  0.021,302.490,  0.001,  3.190
  0.021,302.493,  0.001,  2.800
  0.021,302.495,  0.000,  2.800
  0.021,302.497,  0.000,  2.800
  0.021,302.499,  0.000,  2.800
  0.021,302.500,  0.000,  9.250
  0.021,302.500,  0.000,  9.250
  0.021,302.500,  0.000,  9.250
  0.021,302.500,  0.000, 10.050
  0.021,302.498,  0.000, 10.050
  0.021,302.438,  0.000,  3.220
  0.021,302.440,  0.000,  3.220
  0.021,302.444,  0.000, 11.040
  0.021,302.446,  0.000, 11.040
  0.021,302.450,  0.000, 11.040
  0.021,302.453,  0.001, 11.040
  0.021,302.457,  0.001,  2.420
  0.021,302.460,  0.001,  2.420
  0.021,302.464,  0.001,  2.420
  0.021,302.468,  0.001,  0.690
  0.021,302.471,  0.001,  0.690
  0.021,302.475,  0.001,  0.690
  0.021,302.478,  0.001,  0.690
  0.021,302.482,  0.001,  3.190
  0.021,302.485,  0.001,  3.190
  0.021,302.487,  0.001,  3.190
  0.021,302.489,  0.001,  2.800
  0.021,302.491,  0.001,  2.800
  0.021,302.493,  0.001,  2.800
  0.021,302.494,  0.000,  2.800
  0.021,302.495,  0.000,  9.250
  0.021,302.495,  0.000,  9.250
  0.021,302.495,  0.000,  9.250
  0.021,302.494,  0.000, 10.050
  0.021,302.493,  0.000, 10.050
