  0.017,298.477,  0.000,  0.000
  0.017,298.703,  0.000,  0.000
  0.017,298.811,  0.000,  0.000
  0.017,298.661,  0.000,  0.000
  0.017,298.344,  0.000,  0.000
  0.017,298.196,  0.000,  0.000
  0.017,298.312,  0.000,  0.000
  0.017,298.471,  0.000,  0.000
  0.017,298.566,  0.000,  0.000
  0.017,298.622,  0.000,  0.000
  0.017,298.678,  0.000,  0.000
  0.017,298.788,  0.000,  0.000
  0.017,298.883,  0.000,  0.000
  0.017,298.906,  0.000,  0.000
  0.017,298.831,  0.000,  0.000
  0.017,298.683,  0.000,  0.000
  0.017,298.564,  0.000,  0.000
  0.016,298.576,  0.000,  0.000
  0.016,298.665,  0.000,  0.000
  0.016,298.773,  0.000,  0.000
  0.016,298.874,  0.000,  0.000
  0.016,298.928,  0.000,  0.000
  0.016,298.841,  0.000,  0.000
  0.017,298.537,  0.000,  0.000
  0.017,298.134,  0.000,  0.000
  0.017,298.676,  0.000,  0.000
  0.017,298.817,  0.000,  0.000
  0.017,298.910,  0.000,  0.000
  0.017,298.888,  0.000,  0.000
  0.017,298.723,  0.000,  0.000
  0.017,298.513,  0.000,  0.000
  0.017,298.417,  0.000,  0.000
  0.017,298.440,  0.000,  0.000
  0.017,298.516,  0.000,  0.000
  0.017,298.623,  0.000,  0.000
  0.017,298.746,  0.000,  0.000
  0.017,298.871,  0.000,  0.000
  0.017,298.953,  0.000,  0.000
  0.017,298.973,  0.000,  0.000
  0.017,298.922,  0.000,  0.000
  0.017,298.806,  0.000,  0.000
  0.017,298.658,  0.000,  0.000
  0.016,298.575,  0.000,  0.000
  0.016,298.629,  0.000,  0.000
  0.016,298.762,  0.000,  0.000
  0.016,298.895,  0.000,  0.000
  0.016,298.967,  0.000,  0.000
  0.016,298.908,  0.000,  0.000
  0.017,298.644,  0.000,  0.000
  0.017,298.205,  0.000,  0.000
  0.017,298.862,  0.000,  0.000
  0.017,298.897,  0.000,  0.000
  0.016,298.932,  0.000,  0.000
  0.017,298.957,  0.000,  0.000
  0.017,298.913,  0.000,  0.000
  0.017,298.796,  0.000,  0.000
  0.017,298.680,  0.000,  0.000
  0.017,298.649,  0.000,  0.000
  0.017,298.709,  0.000,  0.000
  0.017,298.827,  0.000,  0.000
  0.016,298.946,  0.000,  0.000
  0.016,299.013,  0.000,  0.000
  0.016,299.004,  0.000,  0.000
  0.016,298.946,  0.000,  0.000
  0.016,298.889,  0.000,  0.000
  0.016,298.830,  0.000,  0.000
  0.017,298.736,  0.000,  0.000
  0.017,298.626,  0.000,  0.000
  0.016,298.591,  0.000,  0.000
  0.016,298.666,  0.000,  0.000
  0.016,298.798,  0.000,  0.000
  0.016,298.926,  0.000,  0.000
  0.016,298.951,  0.000,  0.000
  0.016,298.838,  0.000,  0.000
  0.017,298.558,  0.000,  0.000
  0.017,298.860,  0.000,  0.000
  0.016,298.879,  0.000,  0.000
  0.016,298.943,  0.000,  0.000
  0.016,299.012,  0.000,  0.000
  0.016,299.019,  0.000,  0.000
  0.017,298.940,  0.000,  0.000
  0.017,298.815,  0.000,  0.000
  0.017,298.738,  0.000,  0.000
  0.017,298.749,  0.000,  0.000
  0.017,298.818,  0.000,  0.000
  0.016,298.896,  0.000,  0.000
  0.016,298.959,  0.000,  0.000
  0.016,298.976,  0.000,  0.000
  0.016,298.937,  0.000,  0.000
  0.016,298.880,  0.000,  0.000
  0.016,298.843,  0.000,  0.000
  0.016,298.804,  0.000,  0.000
  0.017,298.726,  0.000,  0.000
  0.017,298.652,  0.000,  0.000
  0.017,298.665,  0.000,  0.000
  0.016,298.774,  0.000,  0.000
  0.016,298.888,  0.000,  0.000
  0.016,298.932,  0.000,  0.000
  0.016,298.882,  0.000,  0.000
  0.016,298.765,  0.000,  0.000
  0.017,298.924,  0.000,  0.000
  0.017,298.880,  0.000,  0.000
  0.017,298.911,  0.000,  0.000
  0.016,298.984,  0.000,  0.000
  0.016,299.008,  0.000,  0.000
  0.017,298.951,  0.000,  0.000
  0.017,298.851,  0.000,  0.000
  0.017,298.766,  0.000,  0.000
  0.017,298.731,  0.000,  0.000
  0.017,298.756,  0.000,  0.000
  0.017,298.830,  0.000,  0.000
  0.017,298.894,  0.000,  0.000
  0.016,298.914,  0.000,  0.000
  0.016,298.897,  0.000,  0.000
  0.016,298.870,  0.000,  0.000
  0.016,298.846,  0.000,  0.000
  0.016,298.826,  0.000,  0.000
  0.017,298.798,  0.000,  0.000
  0.017,298.768,  0.000,  0.000
  0.017,298.763,  0.000,  0.000
  0.017,298.792,  0.000,  0.000
  0.016,298.829,  0.000,  0.000
  0.016,298.845,  0.000,  0.000
  0.016,298.834,  0.000,  0.000
  0.017,298.777,  0.000,  0.000
  0.017,298.973,  0.000,  0.000
  0.017,298.942,  0.000,  0.000
  0.017,298.943,  0.000,  0.000
  0.017,298.969,  0.000,  0.000
  0.017,298.962,  0.000,  0.000
  0.017,298.921,  0.000,  0.000
  0.017,298.868,  0.000,  0.000
  0.017,298.819,  0.000,  0.000
  0.017,298.774,  0.000,  0.000
  0.017,298.767,  0.000,  0.000
  0.017,298.807,  0.000,  0.000
  0.017,298.863,  0.000,  0.000
  0.017,298.888,  0.000,  0.000
  0.016,298.860,  0.000,  0.000
  0.016,298.830,  0.000,  0.000
  0.017,298.819,  0.000,  0.000
  0.017,298.826,  0.000,  0.000
  0.017,298.817,  0.000,  0.000
  0.017,298.791,  0.000,  0.000
  0.017,298.768,  0.000,  0.000
  0.017,298.760,  0.000,  0.000
  0.016,298.767,  0.000,  0.000
  0.016,298.784,  0.000,  0.000
  0.016,298.802,  0.000,  0.000
  0.017,298.777,  0.000,  0.000
  0.017,298.956,  0.000,  0.000
  0.017,298.978,  0.000,  0.000
  0.017,299.001,  0.000,  0.000
  0.017,299.010,  0.000,  0.000
  0.017,298.991,  0.000,  0.000
  0.017,298.957,  0.000,  0.000
  0.017,298.925,  0.000,  0.000
  0.017,298.900,  0.000,  0.000
  0.017,298.877,  0.000,  0.000
  0.017,298.855,  0.000,  0.000
  0.017,298.848,  0.000,  0.000
  0.017,298.851,  0.000,  0.000
  0.017,298.849,  0.000,  0.000
  0.016,298.843,  0.000,  0.000
  0.016,298.837,  0.000,  0.000
  0.017,298.842,  0.000,  0.000
  0.017,298.850,  0.000,  0.000
  0.017,298.837,  0.000,  0.000
  0.017,298.796,  0.000,  0.000
  0.017,298.755,  0.000,  0.000
  0.017,298.742,  0.000,  0.000
  0.017,298.754,  0.000,  0.000
  0.017,298.779,  0.000,  0.000
  0.017,298.803,  0.000,  0.000
  0.017,298.799,  0.000,  0.000
  0.017,298.958,  0.000,  0.000
  0.017,298.940,  0.000,  0.000
  0.017,298.958,  0.000,  0.000
  0.017,298.989,  0.000,  0.000
  0.017,298.997,  0.000,  0.000
  0.017,298.977,  0.000,  0.000
  0.016,298.949,  0.000,  0.000
  0.017,298.927,  0.000,  0.000
  0.017,298.917,  0.000,  0.000
  0.017,298.912,  0.000,  0.000
  0.017,298.901,  0.000,  0.000
  0.017,298.874,  0.000,  0.000
  0.016,298.844,  0.000,  0.000
  0.016,298.840,  0.000,  0.000
  0.016,298.864,  0.000,  0.000
  0.016,298.894,  0.000,  0.000
  0.017,298.896,  0.000,  0.000
  0.017,298.844,  0.000,  0.000
  0.017,298.762,  0.000,  0.000
  0.016,298.703,  0.000,  0.000
  0.016,298.697,  0.000,  0.000
  0.016,298.743,  0.000,  0.000
  0.017,298.803,  0.000,  0.000
  0.017,298.836,  0.000,  0.000
  0.017,298.821,  0.000,  0.000
  0.017,298.981,  0.000,  0.000
  0.017,298.949,  0.000,  0.000
  0.017,298.949,  0.000,  0.000
  0.017,298.963,  0.000,  0.000
  0.017,298.966,  0.000,  0.000
  0.017,298.963,  0.000,  0.000
  0.016,298.967,  0.000,  0.000
  0.016,298.968,  0.000,  0.000
  0.017,298.930,  0.000,  0.000
  0.017,298.890,  0.000,  0.000
  0.017,298.877,  0.000,  0.000
  0.017,298.856,  0.000,  0.000
  0.017,298.839,  0.000,  0.000
  0.016,298.841,  0.000,  0.000
  0.016,298.865,  0.000,  0.000
  0.016,298.898,  0.000,  0.000
  0.017,298.911,  0.000,  0.000
  0.017,298.864,  0.000,  0.000
  0.017,298.746,  0.000,  0.000
  0.016,298.642,  0.000,  0.000
  0.016,298.632,  0.000,  0.000
  0.016,298.701,  0.000,  0.000
  0.017,298.788,  0.000,  0.000
  0.017,298.839,  0.000,  0.000
  0.017,298.832,  0.000,  0.000
  0.017,298.959,  0.000,  0.000
  0.017,298.971,  0.000,  0.000
  0.016,299.020,  0.000,  0.000
  0.017,299.056,  0.000,  0.000
  0.017,299.057,  0.000,  0.000
  0.017,299.025,  0.000,  0.000
  0.017,298.934,  0.000,  0.000
  0.017,298.754,  0.000,  0.000
  0.017,298.592,  0.000,  0.000
  0.017,298.612,  0.000,  0.000
  0.017,298.750,  0.000,  0.000
  0.017,298.842,  0.000,  0.000
  0.017,298.836,  0.000,  0.000
  0.017,298.829,  0.000,  0.000
  0.016,298.854,  0.000,  0.000
  0.016,298.889,  0.000,  0.000
  0.016,298.914,  0.000,  0.000
  0.017,298.890,  0.000,  0.000
  0.017,298.804,  0.000,  0.000
  0.017,298.699,  0.000,  0.000
  0.017,298.658,  0.000,  0.000
  0.017,298.693,  0.000,  0.000
  0.017,298.772,  0.001,  0.000
  0.017,298.827,  0.004,  0.000
  0.017,298.847,  0.011,  0.000
  0.017,298.932,  0.000,  0.000
  0.016,298.949,  0.000,  0.000
  0.016,299.001,  0.000,  0.000
  0.016,299.046,  0.000,  0.000
  0.017,299.057,  0.000,  0.000
  0.017,299.006,  0.000,  0.000
  0.017,298.878,  0.000,  0.000
  0.017,298.696,  0.000,  0.000
  0.017,298.576,  0.000,  0.000
  0.016,298.593,  0.000,  0.000
  0.016,298.676,  0.000,  0.000
  0.017,298.760,  0.000,  0.000
  0.017,298.816,  0.000,  0.000
  0.017,298.835,  0.000,  0.000
  0.017,298.854,  0.000,  0.000
  0.017,298.882,  0.000,  0.000
  0.017,298.887,  0.001,  0.000
  0.017,298.881,  0.000,  0.000
  0.017,298.866,  0.001,  0.000
  0.017,298.823,  0.001,  0.000
  0.017,298.770,  0.000,  0.000
  0.017,298.754,  0.001,  0.000
  0.017,298.764,  0.009,  0.000
  0.017,298.781,  0.029,  0.000
  0.017,298.788,  0.055,  0.000
  0.017,298.935,  0.000,  0.000
  0.017,298.913,  0.000,  0.000
  0.017,298.931,  0.000,  0.000
  0.017,298.953,  0.000,  0.000
  0.017,298.944,  0.000,  0.000
  0.017,298.923,  0.000,  0.000
  0.017,298.894,  0.000,  0.000
  0.017,298.804,  0.000,  0.000
  0.017,298.683,  0.000,  0.000
  0.017,298.634,  0.000,  0.000
  0.017,298.666,  0.000,  0.000
  0.017,298.734,  0.000,  0.000
  0.017,298.812,  0.000,  0.000
  0.017,298.875,  0.000,  0.000
  0.017,298.910,  0.000,  0.000
  0.017,298.926,  0.000,  0.000
  0.017,298.914,  0.001,  0.000
  0.017,298.881,  0.001,  0.000
  0.016,298.863,  0.003,  0.000
  0.016,298.849,  0.006,  0.000
  0.017,298.831,  0.009,  0.000
  0.017,298.817,  0.011,  0.000
  0.017,298.808,  0.011,  0.000
  0.017,298.795,  0.011,  0.000
  0.017,298.780,  0.010,  0.000
  0.017,298.984,  0.000,  0.000
  0.017,298.951,  0.000,  0.000
  0.017,298.929,  0.000,  0.000
  0.017,298.898,  0.000,  0.000
  0.017,298.863,  0.000,  0.000
  0.017,298.879,  0.000,  0.000
  0.017,298.940,  0.000,  0.000
  0.017,298.950,  0.000,  0.000
  0.017,298.863,  0.000,  0.000
  0.017,298.773,  0.000,  0.000
  0.017,298.750,  0.000,  0.000
  0.017,298.785,  0.000,  0.000
  0.017,298.855,  0.000,  0.000
  0.017,298.932,  0.000,  0.000
  0.017,298.986,  0.000,  0.000
  0.017,298.989,  0.000,  0.000
  0.017,298.945,  0.001,  0.000
  0.017,298.887,  0.002,  0.000
  0.016,298.850,  0.005,  0.000
  0.016,298.850,  0.010,  0.000
  0.016,298.875,  0.017,  0.000
  0.016,298.899,  0.024,  0.000
  0.017,298.895,  0.025,  0.000
  0.017,298.860,  0.020,  0.000
  0.017,298.820,  0.023,  0.000
  0.017,299.048,  0.000,  0.000
  0.017,299.036,  0.000,  0.000
  0.017,299.020,  0.000,  0.000
  0.017,298.980,  0.000,  0.000
  0.017,298.916,  0.000,  0.000
  0.017,298.888,  0.000,  0.000
  0.016,298.939,  0.000,  0.000
  0.016,299.002,  0.000,  0.000
  0.017,298.996,  0.000,  0.000
  0.017,298.921,  0.000,  0.000
  0.017,298.841,  0.000,  0.000
  0.017,298.809,  0.000,  0.000
  0.017,298.851,  0.000,  0.000
  0.016,298.933,  0.000,  0.000
  0.016,299.007,  0.000,  0.000
  0.016,299.019,  0.000,  0.000
  0.017,298.963,  0.000,  0.000
  0.017,298.874,  0.000,  0.000
  0.016,298.820,  0.000,  0.000
  0.016,298.824,  0.000,  0.000
  0.016,298.859,  0.001,  0.000
  0.016,298.905,  0.001,  0.000
  0.017,298.924,  0.002,  0.000
  0.017,298.886,  0.001,  0.000
  0.017,298.808,  0.004,  0.000
  0.017,299.038,  0.000,  0.000
  0.017,299.064,  0.001,  0.000
  0.017,299.065,  0.000,  0.000
  0.017,299.024,  0.000,  0.000
  0.017,298.950,  0.000,  0.000
  0.017,298.893,  0.000,  0.000
  0.017,298.898,  0.000,  0.000
  0.016,298.946,  0.000,  0.000
  0.016,298.965,  0.000,  0.000
  0.017,298.930,  0.000,  0.000
  0.017,298.860,  0.000,  0.000
  0.017,298.808,  0.000,  0.000
  0.017,298.822,  0.000,  0.000
  0.016,298.886,  0.000,  0.000
  0.016,298.954,  0.000,  0.000
  0.016,298.983,  0.000,  0.000
  0.017,298.953,  0.001,  0.000
  0.017,298.862,  0.002,  0.000
  0.016,298.779,  0.002,  0.000
  0.016,298.768,  0.001,  0.000
  0.016,298.805,  0.001,  0.000
  0.016,298.845,  0.002,  0.000
  0.017,298.851,  0.002,  0.000
  0.017,298.804,  0.002,  0.000
  0.017,298.750,  0.004,  0.000
