  0.021,302.585,  0.000,  0.000
  0.021,302.583,  0.000,  0.000
  0.021,302.581,  0.000,  0.000
  0.021,302.578,  0.000,  0.000
  0.021,302.575,  0.000,  0.000
  0.021,302.573,  0.000,  0.000
  0.021,302.570,  0.000,  0.000
  0.021,302.567,  0.000,  0.000
  0.021,302.564,  0.000,  0.000
  0.021,302.560,  0.000,  0.260
  0.021,302.557,  0.000,  0.260
  0.021,302.553,  0.000,  0.260
  0.021,302.550,  0.000,  0.260
  0.021,302.547,  0.000,  0.730
  0.021,302.545,  0.000,  0.730
  0.021,302.543,  0.000,  0.730
  0.021,302.541,  0.000,  0.200
  0.021,302.540,  0.000,  0.200
  0.021,302.538,  0.000,  0.200
  0.021,302.536,  0.000,  0.200
  0.021,302.535,  0.000,  0.000
  0.021,302.533,  0.000,  0.000
  0.021,302.532,  0.000,  0.000
  0.021,302.557,  0.000,  0.000
  0.021,302.554,  0.000,  0.000
  0.021,302.589,  0.000,  0.000
  0.021,302.587,  0.000,  0.000
  0.021,302.585,  0.000,  0.000
  0.021,302.583,  0.000,  0.000
  0.021,302.580,  0.000,  0.000
  0.021,302.578,  0.000,  0.000
  0.021,302.575,  0.000,  0.040
  0.021,302.571,  0.000,  0.040
  0.021,302.567,  0.000,  0.040
  0.021,302.563,  0.000,  0.330
  0.021,302.559,  0.000,  0.330
  0.021,302.556,  0.000,  0.330
  0.021,302.553,  0.000,  0.330
  0.021,302.550,  0.000,  0.670
  0.021,302.548,  0.000,  0.670
  0.021,302.546,  0.000,  0.670
  0.021,302.544,  0.000,  0.110
  0.021,302.542,  0.000,  0.110
  0.021,302.540,  0.000,  0.110
  0.021,302.539,  0.000,  0.110
  0.021,302.537,  0.000,  0.000
  0.021,302.536,  0.000,  0.000
  0.021,302.534,  0.000,  0.000
  0.021,302.558,  0.000,  0.000
  0.021,302.554,  0.000,  0.000
  0.020,302.530,  0.000,  0.000
  0.021,302.590,  0.000,  0.000
  0.021,302.588,  0.000,  0.000
  0.021,302.586,  0.000,  0.000
  0.021,302.584,  0.000,  0.000
  0.021,302.581,  0.000,  0.000
  0.021,302.579,  0.000,  0.040
  0.021,302.575,  0.000,  0.040
  0.021,302.571,  0.000,  0.040
  0.021,302.567,  0.000,  0.330
  0.021,302.563,  0.000,  0.330
  0.021,302.559,  0.000,  0.330
  0.021,302.555,  0.000,  0.330
  0.021,302.553,  0.000,  0.670
  0.021,302.550,  0.000,  0.670
  0.021,302.548,  0.000,  0.670
  0.021,302.546,  0.000,  0.110
  0.021,302.544,  0.000,  0.110
  0.021,302.542,  0.000,  0.110
  0.021,302.541,  0.000,  0.110
  0.021,302.539,  0.000,  0.000
  0.021,302.537,  0.000,  0.000
  0.021,302.536,  0.000,  0.000
  0.021,302.558,  0.000,  0.000
  0.021,302.554,  0.001,  0.000
  0.020,302.534,  0.000,  0.000
  0.020,302.530,  0.000,  0.000
  0.020,302.527,  0.000,  0.000
  0.020,302.523,  0.000,  0.000
  0.021,302.586,  0.000,  0.000
  0.021,302.584,  0.000,  0.000
  0.021,302.581,  0.000,  0.040
  0.021,302.579,  0.000,  0.040
  0.021,302.576,  0.000,  0.040
  0.021,302.572,  0.000,  0.330
  0.021,302.567,  0.000,  0.330
  0.021,302.563,  0.000,  0.330
  0.021,302.559,  0.000,  0.330
  0.021,302.555,  0.000,  0.670
  0.021,302.553,  0.000,  0.670
  0.021,302.550,  0.000,  0.670
  0.021,302.548,  0.000,  0.110
  0.021,302.546,  0.000,  0.110
  0.021,302.544,  0.000,  0.110
  0.021,302.542,  0.000,  0.110
  0.021,302.540,  0.000,  0.000
  0.021,302.539,  0.000,  0.000
  0.021,302.537,  0.000,  0.000
  0.021,302.557,  0.001,  0.000
  0.021,302.552,  0.001,  0.000
  0.020,302.534,  0.000,  0.000
  0.020,302.532,  0.000,  0.000
  0.020,302.529,  0.000,  0.000
  0.020,302.526,  0.000,  0.000
  0.020,302.523,  0.000,  0.000
  0.020,302.520,  0.000,  0.000
  0.020,302.515,  0.000,  0.040
  0.021,302.582,  0.000,  0.040
  0.021,302.579,  0.000,  0.040
  0.021,302.575,  0.000,  0.330
  0.021,302.571,  0.000,  0.330
  0.021,302.567,  0.000,  0.330
  0.021,302.563,  0.000,  0.330
  0.021,302.559,  0.000,  0.670
  0.021,302.555,  0.000,  0.670
  0.021,302.553,  0.000,  0.670
  0.021,302.550,  0.000,  0.110
  0.021,302.548,  0.000,  0.110
  0.021,302.546,  0.000,  0.110
  0.021,302.544,  0.000,  0.110
  0.021,302.542,  0.000,  0.000
  0.021,302.540,  0.000,  0.000
  0.021,302.538,  0.000,  0.000
  0.021,302.555,  0.001,  0.000
  0.021,302.550,  0.001,  0.000
  0.020,302.537,  0.000,  0.000
  0.020,302.534,  0.000,  0.000
  0.020,302.530,  0.000,  0.000
  0.020,302.527,  0.000,  0.000
  0.020,302.525,  0.000,  0.000
  0.020,302.523,  0.000,  0.000
  0.020,302.520,  0.000,  0.430
  0.020,302.516,  0.000,  0.430
  0.020,302.511,  0.000,  0.430
  0.020,302.505,  0.000,  1.500
  0.021,302.575,  0.000,  1.500
  0.021,302.571,  0.000,  1.500
  0.021,302.567,  0.000,  1.500
  0.021,302.563,  0.000,  1.480
  0.021,302.559,  0.000,  1.480
  0.021,302.555,  0.000,  1.480
  0.021,302.552,  0.000,  0.630
  0.021,302.549,  0.000,  0.630
  0.021,302.547,  0.000,  0.630
  0.021,302.545,  0.000,  0.630
  0.021,302.543,  0.000,  0.020
  0.021,302.541,  0.000,  0.020
  0.021,302.538,  0.000,  0.020
  0.021,302.552,  0.001,  0.020
  0.021,302.547,  0.001,  0.020
  0.020,302.539,  0.000,  0.000
  0.020,302.536,  0.000,  0.000
  0.020,302.533,  0.000,  0.000
  0.020,302.530,  0.000,  0.000
  0.020,302.527,  0.000,  0.000
  0.020,302.524,  0.000,  0.000
  0.020,302.521,  0.000,  0.430
  0.020,302.518,  0.000,  0.430
  0.020,302.515,  0.000,  0.430
  0.020,302.510,  0.000,  1.500
  0.020,302.505,  0.000,  1.500
  0.020,302.499,  0.000,  1.500
  0.020,302.492,  0.000,  1.500
  0.021,302.566,  0.000,  1.480
  0.021,302.563,  0.000,  1.480
  0.021,302.559,  0.000,  1.480
  0.021,302.555,  0.000,  0.630
  0.021,302.552,  0.000,  0.630
  0.021,302.548,  0.000,  0.630
  0.021,302.546,  0.000,  0.630
  0.021,302.543,  0.000,  0.020
  0.021,302.541,  0.000,  0.020
  0.021,302.539,  0.000,  0.020
  0.021,302.548,  0.000,  0.020
  0.021,302.544,  0.000,  0.020
  0.020,302.540,  0.000,  0.000
  0.020,302.537,  0.000,  0.000
  0.020,302.535,  0.000,  0.000
  0.020,302.532,  0.000,  0.000
  0.020,302.530,  0.000,  0.000
  0.020,302.527,  0.000,  0.000
  0.020,302.523,  0.000,  0.430
  0.020,302.519,  0.000,  0.430
  0.020,302.515,  0.000,  0.430
  0.020,302.512,  0.000,  1.500
  0.020,302.509,  0.000,  1.500
  0.020,302.504,  0.000,  1.500
  0.020,302.497,  0.000,  1.500
  0.020,302.491,  0.000,  1.480
  0.020,302.485,  0.000,  1.480
  0.021,302.562,  0.000,  1.480
  0.021,302.559,  0.000,  0.630
  0.021,302.554,  0.000,  0.630
  0.021,302.550,  0.000,  0.630
  0.021,302.547,  0.000,  0.630
  0.021,302.544,  0.000,  0.020
  0.021,302.542,  0.000,  0.020
  0.021,302.539,  0.000,  0.020
  0.021,302.545,  0.000,  0.020
  0.021,302.540,  0.000,  0.020
  0.020,302.541,  0.000,  0.000
  0.020,302.539,  0.000,  0.000
  0.020,302.536,  0.000,  0.000
  0.020,302.534,  0.000,  0.000
  0.020,302.532,  0.000,  0.000
  0.020,302.529,  0.000,  0.000
  0.020,302.526,  0.000,  0.430
  0.020,302.522,  0.000,  0.430
  0.020,302.517,  0.000,  0.430
  0.020,302.513,  0.000,  1.500
  0.020,302.509,  0.000,  1.500
  0.020,302.506,  0.000,  1.500
  0.020,302.502,  0.000,  1.500
  0.020,302.496,  0.000,  1.480
  0.020,302.490,  0.000,  1.480
  0.020,302.484,  0.000,  1.480
  0.020,302.478,  0.000,  0.630
  0.021,302.557,  0.000,  0.630
  0.021,302.554,  0.001,  0.630
  0.021,302.550,  0.001,  0.630
  0.021,302.546,  0.001,  0.020
  0.021,302.542,  0.000,  0.020
  0.021,302.539,  0.000,  0.020
  0.021,302.541,  0.000,  0.020
  0.021,302.536,  0.000,  0.020
  0.020,302.542,  0.000,  0.000
  0.020,302.540,  0.000,  0.000
  0.020,302.538,  0.000,  0.030
  0.020,302.535,  0.000,  0.030
  0.020,302.533,  0.000,  0.030
  0.020,302.531,  0.000,  0.030
  0.020,302.528,  0.000,  0.360
  0.020,302.524,  0.000,  0.360
  0.020,302.520,  0.000,  0.360
  0.020,302.515,  0.000,  0.820
  0.020,302.510,  0.000,  0.820
  0.020,302.506,  0.000,  0.820
  0.020,302.502,  0.000,  0.820
  0.020,302.499,  0.000,  0.430
  0.020,302.494,  0.000,  0.430
  0.020,302.487,  0.000,  0.430
  0.020,302.481,  0.000,  0.110
  0.020,302.475,  0.000,  0.110
  0.021,302.556,  0.001,  0.110
  0.021,302.552,  0.001,  0.110
  0.021,302.548,  0.001,  0.040
  0.021,302.543,  0.000,  0.040
  0.021,302.539,  0.000,  0.040
  0.021,302.537,  0.000,  0.070
  0.021,302.532,  0.000,  0.070
  0.020,302.543,  0.000,  0.000
  0.020,302.541,  0.000,  0.000
  0.020,302.539,  0.000,  0.030
  0.020,302.537,  0.000,  0.030
  0.020,302.534,  0.000,  0.030
  0.020,302.532,  0.000,  0.030
  0.020,302.528,  0.000,  0.360
  0.020,302.525,  0.000,  0.360
  0.020,302.522,  0.000,  0.360
  0.020,302.518,  0.000,  0.820
  0.020,302.514,  0.000,  0.820
  0.020,302.509,  0.000,  0.820
  0.020,302.504,  0.000,  0.820
  0.020,302.500,  0.000,  0.430
  0.020,302.497,  0.000,  0.430
  0.020,302.492,  0.000,  0.430
  0.020,302.487,  0.000,  0.110
  0.020,302.480,  0.000,  0.110
  0.020,302.473,  0.000,  0.110
  0.020,302.467,  0.001,  0.110
  0.021,302.549,  0.001,  0.040
  0.021,302.545,  0.000,  0.040
  0.021,302.539,  0.001,  0.040
  0.021,302.533,  0.001,  0.070
  0.021,302.527,  0.001,  0.070
  0.020,302.541,  0.000,  0.000
  0.020,302.538,  0.000,  0.000
  0.020,302.536,  0.000,  0.030
  0.020,302.534,  0.000,  0.030
  0.020,302.531,  0.000,  0.030
  0.020,302.529,  0.000,  0.030
  0.020,302.525,  0.000,  0.360
  0.020,302.522,  0.000,  0.360
  0.020,302.519,  0.000,  0.360
  0.020,302.516,  0.000,  0.820
  0.020,302.512,  0.000,  0.820
  0.020,302.507,  0.000,  0.820
  0.020,302.502,  0.000,  0.820
  0.020,302.496,  0.000,  0.430
  0.020,302.491,  0.000,  0.430
  0.020,302.487,  0.000,  0.430
  0.020,302.483,  0.000,  0.110
  0.020,302.478,  0.000,  0.110
  0.020,302.472,  0.000,  0.110
  0.020,302.465,  0.000,  0.110
  0.020,302.458,  0.000,  0.040
  0.020,302.451,  0.000,  0.040
  0.021,302.534,  0.001,  0.040
  0.021,302.528,  0.001,  0.070
  0.021,302.521,  0.002,  0.070
  0.020,302.537,  0.000,  0.000
  0.020,302.535,  0.000,  0.000
  0.020,302.533,  0.000,  0.030
  0.020,302.531,  0.000,  0.030
  0.020,302.528,  0.000,  0.030
  0.020,302.525,  0.000,  0.030
  0.020,302.522,  0.000,  0.360
  0.020,302.518,  0.000,  0.360
  0.020,302.515,  0.000,  0.360
  0.020,302.511,  0.000,  0.820
  0.020,302.508,  0.000,  0.820
  0.020,302.504,  0.000,  0.820
  0.020,302.499,  0.000,  0.820
  0.020,302.494,  0.000,  0.430
  0.020,302.487,  0.000,  0.430
  0.020,302.482,  0.000,  0.430
  0.020,302.477,  0.000,  0.110
  0.020,302.472,  0.000,  0.110
  0.020,302.467,  0.000,  0.110
  0.020,302.461,  0.000,  0.110
  0.020,302.454,  0.000,  0.040
  0.020,302.446,  0.000,  0.040
  0.020,302.439,  0.001,  0.040
  0.020,302.432,  0.002,  0.070
  0.021,302.513,  0.003,  0.070
  0.020,302.533,  0.000,  0.000
  0.020,302.531,  0.000,  0.000
  0.020,302.529,  0.000,  0.020
  0.020,302.526,  0.000,  0.020
  0.020,302.523,  0.000,  0.020
  0.020,302.520,  0.000,  0.020
  0.020,302.517,  0.000,  0.390
  0.020,302.514,  0.000,  0.390
  0.020,302.510,  0.000,  0.390
  0.020,302.506,  0.000,  0.710
  0.020,302.502,  0.000,  0.710
  0.020,302.498,  0.000,  0.710
  0.020,302.494,  0.000,  0.710
  0.020,302.489,  0.000,  0.180
  0.020,302.484,  0.000,  0.180
  0.020,302.478,  0.000,  0.180
  0.020,302.471,  0.000,  0.000
  0.020,302.465,  0.000,  0.000
  0.020,302.459,  0.000,  0.000
  0.020,302.454,  0.000,  0.000
  0.020,302.448,  0.001,  0.000
  0.020,302.441,  0.001,  0.000
  0.020,302.432,  0.001,  0.000
  0.020,302.424,  0.002,  0.000
  0.020,302.416,  0.002,  0.000
  0.020,302.529,  0.000,  0.000
  0.020,302.527,  0.000,  0.000
  0.020,302.524,  0.000,  0.020
  0.020,302.521,  0.000,  0.020
  0.020,302.518,  0.000,  0.020
  0.020,302.515,  0.000,  0.020
  0.020,302.512,  0.000,  0.390
  0.020,302.508,  0.000,  0.390
  0.020,302.505,  0.000,  0.390
  0.020,302.501,  0.000,  0.710
  0.020,302.497,  0.000,  0.710
  0.020,302.492,  0.000,  0.710
  0.020,302.488,  0.000,  0.710
  0.020,302.483,  0.000,  0.180
  0.020,302.478,  0.000,  0.180
  0.020,302.473,  0.000,  0.180
  0.020,302.466,  0.000,  0.000
  0.020,302.459,  0.000,  0.000
  0.020,302.452,  0.000,  0.000
  0.020,302.445,  0.001,  0.000
  0.020,302.440,  0.001,  0.000
  0.020,302.434,  0.001,  0.000
  0.020,302.427,  0.001,  0.000
  0.020,302.418,  0.002,  0.000
  0.020,302.409,  0.002,  0.000
