  0.021,303.306,  0.296,  0.820
  0.021,303.343,  0.091,  0.820
  0.021,303.376,  0.035,  1.990
  0.021,303.381,  0.183,  1.990
  0.021,303.399,  0.857,  1.990
  0.021,303.407,  1.152,  1.990
  0.021,303.409,  1.391,  0.560
  0.021,303.376,  2.462,  0.560
  0.021,303.315,  3.067,  0.560
  0.021,303.300,  2.230,  0.580
  0.021,303.313,  1.738,  0.580
  0.021,303.316,  3.579,  0.580
  0.021,303.334,  5.721,  0.580
  0.021,303.383,  5.235,  0.170
  0.021,303.540,  2.857,  0.170
  0.020,303.585,  1.341,  0.170
  0.021,303.525,  0.452,  0.710
  0.021,303.439,  0.145,  0.710
  0.021,303.443,  0.024,  0.710
  0.021,303.495,  0.008,  0.710
  0.021,303.502,  0.022,  0.130
  0.021,303.494,  0.062,  0.130
  0.021,303.514,  0.249,  0.130
  0.021,303.574,  0.481,  0.110
  0.021,303.571,  0.439,  0.110
  0.021,303.282,  0.040,  1.880
  0.021,303.307,  0.011,  1.880
  0.021,303.373,  0.021,  0.690
  0.021,303.418,  0.104,  0.690
  0.021,303.414,  0.352,  0.690
  0.021,303.387,  0.397,  0.690
  0.021,303.369,  0.576,  1.230
  0.021,303.322,  1.651,  1.230
  0.021,303.274,  3.492,  1.230
  0.021,303.288,  4.074,  1.270
  0.021,303.296,  4.003,  1.270
  0.021,303.296,  4.497,  1.270
  0.021,303.308,  3.443,  1.270
  0.021,303.343,  1.931,  0.680
  0.021,303.533,  1.819,  0.680
  0.020,303.589,  1.919,  0.680
  0.021,303.478,  1.027,  0.660
  0.021,303.390,  0.344,  0.660
  0.021,303.427,  0.066,  0.660
  0.021,303.482,  0.012,  0.660
  0.021,303.464,  0.006,  0.070
  0.021,303.452,  0.050,  0.070
  0.021,303.466,  0.148,  0.070
  0.021,303.516,  0.227,  0.070
  0.021,303.512,  0.211,  0.070
  0.021,303.276,  0.006,  1.880
  0.021,303.306,  0.010,  1.880
  0.021,303.407,  0.038,  0.690
  0.021,303.438,  0.070,  0.690
  0.021,303.416,  0.079,  0.690
  0.021,303.388,  0.075,  0.690
  0.021,303.350,  0.303,  1.230
  0.021,303.293,  1.256,  1.230
  0.021,303.264,  3.145,  1.230
  0.021,303.282,  5.482,  1.270
  0.021,303.292,  8.308,  1.270
  0.021,303.296,  6.349,  1.270
  0.021,303.304,  4.400,  1.270
  0.021,303.339,  1.867,  0.680
  0.021,303.530,  1.146,  0.680
  0.021,303.553,  1.298,  0.680
  0.021,303.420,  0.849,  0.660
  0.021,303.404,  0.335,  0.660
  0.021,303.464,  0.109,  0.660
  0.021,303.481,  0.041,  0.660
  0.021,303.427,  0.020,  0.070
  0.021,303.386,  0.017,  0.070
  0.022,303.379,  0.045,  0.070
  0.022,303.419,  0.085,  0.070
  0.021,303.446,  0.077,  0.070
  0.021,303.288,  0.010,  1.880
  0.021,303.326,  0.020,  1.880
  0.021,303.410,  0.062,  0.690
  0.021,303.426,  0.041,  0.690
  0.021,303.424,  0.039,  0.690
  0.021,303.402,  0.059,  0.690
  0.021,303.356,  0.265,  1.230
  0.021,303.304,  1.291,  1.230
  0.021,303.294,  3.338,  1.230
  0.021,303.308,  5.374,  1.270
  0.021,303.326,  8.423,  1.270
  0.022,303.345,  7.174,  1.270
  0.022,303.350,  4.419,  1.270
  0.022,303.413,  1.487,  0.680
  0.021,303.520,  0.494,  0.680
  0.021,303.488,  0.608,  0.680
  0.021,303.414,  0.439,  0.660
  0.021,303.440,  0.177,  0.660
  0.021,303.491,  0.056,  0.660
  0.021,303.447,  0.022,  0.660
  0.021,303.381,  0.019,  0.070
  0.021,303.340,  0.023,  0.070
  0.022,303.332,  0.027,  0.070
  0.022,303.372,  0.030,  0.070
  0.021,303.418,  0.020,  0.070
  0.021,303.325,  0.010,  1.880
  0.021,303.369,  0.022,  1.880
  0.021,303.393,  0.105,  0.690
  0.021,303.404,  0.261,  0.690
  0.021,303.415,  0.070,  0.690
  0.021,303.395,  0.118,  0.690
  0.021,303.358,  0.462,  1.230
  0.021,303.323,  1.813,  1.230
  0.021,303.328,  3.902,  1.230
  0.022,303.338,  5.513,  1.270
  0.022,303.377,  6.106,  1.270
  0.022,303.424,  6.848,  1.270
  0.022,303.434,  3.496,  1.270
  0.021,303.474,  0.902,  0.680
  0.021,303.497,  0.192,  0.680
  0.021,303.440,  0.182,  0.680
  0.021,303.430,  0.143,  0.660
  0.021,303.471,  0.053,  0.660
  0.021,303.450,  0.012,  0.660
  0.021,303.383,  0.004,  0.660
  0.021,303.355,  0.008,  0.070
  0.021,303.351,  0.022,  0.070
  0.022,303.363,  0.040,  0.070
  0.022,303.381,  0.068,  0.070
  0.022,303.416,  0.068,  0.070
  0.021,303.336,  0.001,  1.710
  0.021,303.354,  0.003,  1.710
  0.021,303.365,  0.343,  0.850
  0.021,303.362,  1.845,  0.850
  0.021,303.350,  0.169,  0.850
  0.021,303.347,  0.119,  0.850
  0.021,303.338,  0.419,  0.990
  0.021,303.322,  1.109,  0.990
  0.021,303.330,  1.814,  0.990
  0.021,303.357,  2.766,  0.530
  0.022,303.401,  2.866,  0.530
  0.022,303.438,  4.243,  0.530
  0.022,303.451,  1.923,  0.530
  0.021,303.468,  0.372,  0.080
  0.021,303.460,  0.062,  0.080
  0.021,303.432,  0.036,  0.080
  0.021,303.448,  0.026,  0.000
  0.021,303.463,  0.010,  0.000
  0.021,303.394,  0.001,  0.000
  0.021,303.351,  0.002,  0.000
  0.021,303.371,  0.020,  0.010
  0.021,303.416,  0.095,  0.010
  0.021,303.399,  0.268,  0.010
  0.022,303.397,  0.555,  0.040
  0.021,303.407,  0.685,  0.040
  0.021,303.256,  0.001,  1.710
  0.021,303.280,  0.001,  1.710
  0.021,303.323,  0.031,  0.850
  0.021,303.305,  0.232,  0.850
  0.021,303.279,  0.601,  0.850
  0.021,303.304,  0.085,  0.850
  0.021,303.317,  0.105,  0.990
  0.021,303.311,  0.137,  0.990
  0.021,303.319,  0.252,  0.990
  0.021,303.357,  0.626,  0.530
  0.021,303.382,  0.775,  0.530
  0.021,303.417,  1.471,  0.530
  0.021,303.447,  0.866,  0.530
  0.021,303.427,  0.201,  0.080
  0.021,303.413,  0.016,  0.080
  0.021,303.446,  0.008,  0.080
  0.021,303.454,  0.010,  0.000
  0.021,303.428,  0.016,  0.000
  0.021,303.378,  0.007,  0.000
  0.021,303.369,  0.009,  0.000
  0.021,303.420,  0.021,  0.010
  0.021,303.422,  0.205,  0.010
  0.021,303.407,  0.764,  0.010
  0.021,303.399,  1.557,  0.040
  0.021,303.396,  2.552,  0.040
  0.021,303.155,  0.000,  1.710
  0.021,303.177,  0.000,  1.710
  0.021,303.263,  0.000,  0.850
  0.021,303.286,  0.004,  0.850
  0.021,303.254,  0.114,  0.850
  0.021,303.279,  0.017,  0.850
  0.021,303.288,  0.012,  0.990
  0.021,303.308,  0.030,  0.990
  0.021,303.327,  0.030,  0.990
  0.021,303.358,  0.374,  0.530
  0.021,303.364,  0.305,  0.530
  0.021,303.369,  1.190,  0.530
  0.021,303.369,  1.008,  0.530
  0.021,303.349,  0.772,  0.080
  0.021,303.363,  0.108,  0.080
  0.021,303.408,  0.065,  0.080
  0.021,303.429,  0.432,  0.000
  0.021,303.402,  0.510,  0.000
  0.021,303.398,  0.148,  0.000
  0.021,303.396,  0.018,  0.000
  0.021,303.398,  0.060,  0.010
  0.021,303.404,  0.386,  0.010
  0.021,303.384,  0.926,  0.010
  0.021,303.366,  1.403,  0.040
  0.021,303.370,  1.955,  0.040
  0.021,303.156,  0.000,  1.710
  0.021,303.148,  0.000,  1.710
  0.021,303.218,  0.000,  0.850
  0.021,303.288,  0.003,  0.850
  0.021,303.248,  0.001,  0.850
  0.021,303.259,  0.002,  0.850
  0.021,303.265,  0.008,  0.990
  0.021,303.318,  0.012,  0.990
  0.021,303.343,  0.015,  0.990
  0.021,303.360,  0.171,  0.530
  0.021,303.356,  0.066,  0.530
  0.021,303.345,  0.909,  0.530
  0.021,303.344,  1.355,  0.530
  0.021,303.347,  6.492,  0.080
  0.021,303.319,  0.612,  0.080
  0.022,303.341,  0.162,  0.080
  0.021,303.372,  1.478,  0.000
  0.021,303.377,  1.778,  0.000
  0.021,303.406,  0.525,  0.000
  0.021,303.395,  1.150,  0.000
  0.021,303.369,  0.675,  0.010
  0.021,303.375,  1.909,  0.010
  0.021,303.344,  1.968,  0.010
  0.021,303.316,  1.137,  0.040
  0.022,303.326,  0.929,  0.040
  0.021,303.219,  0.000,  0.180
  0.021,303.234,  0.000,  0.180
  0.021,303.247,  0.000,  1.490
  0.021,303.271,  0.001,  1.490
  0.021,303.235,  0.000,  1.490
  0.021,303.242,  0.000,  1.490
  0.022,303.290,  0.002,  0.110
  0.021,303.339,  0.002,  0.110
  0.021,303.364,  0.003,  0.110
  0.020,303.367,  0.018,  0.190
  0.021,303.366,  0.003,  0.190
  0.021,303.309,  0.116,  0.190
  0.021,303.304,  0.114,  0.190
  0.021,303.341,  0.665,  0.080
  0.021,303.325,  0.163,  0.080
  0.021,303.300,  0.814,  0.080
  0.021,303.330, 12.288,  0.000
  0.021,303.353,  6.080,  0.000
  0.021,303.388,  1.587,  0.000
  0.022,303.395,  0.543,  0.000
  0.021,303.352,  1.931,  0.000
  0.021,303.354,  7.059,  0.000
  0.021,303.321, 11.472,  0.000
  0.022,303.294,  3.329,  0.000
  0.022,303.302,  0.327,  0.000
  0.022,303.266,  0.000,  0.180
  0.022,303.304,  0.000,  0.180
  0.021,303.256,  0.000,  1.490
  0.021,303.236,  0.000,  1.490
  0.021,303.218,  0.000,  1.490
  0.021,303.240,  0.000,  1.490
  0.021,303.302,  0.001,  0.110
  0.021,303.357,  0.001,  0.110
  0.020,303.366,  0.001,  0.110
  0.021,303.370,  0.001,  0.190
  0.021,303.354,  0.000,  0.190
  0.021,303.304,  0.000,  0.190
  0.021,303.309,  0.000,  0.190
  0.021,303.344,  0.008,  0.080
  0.021,303.331,  0.031,  0.080
  0.021,303.303,  2.309,  0.080
  0.021,303.318, 12.920,  0.000
  0.021,303.357,  2.526,  0.000
  0.021,303.367,  0.398,  0.000
  0.022,303.376,  0.371,  0.000
  0.022,303.346,  0.959,  0.000
  0.022,303.351,  9.847,  0.000
  0.021,303.326, 13.612,  0.000
  0.022,303.300,  3.453,  0.000
  0.022,303.310,  0.188,  0.000
  0.021,303.274,  0.000,  0.180
  0.021,303.259,  0.000,  0.180
  0.021,303.238,  0.000,  1.490
  0.021,303.196,  0.000,  1.490
  0.021,303.223,  0.000,  1.490
  0.021,303.259,  0.000,  1.490
  0.021,303.323,  0.000,  0.110
  0.021,303.348,  0.000,  0.110
  0.021,303.329,  0.000,  0.110
  0.021,303.325,  0.000,  0.190
  0.021,303.314,  0.000,  0.190
  0.021,303.320,  0.000,  0.190
  0.021,303.322,  0.001,  0.190
  0.021,303.302,  0.014,  0.080
  0.021,303.310,  0.002,  0.080
  0.021,303.326,  0.399,  0.080
  0.021,303.350,  1.518,  0.000
  0.021,303.354,  0.222,  0.000
  0.021,303.343,  0.020,  0.000
  0.022,303.341,  1.151,  0.000
  0.022,303.346,  0.317,  0.000
  0.022,303.337,  1.353,  0.000
  0.022,303.317,  5.428,  0.000
  0.022,303.309,  4.911,  0.000
  0.022,303.332,  1.016,  0.000
  0.021,303.276,  0.000,  0.180
  0.021,303.226,  0.000,  0.180
  0.021,303.143,  0.000,  1.490
  0.021,303.135,  0.000,  1.490
  0.021,303.165,  0.000,  1.490
  0.021,303.214,  0.000,  1.490
  0.021,303.273,  0.000,  0.110
  0.021,303.280,  0.000,  0.110
  0.021,303.267,  0.000,  0.110
  0.021,303.218,  0.000,  0.190
  0.021,303.208,  0.000,  0.190
  0.021,303.260,  0.000,  0.190
  0.021,303.260,  0.000,  0.190
  0.021,303.235,  0.002,  0.080
  0.021,303.270,  0.000,  0.080
  0.021,303.326,  0.002,  0.080
  0.021,303.354,  0.019,  0.000
  0.021,303.355,  0.008,  0.000
  0.021,303.334,  0.002,  0.000
  0.022,303.324,  0.067,  0.000
  0.022,303.328,  0.022,  0.000
  0.022,303.303,  0.016,  0.000
  0.022,303.298,  0.504,  0.000
  0.022,303.301,  0.471,  0.000
  0.022,303.327,  0.097,  0.000
  0.021,303.180,  0.000,  0.070
  0.021,303.068,  0.000,  0.070
  0.022,303.004,  0.000,  0.000
  0.021,303.038,  0.000,  0.000
  0.021,303.035,  0.000,  0.000
  0.021,303.073,  0.000,  0.000
  0.021,303.165,  0.000,  0.000
  0.021,303.210,  0.000,  0.000
  0.021,303.180,  0.000,  0.000
  0.021,303.121,  0.000,  0.000
  0.021,303.118,  0.000,  0.000
  0.021,303.141,  0.000,  0.000
  0.022,303.127,  0.000,  0.000
  0.022,303.144,  0.000,  0.000
  0.022,303.213,  0.000,  0.000
  0.021,303.296,  0.001,  0.000
  0.021,303.332,  0.013,  0.020
  0.021,303.352,  0.005,  0.020
  0.022,303.340,  0.001,  0.020
  0.022,303.318,  0.001,  0.020
  0.022,303.289,  0.001,  0.000
  0.022,303.282,  0.012,  0.000
  0.021,303.290,  0.018,  0.000
  0.021,303.304,  0.004,  0.000
  0.021,303.321,  0.000,  0.000
  0.021,303.011,  0.000,  0.070
  0.022,302.926,  0.000,  0.070
  0.022,302.910,  0.000,  0.000
  0.021,302.942,  0.000,  0.000
  0.021,302.937,  0.000,  0.000
  0.022,302.944,  0.000,  0.000
  0.022,303.013,  0.000,  0.000
  0.021,303.070,  0.000,  0.000
  0.021,303.092,  0.000,  0.000
  0.021,303.083,  0.000,  0.000
  0.021,303.088,  0.000,  0.000
  0.022,303.079,  0.000,  0.000
  0.022,303.062,  0.000,  0.000
  0.022,303.070,  0.000,  0.000
  0.022,303.136,  0.000,  0.000
  0.022,303.247,  0.000,  0.000
  0.021,303.312,  0.001,  0.020
  0.021,303.336,  0.000,  0.020
  0.022,303.326,  0.000,  0.020
  0.022,303.295,  0.000,  0.020
  0.022,303.257,  0.000,  0.000
  0.021,303.304,  0.002,  0.000
  0.021,303.315,  0.005,  0.000
  0.021,303.311,  0.005,  0.000
  0.021,303.321,  0.001,  0.000
