  0.020,302.215,  0.000,  0.000
  0.020,302.186,  0.000,  0.000
  0.020,302.226,  0.000,  0.010
  0.020,302.264,  0.000,  0.010
  0.020,302.260,  0.000,  0.010
  0.020,302.243,  0.000,  0.010
  0.020,302.231,  0.000,  0.020
  0.020,302.229,  0.000,  0.020
  0.020,302.196,  0.000,  0.020
  0.020,302.163,  0.000,  0.030
  0.020,302.178,  0.000,  0.030
  0.020,302.223,  0.000,  0.030
  0.020,302.252,  0.000,  0.030
  0.020,302.241,  0.000,  0.040
  0.020,302.213,  0.000,  0.040
  0.020,302.200,  0.000,  0.040
  0.020,302.195,  0.000,  0.030
  0.021,302.192,  0.000,  0.030
  0.021,302.193,  0.000,  0.030
  0.020,302.219,  0.000,  0.030
  0.020,302.252,  0.000,  0.010
  0.020,302.257,  0.000,  0.010
  0.020,302.232,  0.000,  0.010
  0.021,302.225,  0.000,  0.000
  0.021,302.206,  0.000,  0.000
  0.020,302.274,  0.000,  0.060
  0.020,302.223,  0.000,  0.060
  0.020,302.181,  0.000,  0.060
  0.020,302.201,  0.000,  0.060
  0.020,302.260,  0.000,  0.060
  0.020,302.297,  0.000,  0.060
  0.020,302.261,  0.000,  0.050
  0.020,302.185,  0.000,  0.050
  0.021,302.133,  0.000,  0.050
  0.020,302.145,  0.000,  0.030
  0.020,302.188,  0.000,  0.030
  0.020,302.221,  0.000,  0.030
  0.020,302.225,  0.000,  0.030
  0.020,302.234,  0.000,  0.030
  0.020,302.257,  0.000,  0.030
  0.020,302.257,  0.000,  0.030
  0.021,302.225,  0.000,  0.030
  0.021,302.195,  0.000,  0.030
  0.021,302.188,  0.000,  0.030
  0.020,302.208,  0.000,  0.030
  0.020,302.230,  0.000,  0.010
  0.020,302.239,  0.000,  0.010
  0.020,302.237,  0.000,  0.010
  0.020,302.259,  0.000,  0.000
  0.020,302.272,  0.000,  0.000
  0.020,302.290,  0.000,  0.060
  0.020,302.271,  0.000,  0.060
  0.020,302.206,  0.000,  0.060
  0.020,302.183,  0.000,  0.060
  0.020,302.221,  0.000,  0.060
  0.020,302.254,  0.000,  0.060
  0.020,302.235,  0.000,  0.050
  0.020,302.199,  0.000,  0.050
  0.020,302.184,  0.000,  0.050
  0.020,302.190,  0.000,  0.030
  0.020,302.188,  0.000,  0.030
  0.021,302.165,  0.000,  0.030
  0.021,302.163,  0.000,  0.030
  0.020,302.228,  0.000,  0.030
  0.020,302.280,  0.000,  0.030
  0.020,302.273,  0.000,  0.030
  0.020,302.232,  0.000,  0.030
  0.020,302.214,  0.000,  0.030
  0.020,302.230,  0.000,  0.030
  0.020,302.227,  0.000,  0.030
  0.021,302.209,  0.000,  0.010
  0.020,302.215,  0.000,  0.010
  0.020,302.245,  0.000,  0.010
  0.020,302.277,  0.000,  0.000
  0.020,302.259,  0.000,  0.000
  0.020,302.243,  0.000,  0.060
  0.020,302.258,  0.000,  0.060
  0.020,302.252,  0.000,  0.060
  0.020,302.218,  0.000,  0.060
  0.020,302.182,  0.000,  0.060
  0.020,302.180,  0.000,  0.060
  0.020,302.198,  0.000,  0.050
  0.020,302.226,  0.000,  0.050
  0.020,302.230,  0.000,  0.050
  0.020,302.211,  0.000,  0.030
  0.020,302.189,  0.000,  0.030
  0.020,302.166,  0.000,  0.030
  0.020,302.157,  0.000,  0.030
  0.020,302.180,  0.000,  0.030
  0.020,302.212,  0.000,  0.030
  0.020,302.225,  0.000,  0.030
  0.020,302.234,  0.000,  0.030
  0.020,302.242,  0.000,  0.030
  0.020,302.244,  0.000,  0.030
  0.020,302.244,  0.000,  0.030
  0.020,302.244,  0.000,  0.010
  0.020,302.241,  0.000,  0.010
  0.020,302.232,  0.000,  0.010
  0.020,302.230,  0.000,  0.000
  0.021,302.213,  0.000,  0.000
  0.020,302.174,  0.000,  0.060
  0.020,302.182,  0.000,  0.060
  0.020,302.238,  0.000,  0.060
  0.020,302.248,  0.000,  0.060
  0.020,302.200,  0.000,  0.060
  0.021,302.164,  0.000,  0.060
  0.020,302.157,  0.000,  0.050
  0.020,302.186,  0.000,  0.050
  0.020,302.215,  0.000,  0.050
  0.020,302.225,  0.000,  0.030
  0.020,302.235,  0.000,  0.030
  0.020,302.230,  0.000,  0.030
  0.020,302.193,  0.000,  0.030
  0.021,302.164,  0.000,  0.030
  0.021,302.167,  0.000,  0.030
  0.020,302.179,  0.000,  0.030
  0.020,302.194,  0.000,  0.030
  0.020,302.210,  0.000,  0.030
  0.020,302.236,  0.000,  0.030
  0.020,302.259,  0.000,  0.030
  0.020,302.258,  0.000,  0.010
  0.020,302.225,  0.000,  0.010
  0.021,302.180,  0.000,  0.010
  0.021,302.175,  0.000,  0.000
  0.021,302.193,  0.000,  0.000
  0.020,302.222,  0.000,  0.050
  0.020,302.138,  0.000,  0.050
  0.020,302.123,  0.000,  0.030
  0.020,302.169,  0.000,  0.030
  0.020,302.209,  0.000,  0.030
  0.020,302.211,  0.000,  0.030
  0.020,302.184,  0.000,  0.000
  0.021,302.154,  0.000,  0.000
  0.021,302.135,  0.000,  0.000
  0.020,302.139,  0.000,  0.000
  0.020,302.194,  0.000,  0.000
  0.020,302.271,  0.000,  0.000
  0.020,302.285,  0.000,  0.000
  0.021,302.239,  0.000,  0.000
  0.021,302.187,  0.000,  0.000
  0.020,302.175,  0.000,  0.000
  0.020,302.179,  0.000,  0.000
  0.020,302.192,  0.000,  0.000
  0.020,302.227,  0.000,  0.000
  0.020,302.253,  0.000,  0.000
  0.020,302.244,  0.000,  0.000
  0.020,302.216,  0.000,  0.000
  0.020,302.186,  0.000,  0.000
  0.021,302.181,  0.000,  0.000
  0.021,302.180,  0.000,  0.000
  0.020,302.274,  0.000,  0.050
  0.020,302.218,  0.000,  0.050
  0.020,302.154,  0.000,  0.030
  0.020,302.145,  0.000,  0.030
  0.020,302.174,  0.000,  0.030
  0.020,302.197,  0.000,  0.030
  0.020,302.211,  0.000,  0.000
  0.020,302.222,  0.000,  0.000
  0.020,302.197,  0.000,  0.000
  0.020,302.151,  0.000,  0.000
  0.020,302.151,  0.000,  0.000
  0.020,302.212,  0.000,  0.000
  0.020,302.264,  0.000,  0.000
  0.020,302.256,  0.000,  0.000
  0.020,302.212,  0.000,  0.000
  0.020,302.186,  0.000,  0.000
  0.020,302.196,  0.000,  0.000
  0.020,302.206,  0.000,  0.000
  0.021,302.198,  0.000,  0.000
  0.021,302.188,  0.000,  0.000
  0.020,302.219,  0.000,  0.000
  0.020,302.262,  0.000,  0.000
  0.020,302.251,  0.000,  0.000
  0.021,302.202,  0.000,  0.000
  0.021,302.136,  0.000,  0.000
  0.020,302.236,  0.000,  0.050
  0.020,302.266,  0.000,  0.050
  0.020,302.248,  0.000,  0.030
  0.020,302.204,  0.000,  0.030
  0.020,302.174,  0.000,  0.030
  0.020,302.174,  0.000,  0.030
  0.020,302.217,  0.000,  0.000
  0.020,302.265,  0.000,  0.000
  0.020,302.277,  0.000,  0.000
  0.020,302.254,  0.000,  0.000
  0.020,302.217,  0.000,  0.000
  0.020,302.207,  0.000,  0.000
  0.020,302.228,  0.000,  0.000
  0.020,302.244,  0.000,  0.000
  0.020,302.233,  0.000,  0.000
  0.020,302.212,  0.000,  0.000
  0.020,302.216,  0.000,  0.000
  0.020,302.224,  0.000,  0.000
  0.021,302.201,  0.000,  0.000
  0.021,302.161,  0.000,  0.000
  0.020,302.164,  0.000,  0.000
  0.020,302.205,  0.000,  0.000
  0.020,302.212,  0.000,  0.000
  0.021,302.176,  0.000,  0.000
  0.021,302.119,  0.000,  0.000
  0.020,302.255,  0.000,  0.050
  0.020,302.234,  0.000,  0.050
  0.020,302.232,  0.000,  0.030
  0.020,302.275,  0.000,  0.030
  0.020,302.311,  0.000,  0.030
  0.020,302.275,  0.000,  0.030
  0.020,302.229,  0.000,  0.000
  0.020,302.238,  0.000,  0.000
  0.020,302.299,  0.000,  0.000
  0.020,302.330,  0.000,  0.000
  0.020,302.283,  0.000,  0.000
  0.020,302.214,  0.000,  0.000
  0.020,302.191,  0.000,  0.000
  0.020,302.233,  0.000,  0.000
  0.020,302.247,  0.000,  0.000
  0.020,302.219,  0.000,  0.000
  0.020,302.200,  0.000,  0.000
  0.020,302.213,  0.000,  0.000
  0.020,302.216,  0.000,  0.000
  0.021,302.179,  0.000,  0.000
  0.021,302.130,  0.000,  0.000
  0.021,302.107,  0.000,  0.000
  0.020,302.099,  0.000,  0.000
  0.021,302.102,  0.000,  0.000
  0.021,302.104,  0.000,  0.000
  0.019,302.398,  0.000,  0.000
  0.020,302.311,  0.000,  0.000
  0.020,302.235,  0.000,  0.040
  0.020,302.275,  0.000,  0.040
  0.020,302.354,  0.000,  0.040
  0.020,302.329,  0.000,  0.040
  0.020,302.240,  0.000,  0.070
  0.020,302.184,  0.000,  0.070
  0.020,302.211,  0.000,  0.070
  0.020,302.270,  0.000,  0.120
  0.020,302.285,  0.000,  0.120
  0.020,302.259,  0.000,  0.120
  0.020,302.208,  0.000,  0.120
  0.020,302.176,  0.000,  0.050
  0.021,302.164,  0.000,  0.050
  0.021,302.154,  0.000,  0.050
  0.021,302.160,  0.000,  0.000
  0.021,302.202,  0.000,  0.000
  0.020,302.240,  0.000,  0.000
  0.020,302.220,  0.000,  0.000
  0.021,302.140,  0.000,  0.000
  0.021,302.067,  0.000,  0.000
  0.021,302.050,  0.000,  0.000
  0.021,302.076,  0.000,  0.000
  0.021,302.113,  0.000,  0.000
  0.020,302.325,  0.000,  0.000
  0.020,302.334,  0.000,  0.000
  0.020,302.296,  0.000,  0.040
  0.020,302.237,  0.000,  0.040
  0.020,302.219,  0.000,  0.040
  0.020,302.230,  0.000,  0.040
  0.020,302.248,  0.000,  0.070
  0.020,302.241,  0.000,  0.070
  0.020,302.201,  0.000,  0.070
  0.020,302.200,  0.000,  0.120
  0.020,302.240,  0.000,  0.120
  0.020,302.261,  0.000,  0.120
  0.020,302.237,  0.000,  0.120
  0.020,302.196,  0.000,  0.050
  0.021,302.162,  0.000,  0.050
  0.021,302.145,  0.000,  0.050
  0.021,302.146,  0.000,  0.000
  0.021,302.161,  0.000,  0.000
  0.020,302.187,  0.000,  0.000
  0.020,302.210,  0.000,  0.000
  0.020,302.204,  0.000,  0.000
  0.021,302.148,  0.000,  0.000
  0.021,302.084,  0.000,  0.000
  0.021,302.094,  0.000,  0.000
  0.021,302.158,  0.000,  0.000
  0.020,302.257,  0.000,  0.000
  0.020,302.320,  0.000,  0.000
  0.020,302.319,  0.000,  0.040
  0.020,302.249,  0.000,  0.040
  0.020,302.197,  0.000,  0.040
  0.020,302.201,  0.000,  0.040
  0.020,302.252,  0.000,  0.070
  0.020,302.270,  0.000,  0.070
  0.020,302.247,  0.000,  0.070
  0.020,302.213,  0.000,  0.120
  0.020,302.201,  0.000,  0.120
  0.020,302.212,  0.000,  0.120
  0.020,302.209,  0.000,  0.120
  0.020,302.191,  0.000,  0.050
  0.020,302.177,  0.000,  0.050
  0.021,302.172,  0.000,  0.050
  0.021,302.173,  0.000,  0.000
  0.020,302.182,  0.000,  0.000
  0.020,302.198,  0.000,  0.000
  0.020,302.227,  0.000,  0.000
  0.020,302.268,  0.000,  0.000
  0.020,302.281,  0.000,  0.000
  0.021,302.236,  0.000,  0.000
  0.021,302.171,  0.000,  0.000
  0.021,302.157,  0.000,  0.000
  0.020,302.222,  0.000,  0.000
  0.020,302.199,  0.000,  0.000
  0.020,302.231,  0.000,  0.040
  0.020,302.266,  0.000,  0.040
  0.020,302.267,  0.000,  0.040
  0.020,302.227,  0.000,  0.040
  0.020,302.203,  0.000,  0.070
  0.020,302.212,  0.000,  0.070
  0.020,302.228,  0.000,  0.070
  0.020,302.217,  0.000,  0.120
  0.021,302.189,  0.000,  0.120
  0.021,302.167,  0.000,  0.120
  0.021,302.157,  0.000,  0.120
  0.020,302.159,  0.000,  0.050
  0.020,302.173,  0.000,  0.050
  0.020,302.189,  0.000,  0.050
  0.020,302.187,  0.000,  0.000
  0.021,302.170,  0.000,  0.000
  0.021,302.163,  0.000,  0.000
  0.020,302.192,  0.000,  0.000
  0.020,302.253,  0.000,  0.000
  0.020,302.289,  0.001,  0.000
  0.020,302.270,  0.000,  0.000
  0.021,302.215,  0.000,  0.000
  0.021,302.183,  0.000,  0.000
  0.020,302.280,  0.000,  0.000
  0.020,302.209,  0.000,  0.000
  0.020,302.178,  0.002,  0.000
  0.020,302.218,  0.001,  0.000
  0.020,302.261,  0.000,  0.000
  0.020,302.250,  0.000,  0.000
  0.020,302.214,  0.000,  0.000
  0.020,302.193,  0.000,  0.000
  0.020,302.202,  0.000,  0.000
  0.020,302.206,  0.000,  0.130
  0.020,302.189,  0.000,  0.130
  0.021,302.169,  0.000,  0.130
  0.021,302.161,  0.000,  0.130
  0.021,302.155,  0.000,  0.100
  0.021,302.154,  0.000,  0.100
  0.020,302.166,  0.000,  0.100
  0.020,302.187,  0.000,  0.200
  0.020,302.200,  0.000,  0.200
  0.020,302.195,  0.000,  0.200
  0.021,302.179,  0.000,  0.200
  0.021,302.172,  0.000,  0.430
  0.021,302.195,  0.001,  0.430
  0.020,302.232,  0.000,  0.430
  0.020,302.243,  0.000,  0.430
  0.021,302.222,  0.000,  0.430
  0.020,302.246,  0.015,  0.000
  0.020,302.248,  0.016,  0.000
  0.020,302.221,  0.001,  0.000
  0.020,302.196,  0.001,  0.000
  0.020,302.195,  0.000,  0.000
  0.020,302.200,  0.000,  0.000
  0.020,302.195,  0.000,  0.000
  0.020,302.182,  0.000,  0.000
  0.020,302.172,  0.000,  0.000
  0.021,302.170,  0.000,  0.130
  0.020,302.175,  0.003,  0.130
  0.020,302.171,  0.008,  0.130
  0.021,302.159,  0.016,  0.130
  0.021,302.153,  0.026,  0.100
  0.021,302.148,  0.032,  0.100
  0.021,302.140,  0.033,  0.100
  0.021,302.141,  0.030,  0.200
  0.021,302.165,  0.040,  0.200
  0.020,302.207,  0.080,  0.200
  0.020,302.242,  0.121,  0.200
  0.020,302.231,  0.100,  0.430
  0.021,302.199,  0.024,  0.430
  0.020,302.208,  0.000,  0.430
  0.020,302.248,  0.000,  0.430
  0.020,302.268,  0.000,  0.430
