  0.016,299.842,  0.000,  0.000
  0.016,299.815,  0.000,  0.000
  0.017,299.678,  0.000,  0.000
  0.017,299.550,  0.000,  0.000
  0.017,299.505,  0.000,  0.000
  0.017,299.495,  0.000,  0.000
  0.017,299.481,  0.000,  0.000
  0.017,299.459,  0.000,  0.000
  0.017,299.431,  0.000,  0.000
  0.017,299.408,  0.000,  0.000
  0.017,299.398,  0.000,  0.000
  0.017,299.392,  0.000,  0.000
  0.017,299.379,  0.000,  0.000
  0.017,299.358,  0.000,  0.000
  0.017,299.345,  0.000,  0.000
  0.017,299.341,  0.000,  0.000
  0.017,299.345,  0.000,  0.000
  0.017,299.327,  0.000,  0.000
  0.017,299.293,  0.000,  0.000
  0.017,299.267,  0.000,  0.000
  0.017,299.272,  0.000,  0.000
  0.017,299.287,  0.000,  0.000
  0.017,299.281,  0.000,  0.000
  0.017,299.269,  0.000,  0.000
  0.017,299.245,  0.000,  0.000
  0.016,299.884,  0.000,  0.000
  0.016,299.850,  0.000,  0.000
  0.017,299.689,  0.000,  0.000
  0.017,299.560,  0.000,  0.000
  0.017,299.543,  0.000,  0.000
  0.017,299.550,  0.000,  0.000
  0.017,299.509,  0.000,  0.000
  0.017,299.453,  0.000,  0.000
  0.017,299.424,  0.000,  0.000
  0.017,299.412,  0.000,  0.000
  0.017,299.406,  0.000,  0.000
  0.017,299.402,  0.000,  0.000
  0.017,299.394,  0.000,  0.000
  0.017,299.384,  0.000,  0.000
  0.017,299.368,  0.000,  0.000
  0.017,299.350,  0.000,  0.000
  0.017,299.341,  0.000,  0.000
  0.017,299.338,  0.000,  0.000
  0.017,299.328,  0.000,  0.000
  0.017,299.304,  0.000,  0.000
  0.017,299.287,  0.000,  0.000
  0.017,299.295,  0.000,  0.000
  0.017,299.306,  0.000,  0.000
  0.017,299.311,  0.000,  0.000
  0.017,299.280,  0.000,  0.000
  0.016,299.839,  0.000,  0.000
  0.017,299.792,  0.000,  0.000
  0.017,299.704,  0.000,  0.000
  0.017,299.636,  0.000,  0.000
  0.017,299.613,  0.000,  0.000
  0.017,299.612,  0.000,  0.000
  0.017,299.583,  0.000,  0.000
  0.017,299.511,  0.000,  0.000
  0.017,299.454,  0.000,  0.000
  0.017,299.435,  0.000,  0.000
  0.017,299.427,  0.000,  0.000
  0.017,299.413,  0.000,  0.000
  0.017,299.397,  0.000,  0.000
  0.017,299.385,  0.000,  0.000
  0.017,299.375,  0.000,  0.000
  0.017,299.360,  0.000,  0.000
  0.017,299.346,  0.000,  0.000
  0.017,299.342,  0.000,  0.000
  0.017,299.343,  0.000,  0.000
  0.017,299.334,  0.000,  0.000
  0.017,299.312,  0.000,  0.000
  0.017,299.303,  0.000,  0.000
  0.017,299.314,  0.000,  0.000
  0.017,299.335,  0.000,  0.000
  0.017,299.316,  0.000,  0.000
  0.017,299.805,  0.000,  0.000
  0.017,299.775,  0.000,  0.000
  0.016,299.780,  0.000,  0.000
  0.017,299.722,  0.000,  0.000
  0.017,299.632,  0.000,  0.000
  0.017,299.573,  0.000,  0.000
  0.017,299.556,  0.000,  0.000
  0.017,299.531,  0.000,  0.000
  0.017,299.489,  0.000,  0.000
  0.017,299.453,  0.000,  0.000
  0.017,299.443,  0.000,  0.000
  0.017,299.437,  0.000,  0.000
  0.017,299.419,  0.000,  0.000
  0.017,299.399,  0.000,  0.000
  0.017,299.382,  0.000,  0.000
  0.017,299.373,  0.000,  0.000
  0.017,299.359,  0.000,  0.000
  0.017,299.351,  0.000,  0.000
  0.017,299.354,  0.000,  0.000
  0.017,299.356,  0.000,  0.000
  0.017,299.341,  0.000,  0.000
  0.017,299.318,  0.000,  0.000
  0.017,299.314,  0.000,  0.000
  0.017,299.342,  0.000,  0.000
  0.017,299.343,  0.000,  0.000
  0.017,299.800,  0.000,  0.000
  0.016,299.837,  0.000,  0.000
  0.016,299.863,  0.000,  0.000
  0.017,299.770,  0.000,  0.000
  0.017,299.613,  0.000,  0.000
  0.017,299.541,  0.000,  0.000
  0.017,299.556,  0.000,  0.000
  0.017,299.562,  0.000,  0.000
  0.017,299.534,  0.000,  0.000
  0.017,299.487,  0.000,  0.000
  0.017,299.462,  0.000,  0.000
  0.017,299.451,  0.000,  0.000
  0.017,299.444,  0.000,  0.000
  0.017,299.423,  0.000,  0.000
  0.017,299.398,  0.000,  0.000
  0.017,299.387,  0.000,  0.000
  0.017,299.380,  0.000,  0.000
  0.017,299.368,  0.000,  0.000
  0.017,299.355,  0.000,  0.000
  0.017,299.356,  0.000,  0.000
  0.017,299.361,  0.000,  0.000
  0.017,299.346,  0.000,  0.000
  0.017,299.322,  0.000,  0.000
  0.017,299.330,  0.000,  0.000
  0.017,299.340,  0.000,  0.000
  0.017,299.792,  0.000,  0.000
  0.016,299.837,  0.000,  0.000
  0.016,299.829,  0.000,  0.000
  0.017,299.731,  0.000,  0.000
  0.017,299.614,  0.000,  0.000
  0.017,299.567,  0.000,  0.000
  0.017,299.574,  0.000,  0.000
  0.017,299.575,  0.000,  0.000
  0.017,299.560,  0.000,  0.000
  0.017,299.534,  0.000,  0.000
  0.017,299.504,  0.000,  0.000
  0.017,299.478,  0.000,  0.000
  0.017,299.462,  0.000,  0.000
  0.017,299.449,  0.000,  0.000
  0.017,299.430,  0.000,  0.000
  0.017,299.412,  0.000,  0.000
  0.017,299.407,  0.000,  0.000
  0.017,299.396,  0.000,  0.000
  0.017,299.375,  0.000,  0.000
  0.017,299.359,  0.000,  0.000
  0.017,299.362,  0.000,  0.000
  0.017,299.364,  0.000,  0.000
  0.017,299.350,  0.000,  0.000
  0.017,299.337,  0.000,  0.000
  0.017,299.329,  0.000,  0.000
  0.017,299.783,  0.000,  0.000
  0.017,299.811,  0.000,  0.000
  0.017,299.800,  0.000,  0.000
  0.017,299.721,  0.000,  0.000
  0.017,299.621,  0.000,  0.000
  0.017,299.567,  0.000,  0.000
  0.017,299.561,  0.000,  0.000
  0.017,299.569,  0.000,  0.000
  0.017,299.572,  0.000,  0.000
  0.017,299.568,  0.000,  0.000
  0.017,299.546,  0.000,  0.000
  0.017,299.510,  0.000,  0.000
  0.017,299.480,  0.000,  0.000
  0.017,299.467,  0.000,  0.000
  0.017,299.455,  0.000,  0.000
  0.017,299.434,  0.000,  0.000
  0.017,299.410,  0.000,  0.000
  0.017,299.398,  0.000,  0.000
  0.017,299.386,  0.000,  0.000
  0.017,299.374,  0.000,  0.000
  0.017,299.361,  0.000,  0.000
  0.017,299.362,  0.000,  0.000
  0.017,299.361,  0.000,  0.000
  0.017,299.359,  0.000,  0.000
  0.017,299.344,  0.000,  0.000
  0.017,299.773,  0.000,  0.000
  0.017,299.785,  0.000,  0.000
  0.017,299.789,  0.000,  0.000
  0.017,299.762,  0.000,  0.000
  0.017,299.696,  0.000,  0.000
  0.017,299.608,  0.000,  0.000
  0.017,299.566,  0.000,  0.000
  0.017,299.581,  0.000,  0.000
  0.017,299.595,  0.000,  0.000
  0.017,299.581,  0.000,  0.000
  0.017,299.546,  0.000,  0.000
  0.017,299.508,  0.000,  0.000
  0.017,299.482,  0.000,  0.000
  0.017,299.468,  0.000,  0.000
  0.017,299.460,  0.000,  0.000
  0.017,299.446,  0.000,  0.000
  0.017,299.417,  0.000,  0.000
  0.017,299.394,  0.000,  0.000
  0.017,299.390,  0.000,  0.000
  0.017,299.391,  0.000,  0.000
  0.017,299.386,  0.000,  0.000
  0.017,299.374,  0.000,  0.000
  0.017,299.362,  0.000,  0.000
  0.017,299.356,  0.000,  0.000
  0.017,299.348,  0.000,  0.000
  0.017,299.774,  0.000,  0.000
  0.017,299.780,  0.000,  0.000
  0.017,299.791,  0.000,  0.000
  0.017,299.804,  0.000,  0.000
  0.016,299.795,  0.000,  0.000
  0.017,299.722,  0.000,  0.000
  0.017,299.629,  0.000,  0.000
  0.017,299.601,  0.000,  0.000
  0.017,299.601,  0.000,  0.000
  0.017,299.588,  0.000,  0.000
  0.017,299.565,  0.000,  0.000
  0.017,299.538,  0.000,  0.000
  0.017,299.512,  0.000,  0.000
  0.017,299.495,  0.000,  0.000
  0.017,299.487,  0.000,  0.000
  0.017,299.472,  0.000,  0.000
  0.017,299.445,  0.000,  0.000
  0.017,299.418,  0.000,  0.000
  0.017,299.403,  0.000,  0.000
  0.017,299.404,  0.000,  0.000
  0.017,299.396,  0.000,  0.000
  0.017,299.373,  0.000,  0.000
  0.017,299.356,  0.000,  0.000
  0.017,299.354,  0.000,  0.000
  0.017,299.346,  0.000,  0.000
  0.017,299.783,  0.000,  0.000
  0.017,299.807,  0.000,  0.000
  0.017,299.826,  0.000,  0.000
  0.016,299.829,  0.000,  0.000
  0.016,299.810,  0.000,  0.000
  0.017,299.750,  0.000,  0.000
  0.017,299.665,  0.000,  0.000
  0.017,299.617,  0.000,  0.000
  0.017,299.604,  0.000,  0.000
  0.017,299.600,  0.000,  0.000
  0.017,299.596,  0.000,  0.000
  0.017,299.581,  0.000,  0.000
  0.017,299.553,  0.000,  0.000
  0.017,299.527,  0.000,  0.000
  0.017,299.513,  0.000,  0.000
  0.017,299.511,  0.000,  0.000
  0.017,299.497,  0.000,  0.000
  0.017,299.462,  0.000,  0.000
  0.017,299.422,  0.000,  0.000
  0.017,299.403,  0.000,  0.000
  0.017,299.404,  0.000,  0.000
  0.017,299.407,  0.000,  0.000
  0.017,299.406,  0.000,  0.000
  0.017,299.395,  0.000,  0.000
  0.017,299.372,  0.000,  0.000
  0.017,299.770,  0.000,  0.000
  0.017,299.818,  0.000,  0.000
  0.016,299.855,  0.000,  0.000
  0.016,299.830,  0.000,  0.000
  0.017,299.760,  0.000,  0.000
  0.017,299.696,  0.000,  0.000
  0.017,299.673,  0.000,  0.000
  0.017,299.664,  0.000,  0.000
  0.017,299.629,  0.000,  0.000
  0.017,299.591,  0.000,  0.000
  0.017,299.583,  0.000,  0.000
  0.017,299.598,  0.000,  0.000
  0.017,299.603,  0.000,  0.000
  0.017,299.575,  0.000,  0.000
  0.017,299.534,  0.000,  0.000
  0.017,299.516,  0.000,  0.000
  0.017,299.527,  0.000,  0.000
  0.017,299.518,  0.000,  0.000
  0.017,299.478,  0.000,  0.000
  0.017,299.438,  0.000,  0.000
  0.017,299.426,  0.000,  0.000
  0.017,299.427,  0.000,  0.000
  0.017,299.434,  0.000,  0.000
  0.017,299.436,  0.000,  0.000
  0.017,299.420,  0.000,  0.000
  0.017,299.737,  0.000,  0.000
  0.017,299.774,  0.000,  0.000
  0.016,299.856,  0.000,  0.000
  0.016,299.876,  0.000,  0.000
  0.016,299.809,  0.000,  0.000
  0.017,299.740,  0.000,  0.000
  0.017,299.732,  0.000,  0.000
  0.017,299.735,  0.000,  0.000
  0.017,299.685,  0.000,  0.000
  0.017,299.600,  0.000,  0.000
  0.017,299.559,  0.000,  0.000
  0.017,299.595,  0.000,  0.000
  0.017,299.629,  0.000,  0.000
  0.017,299.616,  0.000,  0.000
  0.017,299.567,  0.000,  0.000
  0.017,299.523,  0.000,  0.000
  0.017,299.515,  0.000,  0.000
  0.017,299.526,  0.000,  0.000
  0.017,299.515,  0.000,  0.000
  0.017,299.478,  0.000,  0.000
  0.017,299.445,  0.000,  0.000
  0.017,299.435,  0.000,  0.000
  0.017,299.436,  0.000,  0.000
  0.017,299.443,  0.000,  0.000
  0.017,299.449,  0.000,  0.000
  0.017,299.741,  0.000,  0.000
  0.017,299.737,  0.000,  0.000
  0.016,299.806,  0.000,  0.000
  0.016,299.859,  0.000,  0.000
  0.017,299.821,  0.000,  0.000
  0.017,299.731,  0.000,  0.000
  0.017,299.693,  0.000,  0.000
  0.017,299.716,  0.000,  0.000
  0.017,299.715,  0.000,  0.000
  0.017,299.649,  0.000,  0.000
  0.017,299.578,  0.000,  0.000
  0.017,299.566,  0.000,  0.000
  0.017,299.591,  0.000,  0.000
  0.017,299.615,  0.000,  0.000
  0.017,299.621,  0.000,  0.000
  0.017,299.591,  0.000,  0.000
  0.017,299.540,  0.000,  0.000
  0.017,299.511,  0.000,  0.000
  0.017,299.518,  0.000,  0.000
  0.017,299.518,  0.000,  0.000
  0.017,299.485,  0.000,  0.000
  0.017,299.450,  0.000,  0.000
  0.017,299.439,  0.000,  0.000
  0.017,299.441,  0.000,  0.000
  0.017,299.444,  0.000,  0.000
  0.017,299.751,  0.000,  0.000
  0.017,299.750,  0.000,  0.000
  0.017,299.764,  0.000,  0.000
  0.017,299.772,  0.000,  0.000
  0.017,299.756,  0.000,  0.000
  0.017,299.728,  0.000,  0.000
  0.017,299.701,  0.000,  0.000
  0.017,299.673,  0.000,  0.000
  0.017,299.637,  0.000,  0.000
  0.017,299.604,  0.000,  0.000
  0.017,299.593,  0.000,  0.000
  0.017,299.591,  0.000,  0.000
  0.017,299.585,  0.000,  0.000
  0.017,299.585,  0.000,  0.000
  0.017,299.600,  0.000,  0.000
  0.017,299.613,  0.000,  0.000
  0.017,299.593,  0.000,  0.000
  0.017,299.544,  0.000,  0.000
  0.017,299.515,  0.000,  0.000
  0.017,299.519,  0.000,  0.000
  0.017,299.520,  0.000,  0.000
  0.017,299.489,  0.000,  0.000
  0.017,299.450,  0.000,  0.000
  0.017,299.437,  0.000,  0.000
  0.017,299.434,  0.000,  0.000
  0.017,299.753,  0.000,  0.000
  0.017,299.756,  0.000,  0.000
  0.017,299.772,  0.000,  0.000
  0.017,299.782,  0.000,  0.000
  0.017,299.766,  0.000,  0.000
  0.017,299.738,  0.000,  0.000
  0.017,299.707,  0.000,  0.000
  0.017,299.676,  0.000,  0.000
  0.017,299.649,  0.000,  0.000
  0.017,299.625,  0.000,  0.000
  0.017,299.611,  0.000,  0.000
  0.017,299.604,  0.000,  0.000
  0.017,299.600,  0.000,  0.000
  0.017,299.584,  0.000,  0.000
  0.017,299.563,  0.000,  0.000
  0.017,299.573,  0.000,  0.000
  0.017,299.599,  0.000,  0.000
  0.017,299.595,  0.000,  0.000
  0.017,299.547,  0.000,  0.000
  0.017,299.507,  0.000,  0.000
  0.017,299.504,  0.000,  0.000
  0.017,299.509,  0.000,  0.000
  0.017,299.486,  0.000,  0.000
  0.017,299.447,  0.000,  0.000
  0.017,299.427,  0.000,  0.000
