  0.021,302.988,  0.000,  0.000
  0.021,302.993,  0.000,  0.000
  0.021,302.999,  0.000,  0.000
  0.021,303.005,  0.000,  0.000
  0.021,303.012,  0.000,  0.000
  0.021,303.020,  0.000,  0.000
  0.020,303.030,  0.000,  0.000
  0.020,303.042,  0.000,  0.000
  0.020,303.053,  0.000,  0.000
  0.020,303.059,  0.000,  0.000
  0.020,303.064,  0.000,  0.000
  0.020,303.069,  0.000,  0.000
  0.020,303.075,  0.000,  0.000
  0.020,303.081,  0.000,  0.000
  0.020,303.087,  0.000,  0.000
  0.020,303.094,  0.000,  0.000
  0.020,303.101,  0.000,  0.000
  0.020,303.109,  0.000,  0.000
  0.020,303.119,  0.000,  0.000
  0.020,303.128,  0.000,  0.000
  0.020,303.137,  0.000,  0.000
  0.020,303.148,  0.000,  0.000
  0.020,303.159,  0.000,  0.000
  0.020,303.174,  0.000,  0.000
  0.020,303.186,  0.000,  0.000
  0.021,302.985,  0.000,  0.000
  0.021,302.991,  0.000,  0.000
  0.021,302.996,  0.000,  0.000
  0.021,303.001,  0.000,  0.000
  0.021,303.008,  0.000,  0.000
  0.021,303.017,  0.000,  0.000
  0.021,303.028,  0.000,  0.000
  0.020,303.037,  0.000,  0.000
  0.020,303.044,  0.000,  0.000
  0.020,303.049,  0.000,  0.000
  0.020,303.054,  0.000,  0.000
  0.020,303.060,  0.000,  0.000
  0.020,303.066,  0.000,  0.000
  0.020,303.072,  0.000,  0.000
  0.020,303.079,  0.000,  0.000
  0.020,303.086,  0.000,  0.000
  0.020,303.094,  0.000,  0.000
  0.020,303.102,  0.000,  0.000
  0.021,303.112,  0.000,  0.000
  0.021,303.121,  0.000,  0.000
  0.021,303.131,  0.000,  0.000
  0.021,303.141,  0.000,  0.000
  0.021,303.152,  0.000,  0.000
  0.021,303.168,  0.000,  0.000
  0.021,303.179,  0.000,  0.000
  0.021,302.980,  0.000,  0.000
  0.021,302.986,  0.000,  0.000
  0.021,302.993,  0.000,  0.000
  0.021,303.002,  0.000,  0.000
  0.021,303.009,  0.000,  0.000
  0.021,303.015,  0.000,  0.000
  0.021,303.022,  0.000,  0.000
  0.021,303.029,  0.000,  0.000
  0.021,303.034,  0.000,  0.000
  0.021,303.040,  0.000,  0.000
  0.021,303.046,  0.000,  0.000
  0.021,303.051,  0.000,  0.000
  0.021,303.058,  0.000,  0.000
  0.021,303.064,  0.000,  0.000
  0.021,303.071,  0.000,  0.000
  0.021,303.078,  0.000,  0.000
  0.021,303.086,  0.000,  0.000
  0.021,303.094,  0.000,  0.000
  0.021,303.104,  0.000,  0.000
  0.021,303.114,  0.000,  0.000
  0.021,303.123,  0.000,  0.000
  0.021,303.134,  0.000,  0.000
  0.021,303.145,  0.000,  0.000
  0.021,303.161,  0.000,  0.000
  0.021,303.172,  0.000,  0.000
  0.021,302.982,  0.000,  0.000
  0.021,302.987,  0.000,  0.000
  0.021,302.993,  0.000,  0.000
  0.021,303.000,  0.000,  0.000
  0.021,303.007,  0.000,  0.000
  0.021,303.011,  0.000,  0.000
  0.021,303.016,  0.000,  0.000
  0.021,303.021,  0.000,  0.000
  0.021,303.026,  0.000,  0.000
  0.021,303.031,  0.000,  0.000
  0.021,303.037,  0.000,  0.000
  0.021,303.043,  0.000,  0.000
  0.021,303.049,  0.000,  0.000
  0.021,303.056,  0.000,  0.000
  0.021,303.063,  0.000,  0.000
  0.021,303.070,  0.000,  0.000
  0.021,303.079,  0.000,  0.000
  0.021,303.087,  0.000,  0.000
  0.021,303.097,  0.000,  0.000
  0.021,303.106,  0.000,  0.000
  0.021,303.116,  0.000,  0.000
  0.021,303.127,  0.000,  0.000
  0.021,303.137,  0.000,  0.000
  0.021,303.153,  0.000,  0.000
  0.021,303.164,  0.000,  0.000
  0.021,302.986,  0.000,  0.000
  0.021,302.989,  0.000,  0.000
  0.021,302.992,  0.000,  0.000
  0.021,302.996,  0.000,  0.000
  0.021,303.000,  0.000,  0.000
  0.021,303.003,  0.000,  0.000
  0.021,303.007,  0.000,  0.000
  0.021,303.012,  0.000,  0.000
  0.021,303.017,  0.000,  0.000
  0.021,303.023,  0.000,  0.000
  0.021,303.028,  0.000,  0.000
  0.021,303.035,  0.000,  0.000
  0.021,303.041,  0.000,  0.000
  0.021,303.048,  0.000,  0.000
  0.021,303.056,  0.000,  0.000
  0.021,303.063,  0.000,  0.000
  0.021,303.072,  0.000,  0.000
  0.021,303.080,  0.000,  0.000
  0.021,303.089,  0.000,  0.000
  0.021,303.099,  0.000,  0.000
  0.021,303.109,  0.000,  0.000
  0.021,303.119,  0.000,  0.000
  0.021,303.130,  0.000,  0.000
  0.021,303.146,  0.000,  0.000
  0.021,303.156,  0.000,  0.000
  0.021,302.982,  0.000,  0.000
  0.021,302.984,  0.000,  0.000
  0.021,302.986,  0.000,  0.000
  0.021,302.988,  0.000,  0.000
  0.021,302.991,  0.000,  0.000
  0.021,302.994,  0.000,  0.000
  0.021,302.998,  0.000,  0.000
  0.021,303.003,  0.000,  0.000
  0.021,303.008,  0.000,  0.000
  0.021,303.014,  0.000,  0.000
  0.021,303.020,  0.000,  0.000
  0.021,303.026,  0.000,  0.000
  0.021,303.033,  0.000,  0.000
  0.021,303.041,  0.000,  0.000
  0.021,303.048,  0.000,  0.000
  0.021,303.056,  0.000,  0.000
  0.021,303.064,  0.000,  0.000
  0.021,303.073,  0.000,  0.000
  0.021,303.082,  0.000,  0.000
  0.021,303.091,  0.000,  0.000
  0.021,303.102,  0.000,  0.000
  0.021,303.112,  0.000,  0.000
  0.021,303.123,  0.000,  0.000
  0.021,303.138,  0.000,  0.000
  0.021,303.148,  0.000,  0.000
  0.021,302.974,  0.000,  0.000
  0.021,302.975,  0.000,  0.000
  0.021,302.977,  0.000,  0.000
  0.021,302.979,  0.000,  0.000
  0.021,302.982,  0.000,  0.000
  0.021,302.985,  0.000,  0.000
  0.021,302.989,  0.000,  0.000
  0.021,302.994,  0.000,  0.000
  0.021,302.999,  0.000,  0.000
  0.021,303.005,  0.000,  0.000
  0.021,303.012,  0.000,  0.000
  0.021,303.018,  0.000,  0.000
  0.021,303.026,  0.000,  0.000
  0.021,303.033,  0.000,  0.000
  0.021,303.041,  0.000,  0.000
  0.021,303.049,  0.000,  0.000
  0.021,303.058,  0.000,  0.000
  0.021,303.066,  0.000,  0.000
  0.021,303.075,  0.000,  0.000
  0.021,303.084,  0.000,  0.000
  0.021,303.094,  0.000,  0.000
  0.021,303.104,  0.000,  0.000
  0.021,303.115,  0.000,  0.000
  0.021,303.130,  0.000,  0.000
  0.021,303.138,  0.000,  0.000
  0.021,302.964,  0.000,  0.000
  0.021,302.965,  0.000,  0.000
  0.021,302.967,  0.000,  0.000
  0.021,302.969,  0.000,  0.000
  0.021,302.972,  0.000,  0.000
  0.021,302.976,  0.000,  0.000
  0.021,302.980,  0.000,  0.000
  0.021,302.985,  0.000,  0.000
  0.021,302.991,  0.000,  0.000
  0.021,302.997,  0.000,  0.000
  0.021,303.004,  0.000,  0.000
  0.021,303.011,  0.000,  0.000
  0.021,303.018,  0.000,  0.000
  0.021,303.026,  0.000,  0.000
  0.021,303.034,  0.000,  0.000
  0.021,303.042,  0.000,  0.000
  0.021,303.051,  0.000,  0.000
  0.021,303.059,  0.000,  0.000
  0.021,303.068,  0.000,  0.000
  0.021,303.077,  0.000,  0.000
  0.021,303.086,  0.000,  0.000
  0.021,303.096,  0.000,  0.000
  0.021,303.106,  0.000,  0.000
  0.021,303.119,  0.000,  0.000
  0.021,303.125,  0.000,  0.000
  0.021,302.955,  0.000,  0.000
  0.021,302.956,  0.000,  0.000
  0.021,302.957,  0.000,  0.000
  0.021,302.960,  0.000,  0.000
  0.021,302.963,  0.000,  0.000
  0.021,302.967,  0.000,  0.000
  0.021,302.971,  0.000,  0.000
  0.021,302.977,  0.000,  0.000
  0.021,302.983,  0.000,  0.000
  0.021,302.990,  0.000,  0.000
  0.021,302.997,  0.000,  0.000
  0.021,303.004,  0.000,  0.000
  0.021,303.011,  0.000,  0.000
  0.021,303.019,  0.000,  0.000
  0.021,303.027,  0.000,  0.000
  0.021,303.036,  0.000,  0.000
  0.021,303.044,  0.000,  0.000
  0.021,303.052,  0.000,  0.000
  0.021,303.061,  0.000,  0.000
  0.021,303.070,  0.000,  0.000
  0.021,303.079,  0.000,  0.000
  0.021,303.088,  0.000,  0.000
  0.021,303.098,  0.000,  0.000
  0.021,303.108,  0.000,  0.000
  0.021,303.114,  0.000,  0.000
  0.021,302.944,  0.000,  0.000
  0.021,302.946,  0.000,  0.000
  0.021,302.948,  0.000,  0.000
  0.021,302.950,  0.000,  0.000
  0.021,302.954,  0.000,  0.000
  0.021,302.958,  0.000,  0.000
  0.021,302.963,  0.000,  0.000
  0.021,302.969,  0.000,  0.000
  0.021,302.975,  0.000,  0.000
  0.021,302.981,  0.000,  0.000
  0.021,302.988,  0.000,  0.000
  0.021,302.996,  0.000,  0.000
  0.021,303.004,  0.000,  0.000
  0.021,303.012,  0.000,  0.000
  0.021,303.020,  0.000,  0.000
  0.021,303.028,  0.000,  0.000
  0.021,303.037,  0.000,  0.000
  0.021,303.046,  0.000,  0.000
  0.021,303.055,  0.000,  0.000
  0.021,303.063,  0.000,  0.000
  0.021,303.071,  0.000,  0.000
  0.021,303.080,  0.000,  0.000
  0.021,303.089,  0.000,  0.000
  0.021,303.098,  0.000,  0.000
  0.021,303.103,  0.000,  0.000
  0.021,302.934,  0.000,  0.000
  0.021,302.935,  0.000,  0.000
  0.021,302.937,  0.000,  0.000
  0.021,302.939,  0.000,  0.000
  0.021,302.944,  0.000,  0.000
  0.021,302.948,  0.000,  0.000
  0.021,302.954,  0.000,  0.000
  0.021,302.959,  0.000,  0.000
  0.021,302.966,  0.000,  0.000
  0.021,302.973,  0.000,  0.000
  0.021,302.981,  0.000,  0.000
  0.021,302.989,  0.000,  0.000
  0.021,302.997,  0.000,  0.000
  0.021,303.006,  0.000,  0.000
  0.021,303.015,  0.000,  0.000
  0.021,303.023,  0.000,  0.000
  0.021,303.032,  0.000,  0.000
  0.021,303.041,  0.000,  0.000
  0.021,303.049,  0.000,  0.000
  0.021,303.058,  0.000,  0.000
  0.021,303.066,  0.000,  0.000
  0.021,303.073,  0.000,  0.000
  0.021,303.080,  0.000,  0.000
  0.021,303.087,  0.000,  0.000
  0.021,303.093,  0.000,  0.000
  0.021,302.921,  0.000,  0.000
  0.021,302.922,  0.000,  0.000
  0.021,302.925,  0.000,  0.000
  0.021,302.928,  0.000,  0.000
  0.021,302.932,  0.000,  0.000
  0.021,302.936,  0.000,  0.000
  0.021,302.942,  0.000,  0.000
  0.021,302.948,  0.000,  0.000
  0.021,302.955,  0.000,  0.000
  0.021,302.962,  0.000,  0.000
  0.021,302.970,  0.000,  0.000
  0.021,302.978,  0.000,  0.000
  0.021,302.987,  0.000,  0.000
  0.021,302.996,  0.000,  0.000
  0.021,303.005,  0.000,  0.000
  0.021,303.014,  0.000,  0.000
  0.021,303.022,  0.000,  0.000
  0.021,303.031,  0.000,  0.000
  0.021,303.039,  0.000,  0.000
  0.021,303.046,  0.000,  0.000
  0.021,303.053,  0.000,  0.000
  0.021,303.061,  0.000,  0.000
  0.021,303.068,  0.000,  0.000
  0.021,303.075,  0.000,  0.000
  0.021,303.081,  0.000,  0.000
  0.021,302.908,  0.000,  0.000
  0.021,302.910,  0.000,  0.000
  0.021,302.912,  0.000,  0.000
  0.021,302.915,  0.000,  0.000
  0.021,302.919,  0.000,  0.000
  0.021,302.924,  0.000,  0.000
  0.021,302.930,  0.000,  0.000
  0.021,302.936,  0.000,  0.000
  0.021,302.943,  0.000,  0.000
  0.021,302.951,  0.000,  0.000
  0.021,302.959,  0.000,  0.000
  0.021,302.967,  0.000,  0.000
  0.021,302.976,  0.000,  0.000
  0.021,302.985,  0.000,  0.000
  0.021,302.994,  0.000,  0.000
  0.021,303.003,  0.000,  0.000
  0.021,303.011,  0.000,  0.000
  0.021,303.019,  0.000,  0.000
  0.021,303.027,  0.000,  0.000
  0.021,303.034,  0.000,  0.000
  0.021,303.041,  0.000,  0.000
  0.021,303.048,  0.000,  0.000
  0.021,303.055,  0.000,  0.000
  0.021,303.062,  0.000,  0.000
  0.021,303.068,  0.000,  0.000
  0.021,302.895,  0.000,  0.000
  0.021,302.897,  0.000,  0.000
  0.021,302.899,  0.000,  0.000
  0.021,302.902,  0.000,  0.000
  0.021,302.906,  0.000,  0.000
  0.021,302.911,  0.000,  0.000
  0.021,302.917,  0.000,  0.000
  0.021,302.924,  0.000,  0.000
  0.021,302.931,  0.000,  0.000
  0.021,302.939,  0.000,  0.000
  0.021,302.947,  0.000,  0.000
  0.021,302.956,  0.000,  0.000
  0.021,302.965,  0.000,  0.000
  0.021,302.974,  0.000,  0.000
  0.021,302.982,  0.000,  0.000
  0.021,302.991,  0.000,  0.000
  0.021,302.999,  0.000,  0.000
  0.021,303.007,  0.000,  0.000
  0.021,303.015,  0.000,  0.000
  0.021,303.022,  0.000,  0.000
  0.021,303.029,  0.000,  0.000
  0.021,303.035,  0.000,  0.000
  0.021,303.042,  0.000,  0.000
  0.021,303.049,  0.000,  0.000
  0.021,303.055,  0.000,  0.000
  0.021,302.882,  0.000,  0.000
  0.021,302.883,  0.000,  0.000
  0.021,302.885,  0.000,  0.000
  0.021,302.889,  0.000,  0.000
  0.021,302.893,  0.000,  0.000
  0.021,302.898,  0.000,  0.000
  0.021,302.904,  0.000,  0.000
  0.021,302.911,  0.000,  0.000
  0.021,302.918,  0.000,  0.000
  0.021,302.926,  0.000,  0.000
  0.021,302.935,  0.000,  0.000
  0.021,302.944,  0.000,  0.000
  0.021,302.953,  0.000,  0.000
  0.021,302.961,  0.000,  0.000
  0.021,302.970,  0.000,  0.000
  0.021,302.978,  0.000,  0.000
  0.021,302.986,  0.000,  0.000
  0.021,302.994,  0.000,  0.000
  0.021,303.001,  0.000,  0.000
  0.021,303.009,  0.000,  0.000
  0.021,303.016,  0.000,  0.000
  0.021,303.023,  0.000,  0.000
  0.021,303.029,  0.000,  0.000
  0.021,303.035,  0.000,  0.000
  0.021,303.041,  0.000,  0.000
