  0.017,298.597,  0.000,  0.000
  0.017,298.626,  0.000,  0.000
  0.017,298.656,  0.000,  0.000
  0.016,298.674,  0.000,  0.000
  0.016,298.684,  0.000,  0.000
  0.016,298.682,  0.000,  0.000
  0.016,298.661,  0.000,  0.000
  0.016,298.630,  0.000,  0.000
  0.016,298.602,  0.000,  0.000
  0.016,298.580,  0.000,  0.000
  0.016,298.563,  0.000,  0.000
  0.016,298.551,  0.000,  0.000
  0.016,298.528,  0.000,  0.000
  0.016,298.483,  0.000,  0.000
  0.016,298.434,  0.000,  0.000
  0.016,298.401,  0.000,  0.000
  0.016,298.392,  0.000,  0.000
  0.016,298.380,  0.000,  0.000
  0.016,298.344,  0.000,  0.000
  0.016,298.300,  0.000,  0.000
  0.016,298.271,  0.000,  0.000
  0.016,298.259,  0.000,  0.000
  0.016,298.251,  0.000,  0.000
  0.016,298.262,  0.000,  0.000
  0.016,298.255,  0.000,  0.000
  0.016,298.766,  0.000,  0.000
  0.016,298.816,  0.000,  0.000
  0.016,298.833,  0.000,  0.000
  0.016,298.795,  0.000,  0.000
  0.016,298.769,  0.000,  0.000
  0.016,298.726,  0.000,  0.000
  0.016,298.676,  0.000,  0.000
  0.016,298.644,  0.000,  0.000
  0.016,298.618,  0.000,  0.000
  0.016,298.586,  0.000,  0.000
  0.016,298.567,  0.000,  0.000
  0.016,298.564,  0.000,  0.000
  0.016,298.561,  0.000,  0.000
  0.016,298.541,  0.000,  0.000
  0.016,298.490,  0.000,  0.000
  0.016,298.432,  0.000,  0.000
  0.016,298.398,  0.000,  0.000
  0.016,298.389,  0.000,  0.000
  0.016,298.373,  0.000,  0.000
  0.016,298.336,  0.000,  0.000
  0.016,298.301,  0.000,  0.000
  0.016,298.285,  0.000,  0.000
  0.016,298.284,  0.000,  0.000
  0.016,298.302,  0.000,  0.000
  0.016,298.294,  0.000,  0.000
  0.016,298.848,  0.000,  0.000
  0.016,298.890,  0.000,  0.000
  0.016,298.879,  0.000,  0.000
  0.016,298.817,  0.000,  0.000
  0.016,298.776,  0.000,  0.000
  0.016,298.727,  0.000,  0.000
  0.016,298.679,  0.000,  0.000
  0.016,298.658,  0.000,  0.000
  0.016,298.636,  0.000,  0.000
  0.016,298.599,  0.000,  0.000
  0.016,298.572,  0.000,  0.000
  0.016,298.566,  0.000,  0.000
  0.016,298.568,  0.000,  0.000
  0.016,298.564,  0.000,  0.000
  0.016,298.533,  0.000,  0.000
  0.016,298.473,  0.000,  0.000
  0.016,298.418,  0.000,  0.000
  0.016,298.394,  0.000,  0.000
  0.016,298.388,  0.000,  0.000
  0.016,298.370,  0.000,  0.000
  0.016,298.337,  0.000,  0.000
  0.016,298.315,  0.000,  0.000
  0.016,298.313,  0.000,  0.000
  0.016,298.335,  0.000,  0.000
  0.016,298.331,  0.000,  0.000
  0.016,298.879,  0.000,  0.000
  0.016,298.908,  0.000,  0.000
  0.016,298.867,  0.000,  0.000
  0.016,298.817,  0.000,  0.000
  0.016,298.775,  0.000,  0.000
  0.016,298.718,  0.000,  0.000
  0.016,298.675,  0.000,  0.000
  0.016,298.659,  0.000,  0.000
  0.016,298.646,  0.000,  0.000
  0.016,298.624,  0.000,  0.000
  0.016,298.599,  0.000,  0.000
  0.016,298.580,  0.000,  0.000
  0.016,298.567,  0.000,  0.000
  0.016,298.561,  0.000,  0.000
  0.016,298.547,  0.000,  0.000
  0.016,298.507,  0.000,  0.000
  0.016,298.452,  0.000,  0.000
  0.016,298.413,  0.000,  0.000
  0.016,298.402,  0.000,  0.000
  0.016,298.396,  0.000,  0.000
  0.016,298.376,  0.000,  0.000
  0.016,298.350,  0.000,  0.000
  0.016,298.339,  0.000,  0.000
  0.016,298.356,  0.000,  0.000
  0.016,298.354,  0.000,  0.000
  0.016,298.933,  0.000,  0.000
  0.016,298.918,  0.000,  0.000
  0.016,298.872,  0.000,  0.000
  0.016,298.837,  0.000,  0.000
  0.016,298.791,  0.000,  0.000
  0.016,298.734,  0.000,  0.000
  0.016,298.690,  0.000,  0.000
  0.016,298.668,  0.000,  0.000
  0.016,298.657,  0.000,  0.000
  0.016,298.646,  0.000,  0.000
  0.016,298.628,  0.000,  0.000
  0.016,298.604,  0.000,  0.000
  0.016,298.578,  0.000,  0.000
  0.016,298.557,  0.000,  0.000
  0.016,298.545,  0.000,  0.000
  0.016,298.522,  0.000,  0.000
  0.016,298.481,  0.000,  0.000
  0.016,298.440,  0.000,  0.000
  0.016,298.423,  0.000,  0.000
  0.016,298.422,  0.000,  0.000
  0.016,298.412,  0.000,  0.000
  0.016,298.387,  0.000,  0.000
  0.016,298.366,  0.000,  0.000
  0.016,298.372,  0.000,  0.000
  0.016,298.369,  0.000,  0.000
  0.016,298.983,  0.000,  0.000
  0.016,298.949,  0.000,  0.000
  0.016,298.897,  0.000,  0.000
  0.016,298.864,  0.000,  0.000
  0.016,298.817,  0.000,  0.000
  0.016,298.770,  0.000,  0.000
  0.016,298.731,  0.000,  0.000
  0.016,298.695,  0.000,  0.000
  0.016,298.671,  0.000,  0.000
  0.016,298.656,  0.000,  0.000
  0.016,298.643,  0.000,  0.000
  0.016,298.626,  0.000,  0.000
  0.016,298.596,  0.000,  0.000
  0.016,298.567,  0.000,  0.000
  0.016,298.545,  0.000,  0.000
  0.016,298.526,  0.000,  0.000
  0.016,298.499,  0.000,  0.000
  0.016,298.466,  0.000,  0.000
  0.016,298.446,  0.000,  0.000
  0.016,298.445,  0.000,  0.000
  0.016,298.442,  0.000,  0.000
  0.016,298.422,  0.000,  0.000
  0.016,298.397,  0.000,  0.000
  0.016,298.393,  0.000,  0.000
  0.016,298.386,  0.000,  0.000
  0.016,299.004,  0.000,  0.000
  0.016,298.957,  0.000,  0.000
  0.016,298.918,  0.000,  0.000
  0.016,298.890,  0.000,  0.000
  0.016,298.843,  0.000,  0.000
  0.016,298.807,  0.000,  0.000
  0.016,298.776,  0.000,  0.000
  0.016,298.736,  0.000,  0.000
  0.016,298.694,  0.000,  0.000
  0.016,298.668,  0.000,  0.000
  0.016,298.654,  0.000,  0.000
  0.016,298.639,  0.000,  0.000
  0.016,298.613,  0.000,  0.000
  0.016,298.581,  0.000,  0.000
  0.016,298.552,  0.000,  0.000
  0.016,298.532,  0.000,  0.000
  0.016,298.515,  0.000,  0.000
  0.016,298.491,  0.000,  0.000
  0.016,298.468,  0.000,  0.000
  0.016,298.460,  0.000,  0.000
  0.016,298.460,  0.000,  0.000
  0.016,298.450,  0.000,  0.000
  0.016,298.429,  0.000,  0.000
  0.016,298.420,  0.000,  0.000
  0.016,298.409,  0.000,  0.000
  0.016,299.021,  0.000,  0.000
  0.016,298.968,  0.000,  0.000
  0.016,298.939,  0.000,  0.000
  0.016,298.914,  0.000,  0.000
  0.016,298.872,  0.000,  0.000
  0.016,298.841,  0.000,  0.000
  0.016,298.809,  0.000,  0.000
  0.016,298.765,  0.000,  0.000
  0.016,298.723,  0.000,  0.000
  0.016,298.689,  0.000,  0.000
  0.016,298.665,  0.000,  0.000
  0.016,298.645,  0.000,  0.000
  0.016,298.624,  0.000,  0.000
  0.016,298.594,  0.000,  0.000
  0.016,298.566,  0.000,  0.000
  0.016,298.546,  0.000,  0.000
  0.016,298.533,  0.000,  0.000
  0.016,298.516,  0.000,  0.000
  0.016,298.492,  0.000,  0.000
  0.016,298.474,  0.000,  0.000
  0.016,298.469,  0.000,  0.000
  0.016,298.467,  0.000,  0.000
  0.016,298.459,  0.000,  0.000
  0.016,298.450,  0.000,  0.000
  0.016,298.438,  0.000,  0.000
  0.016,299.037,  0.000,  0.000
  0.016,298.987,  0.000,  0.000
  0.016,298.955,  0.000,  0.000
  0.016,298.926,  0.000,  0.000
  0.016,298.893,  0.000,  0.000
  0.016,298.861,  0.000,  0.000
  0.016,298.824,  0.000,  0.000
  0.016,298.781,  0.000,  0.000
  0.016,298.744,  0.000,  0.000
  0.016,298.711,  0.000,  0.000
  0.016,298.680,  0.000,  0.000
  0.016,298.655,  0.000,  0.000
  0.016,298.634,  0.000,  0.000
  0.016,298.610,  0.000,  0.000
  0.016,298.584,  0.000,  0.000
  0.016,298.564,  0.000,  0.000
  0.016,298.553,  0.000,  0.000
  0.016,298.541,  0.000,  0.000
  0.016,298.519,  0.000,  0.000
  0.016,298.495,  0.000,  0.000
  0.016,298.481,  0.000,  0.000
  0.016,298.477,  0.000,  0.000
  0.016,298.479,  0.000,  0.000
  0.016,298.482,  0.000,  0.000
  0.016,298.476,  0.000,  0.000
  0.016,299.046,  0.000,  0.000
  0.016,298.996,  0.000,  0.000
  0.016,298.962,  0.000,  0.000
  0.016,298.929,  0.000,  0.000
  0.016,298.898,  0.000,  0.000
  0.016,298.868,  0.000,  0.000
  0.016,298.829,  0.000,  0.000
  0.016,298.791,  0.000,  0.000
  0.016,298.760,  0.000,  0.000
  0.016,298.727,  0.000,  0.000
  0.016,298.693,  0.000,  0.000
  0.016,298.667,  0.000,  0.000
  0.016,298.648,  0.000,  0.000
  0.016,298.630,  0.000,  0.000
  0.016,298.606,  0.000,  0.000
  0.016,298.586,  0.000,  0.000
  0.016,298.573,  0.000,  0.000
  0.016,298.564,  0.000,  0.000
  0.016,298.549,  0.000,  0.000
  0.016,298.527,  0.000,  0.000
  0.016,298.508,  0.000,  0.000
  0.016,298.497,  0.000,  0.000
  0.016,298.495,  0.000,  0.000
  0.016,298.499,  0.000,  0.000
  0.016,298.500,  0.000,  0.000
  0.016,299.036,  0.000,  0.000
  0.016,298.994,  0.000,  0.000
  0.016,298.967,  0.000,  0.000
  0.016,298.935,  0.000,  0.000
  0.016,298.906,  0.000,  0.000
  0.016,298.875,  0.000,  0.000
  0.016,298.837,  0.000,  0.000
  0.016,298.800,  0.000,  0.000
  0.016,298.769,  0.000,  0.000
  0.016,298.739,  0.000,  0.000
  0.016,298.710,  0.000,  0.000
  0.016,298.685,  0.000,  0.000
  0.016,298.666,  0.000,  0.000
  0.016,298.651,  0.000,  0.000
  0.016,298.631,  0.000,  0.000
  0.016,298.608,  0.000,  0.000
  0.016,298.590,  0.000,  0.000
  0.016,298.579,  0.000,  0.000
  0.016,298.569,  0.000,  0.000
  0.016,298.552,  0.000,  0.000
  0.016,298.532,  0.000,  0.000
  0.016,298.518,  0.000,  0.000
  0.016,298.512,  0.000,  0.000
  0.016,298.512,  0.000,  0.000
  0.016,298.512,  0.000,  0.000
  0.016,299.028,  0.000,  0.000
  0.016,298.997,  0.000,  0.000
  0.016,298.975,  0.000,  0.000
  0.016,298.941,  0.000,  0.000
  0.016,298.914,  0.000,  0.000
  0.016,298.884,  0.000,  0.000
  0.016,298.848,  0.000,  0.000
  0.016,298.815,  0.000,  0.000
  0.016,298.783,  0.000,  0.000
  0.016,298.753,  0.000,  0.000
  0.016,298.726,  0.000,  0.000
  0.016,298.703,  0.000,  0.000
  0.016,298.684,  0.000,  0.000
  0.016,298.667,  0.000,  0.000
  0.016,298.651,  0.000,  0.000
  0.016,298.636,  0.000,  0.000
  0.016,298.621,  0.000,  0.000
  0.016,298.607,  0.000,  0.000
  0.016,298.596,  0.000,  0.000
  0.016,298.584,  0.000,  0.000
  0.016,298.570,  0.000,  0.000
  0.016,298.553,  0.000,  0.000
  0.016,298.534,  0.000,  0.000
  0.016,298.519,  0.000,  0.000
  0.016,298.513,  0.000,  0.000
  0.016,299.033,  0.000,  0.000
  0.016,299.009,  0.000,  0.000
  0.016,298.979,  0.000,  0.000
  0.016,298.945,  0.000,  0.000
  0.016,298.916,  0.000,  0.000
  0.016,298.886,  0.000,  0.000
  0.016,298.854,  0.000,  0.000
  0.016,298.825,  0.000,  0.000
  0.016,298.796,  0.000,  0.000
  0.016,298.765,  0.000,  0.000
  0.016,298.738,  0.000,  0.000
  0.016,298.716,  0.000,  0.000
  0.016,298.700,  0.000,  0.000
  0.016,298.688,  0.000,  0.000
  0.016,298.677,  0.000,  0.000
  0.016,298.666,  0.000,  0.000
  0.016,298.655,  0.000,  0.000
  0.016,298.643,  0.000,  0.000
  0.016,298.631,  0.000,  0.000
  0.016,298.621,  0.000,  0.000
  0.016,298.613,  0.000,  0.000
  0.016,298.599,  0.000,  0.000
  0.016,298.577,  0.000,  0.000
  0.016,298.554,  0.000,  0.000
  0.016,298.540,  0.000,  0.000
  0.016,299.050,  0.000,  0.000
  0.016,299.022,  0.000,  0.000
  0.016,298.985,  0.000,  0.000
  0.016,298.953,  0.000,  0.000
  0.016,298.923,  0.000,  0.000
  0.016,298.893,  0.000,  0.000
  0.016,298.863,  0.000,  0.000
  0.016,298.835,  0.000,  0.000
  0.016,298.808,  0.000,  0.000
  0.016,298.783,  0.000,  0.000
  0.016,298.758,  0.000,  0.000
  0.016,298.735,  0.000,  0.000
  0.016,298.718,  0.000,  0.000
  0.016,298.706,  0.000,  0.000
  0.016,298.699,  0.000,  0.000
  0.016,298.692,  0.000,  0.000
  0.016,298.682,  0.000,  0.000
  0.016,298.671,  0.000,  0.000
  0.016,298.659,  0.000,  0.000
  0.016,298.648,  0.000,  0.000
  0.016,298.640,  0.000,  0.000
  0.016,298.631,  0.000,  0.000
  0.016,298.618,  0.000,  0.000
  0.016,298.602,  0.000,  0.010
  0.016,298.588,  0.000,  0.010
  0.016,299.062,  0.000,  0.000
  0.016,299.026,  0.000,  0.000
  0.016,298.990,  0.000,  0.000
  0.016,298.962,  0.000,  0.000
  0.016,298.934,  0.000,  0.000
  0.016,298.907,  0.000,  0.000
  0.016,298.880,  0.000,  0.000
  0.016,298.851,  0.000,  0.000
  0.016,298.821,  0.000,  0.000
  0.016,298.794,  0.000,  0.000
  0.016,298.770,  0.000,  0.000
  0.016,298.749,  0.000,  0.000
  0.016,298.728,  0.000,  0.000
  0.016,298.714,  0.000,  0.000
  0.016,298.709,  0.000,  0.000
  0.016,298.706,  0.000,  0.000
  0.016,298.698,  0.000,  0.000
  0.016,298.688,  0.000,  0.000
  0.016,298.677,  0.000,  0.000
  0.016,298.667,  0.000,  0.000
  0.016,298.657,  0.000,  0.000
  0.016,298.648,  0.000,  0.000
  0.016,298.638,  0.000,  0.000
  0.016,298.629,  0.000,  0.010
  0.016,298.620,  0.000,  0.010
