  0.018,300.750,  0.000,  0.000
  0.018,300.740,  0.000,  0.000
  0.018,300.732,  0.000,  0.000
  0.018,300.725,  0.000,  0.000
  0.018,300.720,  0.000,  0.000
  0.018,300.717,  0.000,  0.000
  0.018,300.717,  0.000,  0.000
  0.019,300.717,  0.000,  0.000
  0.019,300.722,  0.000,  0.000
  0.019,300.729,  0.000,  0.000
  0.019,300.738,  0.000,  0.000
  0.019,300.749,  0.000,  0.000
  0.019,300.761,  0.000,  0.000
  0.019,300.774,  0.000,  0.000
  0.019,300.788,  0.000,  0.000
  0.019,300.802,  0.000,  0.000
  0.019,300.816,  0.000,  0.000
  0.019,300.830,  0.000,  0.000
  0.019,300.843,  0.000,  0.000
  0.019,300.854,  0.000,  0.000
  0.019,300.865,  0.000,  0.000
  0.019,300.874,  0.000,  0.000
  0.019,300.880,  0.000,  0.000
  0.019,300.885,  0.000,  0.000
  0.019,300.886,  0.000,  0.000
  0.018,300.745,  0.000,  0.020
  0.018,300.737,  0.000,  0.020
  0.018,300.732,  0.000,  0.000
  0.018,300.726,  0.000,  0.000
  0.018,300.722,  0.000,  0.000
  0.018,300.721,  0.000,  0.000
  0.018,300.722,  0.000,  0.000
  0.019,300.723,  0.000,  0.000
  0.019,300.728,  0.000,  0.000
  0.019,300.736,  0.000,  0.000
  0.019,300.745,  0.000,  0.000
  0.019,300.756,  0.000,  0.000
  0.019,300.768,  0.000,  0.000
  0.019,300.781,  0.000,  0.000
  0.019,300.795,  0.000,  0.000
  0.019,300.809,  0.000,  0.000
  0.019,300.823,  0.000,  0.000
  0.019,300.836,  0.000,  0.000
  0.019,300.849,  0.000,  0.000
  0.019,300.860,  0.000,  0.000
  0.019,300.871,  0.000,  0.000
  0.019,300.879,  0.000,  0.000
  0.019,300.886,  0.000,  0.000
  0.019,300.890,  0.000,  0.000
  0.019,300.891,  0.000,  0.000
  0.018,300.740,  0.000,  0.020
  0.018,300.735,  0.000,  0.020
  0.018,300.732,  0.000,  0.000
  0.018,300.727,  0.000,  0.000
  0.018,300.726,  0.000,  0.000
  0.018,300.725,  0.000,  0.000
  0.018,300.727,  0.000,  0.000
  0.019,300.730,  0.000,  0.000
  0.019,300.735,  0.000,  0.000
  0.019,300.743,  0.000,  0.000
  0.019,300.753,  0.000,  0.000
  0.019,300.764,  0.000,  0.000
  0.019,300.776,  0.000,  0.000
  0.019,300.790,  0.000,  0.000
  0.019,300.803,  0.000,  0.000
  0.019,300.817,  0.000,  0.000
  0.019,300.831,  0.000,  0.000
  0.019,300.844,  0.000,  0.000
  0.019,300.856,  0.000,  0.000
  0.019,300.868,  0.000,  0.000
  0.019,300.877,  0.000,  0.000
  0.019,300.886,  0.000,  0.000
  0.019,300.892,  0.000,  0.000
  0.019,300.896,  0.000,  0.000
  0.019,300.897,  0.000,  0.000
  0.018,300.738,  0.000,  0.020
  0.018,300.734,  0.000,  0.020
  0.018,300.732,  0.000,  0.000
  0.018,300.731,  0.000,  0.000
  0.018,300.731,  0.000,  0.000
  0.018,300.732,  0.000,  0.000
  0.018,300.733,  0.000,  0.000
  0.018,300.738,  0.000,  0.000
  0.019,300.744,  0.000,  0.000
  0.019,300.753,  0.000,  0.000
  0.019,300.762,  0.000,  0.000
  0.019,300.774,  0.000,  0.000
  0.019,300.786,  0.000,  0.000
  0.019,300.799,  0.000,  0.000
  0.019,300.813,  0.000,  0.000
  0.019,300.826,  0.000,  0.000
  0.019,300.840,  0.000,  0.000
  0.019,300.852,  0.000,  0.000
  0.019,300.865,  0.000,  0.000
  0.019,300.876,  0.000,  0.000
  0.019,300.885,  0.000,  0.000
  0.019,300.893,  0.000,  0.000
  0.019,300.899,  0.000,  0.000
  0.019,300.903,  0.000,  0.000
  0.019,300.904,  0.000,  0.000
  0.018,300.738,  0.000,  0.020
  0.018,300.736,  0.000,  0.020
  0.018,300.735,  0.000,  0.000
  0.018,300.736,  0.000,  0.000
  0.018,300.737,  0.000,  0.000
  0.018,300.739,  0.000,  0.000
  0.018,300.742,  0.000,  0.000
  0.018,300.748,  0.000,  0.000
  0.019,300.754,  0.000,  0.000
  0.019,300.763,  0.000,  0.000
  0.019,300.773,  0.000,  0.000
  0.019,300.785,  0.000,  0.000
  0.019,300.797,  0.000,  0.000
  0.019,300.810,  0.000,  0.000
  0.019,300.823,  0.000,  0.000
  0.019,300.837,  0.000,  0.000
  0.019,300.850,  0.000,  0.000
  0.019,300.862,  0.000,  0.000
  0.019,300.874,  0.000,  0.000
  0.019,300.885,  0.000,  0.000
  0.019,300.894,  0.000,  0.000
  0.019,300.902,  0.000,  0.000
  0.019,300.907,  0.000,  0.000
  0.019,300.911,  0.000,  0.000
  0.019,300.911,  0.000,  0.000
  0.018,300.738,  0.000,  0.290
  0.018,300.739,  0.000,  0.290
  0.018,300.741,  0.000,  0.010
  0.018,300.743,  0.000,  0.010
  0.018,300.746,  0.000,  0.010
  0.018,300.749,  0.000,  0.010
  0.018,300.753,  0.000,  0.000
  0.018,300.759,  0.000,  0.000
  0.019,300.767,  0.000,  0.000
  0.019,300.776,  0.000,  0.000
  0.019,300.786,  0.000,  0.000
  0.019,300.798,  0.000,  0.000
  0.019,300.810,  0.000,  0.000
  0.019,300.823,  0.000,  0.000
  0.019,300.836,  0.000,  0.000
  0.019,300.849,  0.000,  0.000
  0.019,300.862,  0.000,  0.000
  0.019,300.874,  0.000,  0.000
  0.019,300.885,  0.000,  0.000
  0.019,300.895,  0.000,  0.000
  0.019,300.904,  0.000,  0.000
  0.019,300.912,  0.000,  0.000
  0.019,300.917,  0.000,  0.000
  0.019,300.920,  0.000,  0.000
  0.019,300.920,  0.000,  0.000
  0.018,300.743,  0.000,  0.290
  0.018,300.746,  0.000,  0.290
  0.018,300.749,  0.000,  0.010
  0.018,300.753,  0.000,  0.010
  0.018,300.757,  0.000,  0.010
  0.018,300.762,  0.000,  0.010
  0.018,300.766,  0.000,  0.000
  0.018,300.773,  0.000,  0.000
  0.018,300.781,  0.000,  0.000
  0.019,300.790,  0.000,  0.000
  0.019,300.801,  0.000,  0.000
  0.019,300.812,  0.000,  0.000
  0.019,300.824,  0.000,  0.000
  0.019,300.837,  0.000,  0.000
  0.019,300.850,  0.000,  0.000
  0.019,300.863,  0.000,  0.000
  0.019,300.875,  0.000,  0.000
  0.019,300.887,  0.000,  0.000
  0.019,300.898,  0.000,  0.000
  0.019,300.908,  0.000,  0.000
  0.019,300.916,  0.000,  0.000
  0.019,300.923,  0.000,  0.000
  0.019,300.928,  0.000,  0.000
  0.019,300.930,  0.000,  0.000
  0.019,300.930,  0.000,  0.000
  0.018,300.751,  0.000,  0.290
  0.018,300.756,  0.000,  0.290
  0.018,300.760,  0.000,  0.010
  0.018,300.766,  0.000,  0.010
  0.018,300.771,  0.000,  0.010
  0.018,300.776,  0.000,  0.010
  0.018,300.782,  0.000,  0.000
  0.018,300.789,  0.000,  0.000
  0.018,300.797,  0.000,  0.000
  0.019,300.807,  0.000,  0.000
  0.019,300.817,  0.000,  0.000
  0.019,300.829,  0.000,  0.000
  0.019,300.841,  0.000,  0.000
  0.019,300.853,  0.000,  0.000
  0.019,300.866,  0.000,  0.000
  0.019,300.878,  0.000,  0.000
  0.019,300.890,  0.000,  0.000
  0.019,300.902,  0.000,  0.000
  0.019,300.912,  0.000,  0.000
  0.019,300.921,  0.000,  0.000
  0.019,300.929,  0.000,  0.000
  0.019,300.936,  0.000,  0.000
  0.019,300.941,  0.000,  0.000
  0.019,300.942,  0.000,  0.000
  0.019,300.942,  0.000,  0.000
  0.018,300.763,  0.000,  0.290
  0.018,300.769,  0.000,  0.290
  0.018,300.775,  0.000,  0.010
  0.018,300.781,  0.000,  0.010
  0.018,300.787,  0.000,  0.010
  0.018,300.793,  0.000,  0.010
  0.018,300.799,  0.000,  0.000
  0.018,300.807,  0.000,  0.000
  0.018,300.815,  0.000,  0.000
  0.019,300.825,  0.000,  0.000
  0.019,300.836,  0.000,  0.000
  0.019,300.847,  0.000,  0.000
  0.019,300.859,  0.000,  0.000
  0.019,300.871,  0.000,  0.000
  0.019,300.883,  0.000,  0.000
  0.019,300.895,  0.000,  0.000
  0.019,300.907,  0.000,  0.000
  0.019,300.918,  0.000,  0.000
  0.019,300.928,  0.000,  0.000
  0.019,300.937,  0.000,  0.000
  0.019,300.944,  0.000,  0.000
  0.019,300.951,  0.000,  0.000
  0.019,300.955,  0.000,  0.000
  0.019,300.955,  0.000,  0.000
  0.019,300.955,  0.000,  0.000
  0.018,300.778,  0.000,  0.990
  0.018,300.785,  0.000,  0.990
  0.018,300.792,  0.000,  0.190
  0.018,300.800,  0.000,  0.190
  0.018,300.807,  0.000,  0.190
  0.018,300.814,  0.000,  0.190
  0.018,300.820,  0.000,  0.010
  0.018,300.828,  0.000,  0.010
  0.018,300.837,  0.000,  0.010
  0.018,300.847,  0.000,  0.000
  0.019,300.858,  0.000,  0.000
  0.019,300.869,  0.000,  0.000
  0.019,300.880,  0.000,  0.000
  0.019,300.892,  0.000,  0.000
  0.019,300.904,  0.000,  0.000
  0.019,300.916,  0.000,  0.000
  0.019,300.927,  0.000,  0.000
  0.019,300.937,  0.000,  0.000
  0.019,300.946,  0.000,  0.000
  0.019,300.955,  0.000,  0.000
  0.019,300.962,  0.000,  0.000
  0.019,300.968,  0.000,  0.000
  0.019,300.971,  0.000,  0.000
  0.019,300.971,  0.000,  0.000
  0.019,300.971,  0.000,  0.000
  0.018,300.796,  0.000,  0.990
  0.018,300.804,  0.000,  0.990
  0.018,300.813,  0.000,  0.190
  0.018,300.822,  0.000,  0.190
  0.018,300.830,  0.000,  0.190
  0.018,300.838,  0.000,  0.190
  0.018,300.845,  0.000,  0.010
  0.018,300.853,  0.000,  0.010
  0.018,300.862,  0.000,  0.010
  0.018,300.872,  0.000,  0.000
  0.019,300.882,  0.000,  0.000
  0.019,300.893,  0.000,  0.000
  0.019,300.905,  0.000,  0.000
  0.019,300.916,  0.000,  0.000
  0.019,300.928,  0.000,  0.000
  0.019,300.938,  0.000,  0.000
  0.019,300.949,  0.000,  0.000
  0.019,300.959,  0.000,  0.000
  0.019,300.967,  0.000,  0.000
  0.019,300.975,  0.000,  0.000
  0.019,300.981,  0.000,  0.000
  0.019,300.986,  0.000,  0.000
  0.019,300.990,  0.000,  0.000
  0.019,300.989,  0.000,  0.000
  0.019,300.989,  0.000,  0.000
  0.018,300.817,  0.000,  0.990
  0.018,300.827,  0.000,  0.990
  0.018,300.837,  0.000,  0.190
  0.018,300.847,  0.000,  0.190
  0.018,300.856,  0.000,  0.190
  0.018,300.865,  0.000,  0.190
  0.018,300.873,  0.000,  0.010
  0.018,300.881,  0.000,  0.010
  0.018,300.890,  0.000,  0.010
  0.018,300.900,  0.000,  0.000
  0.019,300.911,  0.000,  0.000
  0.019,300.921,  0.000,  0.000
  0.019,300.932,  0.000,  0.000
  0.019,300.943,  0.000,  0.000
  0.019,300.954,  0.000,  0.000
  0.019,300.964,  0.000,  0.000
  0.019,300.974,  0.000,  0.000
  0.019,300.983,  0.000,  0.000
  0.019,300.991,  0.000,  0.000
  0.019,300.998,  0.000,  0.000
  0.019,301.003,  0.000,  0.000
  0.019,301.008,  0.000,  0.000
  0.019,301.010,  0.000,  0.000
  0.019,301.010,  0.000,  0.000
  0.019,301.009,  0.000,  0.000
  0.018,300.840,  0.000,  0.990
  0.018,300.851,  0.000,  0.990
  0.018,300.863,  0.000,  0.190
  0.018,300.874,  0.000,  0.190
  0.018,300.885,  0.000,  0.190
  0.018,300.894,  0.000,  0.190
  0.018,300.903,  0.000,  0.010
  0.018,300.912,  0.000,  0.010
  0.018,300.921,  0.000,  0.010
  0.018,300.931,  0.000,  0.000
  0.018,300.941,  0.000,  0.000
  0.019,300.951,  0.000,  0.000
  0.019,300.962,  0.000,  0.000
  0.019,300.972,  0.000,  0.000
  0.019,300.982,  0.000,  0.000
  0.019,300.992,  0.000,  0.000
  0.019,301.000,  0.000,  0.000
  0.019,301.009,  0.000,  0.000
  0.019,301.016,  0.000,  0.000
  0.019,301.022,  0.000,  0.000
  0.019,301.027,  0.000,  0.000
  0.019,301.030,  0.000,  0.000
  0.019,301.032,  0.000,  0.000
  0.019,301.032,  0.000,  0.000
  0.019,301.030,  0.000,  0.000
  0.018,300.865,  0.000,  0.050
  0.018,300.878,  0.000,  0.050
  0.018,300.891,  0.000,  0.020
  0.018,300.904,  0.000,  0.020
  0.018,300.915,  0.000,  0.020
  0.018,300.926,  0.000,  0.020
  0.018,300.935,  0.000,  0.010
  0.018,300.944,  0.000,  0.010
  0.018,300.954,  0.000,  0.010
  0.018,300.964,  0.000,  0.020
  0.018,300.973,  0.000,  0.020
  0.018,300.983,  0.000,  0.020
  0.019,300.993,  0.000,  0.020
  0.019,301.003,  0.000,  0.020
  0.019,301.012,  0.000,  0.020
  0.019,301.021,  0.000,  0.020
  0.019,301.029,  0.000,  0.010
  0.019,301.036,  0.000,  0.010
  0.019,301.042,  0.000,  0.010
  0.019,301.048,  0.000,  0.010
  0.019,301.052,  0.000,  0.010
  0.019,301.054,  0.000,  0.010
  0.019,301.056,  0.000,  0.010
  0.019,301.055,  0.000,  0.000
  0.019,301.052,  0.000,  0.000
  0.018,300.891,  0.000,  0.050
  0.018,300.906,  0.000,  0.050
  0.018,300.921,  0.000,  0.020
  0.018,300.935,  0.000,  0.020
  0.018,300.948,  0.000,  0.020
  0.018,300.959,  0.000,  0.020
  0.018,300.969,  0.000,  0.010
  0.018,300.978,  0.000,  0.010
  0.018,300.988,  0.000,  0.010
  0.018,300.998,  0.000,  0.020
  0.018,301.008,  0.000,  0.020
  0.018,301.017,  0.000,  0.020
  0.018,301.026,  0.000,  0.020
  0.019,301.035,  0.000,  0.020
  0.019,301.044,  0.000,  0.020
  0.019,301.052,  0.000,  0.020
  0.019,301.059,  0.000,  0.010
  0.019,301.065,  0.000,  0.010
  0.019,301.070,  0.000,  0.010
  0.019,301.075,  0.000,  0.010
  0.019,301.078,  0.000,  0.010
  0.019,301.079,  0.000,  0.010
  0.019,301.080,  0.000,  0.010
  0.019,301.079,  0.000,  0.000
  0.019,301.076,  0.000,  0.000
