  0.021,302.864,  0.000,  0.000
  0.021,302.868,  0.000,  0.000
  0.021,302.871,  0.000,  0.000
  0.021,302.877,  0.000,  0.000
  0.021,302.881,  0.000,  0.000
  0.021,302.885,  0.000,  0.000
  0.021,302.889,  0.000,  0.000
  0.021,302.896,  0.000,  0.000
  0.021,302.903,  0.000,  0.000
  0.021,302.911,  0.000,  0.000
  0.021,302.919,  0.000,  0.000
  0.021,302.928,  0.000,  0.000
  0.021,302.936,  0.000,  0.000
  0.021,302.945,  0.000,  0.000
  0.021,302.954,  0.000,  0.000
  0.021,302.962,  0.000,  0.000
  0.021,302.969,  0.000,  0.000
  0.021,302.977,  0.000,  0.000
  0.021,302.988,  0.000,  0.000
  0.021,303.001,  0.000,  0.000
  0.021,303.012,  0.000,  0.000
  0.021,303.022,  0.000,  0.000
  0.021,303.032,  0.000,  0.000
  0.021,303.060,  0.000,  0.000
  0.021,303.076,  0.000,  0.000
  0.021,302.869,  0.000,  0.000
  0.021,302.872,  0.000,  0.000
  0.021,302.874,  0.000,  0.000
  0.021,302.879,  0.000,  0.000
  0.021,302.884,  0.000,  0.000
  0.021,302.889,  0.000,  0.000
  0.021,302.894,  0.000,  0.000
  0.021,302.901,  0.000,  0.000
  0.021,302.908,  0.000,  0.000
  0.021,302.915,  0.000,  0.000
  0.021,302.923,  0.000,  0.000
  0.021,302.930,  0.000,  0.000
  0.021,302.937,  0.000,  0.000
  0.021,302.946,  0.000,  0.000
  0.021,302.955,  0.000,  0.000
  0.021,302.963,  0.000,  0.000
  0.021,302.969,  0.000,  0.000
  0.021,302.975,  0.000,  0.000
  0.021,302.983,  0.000,  0.000
  0.021,302.994,  0.000,  0.000
  0.021,303.003,  0.000,  0.000
  0.021,303.015,  0.000,  0.000
  0.021,303.032,  0.000,  0.000
  0.021,303.059,  0.000,  0.000
  0.021,303.070,  0.000,  0.000
  0.021,302.870,  0.000,  0.000
  0.021,302.875,  0.000,  0.000
  0.021,302.880,  0.000,  0.000
  0.021,302.884,  0.000,  0.000
  0.021,302.888,  0.000,  0.000
  0.021,302.893,  0.000,  0.000
  0.021,302.899,  0.000,  0.000
  0.021,302.906,  0.000,  0.000
  0.021,302.912,  0.000,  0.000
  0.021,302.918,  0.000,  0.000
  0.021,302.924,  0.000,  0.000
  0.021,302.932,  0.000,  0.000
  0.021,302.941,  0.000,  0.000
  0.021,302.949,  0.000,  0.000
  0.021,302.956,  0.000,  0.000
  0.021,302.961,  0.000,  0.000
  0.021,302.964,  0.000,  0.000
  0.021,302.967,  0.000,  0.000
  0.021,302.975,  0.000,  0.000
  0.021,302.987,  0.000,  0.000
  0.021,302.999,  0.000,  0.000
  0.021,303.015,  0.000,  0.000
  0.021,303.032,  0.000,  0.000
  0.021,303.052,  0.000,  0.000
  0.021,303.059,  0.000,  0.000
  0.021,302.874,  0.000,  0.000
  0.021,302.879,  0.000,  0.000
  0.021,302.884,  0.000,  0.000
  0.021,302.889,  0.000,  0.000
  0.021,302.893,  0.000,  0.000
  0.021,302.896,  0.000,  0.000
  0.021,302.901,  0.000,  0.000
  0.021,302.907,  0.000,  0.000
  0.021,302.914,  0.000,  0.000
  0.021,302.920,  0.000,  0.000
  0.021,302.926,  0.000,  0.000
  0.021,302.933,  0.000,  0.000
  0.021,302.941,  0.000,  0.000
  0.021,302.948,  0.000,  0.000
  0.021,302.954,  0.000,  0.000
  0.021,302.956,  0.000,  0.000
  0.021,302.957,  0.000,  0.000
  0.021,302.960,  0.000,  0.000
  0.021,302.969,  0.000,  0.000
  0.021,302.983,  0.000,  0.000
  0.021,303.003,  0.000,  0.000
  0.021,303.020,  0.000,  0.000
  0.021,303.027,  0.000,  0.000
  0.021,303.036,  0.000,  0.000
  0.021,303.038,  0.000,  0.000
  0.021,302.878,  0.000,  0.000
  0.021,302.882,  0.000,  0.000
  0.021,302.886,  0.000,  0.000
  0.021,302.890,  0.000,  0.000
  0.021,302.894,  0.000,  0.000
  0.021,302.897,  0.000,  0.000
  0.021,302.901,  0.000,  0.000
  0.021,302.906,  0.000,  0.000
  0.021,302.912,  0.000,  0.000
  0.021,302.919,  0.000,  0.000
  0.021,302.925,  0.000,  0.000
  0.021,302.932,  0.000,  0.000
  0.021,302.938,  0.000,  0.000
  0.021,302.944,  0.000,  0.000
  0.021,302.947,  0.000,  0.000
  0.021,302.948,  0.000,  0.000
  0.021,302.948,  0.000,  0.000
  0.021,302.955,  0.000,  0.000
  0.021,302.967,  0.000,  0.000
  0.021,302.982,  0.000,  0.000
  0.021,303.000,  0.000,  0.000
  0.021,303.012,  0.000,  0.000
  0.021,303.015,  0.000,  0.000
  0.021,303.022,  0.000,  0.000
  0.021,303.014,  0.000,  0.000
  0.021,302.879,  0.000,  0.000
  0.021,302.883,  0.000,  0.000
  0.021,302.886,  0.000,  0.000
  0.021,302.887,  0.000,  0.000
  0.021,302.889,  0.000,  0.000
  0.021,302.893,  0.000,  0.000
  0.021,302.899,  0.000,  0.000
  0.021,302.904,  0.000,  0.000
  0.021,302.909,  0.000,  0.000
  0.021,302.914,  0.000,  0.000
  0.021,302.920,  0.000,  0.000
  0.021,302.927,  0.000,  0.000
  0.021,302.933,  0.000,  0.000
  0.021,302.936,  0.000,  0.000
  0.021,302.937,  0.000,  0.000
  0.021,302.938,  0.000,  0.000
  0.021,302.940,  0.000,  0.000
  0.021,302.947,  0.000,  0.000
  0.021,302.963,  0.000,  0.000
  0.021,302.984,  0.000,  0.000
  0.021,302.995,  0.000,  0.000
  0.021,302.994,  0.000,  0.000
  0.021,302.992,  0.000,  0.000
  0.021,302.997,  0.000,  0.000
  0.021,302.991,  0.000,  0.000
  0.021,302.876,  0.000,  0.000
  0.021,302.878,  0.000,  0.000
  0.021,302.880,  0.000,  0.000
  0.021,302.881,  0.000,  0.000
  0.021,302.884,  0.000,  0.000
  0.021,302.887,  0.000,  0.000
  0.021,302.892,  0.000,  0.000
  0.021,302.899,  0.000,  0.000
  0.021,302.905,  0.000,  0.000
  0.021,302.909,  0.000,  0.000
  0.021,302.914,  0.000,  0.000
  0.021,302.920,  0.000,  0.000
  0.021,302.925,  0.000,  0.000
  0.021,302.925,  0.000,  0.000
  0.021,302.925,  0.000,  0.000
  0.021,302.928,  0.000,  0.000
  0.021,302.934,  0.000,  0.000
  0.021,302.944,  0.000,  0.000
  0.021,302.960,  0.000,  0.000
  0.021,302.977,  0.000,  0.000
  0.021,302.981,  0.000,  0.000
  0.021,302.975,  0.000,  0.000
  0.021,302.971,  0.000,  0.000
  0.021,302.970,  0.000,  0.000
  0.021,302.960,  0.000,  0.000
  0.021,302.868,  0.000,  0.000
  0.021,302.868,  0.000,  0.000
  0.021,302.868,  0.000,  0.000
  0.021,302.870,  0.000,  0.000
  0.021,302.877,  0.000,  0.000
  0.021,302.883,  0.000,  0.000
  0.021,302.888,  0.000,  0.000
  0.021,302.892,  0.000,  0.000
  0.021,302.898,  0.000,  0.000
  0.021,302.904,  0.000,  0.000
  0.021,302.908,  0.000,  0.000
  0.021,302.912,  0.000,  0.000
  0.021,302.915,  0.000,  0.000
  0.021,302.915,  0.000,  0.000
  0.021,302.916,  0.000,  0.000
  0.021,302.922,  0.000,  0.000
  0.021,302.935,  0.000,  0.000
  0.021,302.951,  0.000,  0.000
  0.021,302.963,  0.000,  0.000
  0.021,302.965,  0.000,  0.000
  0.021,302.960,  0.000,  0.000
  0.021,302.957,  0.000,  0.000
  0.021,302.955,  0.000,  0.000
  0.021,302.946,  0.000,  0.000
  0.021,302.912,  0.000,  0.000
  0.021,302.853,  0.000,  0.000
  0.021,302.854,  0.000,  0.000
  0.021,302.858,  0.000,  0.000
  0.021,302.862,  0.000,  0.000
  0.021,302.866,  0.000,  0.000
  0.021,302.873,  0.000,  0.000
  0.021,302.882,  0.000,  0.000
  0.021,302.889,  0.000,  0.000
  0.021,302.895,  0.000,  0.000
  0.021,302.900,  0.000,  0.000
  0.021,302.903,  0.000,  0.000
  0.021,302.903,  0.000,  0.000
  0.021,302.904,  0.000,  0.000
  0.021,302.909,  0.000,  0.000
  0.021,302.916,  0.000,  0.000
  0.021,302.925,  0.000,  0.000
  0.021,302.938,  0.000,  0.000
  0.021,302.953,  0.000,  0.000
  0.021,302.959,  0.000,  0.000
  0.021,302.950,  0.000,  0.000
  0.021,302.940,  0.000,  0.000
  0.021,302.935,  0.000,  0.000
  0.021,302.924,  0.000,  0.000
  0.021,302.887,  0.000,  0.000
  0.022,302.833,  0.000,  0.000
  0.021,302.840,  0.000,  0.000
  0.021,302.840,  0.000,  0.000
  0.021,302.847,  0.000,  0.000
  0.021,302.857,  0.001,  0.000
  0.021,302.864,  0.000,  0.000
  0.021,302.867,  0.000,  0.000
  0.021,302.873,  0.000,  0.000
  0.021,302.882,  0.000,  0.000
  0.021,302.890,  0.000,  0.000
  0.021,302.895,  0.000,  0.000
  0.021,302.897,  0.000,  0.000
  0.021,302.898,  0.000,  0.000
  0.021,302.898,  0.000,  0.000
  0.021,302.904,  0.000,  0.000
  0.021,302.916,  0.000,  0.000
  0.021,302.928,  0.000,  0.000
  0.021,302.939,  0.000,  0.000
  0.021,302.946,  0.000,  0.000
  0.021,302.939,  0.000,  0.000
  0.021,302.929,  0.000,  0.000
  0.021,302.925,  0.000,  0.060
  0.021,302.921,  0.000,  0.060
  0.021,302.896,  0.000,  0.060
  0.022,302.831,  0.000,  0.100
  0.022,302.784,  0.000,  0.100
  0.021,302.835,  0.010,  0.000
  0.021,302.839,  0.011,  0.000
  0.021,302.842,  0.005,  0.000
  0.021,302.847,  0.001,  0.000
  0.021,302.857,  0.000,  0.000
  0.021,302.865,  0.000,  0.000
  0.021,302.868,  0.000,  0.000
  0.021,302.872,  0.000,  0.000
  0.021,302.879,  0.000,  0.000
  0.021,302.887,  0.000,  0.000
  0.021,302.891,  0.000,  0.000
  0.021,302.895,  0.000,  0.000
  0.021,302.898,  0.000,  0.000
  0.021,302.904,  0.000,  0.000
  0.021,302.916,  0.000,  0.000
  0.021,302.928,  0.000,  0.000
  0.021,302.937,  0.000,  0.000
  0.021,302.935,  0.000,  0.000
  0.021,302.921,  0.000,  0.000
  0.021,302.910,  0.000,  0.000
  0.021,302.906,  0.000,  0.060
  0.021,302.897,  0.001,  0.060
  0.021,302.855,  0.003,  0.060
  0.022,302.797,  0.004,  0.100
  0.022,302.806,  0.002,  0.100
  0.021,302.824,  0.056,  0.000
  0.021,302.834,  0.097,  0.000
  0.021,302.839,  0.122,  0.000
  0.021,302.838,  0.072,  0.000
  0.021,302.837,  0.015,  0.000
  0.021,302.845,  0.001,  0.000
  0.021,302.856,  0.001,  0.000
  0.021,302.862,  0.000,  0.000
  0.021,302.867,  0.000,  0.000
  0.021,302.875,  0.000,  0.000
  0.021,302.881,  0.000,  0.000
  0.021,302.886,  0.000,  0.000
  0.021,302.891,  0.000,  0.000
  0.021,302.900,  0.000,  0.000
  0.021,302.909,  0.000,  0.000
  0.021,302.918,  0.000,  0.000
  0.021,302.922,  0.000,  0.000
  0.021,302.912,  0.000,  0.000
  0.021,302.901,  0.000,  0.000
  0.021,302.893,  0.000,  0.000
  0.021,302.887,  0.001,  0.060
  0.021,302.863,  0.009,  0.060
  0.022,302.804,  0.025,  0.060
  0.022,302.775,  0.067,  0.100
  0.021,302.835,  0.103,  0.100
  0.021,302.812,  0.231,  0.000
  0.021,302.819,  0.268,  0.000
  0.021,302.829,  0.490,  0.000
  0.021,302.834,  0.500,  0.000
  0.021,302.824,  0.214,  0.000
  0.021,302.824,  0.010,  0.000
  0.021,302.839,  0.003,  0.000
  0.021,302.853,  0.000,  0.000
  0.021,302.860,  0.000,  0.000
  0.021,302.864,  0.000,  0.000
  0.021,302.869,  0.000,  0.000
  0.021,302.877,  0.000,  0.000
  0.021,302.884,  0.000,  0.000
  0.021,302.891,  0.000,  0.000
  0.021,302.900,  0.000,  0.000
  0.021,302.905,  0.000,  0.000
  0.021,302.900,  0.000,  0.000
  0.021,302.891,  0.000,  0.000
  0.021,302.883,  0.000,  0.000
  0.021,302.876,  0.000,  0.000
  0.021,302.856,  0.001,  0.060
  0.021,302.806,  0.011,  0.060
  0.022,302.744,  0.042,  0.060
  0.022,302.749,  0.163,  0.100
  0.021,302.790,  0.408,  0.100
  0.021,302.804,  0.458,  0.090
  0.021,302.812,  0.263,  0.090
  0.021,302.819,  0.652,  0.130
  0.021,302.825,  0.935,  0.130
  0.021,302.824,  0.600,  0.130
  0.021,302.822,  0.052,  0.130
  0.021,302.829,  0.010,  0.120
  0.021,302.840,  0.003,  0.120
  0.021,302.848,  0.003,  0.120
  0.021,302.854,  0.002,  0.000
  0.021,302.859,  0.001,  0.000
  0.021,302.867,  0.000,  0.000
  0.021,302.875,  0.000,  0.000
  0.021,302.885,  0.000,  0.050
  0.021,302.891,  0.000,  0.050
  0.021,302.889,  0.000,  0.050
  0.021,302.881,  0.000,  0.070
  0.021,302.873,  0.000,  0.070
  0.021,302.863,  0.000,  0.070
  0.021,302.841,  0.000,  0.070
  0.021,302.790,  0.000,  0.000
  0.022,302.731,  0.001,  0.000
  0.022,302.720,  0.001,  0.000
  0.022,302.724,  0.005,  0.000
  0.022,302.728,  0.013,  0.000
  0.021,302.800,  0.233,  0.090
  0.021,302.811,  0.513,  0.090
  0.021,302.816,  0.657,  0.130
  0.021,302.819,  0.969,  0.130
  0.021,302.821,  0.976,  0.130
  0.021,302.821,  0.255,  0.130
  0.021,302.824,  0.006,  0.120
  0.021,302.831,  0.015,  0.120
  0.021,302.839,  0.046,  0.120
  0.021,302.848,  0.081,  0.000
  0.021,302.854,  0.057,  0.000
  0.021,302.857,  0.006,  0.000
  0.021,302.862,  0.000,  0.000
  0.021,302.866,  0.000,  0.050
  0.021,302.872,  0.000,  0.050
  0.021,302.873,  0.000,  0.050
  0.021,302.868,  0.000,  0.070
  0.021,302.853,  0.000,  0.070
  0.021,302.826,  0.000,  0.070
  0.021,302.772,  0.000,  0.070
  0.022,302.713,  0.000,  0.000
  0.022,302.704,  0.000,  0.000
  0.022,302.707,  0.000,  0.000
  0.022,302.705,  0.001,  0.000
  0.022,302.704,  0.002,  0.000
