  0.021,302.734,  0.000,  0.000
  0.021,302.742,  0.000,  0.000
  0.021,302.752,  0.000,  0.000
  0.021,302.822,  0.000,  0.000
  0.021,302.915,  0.000,  0.000
  0.021,302.976,  0.000,  0.000
  0.021,303.008,  0.000,  0.000
  0.021,303.021,  0.000,  0.000
  0.021,303.043,  0.000,  0.000
  0.021,303.098,  0.000,  0.000
  0.021,303.132,  0.000,  0.000
  0.021,303.132,  0.000,  0.000
  0.021,303.138,  0.000,  0.000
  0.021,303.137,  0.000,  0.000
  0.021,303.130,  0.000,  0.000
  0.021,303.129,  0.000,  0.000
  0.021,303.140,  0.000,  0.000
  0.021,303.150,  0.000,  0.000
  0.021,303.169,  0.000,  0.000
  0.021,303.191,  0.000,  0.000
  0.021,303.184,  0.000,  0.000
  0.021,303.147,  0.000,  0.000
  0.021,303.121,  0.000,  0.000
  0.021,303.123,  0.000,  0.000
  0.021,303.109,  0.000,  0.000
  0.021,302.662,  0.000,  0.000
  0.021,302.628,  0.000,  0.000
  0.021,302.680,  0.000,  0.000
  0.021,302.705,  0.000,  0.000
  0.021,302.786,  0.000,  0.000
  0.021,302.908,  0.000,  0.000
  0.021,302.980,  0.000,  0.000
  0.021,303.006,  0.000,  0.000
  0.021,303.042,  0.000,  0.000
  0.021,303.085,  0.000,  0.000
  0.021,303.098,  0.000,  0.000
  0.021,303.096,  0.000,  0.000
  0.021,303.112,  0.000,  0.000
  0.021,303.147,  0.000,  0.000
  0.021,303.154,  0.000,  0.000
  0.021,303.128,  0.000,  0.000
  0.021,303.122,  0.000,  0.000
  0.021,303.134,  0.000,  0.000
  0.021,303.138,  0.000,  0.000
  0.021,303.130,  0.000,  0.000
  0.021,303.130,  0.000,  0.000
  0.021,303.133,  0.000,  0.000
  0.021,303.120,  0.000,  0.000
  0.021,303.129,  0.000,  0.000
  0.021,303.159,  0.000,  0.000
  0.021,302.605,  0.000,  0.000
  0.021,302.598,  0.000,  0.000
  0.021,302.688,  0.000,  0.000
  0.021,302.750,  0.000,  0.000
  0.021,302.770,  0.000,  0.000
  0.021,302.877,  0.000,  0.000
  0.021,302.939,  0.000,  0.000
  0.021,302.999,  0.000,  0.000
  0.021,303.068,  0.000,  0.000
  0.021,303.092,  0.000,  0.000
  0.021,303.081,  0.000,  0.000
  0.021,303.077,  0.000,  0.000
  0.021,303.094,  0.000,  0.000
  0.021,303.136,  0.000,  0.000
  0.021,303.142,  0.000,  0.000
  0.021,303.093,  0.000,  0.000
  0.021,303.075,  0.000,  0.000
  0.021,303.099,  0.000,  0.000
  0.021,303.110,  0.000,  0.000
  0.021,303.088,  0.000,  0.000
  0.021,303.085,  0.000,  0.000
  0.021,303.124,  0.000,  0.000
  0.021,303.132,  0.000,  0.000
  0.021,303.118,  0.000,  0.000
  0.021,303.145,  0.000,  0.000
  0.021,302.663,  0.000,  0.000
  0.021,302.655,  0.000,  0.000
  0.021,302.797,  0.000,  0.000
  0.022,302.852,  0.000,  0.000
  0.021,302.834,  0.000,  0.000
  0.021,302.888,  0.000,  0.000
  0.021,302.967,  0.000,  0.000
  0.021,303.056,  0.000,  0.000
  0.021,303.119,  0.000,  0.000
  0.021,303.099,  0.000,  0.000
  0.021,303.066,  0.000,  0.000
  0.021,303.059,  0.000,  0.000
  0.021,303.075,  0.000,  0.000
  0.021,303.116,  0.000,  0.000
  0.021,303.127,  0.000,  0.000
  0.021,303.078,  0.000,  0.000
  0.021,303.060,  0.000,  0.000
  0.021,303.081,  0.000,  0.000
  0.021,303.092,  0.000,  0.000
  0.021,303.070,  0.000,  0.000
  0.021,303.065,  0.000,  0.000
  0.021,303.115,  0.000,  0.000
  0.021,303.143,  0.000,  0.000
  0.021,303.114,  0.000,  0.000
  0.021,303.136,  0.000,  0.000
  0.021,302.774,  0.000,  0.000
  0.021,302.722,  0.000,  0.000
  0.021,302.846,  0.000,  0.000
  0.021,302.875,  0.000,  0.000
  0.021,302.864,  0.000,  0.000
  0.021,302.956,  0.000,  0.000
  0.021,303.084,  0.000,  0.000
  0.021,303.148,  0.000,  0.000
  0.021,303.146,  0.000,  0.000
  0.021,303.100,  0.000,  0.000
  0.021,303.063,  0.000,  0.000
  0.021,303.051,  0.000,  0.000
  0.021,303.068,  0.000,  0.000
  0.021,303.102,  0.000,  0.000
  0.021,303.123,  0.000,  0.000
  0.021,303.099,  0.000,  0.000
  0.021,303.087,  0.000,  0.000
  0.021,303.089,  0.000,  0.000
  0.021,303.073,  0.000,  0.000
  0.021,303.054,  0.000,  0.000
  0.021,303.066,  0.000,  0.000
  0.021,303.129,  0.000,  0.000
  0.021,303.158,  0.000,  0.000
  0.021,303.134,  0.000,  0.000
  0.021,303.173,  0.000,  0.000
  0.021,303.044,  0.000,  0.000
  0.021,302.946,  0.000,  0.000
  0.021,302.954,  0.000,  0.000
  0.021,303.024,  0.000,  0.000
  0.021,303.086,  0.000,  0.000
  0.021,303.123,  0.000,  0.000
  0.021,303.146,  0.000,  0.710
  0.021,303.155,  0.000,  0.710
  0.021,303.138,  0.000,  0.710
  0.021,303.108,  0.000,  0.000
  0.021,303.080,  0.000,  0.000
  0.021,303.074,  0.000,  0.000
  0.021,303.093,  0.000,  0.000
  0.021,303.100,  0.000,  0.000
  0.021,303.110,  0.000,  0.000
  0.021,303.136,  0.000,  0.000
  0.021,303.145,  0.000,  0.000
  0.021,303.125,  0.000,  0.000
  0.021,303.073,  0.000,  0.000
  0.021,303.051,  0.000,  0.000
  0.021,303.100,  0.000,  0.000
  0.021,303.174,  0.000,  0.000
  0.021,303.196,  0.000,  0.000
  0.021,303.198,  0.000,  0.000
  0.021,303.224,  0.000,  0.000
  0.021,303.138,  0.000,  0.000
  0.021,303.137,  0.000,  0.000
  0.021,303.122,  0.000,  0.000
  0.021,303.120,  0.000,  0.000
  0.021,303.121,  0.000,  0.000
  0.021,303.114,  0.000,  0.000
  0.021,303.116,  0.000,  0.710
  0.021,303.126,  0.000,  0.710
  0.021,303.131,  0.000,  0.710
  0.021,303.113,  0.000,  0.000
  0.021,303.094,  0.000,  0.000
  0.021,303.095,  0.000,  0.000
  0.021,303.111,  0.000,  0.000
  0.021,303.105,  0.000,  0.000
  0.021,303.095,  0.000,  0.000
  0.021,303.150,  0.000,  0.000
  0.021,303.196,  0.000,  0.000
  0.021,303.158,  0.000,  0.000
  0.021,303.113,  0.000,  0.000
  0.021,303.113,  0.000,  0.000
  0.021,303.181,  0.000,  0.000
  0.021,303.226,  0.000,  0.000
  0.021,303.239,  0.000,  0.000
  0.021,303.262,  0.000,  0.000
  0.021,303.253,  0.000,  0.000
  0.021,303.088,  0.000,  0.000
  0.021,303.072,  0.000,  0.000
  0.021,303.061,  0.000,  0.000
  0.021,303.068,  0.000,  0.000
  0.021,303.077,  0.000,  0.000
  0.021,303.085,  0.000,  0.000
  0.021,303.096,  0.000,  0.710
  0.021,303.123,  0.000,  0.710
  0.021,303.131,  0.000,  0.710
  0.021,303.100,  0.000,  0.000
  0.021,303.072,  0.000,  0.000
  0.021,303.080,  0.000,  0.000
  0.021,303.098,  0.000,  0.000
  0.021,303.097,  0.000,  0.000
  0.021,303.090,  0.000,  0.000
  0.021,303.123,  0.000,  0.000
  0.021,303.157,  0.000,  0.000
  0.021,303.142,  0.000,  0.000
  0.021,303.140,  0.000,  0.000
  0.021,303.173,  0.000,  0.000
  0.021,303.219,  0.000,  0.000
  0.021,303.238,  0.000,  0.000
  0.021,303.261,  0.000,  0.000
  0.021,303.292,  0.000,  0.000
  0.021,303.273,  0.000,  0.000
  0.021,303.067,  0.000,  0.000
  0.021,303.092,  0.000,  0.000
  0.021,303.106,  0.000,  0.000
  0.021,303.108,  0.000,  0.000
  0.021,303.107,  0.000,  0.000
  0.021,303.094,  0.000,  0.000
  0.021,303.089,  0.000,  0.710
  0.021,303.119,  0.000,  0.710
  0.021,303.135,  0.000,  0.710
  0.021,303.104,  0.000,  0.000
  0.021,303.059,  0.000,  0.000
  0.021,303.051,  0.000,  0.000
  0.021,303.064,  0.000,  0.000
  0.021,303.070,  0.000,  0.000
  0.021,303.078,  0.000,  0.000
  0.021,303.082,  0.000,  0.000
  0.021,303.076,  0.000,  0.000
  0.021,303.095,  0.000,  0.000
  0.021,303.101,  0.000,  0.000
  0.021,303.109,  0.000,  0.000
  0.021,303.144,  0.000,  0.000
  0.021,303.202,  0.000,  0.000
  0.021,303.258,  0.000,  0.000
  0.021,303.282,  0.000,  0.000
  0.021,303.273,  0.000,  0.000
  0.021,303.094,  0.000,  0.110
  0.021,303.127,  0.000,  0.110
  0.021,303.140,  0.000,  0.000
  0.021,303.123,  0.000,  0.000
  0.021,303.106,  0.000,  0.000
  0.021,303.093,  0.000,  0.000
  0.021,303.091,  0.000,  0.000
  0.021,303.119,  0.000,  0.000
  0.021,303.147,  0.000,  0.000
  0.021,303.128,  0.000,  0.000
  0.021,303.071,  0.000,  0.000
  0.021,303.033,  0.000,  0.000
  0.021,303.035,  0.000,  0.000
  0.021,303.051,  0.000,  0.000
  0.021,303.067,  0.000,  0.000
  0.021,303.069,  0.000,  0.000
  0.021,303.083,  0.000,  0.000
  0.021,303.098,  0.000,  0.000
  0.021,303.082,  0.000,  0.000
  0.021,303.057,  0.000,  0.000
  0.021,303.054,  0.000,  0.000
  0.021,303.137,  0.000,  0.000
  0.021,303.241,  0.000,  0.000
  0.021,303.252,  0.000,  0.000
  0.021,303.246,  0.000,  0.000
  0.021,303.129,  0.000,  0.110
  0.021,303.115,  0.000,  0.110
  0.021,303.112,  0.000,  0.000
  0.021,303.118,  0.000,  0.000
  0.021,303.111,  0.000,  0.000
  0.021,303.101,  0.000,  0.000
  0.021,303.111,  0.000,  0.000
  0.021,303.133,  0.000,  0.000
  0.021,303.155,  0.000,  0.000
  0.021,303.158,  0.000,  0.000
  0.021,303.122,  0.000,  0.000
  0.021,303.068,  0.000,  0.000
  0.021,303.051,  0.000,  0.000
  0.021,303.074,  0.000,  0.000
  0.021,303.086,  0.000,  0.000
  0.021,303.096,  0.000,  0.000
  0.021,303.128,  0.000,  0.000
  0.021,303.130,  0.000,  0.000
  0.021,303.112,  0.000,  0.000
  0.021,303.088,  0.000,  0.000
  0.021,303.050,  0.000,  0.000
  0.021,303.087,  0.000,  0.000
  0.021,303.210,  0.000,  0.000
  0.021,303.224,  0.000,  0.000
  0.021,303.206,  0.000,  0.000
  0.021,303.142,  0.000,  0.110
  0.021,303.115,  0.000,  0.110
  0.021,303.118,  0.000,  0.000
  0.021,303.130,  0.000,  0.000
  0.021,303.118,  0.000,  0.000
  0.021,303.118,  0.000,  0.000
  0.021,303.132,  0.000,  0.000
  0.021,303.141,  0.000,  0.000
  0.021,303.146,  0.000,  0.000
  0.021,303.151,  0.000,  0.000
  0.021,303.152,  0.000,  0.000
  0.021,303.144,  0.000,  0.000
  0.021,303.140,  0.000,  0.000
  0.021,303.144,  0.000,  0.000
  0.021,303.112,  0.000,  0.000
  0.021,303.105,  0.000,  0.000
  0.021,303.143,  0.000,  0.000
  0.021,303.142,  0.000,  0.000
  0.021,303.123,  0.000,  0.000
  0.021,303.102,  0.000,  0.000
  0.021,303.076,  0.000,  0.000
  0.021,303.089,  0.000,  0.000
  0.021,303.187,  0.000,  0.000
  0.021,303.214,  0.000,  0.000
  0.021,303.193,  0.000,  0.000
  0.021,303.112,  0.000,  0.110
  0.021,303.116,  0.000,  0.110
  0.021,303.132,  0.000,  0.000
  0.021,303.134,  0.000,  0.000
  0.021,303.115,  0.000,  0.000
  0.021,303.117,  0.000,  0.000
  0.021,303.136,  0.000,  0.000
  0.021,303.146,  0.000,  0.000
  0.021,303.143,  0.000,  0.000
  0.021,303.138,  0.000,  0.000
  0.021,303.152,  0.000,  0.000
  0.021,303.190,  0.000,  0.000
  0.021,303.221,  0.000,  0.000
  0.021,303.205,  0.000,  0.000
  0.021,303.128,  0.000,  0.000
  0.021,303.103,  0.000,  0.000
  0.021,303.146,  0.000,  0.000
  0.021,303.144,  0.000,  0.000
  0.021,303.113,  0.000,  0.000
  0.021,303.084,  0.000,  0.000
  0.021,303.078,  0.000,  0.000
  0.021,303.103,  0.000,  0.000
  0.021,303.190,  0.000,  0.000
  0.021,303.217,  0.000,  0.000
  0.021,303.198,  0.000,  0.000
  0.021,303.079,  0.000,  0.000
  0.021,303.098,  0.000,  0.000
  0.021,303.132,  0.000,  0.000
  0.021,303.139,  0.000,  0.000
  0.021,303.120,  0.000,  0.000
  0.021,303.118,  0.000,  0.000
  0.021,303.140,  0.000,  0.000
  0.021,303.163,  0.000,  0.000
  0.021,303.164,  0.000,  0.000
  0.021,303.152,  0.000,  0.000
  0.021,303.154,  0.000,  0.000
  0.021,303.164,  0.000,  0.000
  0.021,303.169,  0.000,  0.000
  0.021,303.161,  0.000,  0.000
  0.021,303.131,  0.000,  0.000
  0.021,303.121,  0.000,  0.000
  0.021,303.153,  0.000,  0.000
  0.021,303.144,  0.000,  0.000
  0.021,303.115,  0.000,  0.000
  0.021,303.069,  0.000,  0.000
  0.021,303.069,  0.000,  0.000
  0.021,303.112,  0.000,  0.000
  0.021,303.212,  0.000,  0.000
  0.021,303.227,  0.000,  0.000
  0.021,303.210,  0.000,  0.000
  0.021,303.076,  0.000,  0.000
  0.021,303.085,  0.000,  0.000
  0.021,303.113,  0.000,  0.000
  0.021,303.127,  0.000,  0.000
  0.021,303.124,  0.000,  0.000
  0.021,303.138,  0.000,  0.000
  0.021,303.169,  0.000,  0.000
  0.021,303.194,  0.000,  0.000
  0.021,303.195,  0.000,  0.000
  0.021,303.177,  0.000,  0.000
  0.021,303.148,  0.000,  0.000
  0.021,303.104,  0.000,  0.000
  0.021,303.066,  0.000,  0.000
  0.021,303.052,  0.000,  0.000
  0.021,303.066,  0.000,  0.000
  0.021,303.125,  0.000,  0.000
  0.021,303.143,  0.000,  0.000
  0.021,303.150,  0.000,  0.000
  0.021,303.122,  0.000,  0.000
  0.021,303.071,  0.000,  0.000
  0.021,303.093,  0.000,  0.000
  0.021,303.160,  0.000,  0.000
  0.021,303.249,  0.000,  0.000
  0.021,303.256,  0.000,  0.000
  0.021,303.253,  0.000,  0.000
