  0.021,303.217,  0.000,  0.000
  0.021,303.184,  0.000,  0.000
  0.022,303.155,  0.000,  0.000
  0.021,303.181,  0.000,  0.000
  0.021,303.235,  0.000,  0.000
  0.021,303.262,  0.000,  0.000
  0.021,303.238,  0.000,  0.000
  0.021,303.228,  0.000,  0.000
  0.021,303.265,  0.000,  0.000
  0.021,303.289,  0.000,  0.000
  0.021,303.262,  0.000,  0.000
  0.022,303.252,  0.000,  0.000
  0.021,303.289,  0.000,  0.000
  0.021,303.304,  0.000,  0.000
  0.022,303.267,  0.000,  0.000
  0.022,303.254,  0.000,  0.000
  0.022,303.278,  0.000,  0.000
  0.021,303.304,  0.000,  0.000
  0.022,303.302,  0.000,  0.000
  0.022,303.305,  0.000,  0.000
  0.022,303.329,  0.000,  0.000
  0.022,303.341,  0.000,  0.000
  0.022,303.342,  0.000,  0.000
  0.022,303.375,  0.000,  0.000
  0.022,303.388,  0.000,  0.000
  0.021,303.170,  0.000,  0.000
  0.021,303.205,  0.000,  0.000
  0.021,303.205,  0.000,  0.000
  0.021,303.172,  0.000,  0.000
  0.021,303.171,  0.000,  0.000
  0.021,303.213,  0.000,  0.000
  0.021,303.255,  0.000,  0.000
  0.021,303.255,  0.000,  0.000
  0.021,303.231,  0.000,  0.000
  0.021,303.259,  0.000,  0.000
  0.021,303.316,  0.000,  0.000
  0.021,303.309,  0.000,  0.000
  0.021,303.263,  0.000,  0.000
  0.021,303.257,  0.000,  0.000
  0.021,303.288,  0.000,  0.000
  0.021,303.301,  0.000,  0.000
  0.022,303.271,  0.000,  0.000
  0.022,303.260,  0.000,  0.000
  0.022,303.284,  0.000,  0.000
  0.022,303.308,  0.000,  0.000
  0.022,303.309,  0.000,  0.000
  0.022,303.308,  0.000,  0.000
  0.022,303.328,  0.000,  0.000
  0.022,303.359,  0.000,  0.000
  0.022,303.360,  0.000,  0.000
  0.021,303.146,  0.000,  0.000
  0.021,303.169,  0.000,  0.000
  0.021,303.201,  0.000,  0.000
  0.021,303.211,  0.000,  0.000
  0.021,303.188,  0.000,  0.000
  0.022,303.165,  0.000,  0.000
  0.021,303.198,  0.000,  0.000
  0.021,303.265,  0.000,  0.000
  0.021,303.292,  0.000,  0.000
  0.021,303.264,  0.000,  0.000
  0.021,303.252,  0.000,  0.000
  0.021,303.268,  0.000,  0.000
  0.021,303.314,  0.000,  0.000
  0.021,303.316,  0.000,  0.000
  0.021,303.270,  0.000,  0.000
  0.022,303.245,  0.000,  0.000
  0.022,303.253,  0.000,  0.000
  0.021,303.280,  0.000,  0.000
  0.022,303.283,  0.000,  0.000
  0.022,303.270,  0.000,  0.000
  0.022,303.285,  0.000,  0.000
  0.022,303.309,  0.000,  0.000
  0.022,303.309,  0.000,  0.000
  0.022,303.325,  0.000,  0.000
  0.022,303.342,  0.000,  0.000
  0.021,303.167,  0.000,  0.000
  0.021,303.138,  0.000,  0.000
  0.022,303.127,  0.000,  0.000
  0.021,303.164,  0.000,  0.000
  0.021,303.221,  0.000,  0.000
  0.021,303.243,  0.000,  0.000
  0.021,303.213,  0.000,  0.000
  0.021,303.197,  0.000,  0.000
  0.021,303.209,  0.000,  0.000
  0.021,303.270,  0.000,  0.000
  0.021,303.315,  0.000,  0.000
  0.021,303.293,  0.000,  0.000
  0.021,303.266,  0.000,  0.000
  0.021,303.255,  0.000,  0.000
  0.021,303.266,  0.000,  0.000
  0.021,303.289,  0.000,  0.000
  0.021,303.269,  0.000,  0.000
  0.022,303.241,  0.000,  0.000
  0.022,303.243,  0.000,  0.000
  0.022,303.269,  0.000,  0.000
  0.022,303.281,  0.000,  0.000
  0.022,303.274,  0.000,  0.000
  0.022,303.286,  0.000,  0.000
  0.022,303.318,  0.000,  0.000
  0.022,303.316,  0.000,  0.000
  0.021,303.139,  0.000,  0.000
  0.021,303.176,  0.000,  0.000
  0.021,303.185,  0.000,  0.000
  0.021,303.161,  0.000,  0.000
  0.022,303.138,  0.000,  0.000
  0.021,303.145,  0.000,  0.000
  0.021,303.197,  0.000,  0.000
  0.021,303.249,  0.000,  0.000
  0.021,303.255,  0.000,  0.000
  0.021,303.238,  0.000,  0.000
  0.021,303.228,  0.000,  0.000
  0.021,303.236,  0.000,  0.000
  0.021,303.282,  0.000,  0.000
  0.021,303.297,  0.000,  0.000
  0.021,303.260,  0.000,  0.000
  0.022,303.237,  0.000,  0.000
  0.021,303.244,  0.000,  0.000
  0.021,303.257,  0.000,  0.000
  0.022,303.250,  0.000,  0.000
  0.022,303.243,  0.000,  0.000
  0.022,303.261,  0.000,  0.000
  0.022,303.274,  0.000,  0.000
  0.022,303.271,  0.000,  0.000
  0.022,303.290,  0.000,  0.000
  0.022,303.301,  0.000,  0.000
  0.021,303.128,  0.000,  0.000
  0.022,303.124,  0.000,  0.000
  0.021,303.145,  0.000,  0.000
  0.021,303.176,  0.000,  0.000
  0.021,303.193,  0.000,  0.000
  0.021,303.178,  0.000,  0.000
  0.021,303.149,  0.000,  0.000
  0.022,303.148,  0.000,  0.000
  0.021,303.184,  0.000,  0.000
  0.021,303.235,  0.000,  0.000
  0.021,303.256,  0.000,  0.000
  0.021,303.239,  0.000,  0.000
  0.021,303.224,  0.000,  0.000
  0.021,303.231,  0.000,  0.000
  0.021,303.253,  0.000,  0.000
  0.021,303.258,  0.000,  0.000
  0.022,303.236,  0.000,  0.000
  0.022,303.227,  0.000,  0.000
  0.021,303.237,  0.000,  0.000
  0.022,303.241,  0.000,  0.000
  0.022,303.238,  0.000,  0.000
  0.022,303.253,  0.000,  0.000
  0.022,303.267,  0.000,  0.000
  0.022,303.269,  0.000,  0.000
  0.022,303.272,  0.000,  0.000
  0.021,303.127,  0.000,  0.000
  0.021,303.125,  0.000,  0.000
  0.022,303.115,  0.000,  0.000
  0.022,303.119,  0.000,  0.000
  0.021,303.147,  0.000,  0.000
  0.021,303.185,  0.000,  0.000
  0.021,303.206,  0.000,  0.000
  0.021,303.189,  0.000,  0.000
  0.022,303.150,  0.000,  0.000
  0.022,303.145,  0.000,  0.000
  0.021,303.193,  0.000,  0.000
  0.021,303.250,  0.000,  0.000
  0.021,303.257,  0.000,  0.000
  0.021,303.219,  0.000,  0.000
  0.021,303.199,  0.000,  0.000
  0.021,303.217,  0.000,  0.000
  0.021,303.235,  0.000,  0.000
  0.022,303.226,  0.000,  0.000
  0.022,303.216,  0.000,  0.000
  0.021,303.231,  0.000,  0.000
  0.022,303.238,  0.000,  0.000
  0.022,303.230,  0.000,  0.000
  0.022,303.240,  0.000,  0.000
  0.022,303.261,  0.000,  0.000
  0.022,303.255,  0.000,  0.000
  0.021,303.113,  0.000,  0.000
  0.021,303.131,  0.000,  0.000
  0.021,303.148,  0.000,  0.000
  0.021,303.147,  0.000,  0.000
  0.021,303.127,  0.000,  0.000
  0.022,303.114,  0.000,  0.000
  0.021,303.139,  0.000,  0.000
  0.021,303.185,  0.000,  0.000
  0.021,303.211,  0.000,  0.000
  0.021,303.191,  0.000,  0.000
  0.022,303.151,  0.000,  0.000
  0.022,303.150,  0.000,  0.000
  0.021,303.188,  0.000,  0.000
  0.021,303.232,  0.000,  0.000
  0.021,303.234,  0.000,  0.000
  0.021,303.205,  0.000,  0.000
  0.021,303.204,  0.000,  0.000
  0.021,303.218,  0.000,  0.000
  0.022,303.216,  0.000,  0.000
  0.022,303.211,  0.000,  0.000
  0.022,303.225,  0.000,  0.000
  0.022,303.228,  0.000,  0.000
  0.022,303.220,  0.000,  0.000
  0.022,303.235,  0.000,  0.000
  0.022,303.245,  0.000,  0.000
  0.021,303.106,  0.000,  0.000
  0.021,303.105,  0.000,  0.000
  0.022,303.109,  0.000,  0.000
  0.021,303.124,  0.000,  0.000
  0.021,303.148,  0.000,  0.000
  0.021,303.158,  0.000,  0.000
  0.021,303.145,  0.000,  0.000
  0.022,303.126,  0.000,  0.000
  0.021,303.135,  0.000,  0.000
  0.021,303.171,  0.000,  0.000
  0.021,303.201,  0.000,  0.000
  0.021,303.193,  0.000,  0.000
  0.021,303.174,  0.000,  0.000
  0.021,303.184,  0.000,  0.000
  0.021,303.205,  0.000,  0.000
  0.021,303.210,  0.000,  0.000
  0.021,303.203,  0.000,  0.000
  0.021,303.208,  0.000,  0.000
  0.021,303.211,  0.000,  0.000
  0.022,303.200,  0.000,  0.000
  0.022,303.197,  0.000,  0.000
  0.022,303.212,  0.000,  0.000
  0.022,303.216,  0.000,  0.000
  0.022,303.212,  0.000,  0.000
  0.022,303.218,  0.000,  0.000
  0.021,303.101,  0.000,  0.000
  0.021,303.106,  0.000,  0.000
  0.021,303.111,  0.000,  0.000
  0.021,303.111,  0.000,  0.000
  0.021,303.112,  0.000,  0.000
  0.021,303.122,  0.000,  0.000
  0.021,303.142,  0.000,  0.000
  0.021,303.159,  0.000,  0.000
  0.021,303.163,  0.000,  0.000
  0.021,303.154,  0.000,  0.000
  0.021,303.149,  0.000,  0.000
  0.021,303.158,  0.000,  0.000
  0.021,303.171,  0.000,  0.000
  0.021,303.176,  0.000,  0.000
  0.021,303.179,  0.000,  0.000
  0.021,303.187,  0.000,  0.000
  0.021,303.190,  0.000,  0.000
  0.021,303.188,  0.000,  0.000
  0.021,303.193,  0.000,  0.000
  0.021,303.199,  0.000,  0.000
  0.022,303.193,  0.000,  0.000
  0.022,303.191,  0.000,  0.000
  0.022,303.200,  0.000,  0.000
  0.022,303.203,  0.000,  0.000
  0.022,303.199,  0.000,  0.000
  0.021,303.093,  0.000,  0.000
  0.021,303.097,  0.000,  0.000
  0.021,303.101,  0.000,  0.000
  0.021,303.107,  0.000,  0.000
  0.021,303.113,  0.000,  0.000
  0.021,303.118,  0.000,  0.000
  0.021,303.119,  0.000,  0.000
  0.021,303.120,  0.000,  0.000
  0.021,303.129,  0.000,  0.000
  0.021,303.145,  0.000,  0.000
  0.021,303.159,  0.000,  0.000
  0.021,303.159,  0.000,  0.000
  0.021,303.150,  0.000,  0.000
  0.021,303.146,  0.000,  0.000
  0.021,303.154,  0.000,  0.000
  0.021,303.173,  0.000,  0.000
  0.021,303.190,  0.000,  0.000
  0.021,303.192,  0.000,  0.000
  0.021,303.186,  0.000,  0.000
  0.022,303.183,  0.000,  0.000
  0.022,303.183,  0.000,  0.000
  0.022,303.179,  0.000,  0.000
  0.022,303.180,  0.000,  0.000
  0.022,303.188,  0.000,  0.000
  0.022,303.188,  0.000,  0.000
  0.021,303.084,  0.000,  0.000
  0.021,303.088,  0.000,  0.000
  0.021,303.093,  0.000,  0.000
  0.021,303.098,  0.000,  0.000
  0.021,303.100,  0.000,  0.000
  0.021,303.099,  0.000,  0.000
  0.021,303.102,  0.000,  0.000
  0.021,303.112,  0.000,  0.000
  0.021,303.126,  0.000,  0.000
  0.021,303.134,  0.000,  0.000
  0.021,303.136,  0.000,  0.000
  0.021,303.135,  0.000,  0.000
  0.021,303.136,  0.000,  0.000
  0.021,303.139,  0.000,  0.000
  0.021,303.142,  0.000,  0.000
  0.021,303.148,  0.000,  0.000
  0.021,303.158,  0.000,  0.000
  0.021,303.168,  0.000,  0.000
  0.021,303.173,  0.000,  0.000
  0.021,303.174,  0.000,  0.000
  0.021,303.175,  0.000,  0.000
  0.022,303.171,  0.000,  0.000
  0.022,303.164,  0.000,  0.000
  0.022,303.165,  0.000,  0.000
  0.022,303.173,  0.000,  0.000
  0.021,303.075,  0.000,  0.000
  0.021,303.077,  0.000,  0.000
  0.021,303.079,  0.000,  0.000
  0.021,303.084,  0.000,  0.000
  0.021,303.094,  0.000,  0.000
  0.021,303.106,  0.000,  0.000
  0.021,303.110,  0.000,  0.000
  0.021,303.102,  0.000,  0.000
  0.021,303.093,  0.000,  0.000
  0.022,303.095,  0.000,  0.000
  0.021,303.110,  0.000,  0.000
  0.021,303.129,  0.000,  0.000
  0.021,303.138,  0.000,  0.000
  0.021,303.133,  0.000,  0.000
  0.021,303.122,  0.000,  0.000
  0.022,303.121,  0.000,  0.000
  0.021,303.134,  0.000,  0.000
  0.021,303.152,  0.000,  0.000
  0.021,303.162,  0.000,  0.000
  0.021,303.161,  0.000,  0.000
  0.021,303.158,  0.000,  0.000
  0.022,303.158,  0.000,  0.000
  0.022,303.156,  0.000,  0.000
  0.022,303.151,  0.000,  0.000
  0.022,303.152,  0.000,  0.000
  0.021,303.064,  0.000,  0.000
  0.021,303.067,  0.000,  0.000
  0.021,303.073,  0.000,  0.000
  0.021,303.074,  0.000,  0.000
  0.021,303.070,  0.000,  0.000
  0.022,303.070,  0.000,  0.000
  0.021,303.078,  0.000,  0.000
  0.021,303.095,  0.000,  0.000
  0.021,303.111,  0.000,  0.000
  0.021,303.114,  0.000,  0.000
  0.021,303.104,  0.000,  0.000
  0.021,303.094,  0.000,  0.000
  0.021,303.097,  0.000,  0.000
  0.021,303.111,  0.000,  0.000
  0.021,303.122,  0.000,  0.000
  0.021,303.119,  0.000,  0.000
  0.022,303.114,  0.000,  0.000
  0.021,303.122,  0.001,  0.000
  0.021,303.140,  0.000,  0.000
  0.021,303.151,  0.000,  0.000
  0.021,303.148,  0.000,  0.000
  0.022,303.142,  0.000,  0.000
  0.022,303.140,  0.000,  0.000
  0.022,303.139,  0.000,  0.000
  0.022,303.136,  0.000,  0.000
  0.021,303.056,  0.000,  0.000
  0.021,303.059,  0.000,  0.000
  0.021,303.061,  0.000,  0.000
  0.021,303.066,  0.000,  0.000
  0.021,303.074,  0.000,  0.000
  0.021,303.078,  0.000,  0.000
  0.021,303.071,  0.000,  0.000
  0.021,303.062,  0.000,  0.000
  0.022,303.065,  0.000,  0.000
  0.021,303.076,  0.000,  0.000
  0.021,303.091,  0.000,  0.000
  0.021,303.100,  0.000,  0.000
  0.021,303.098,  0.002,  0.000
  0.021,303.093,  0.005,  0.000
  0.021,303.093,  0.008,  0.000
  0.021,303.099,  0.004,  0.000
  0.021,303.103,  0.000,  0.000
  0.021,303.106,  0.000,  0.000
  0.021,303.114,  0.000,  0.000
  0.021,303.126,  0.001,  0.000
  0.021,303.134,  0.000,  0.000
  0.021,303.133,  0.000,  0.000
  0.022,303.129,  0.000,  0.000
  0.022,303.125,  0.000,  0.000
  0.022,303.121,  0.000,  0.000
