  0.017,297.741,  0.000,  0.000
  0.015,296.723,  0.000,  0.000
  0.015,296.584,  0.000,  0.000
  0.016,297.448,  0.000,  0.000
  0.016,297.494,  0.000,  0.000
  0.016,297.698,  0.000,  0.000
  0.016,297.926,  0.000,  0.000
  0.016,297.928,  0.000,  0.000
  0.016,297.789,  0.000,  0.000
  0.016,297.630,  0.000,  0.000
  0.016,297.402,  0.000,  0.000
  0.016,297.131,  0.000,  0.000
  0.016,296.867,  0.000,  0.000
  0.017,296.778,  0.000,  0.000
  0.017,296.831,  0.000,  0.000
  0.017,296.883,  0.000,  0.000
  0.017,296.906,  0.000,  0.000
  0.017,297.019,  0.000,  0.000
  0.017,297.284,  0.000,  0.000
  0.016,297.930,  0.000,  0.000
  0.016,298.102,  0.000,  0.000
  0.016,298.050,  0.000,  0.000
  0.016,298.037,  0.000,  0.000
  0.016,298.006,  0.000,  0.000
  0.016,297.978,  0.000,  0.000
  0.016,297.752,  0.000,  0.000
  0.016,297.714,  0.000,  0.000
  0.016,297.423,  0.000,  0.000
  0.016,297.642,  0.000,  0.000
  0.016,297.684,  0.000,  0.000
  0.016,297.841,  0.000,  0.000
  0.016,297.976,  0.000,  0.000
  0.016,297.949,  0.000,  0.000
  0.017,297.811,  0.000,  0.000
  0.017,297.661,  0.000,  0.000
  0.017,297.462,  0.000,  0.000
  0.017,297.228,  0.000,  0.000
  0.017,297.069,  0.000,  0.000
  0.017,297.030,  0.000,  0.000
  0.017,297.099,  0.000,  0.000
  0.017,297.126,  0.000,  0.000
  0.017,297.115,  0.000,  0.000
  0.016,297.075,  0.000,  0.000
  0.016,297.268,  0.000,  0.000
  0.016,297.779,  0.000,  0.000
  0.016,298.083,  0.000,  0.000
  0.016,298.027,  0.000,  0.000
  0.016,298.041,  0.000,  0.000
  0.016,298.025,  0.000,  0.000
  0.016,297.998,  0.000,  0.000
  0.016,297.857,  0.000,  0.000
  0.016,297.847,  0.000,  0.000
  0.016,297.851,  0.000,  0.000
  0.016,297.850,  0.000,  0.000
  0.016,297.871,  0.000,  0.000
  0.016,297.949,  0.000,  0.000
  0.016,297.991,  0.000,  0.000
  0.017,297.951,  0.000,  0.000
  0.017,297.826,  0.000,  0.000
  0.017,297.695,  0.000,  0.000
  0.017,297.536,  0.000,  0.000
  0.017,297.380,  0.000,  0.000
  0.017,297.293,  0.000,  0.000
  0.017,297.274,  0.000,  0.000
  0.017,297.309,  0.000,  0.000
  0.017,297.349,  0.000,  0.000
  0.017,297.393,  0.000,  0.000
  0.017,297.441,  0.000,  0.000
  0.016,297.591,  0.000,  0.000
  0.016,297.915,  0.000,  0.000
  0.016,298.060,  0.000,  0.000
  0.016,298.017,  0.000,  0.000
  0.016,298.035,  0.000,  0.000
  0.016,298.037,  0.000,  0.000
  0.016,298.017,  0.000,  0.000
  0.016,297.882,  0.000,  0.000
  0.016,297.938,  0.000,  0.000
  0.016,297.949,  0.000,  0.000
  0.016,297.972,  0.000,  0.000
  0.016,297.988,  0.000,  0.000
  0.016,298.001,  0.000,  0.000
  0.017,297.994,  0.000,  0.000
  0.017,297.949,  0.000,  0.000
  0.017,297.852,  0.000,  0.000
  0.017,297.742,  0.000,  0.000
  0.017,297.613,  0.000,  0.000
  0.017,297.507,  0.000,  0.000
  0.017,297.441,  0.000,  0.000
  0.017,297.431,  0.000,  0.000
  0.017,297.460,  0.000,  0.000
  0.017,297.510,  0.000,  0.000
  0.017,297.568,  0.000,  0.000
  0.017,297.673,  0.000,  0.000
  0.016,297.872,  0.000,  0.000
  0.016,298.036,  0.000,  0.000
  0.016,298.035,  0.000,  0.000
  0.016,298.031,  0.000,  0.000
  0.016,298.046,  0.000,  0.000
  0.016,298.052,  0.000,  0.000
  0.016,298.045,  0.000,  0.000
  0.016,297.777,  0.000,  0.000
  0.016,298.032,  0.000,  0.000
  0.016,297.976,  0.000,  0.000
  0.016,298.014,  0.000,  0.000
  0.016,298.014,  0.000,  0.000
  0.016,298.021,  0.000,  0.000
  0.016,298.017,  0.000,  0.000
  0.016,297.955,  0.000,  0.000
  0.016,297.881,  0.000,  0.000
  0.017,297.805,  0.000,  0.000
  0.017,297.702,  0.000,  0.000
  0.017,297.612,  0.000,  0.000
  0.017,297.554,  0.000,  0.000
  0.017,297.527,  0.000,  0.000
  0.017,297.554,  0.000,  0.000
  0.017,297.607,  0.000,  0.000
  0.017,297.685,  0.000,  0.000
  0.017,297.847,  0.000,  0.000
  0.016,298.034,  0.000,  0.000
  0.016,298.067,  0.000,  0.000
  0.016,298.041,  0.000,  0.000
  0.016,298.058,  0.000,  0.000
  0.016,298.059,  0.000,  0.000
  0.016,298.069,  0.000,  0.000
  0.016,298.076,  0.000,  0.000
  0.017,297.744,  0.000,  0.000
  0.016,298.016,  0.000,  0.000
  0.016,297.987,  0.000,  0.000
  0.016,298.017,  0.000,  0.000
  0.016,298.010,  0.000,  0.000
  0.016,298.019,  0.000,  0.000
  0.016,298.025,  0.000,  0.000
  0.017,297.980,  0.000,  0.000
  0.017,297.915,  0.000,  0.000
  0.017,297.869,  0.000,  0.000
  0.017,297.806,  0.000,  0.000
  0.017,297.726,  0.000,  0.000
  0.017,297.667,  0.000,  0.000
  0.017,297.633,  0.000,  0.000
  0.017,297.649,  0.000,  0.000
  0.017,297.704,  0.000,  0.000
  0.017,297.825,  0.000,  0.000
  0.016,298.002,  0.000,  0.000
  0.016,298.103,  0.000,  0.000
  0.016,298.077,  0.000,  0.000
  0.016,298.071,  0.000,  0.000
  0.016,298.088,  0.000,  0.000
  0.016,298.072,  0.000,  0.000
  0.016,298.086,  0.000,  0.000
  0.016,298.106,  0.000,  0.000
  0.016,297.922,  0.000,  0.000
  0.016,297.999,  0.000,  0.000
  0.016,298.007,  0.000,  0.000
  0.016,298.043,  0.000,  0.000
  0.016,298.030,  0.000,  0.000
  0.016,298.029,  0.000,  0.000
  0.016,298.035,  0.000,  0.000
  0.016,298.013,  0.000,  0.000
  0.017,297.951,  0.000,  0.000
  0.017,297.893,  0.000,  0.000
  0.017,297.856,  0.000,  0.000
  0.016,297.813,  0.000,  0.000
  0.017,297.785,  0.000,  0.000
  0.017,297.772,  0.000,  0.000
  0.017,297.774,  0.000,  0.000
  0.017,297.848,  0.000,  0.000
  0.017,298.006,  0.000,  0.000
  0.016,298.142,  0.000,  0.000
  0.016,298.144,  0.000,  0.000
  0.016,298.089,  0.000,  0.000
  0.016,298.106,  0.000,  0.000
  0.016,298.115,  0.000,  0.000
  0.016,298.092,  0.000,  0.000
  0.016,298.098,  0.000,  0.000
  0.016,298.118,  0.000,  0.000
  0.016,298.088,  0.000,  0.000
  0.016,298.061,  0.000,  0.000
  0.016,298.065,  0.000,  0.000
  0.016,298.080,  0.000,  0.000
  0.016,298.073,  0.000,  0.000
  0.016,298.065,  0.000,  0.000
  0.016,298.058,  0.000,  0.000
  0.016,298.048,  0.000,  0.000
  0.017,298.007,  0.000,  0.000
  0.017,297.937,  0.000,  0.000
  0.017,297.908,  0.000,  0.000
  0.017,297.910,  0.000,  0.000
  0.017,297.913,  0.000,  0.000
  0.017,297.908,  0.000,  0.000
  0.017,297.926,  0.000,  0.000
  0.017,298.037,  0.000,  0.000
  0.016,298.186,  0.000,  0.000
  0.016,298.225,  0.000,  0.000
  0.016,298.153,  0.000,  0.000
  0.016,298.125,  0.000,  0.000
  0.016,298.136,  0.000,  0.000
  0.016,298.136,  0.000,  0.000
  0.016,298.121,  0.000,  0.000
  0.016,298.121,  0.000,  0.000
  0.016,298.132,  0.000,  0.000
  0.016,298.113,  0.000,  0.000
  0.016,298.026,  0.000,  0.000
  0.016,298.022,  0.000,  0.000
  0.016,298.119,  0.000,  0.000
  0.016,298.111,  0.000,  0.000
  0.016,298.116,  0.000,  0.000
  0.016,298.103,  0.000,  0.000
  0.016,298.097,  0.000,  0.000
  0.016,298.069,  0.000,  0.000
  0.017,298.005,  0.000,  0.000
  0.017,297.954,  0.000,  0.000
  0.017,297.931,  0.000,  0.000
  0.017,297.940,  0.000,  0.000
  0.017,297.934,  0.000,  0.000
  0.017,297.976,  0.000,  0.000
  0.017,298.111,  0.000,  0.000
  0.016,298.258,  0.000,  0.000
  0.016,298.248,  0.000,  0.000
  0.016,298.177,  0.000,  0.000
  0.016,298.173,  0.000,  0.000
  0.016,298.167,  0.000,  0.000
  0.016,298.153,  0.000,  0.000
  0.016,298.153,  0.000,  0.000
  0.016,298.150,  0.000,  0.000
  0.016,298.140,  0.000,  0.000
  0.016,298.107,  0.000,  0.000
  0.016,297.943,  0.000,  0.000
  0.016,298.019,  0.000,  0.000
  0.016,298.171,  0.000,  0.000
  0.016,298.130,  0.000,  0.000
  0.016,298.123,  0.000,  0.000
  0.016,298.141,  0.000,  0.000
  0.016,298.141,  0.000,  0.000
  0.016,298.098,  0.000,  0.000
  0.016,298.062,  0.000,  0.000
  0.016,298.056,  0.000,  0.000
  0.016,298.053,  0.000,  0.000
  0.016,298.043,  0.000,  0.000
  0.016,298.057,  0.000,  0.000
  0.016,298.110,  0.000,  0.000
  0.016,298.253,  0.000,  0.000
  0.016,298.312,  0.000,  0.000
  0.016,298.250,  0.000,  0.000
  0.016,298.248,  0.000,  0.000
  0.016,298.229,  0.000,  0.000
  0.016,298.192,  0.000,  0.000
  0.016,298.177,  0.000,  0.000
  0.016,298.186,  0.000,  0.000
  0.016,298.186,  0.000,  0.000
  0.016,298.167,  0.000,  0.000
  0.016,298.189,  0.000,  0.000
  0.016,298.072,  0.000,  0.000
  0.016,298.164,  0.000,  0.000
  0.016,298.231,  0.000,  0.000
  0.016,298.156,  0.000,  0.000
  0.016,298.115,  0.000,  0.000
  0.016,298.138,  0.000,  0.000
  0.016,298.169,  0.000,  0.000
  0.016,298.152,  0.000,  0.000
  0.016,298.135,  0.000,  0.000
  0.016,298.045,  0.000,  0.000
  0.016,297.814,  0.000,  0.000
  0.016,297.586,  0.000,  0.000
  0.016,297.560,  0.000,  0.000
  0.016,297.616,  0.000,  0.000
  0.016,297.778,  0.000,  0.000
  0.016,298.219,  0.000,  0.000
  0.016,298.317,  0.000,  0.000
  0.016,298.304,  0.000,  0.000
  0.016,298.281,  0.000,  0.000
  0.016,298.223,  0.000,  0.000
  0.016,298.203,  0.000,  0.000
  0.016,298.214,  0.000,  0.000
  0.016,298.220,  0.000,  0.000
  0.016,298.215,  0.000,  0.000
  0.015,298.295,  0.000,  0.000
  0.016,298.252,  0.000,  0.000
  0.016,298.267,  0.000,  0.000
  0.016,298.231,  0.000,  0.000
  0.016,298.169,  0.000,  0.000
  0.016,298.130,  0.000,  0.000
  0.016,298.174,  0.000,  0.000
  0.016,298.211,  0.000,  0.000
  0.016,298.177,  0.000,  0.000
  0.016,298.063,  0.000,  0.000
  0.016,297.834,  0.000,  0.000
  0.016,297.493,  0.000,  0.000
  0.016,297.208,  0.000,  0.000
  0.017,297.280,  0.000,  0.000
  0.017,297.521,  0.000,  0.000
  0.017,297.720,  0.000,  0.000
  0.016,297.918,  0.000,  0.000
  0.016,298.346,  0.000,  0.000
  0.016,298.347,  0.000,  0.000
  0.016,298.295,  0.000,  0.000
  0.016,298.249,  0.000,  0.000
  0.016,298.218,  0.000,  0.000
  0.016,298.225,  0.000,  0.000
  0.016,298.234,  0.000,  0.000
  0.016,298.210,  0.000,  0.000
  0.015,298.423,  0.000,  0.000
  0.016,298.442,  0.001,  0.000
  0.016,298.349,  0.000,  0.000
  0.016,298.230,  0.000,  0.000
  0.016,298.196,  0.000,  0.000
  0.016,298.199,  0.000,  0.000
  0.016,298.238,  0.000,  0.000
  0.016,298.234,  0.000,  0.000
  0.016,298.167,  0.000,  0.000
  0.016,298.003,  0.000,  0.000
  0.016,297.716,  0.000,  0.000
  0.016,297.378,  0.000,  0.000
  0.016,297.250,  0.000,  0.000
  0.016,297.281,  0.000,  0.000
  0.016,297.365,  0.000,  0.000
  0.016,297.537,  0.000,  0.000
  0.016,297.886,  0.000,  0.000
  0.016,298.223,  0.000,  0.000
  0.016,298.418,  0.000,  0.000
  0.016,298.336,  0.000,  0.000
  0.016,298.300,  0.000,  0.000
  0.016,298.264,  0.000,  0.000
  0.016,298.230,  0.000,  0.000
  0.016,298.245,  0.000,  0.000
  0.016,298.229,  0.000,  0.000
  0.015,298.550,  0.000,  0.000
  0.015,298.558,  0.000,  0.000
  0.015,298.441,  0.000,  0.000
  0.016,298.323,  0.000,  0.000
  0.016,298.244,  0.000,  0.000
  0.016,298.139,  0.000,  0.000
  0.016,298.055,  0.001,  0.000
  0.016,298.122,  0.000,  0.000
  0.016,298.172,  0.000,  0.000
  0.016,297.982,  0.000,  0.000
  0.016,297.683,  0.000,  0.000
  0.016,297.389,  0.000,  0.000
  0.016,297.378,  0.000,  0.000
  0.016,297.441,  0.000,  0.000
  0.016,297.568,  0.000,  0.000
  0.016,297.789,  0.000,  0.000
  0.016,297.922,  0.000,  0.000
  0.016,298.066,  0.000,  0.000
  0.016,298.358,  0.000,  0.000
  0.016,298.424,  0.000,  0.000
  0.016,298.358,  0.000,  0.000
  0.016,298.328,  0.000,  0.000
  0.016,298.286,  0.000,  0.000
  0.016,298.237,  0.000,  0.000
  0.016,298.136,  0.000,  0.000
  0.015,298.579,  0.000,  0.000
  0.014,298.513,  0.000,  0.000
  0.015,298.490,  0.000,  0.000
  0.015,298.466,  0.000,  0.000
  0.016,298.287,  0.000,  0.000
  0.016,297.931,  0.000,  0.000
  0.016,297.627,  0.000,  0.000
  0.016,297.798,  0.000,  0.000
  0.016,298.099,  0.000,  0.000
  0.016,298.030,  0.000,  0.000
  0.016,297.778,  0.000,  0.000
  0.016,297.567,  0.000,  0.000
  0.016,297.565,  0.000,  0.000
  0.016,297.641,  0.000,  0.000
  0.016,297.779,  0.000,  0.000
  0.016,297.891,  0.000,  0.000
  0.016,297.905,  0.000,  0.000
  0.016,297.951,  0.000,  0.000
  0.016,298.165,  0.000,  0.000
  0.016,298.434,  0.000,  0.000
  0.016,298.415,  0.000,  0.000
  0.016,298.365,  0.000,  0.000
  0.016,298.332,  0.000,  0.000
  0.017,298.178,  0.000,  0.000
  0.017,297.977,  0.000,  0.000
