  0.017,299.107,  0.000,  0.000
  0.016,299.082,  0.000,  0.000
  0.017,299.058,  0.000,  0.000
  0.017,299.027,  0.000,  0.000
  0.017,299.004,  0.000,  0.000
  0.017,299.000,  0.000,  0.000
  0.017,298.996,  0.000,  0.000
  0.017,298.985,  0.000,  0.000
  0.017,298.969,  0.000,  0.000
  0.017,298.954,  0.000,  0.000
  0.017,298.933,  0.000,  0.000
  0.017,298.907,  0.000,  0.000
  0.017,298.894,  0.000,  0.000
  0.017,298.910,  0.000,  0.000
  0.017,298.950,  0.000,  0.000
  0.016,298.970,  0.000,  0.000
  0.016,298.940,  0.000,  0.000
  0.017,298.891,  0.000,  0.000
  0.017,298.862,  0.000,  0.000
  0.017,298.852,  0.000,  0.000
  0.017,298.841,  0.000,  0.000
  0.017,298.826,  0.000,  0.000
  0.017,298.810,  0.000,  0.000
  0.017,298.824,  0.000,  0.000
  0.017,298.829,  0.000,  0.000
  0.017,299.092,  0.000,  0.000
  0.017,299.088,  0.000,  0.000
  0.017,299.091,  0.000,  0.000
  0.017,299.074,  0.000,  0.000
  0.017,299.045,  0.000,  0.000
  0.017,299.028,  0.000,  0.000
  0.017,299.025,  0.000,  0.000
  0.017,299.027,  0.000,  0.000
  0.017,299.018,  0.000,  0.000
  0.017,298.997,  0.000,  0.000
  0.017,298.973,  0.000,  0.000
  0.017,298.949,  0.000,  0.000
  0.017,298.936,  0.000,  0.000
  0.017,298.957,  0.000,  0.000
  0.016,298.986,  0.000,  0.000
  0.016,298.985,  0.000,  0.000
  0.016,298.948,  0.000,  0.000
  0.016,298.905,  0.000,  0.000
  0.017,298.883,  0.000,  0.000
  0.017,298.879,  0.000,  0.000
  0.017,298.873,  0.000,  0.000
  0.017,298.856,  0.000,  0.000
  0.017,298.843,  0.000,  0.000
  0.017,298.868,  0.000,  0.000
  0.017,298.868,  0.000,  0.000
  0.017,299.089,  0.000,  0.000
  0.017,299.089,  0.000,  0.000
  0.017,299.103,  0.000,  0.000
  0.017,299.100,  0.000,  0.000
  0.017,299.071,  0.000,  0.000
  0.017,299.051,  0.000,  0.000
  0.017,299.052,  0.000,  0.000
  0.017,299.050,  0.000,  0.000
  0.017,299.027,  0.000,  0.000
  0.017,299.006,  0.000,  0.000
  0.017,299.009,  0.000,  0.000
  0.017,299.019,  0.000,  0.000
  0.017,299.017,  0.000,  0.000
  0.017,299.008,  0.000,  0.000
  0.017,298.999,  0.000,  0.000
  0.016,298.975,  0.000,  0.000
  0.016,298.948,  0.000,  0.000
  0.017,298.928,  0.000,  0.000
  0.017,298.913,  0.000,  0.000
  0.017,298.901,  0.000,  0.000
  0.017,298.881,  0.000,  0.000
  0.017,298.858,  0.000,  0.000
  0.017,298.851,  0.000,  0.000
  0.017,298.881,  0.000,  0.000
  0.017,298.886,  0.000,  0.000
  0.017,299.110,  0.000,  0.000
  0.017,299.100,  0.000,  0.000
  0.017,299.116,  0.000,  0.000
  0.017,299.119,  0.000,  0.000
  0.017,299.094,  0.000,  0.000
  0.017,299.067,  0.000,  0.000
  0.017,299.055,  0.000,  0.000
  0.017,299.044,  0.000,  0.000
  0.017,299.021,  0.000,  0.000
  0.017,299.011,  0.000,  0.000
  0.017,299.031,  0.000,  0.000
  0.017,299.054,  0.000,  0.000
  0.017,299.052,  0.000,  0.000
  0.017,299.025,  0.000,  0.000
  0.017,298.992,  0.000,  0.000
  0.017,298.968,  0.000,  0.000
  0.017,298.962,  0.000,  0.000
  0.017,298.967,  0.000,  0.000
  0.017,298.969,  0.000,  0.000
  0.017,298.963,  0.000,  0.000
  0.017,298.942,  0.000,  0.000
  0.017,298.913,  0.000,  0.000
  0.017,298.886,  0.000,  0.000
  0.017,298.897,  0.000,  0.000
  0.017,298.899,  0.000,  0.000
  0.017,299.148,  0.000,  0.000
  0.017,299.134,  0.000,  0.000
  0.017,299.133,  0.000,  0.000
  0.017,299.127,  0.000,  0.000
  0.017,299.107,  0.000,  0.000
  0.017,299.076,  0.000,  0.000
  0.017,299.050,  0.000,  0.000
  0.017,299.040,  0.000,  0.000
  0.017,299.034,  0.000,  0.000
  0.017,299.031,  0.000,  0.000
  0.017,299.039,  0.000,  0.000
  0.017,299.044,  0.000,  0.000
  0.017,299.032,  0.000,  0.000
  0.017,299.005,  0.000,  0.000
  0.017,298.982,  0.000,  0.000
  0.017,298.977,  0.000,  0.000
  0.017,298.990,  0.000,  0.000
  0.017,299.003,  0.000,  0.000
  0.017,299.006,  0.000,  0.000
  0.017,299.004,  0.000,  0.000
  0.016,299.004,  0.000,  0.000
  0.016,299.001,  0.000,  0.000
  0.017,298.977,  0.000,  0.000
  0.017,298.957,  0.000,  0.000
  0.017,298.937,  0.000,  0.000
  0.017,299.165,  0.000,  0.000
  0.017,299.155,  0.000,  0.000
  0.017,299.140,  0.000,  0.000
  0.017,299.125,  0.000,  0.000
  0.017,299.109,  0.000,  0.000
  0.017,299.086,  0.000,  0.000
  0.017,299.062,  0.000,  0.000
  0.017,299.052,  0.000,  0.000
  0.017,299.050,  0.000,  0.000
  0.017,299.053,  0.000,  0.000
  0.017,299.052,  0.000,  0.000
  0.017,299.046,  0.000,  0.000
  0.017,299.033,  0.000,  0.000
  0.017,299.018,  0.000,  0.000
  0.017,299.006,  0.000,  0.000
  0.017,299.002,  0.000,  0.000
  0.017,299.003,  0.000,  0.000
  0.017,299.003,  0.000,  0.000
  0.017,299.007,  0.000,  0.000
  0.017,299.018,  0.000,  0.000
  0.017,299.035,  0.000,  0.000
  0.016,299.042,  0.000,  0.000
  0.016,299.022,  0.000,  0.000
  0.017,298.998,  0.000,  0.000
  0.017,298.968,  0.000,  0.000
  0.017,299.168,  0.000,  0.000
  0.017,299.151,  0.000,  0.000
  0.017,299.132,  0.000,  0.000
  0.017,299.122,  0.000,  0.000
  0.017,299.109,  0.000,  0.000
  0.017,299.087,  0.000,  0.000
  0.017,299.062,  0.000,  0.000
  0.017,299.047,  0.000,  0.000
  0.017,299.046,  0.000,  0.000
  0.017,299.057,  0.000,  0.000
  0.017,299.056,  0.000,  0.000
  0.017,299.045,  0.000,  0.000
  0.017,299.040,  0.000,  0.000
  0.017,299.043,  0.000,  0.000
  0.017,299.045,  0.000,  0.000
  0.017,299.038,  0.000,  0.000
  0.017,299.025,  0.000,  0.000
  0.017,299.021,  0.000,  0.000
  0.017,299.034,  0.000,  0.000
  0.017,299.056,  0.000,  0.000
  0.017,299.072,  0.000,  0.000
  0.016,299.064,  0.000,  0.000
  0.016,299.031,  0.000,  0.000
  0.017,299.008,  0.000,  0.000
  0.017,298.984,  0.000,  0.000
  0.017,299.191,  0.000,  0.000
  0.017,299.159,  0.000,  0.000
  0.017,299.144,  0.000,  0.000
  0.017,299.137,  0.000,  0.000
  0.017,299.123,  0.000,  0.000
  0.017,299.098,  0.000,  0.000
  0.017,299.069,  0.000,  0.000
  0.017,299.050,  0.000,  0.000
  0.017,299.047,  0.000,  0.000
  0.017,299.054,  0.000,  0.000
  0.017,299.054,  0.000,  0.000
  0.017,299.052,  0.000,  0.000
  0.017,299.056,  0.000,  0.000
  0.017,299.068,  0.000,  0.000
  0.017,299.072,  0.000,  0.000
  0.017,299.060,  0.000,  0.000
  0.017,299.044,  0.000,  0.000
  0.017,299.044,  0.000,  0.000
  0.017,299.056,  0.000,  0.000
  0.017,299.068,  0.000,  0.000
  0.017,299.068,  0.000,  0.000
  0.016,299.062,  0.000,  0.000
  0.016,299.046,  0.000,  0.000
  0.016,299.033,  0.000,  0.000
  0.016,299.009,  0.000,  0.000
  0.017,299.227,  0.000,  0.000
  0.017,299.204,  0.000,  0.000
  0.017,299.197,  0.000,  0.000
  0.017,299.194,  0.000,  0.000
  0.017,299.179,  0.000,  0.000
  0.017,299.152,  0.000,  0.000
  0.017,299.126,  0.000,  0.000
  0.017,299.109,  0.000,  0.000
  0.017,299.101,  0.000,  0.000
  0.017,299.096,  0.000,  0.000
  0.017,299.096,  0.000,  0.000
  0.017,299.113,  0.000,  0.000
  0.017,299.136,  0.000,  0.000
  0.017,299.144,  0.000,  0.000
  0.017,299.122,  0.000,  0.000
  0.017,299.092,  0.000,  0.000
  0.017,299.076,  0.000,  0.000
  0.017,299.080,  0.000,  0.000
  0.017,299.088,  0.000,  0.000
  0.017,299.081,  0.000,  0.000
  0.017,299.066,  0.000,  0.000
  0.017,299.054,  0.000,  0.000
  0.016,299.051,  0.000,  0.000
  0.016,299.049,  0.000,  0.000
  0.016,299.030,  0.000,  0.000
  0.017,299.247,  0.000,  0.000
  0.017,299.251,  0.000,  0.000
  0.017,299.266,  0.000,  0.000
  0.017,299.275,  0.000,  0.000
  0.017,299.262,  0.000,  0.000
  0.017,299.236,  0.000,  0.000
  0.017,299.219,  0.000,  0.000
  0.017,299.217,  0.000,  0.000
  0.017,299.217,  0.000,  0.000
  0.017,299.206,  0.000,  0.000
  0.017,299.198,  0.000,  0.000
  0.017,299.212,  0.000,  0.000
  0.017,299.230,  0.000,  0.000
  0.017,299.225,  0.000,  0.000
  0.017,299.200,  0.000,  0.000
  0.017,299.172,  0.000,  0.000
  0.017,299.156,  0.000,  0.000
  0.017,299.156,  0.000,  0.000
  0.017,299.154,  0.000,  0.000
  0.017,299.142,  0.000,  0.000
  0.017,299.123,  0.000,  0.000
  0.017,299.107,  0.000,  0.000
  0.017,299.098,  0.000,  0.000
  0.017,299.097,  0.000,  0.000
  0.016,299.082,  0.000,  0.000
  0.017,299.262,  0.000,  0.000
  0.017,299.270,  0.000,  0.000
  0.017,299.291,  0.000,  0.000
  0.017,299.302,  0.000,  0.000
  0.017,299.292,  0.000,  0.000
  0.017,299.283,  0.000,  0.000
  0.017,299.284,  0.000,  0.000
  0.017,299.289,  0.000,  0.000
  0.017,299.295,  0.000,  0.000
  0.016,299.292,  0.000,  0.000
  0.017,299.273,  0.000,  0.000
  0.017,299.253,  0.000,  0.000
  0.017,299.239,  0.000,  0.000
  0.017,299.232,  0.000,  0.000
  0.016,299.227,  0.000,  0.000
  0.016,299.217,  0.000,  0.000
  0.016,299.201,  0.000,  0.000
  0.016,299.185,  0.000,  0.000
  0.016,299.170,  0.000,  0.000
  0.016,299.158,  0.000,  0.000
  0.016,299.143,  0.000,  0.000
  0.016,299.120,  0.000,  0.000
  0.016,299.104,  0.000,  0.000
  0.016,299.100,  0.000,  0.000
  0.016,299.086,  0.000,  0.000
  0.017,299.303,  0.000,  0.000
  0.017,299.295,  0.000,  0.000
  0.017,299.298,  0.000,  0.000
  0.017,299.301,  0.000,  0.000
  0.017,299.292,  0.000,  0.000
  0.017,299.280,  0.000,  0.000
  0.017,299.282,  0.000,  0.000
  0.017,299.290,  0.000,  0.000
  0.017,299.289,  0.000,  0.000
  0.017,299.271,  0.000,  0.000
  0.017,299.251,  0.000,  0.000
  0.016,299.234,  0.000,  0.000
  0.017,299.220,  0.000,  0.000
  0.017,299.211,  0.000,  0.000
  0.017,299.205,  0.000,  0.000
  0.017,299.199,  0.000,  0.000
  0.016,299.185,  0.000,  0.000
  0.016,299.173,  0.000,  0.000
  0.016,299.170,  0.000,  0.000
  0.016,299.165,  0.000,  0.000
  0.017,299.145,  0.000,  0.000
  0.016,299.107,  0.000,  0.000
  0.016,299.077,  0.000,  0.000
  0.016,299.063,  0.000,  0.000
  0.016,299.060,  0.000,  0.000
  0.017,299.321,  0.000,  0.000
  0.017,299.321,  0.000,  0.000
  0.017,299.314,  0.000,  0.000
  0.017,299.307,  0.000,  0.000
  0.017,299.297,  0.000,  0.000
  0.017,299.282,  0.000,  0.000
  0.017,299.276,  0.000,  0.000
  0.017,299.282,  0.000,  0.000
  0.017,299.278,  0.000,  0.000
  0.017,299.260,  0.000,  0.000
  0.017,299.250,  0.000,  0.000
  0.017,299.245,  0.000,  0.000
  0.017,299.225,  0.000,  0.000
  0.017,299.202,  0.000,  0.000
  0.017,299.197,  0.000,  0.000
  0.017,299.200,  0.000,  0.000
  0.017,299.193,  0.000,  0.000
  0.017,299.177,  0.000,  0.000
  0.016,299.159,  0.000,  0.000
  0.016,299.145,  0.000,  0.000
  0.017,299.133,  0.000,  0.000
  0.017,299.123,  0.000,  0.000
  0.017,299.097,  0.000,  0.000
  0.017,299.065,  0.000,  0.000
  0.017,299.062,  0.000,  0.000
  0.017,299.289,  0.000,  0.000
  0.017,299.293,  0.000,  0.000
  0.017,299.302,  0.000,  0.000
  0.017,299.311,  0.000,  0.000
  0.017,299.308,  0.000,  0.000
  0.017,299.300,  0.000,  0.000
  0.017,299.297,  0.000,  0.000
  0.017,299.294,  0.000,  0.000
  0.017,299.284,  0.000,  0.000
  0.017,299.274,  0.000,  0.000
  0.017,299.267,  0.000,  0.000
  0.017,299.257,  0.000,  0.000
  0.017,299.241,  0.000,  0.000
  0.017,299.228,  0.000,  0.000
  0.017,299.213,  0.000,  0.000
  0.016,299.198,  0.000,  0.000
  0.016,299.183,  0.000,  0.000
  0.017,299.171,  0.000,  0.000
  0.017,299.153,  0.000,  0.000
  0.017,299.123,  0.000,  0.000
  0.017,299.095,  0.000,  0.000
  0.016,299.095,  0.000,  0.000
  0.017,299.111,  0.000,  0.000
  0.017,299.123,  0.000,  0.000
  0.017,299.120,  0.000,  0.000
  0.017,299.283,  0.000,  0.000
  0.017,299.263,  0.000,  0.000
  0.017,299.274,  0.000,  0.000
  0.017,299.288,  0.000,  0.000
  0.017,299.294,  0.000,  0.000
  0.017,299.304,  0.000,  0.000
  0.017,299.310,  0.000,  0.000
  0.017,299.304,  0.000,  0.000
  0.017,299.288,  0.000,  0.000
  0.017,299.275,  0.000,  0.000
  0.017,299.258,  0.000,  0.000
  0.017,299.237,  0.000,  0.000
  0.017,299.228,  0.000,  0.000
  0.017,299.235,  0.000,  0.000
  0.017,299.233,  0.000,  0.000
  0.017,299.207,  0.000,  0.000
  0.016,299.179,  0.000,  0.000
  0.017,299.171,  0.000,  0.000
  0.017,299.167,  0.000,  0.000
  0.017,299.139,  0.000,  0.000
  0.017,299.094,  0.000,  0.000
  0.016,299.070,  0.000,  0.000
  0.017,299.090,  0.000,  0.000
  0.017,299.115,  0.000,  0.000
  0.017,299.118,  0.000,  0.000
