  0.016,299.939,  0.000,  0.000
  0.016,299.961,  0.000,  0.000
  0.016,299.984,  0.000,  0.000
  0.016,300.007,  0.000,  0.000
  0.016,300.029,  0.000,  0.000
  0.016,300.051,  0.000,  0.000
  0.016,300.072,  0.000,  0.000
  0.016,300.093,  0.000,  0.000
  0.016,300.111,  0.000,  0.000
  0.016,300.126,  0.000,  0.000
  0.016,300.139,  0.000,  0.000
  0.016,300.151,  0.000,  0.000
  0.016,300.161,  0.000,  0.000
  0.016,300.171,  0.000,  0.000
  0.016,300.179,  0.000,  0.000
  0.016,300.187,  0.000,  0.000
  0.016,300.194,  0.000,  0.000
  0.016,300.200,  0.000,  0.000
  0.016,300.206,  0.000,  0.000
  0.016,300.212,  0.000,  0.000
  0.016,300.217,  0.000,  0.000
  0.016,300.221,  0.000,  0.000
  0.016,300.226,  0.000,  0.000
  0.016,300.252,  0.000,  0.000
  0.016,300.254,  0.000,  0.000
  0.016,299.955,  0.000,  0.000
  0.016,299.976,  0.000,  0.000
  0.016,299.997,  0.000,  0.000
  0.016,300.018,  0.000,  0.000
  0.016,300.038,  0.000,  0.000
  0.016,300.057,  0.000,  0.000
  0.016,300.076,  0.000,  0.000
  0.016,300.094,  0.000,  0.000
  0.016,300.110,  0.000,  0.000
  0.016,300.123,  0.000,  0.000
  0.016,300.135,  0.000,  0.000
  0.016,300.146,  0.000,  0.000
  0.016,300.155,  0.000,  0.000
  0.016,300.164,  0.000,  0.000
  0.016,300.172,  0.000,  0.000
  0.016,300.179,  0.000,  0.000
  0.016,300.186,  0.000,  0.000
  0.016,300.192,  0.000,  0.000
  0.016,300.198,  0.000,  0.000
  0.016,300.203,  0.000,  0.000
  0.016,300.207,  0.000,  0.000
  0.016,300.212,  0.000,  0.000
  0.016,300.216,  0.000,  0.000
  0.016,300.242,  0.000,  0.000
  0.016,300.244,  0.000,  0.000
  0.016,299.969,  0.000,  0.000
  0.016,299.988,  0.000,  0.000
  0.016,300.007,  0.000,  0.000
  0.016,300.026,  0.000,  0.000
  0.016,300.044,  0.000,  0.000
  0.016,300.062,  0.000,  0.000
  0.016,300.079,  0.000,  0.000
  0.016,300.095,  0.000,  0.000
  0.016,300.109,  0.000,  0.000
  0.016,300.121,  0.000,  0.000
  0.016,300.132,  0.000,  0.000
  0.016,300.141,  0.000,  0.000
  0.016,300.150,  0.000,  0.000
  0.016,300.158,  0.000,  0.000
  0.016,300.165,  0.000,  0.000
  0.016,300.171,  0.000,  0.000
  0.016,300.177,  0.000,  0.000
  0.016,300.183,  0.000,  0.000
  0.016,300.189,  0.000,  0.000
  0.016,300.194,  0.000,  0.000
  0.016,300.198,  0.000,  0.000
  0.016,300.202,  0.000,  0.000
  0.016,300.207,  0.000,  0.000
  0.016,300.231,  0.000,  0.000
  0.016,300.234,  0.000,  0.000
  0.016,299.982,  0.000,  0.000
  0.016,300.000,  0.000,  0.000
  0.016,300.017,  0.000,  0.000
  0.016,300.035,  0.000,  0.000
  0.016,300.051,  0.000,  0.000
  0.016,300.066,  0.000,  0.000
  0.016,300.081,  0.000,  0.000
  0.016,300.095,  0.000,  0.000
  0.016,300.107,  0.000,  0.000
  0.016,300.118,  0.000,  0.000
  0.016,300.128,  0.000,  0.000
  0.016,300.137,  0.000,  0.000
  0.016,300.144,  0.000,  0.000
  0.016,300.152,  0.000,  0.000
  0.016,300.158,  0.000,  0.000
  0.016,300.164,  0.000,  0.000
  0.016,300.169,  0.000,  0.000
  0.016,300.175,  0.000,  0.000
  0.016,300.180,  0.000,  0.000
  0.016,300.185,  0.000,  0.000
  0.016,300.189,  0.000,  0.000
  0.016,300.194,  0.000,  0.000
  0.016,300.198,  0.000,  0.000
  0.016,300.219,  0.000,  0.000
  0.016,300.222,  0.000,  0.000
  0.016,299.994,  0.000,  0.000
  0.016,300.010,  0.000,  0.000
  0.016,300.025,  0.000,  0.000
  0.016,300.041,  0.000,  0.000
  0.016,300.055,  0.000,  0.000
  0.016,300.069,  0.000,  0.000
  0.016,300.082,  0.000,  0.000
  0.016,300.094,  0.000,  0.000
  0.016,300.105,  0.000,  0.000
  0.016,300.115,  0.000,  0.000
  0.016,300.124,  0.000,  0.000
  0.016,300.132,  0.000,  0.000
  0.016,300.139,  0.000,  0.000
  0.016,300.145,  0.000,  0.000
  0.016,300.151,  0.000,  0.000
  0.016,300.156,  0.000,  0.000
  0.016,300.161,  0.000,  0.000
  0.016,300.166,  0.000,  0.000
  0.016,300.171,  0.000,  0.000
  0.016,300.175,  0.000,  0.000
  0.016,300.180,  0.000,  0.000
  0.016,300.185,  0.000,  0.000
  0.016,300.190,  0.000,  0.000
  0.016,300.208,  0.000,  0.000
  0.016,300.212,  0.000,  0.000
  0.016,300.004,  0.000,  0.000
  0.016,300.018,  0.000,  0.000
  0.016,300.032,  0.000,  0.000
  0.016,300.046,  0.000,  0.000
  0.016,300.059,  0.000,  0.000
  0.016,300.071,  0.000,  0.000
  0.016,300.082,  0.000,  0.000
  0.016,300.093,  0.000,  0.000
  0.016,300.103,  0.000,  0.000
  0.016,300.112,  0.000,  0.000
  0.016,300.120,  0.000,  0.000
  0.016,300.127,  0.000,  0.000
  0.016,300.133,  0.000,  0.000
  0.016,300.139,  0.000,  0.000
  0.016,300.144,  0.000,  0.000
  0.016,300.149,  0.000,  0.000
  0.016,300.154,  0.000,  0.000
  0.016,300.159,  0.000,  0.000
  0.016,300.164,  0.000,  0.000
  0.016,300.169,  0.000,  0.000
  0.016,300.174,  0.000,  0.000
  0.016,300.179,  0.000,  0.000
  0.015,300.136,  0.000,  0.000
  0.015,300.147,  0.000,  0.000
  0.015,300.151,  0.000,  0.000
  0.016,300.014,  0.000,  0.000
  0.016,300.026,  0.000,  0.000
  0.016,300.039,  0.000,  0.000
  0.016,300.051,  0.000,  0.000
  0.016,300.063,  0.000,  0.000
  0.016,300.074,  0.000,  0.000
  0.016,300.085,  0.000,  0.000
  0.016,300.095,  0.000,  0.000
  0.016,300.104,  0.000,  0.000
  0.016,300.112,  0.000,  0.000
  0.016,300.119,  0.000,  0.000
  0.016,300.126,  0.000,  0.000
  0.016,300.132,  0.000,  0.000
  0.016,300.124,  0.000,  0.000
  0.016,300.124,  0.000,  0.000
  0.015,300.101,  0.000,  0.000
  0.015,300.113,  0.000,  0.000
  0.016,300.134,  0.000,  0.000
  0.015,300.108,  0.000,  0.000
  0.015,300.113,  0.000,  0.000
  0.015,300.118,  0.000,  0.000
  0.015,300.123,  0.000,  0.000
  0.015,300.129,  0.000,  0.000
  0.015,300.139,  0.000,  0.000
  0.015,300.144,  0.000,  0.000
  0.016,300.023,  0.000,  0.000
  0.016,300.035,  0.000,  0.000
  0.016,300.046,  0.000,  0.000
  0.016,300.057,  0.000,  0.000
  0.016,300.068,  0.000,  0.000
  0.016,300.078,  0.000,  0.000
  0.016,300.088,  0.000,  0.000
  0.016,300.097,  0.000,  0.000
  0.016,300.105,  0.000,  0.000
  0.016,300.113,  0.000,  0.000
  0.016,300.119,  0.000,  0.000
  0.016,300.111,  0.000,  0.000
  0.015,300.092,  0.000,  0.000
  0.016,300.115,  0.000,  0.000
  0.016,300.118,  0.000,  0.000
  0.015,300.095,  0.000,  0.000
  0.015,300.092,  0.000,  0.000
  0.015,300.096,  0.000,  0.000
  0.015,300.101,  0.000,  0.000
  0.015,300.106,  0.000,  0.000
  0.015,300.111,  0.000,  0.000
  0.015,300.117,  0.000,  0.000
  0.015,300.123,  0.000,  0.000
  0.015,300.132,  0.000,  0.000
  0.015,300.138,  0.000,  0.000
  0.016,300.032,  0.000,  0.000
  0.016,300.042,  0.000,  0.000
  0.016,300.053,  0.000,  0.000
  0.016,300.063,  0.000,  0.000
  0.016,300.073,  0.000,  0.000
  0.016,300.082,  0.000,  0.000
  0.016,300.091,  0.000,  0.000
  0.016,300.099,  0.000,  0.000
  0.016,300.106,  0.000,  0.000
  0.016,300.112,  0.000,  0.000
  0.016,300.096,  0.000,  0.000
  0.015,300.078,  0.000,  0.000
  0.015,300.066,  0.000,  0.000
  0.015,300.069,  0.000,  0.000
  0.015,300.074,  0.000,  0.000
  0.015,300.079,  0.000,  0.000
  0.015,300.083,  0.000,  0.000
  0.015,300.088,  0.000,  0.000
  0.015,300.092,  0.000,  0.000
  0.015,300.098,  0.000,  0.000
  0.015,300.103,  0.000,  0.000
  0.015,300.109,  0.000,  0.000
  0.015,300.116,  0.000,  0.000
  0.015,300.124,  0.000,  0.000
  0.015,300.131,  0.000,  0.000
  0.016,300.041,  0.000,  0.000
  0.016,300.051,  0.000,  0.000
  0.016,300.060,  0.000,  0.000
  0.016,300.070,  0.000,  0.000
  0.016,300.078,  0.000,  0.000
  0.016,300.087,  0.000,  0.000
  0.016,300.095,  0.000,  0.000
  0.015,300.052,  0.000,  0.000
  0.015,300.057,  0.000,  0.000
  0.015,300.054,  0.000,  0.000
  0.015,300.049,  0.000,  0.000
  0.015,300.055,  0.000,  0.000
  0.015,300.059,  0.000,  0.000
  0.015,300.063,  0.000,  0.000
  0.015,300.067,  0.000,  0.000
  0.015,300.071,  0.000,  0.000
  0.015,300.075,  0.000,  0.000
  0.015,300.080,  0.000,  0.000
  0.015,300.085,  0.000,  0.000
  0.015,300.090,  0.000,  0.000
  0.015,300.096,  0.000,  0.000
  0.015,300.102,  0.000,  0.000
  0.015,300.109,  0.000,  0.000
  0.015,300.116,  0.000,  0.000
  0.015,300.123,  0.000,  0.000
  0.016,300.031,  0.000,  0.000
  0.015,300.005,  0.000,  0.000
  0.016,300.048,  0.000,  0.000
  0.015,300.020,  0.000,  0.000
  0.015,300.028,  0.000,  0.000
  0.015,300.026,  0.000,  0.000
  0.015,300.043,  0.000,  0.000
  0.015,300.030,  0.000,  0.000
  0.015,300.036,  0.000,  0.000
  0.015,300.042,  0.000,  0.000
  0.015,300.048,  0.000,  0.000
  0.015,300.052,  0.000,  0.000
  0.015,300.056,  0.000,  0.000
  0.015,300.059,  0.000,  0.000
  0.015,300.062,  0.000,  0.000
  0.015,300.066,  0.000,  0.000
  0.015,300.070,  0.000,  0.000
  0.015,300.074,  0.000,  0.000
  0.015,300.079,  0.000,  0.000
  0.015,300.084,  0.000,  0.000
  0.015,300.089,  0.000,  0.000
  0.015,300.095,  0.000,  0.000
  0.015,300.102,  0.000,  0.000
  0.015,300.109,  0.000,  0.000
  0.015,300.117,  0.000,  0.000
  0.016,300.027,  0.000,  0.000
  0.015,300.005,  0.000,  0.000
  0.016,300.039,  0.000,  0.000
  0.015,299.997,  0.000,  0.000
  0.015,300.005,  0.000,  0.000
  0.015,300.013,  0.000,  0.000
  0.015,300.021,  0.000,  0.000
  0.015,300.028,  0.000,  0.000
  0.015,300.034,  0.000,  0.000
  0.015,300.039,  0.000,  0.000
  0.015,300.044,  0.000,  0.000
  0.015,300.047,  0.000,  0.000
  0.015,300.051,  0.000,  0.000
  0.015,300.055,  0.000,  0.000
  0.015,300.058,  0.000,  0.000
  0.015,300.062,  0.000,  0.000
  0.015,300.065,  0.000,  0.000
  0.015,300.069,  0.000,  0.000
  0.015,300.073,  0.000,  0.000
  0.015,300.078,  0.000,  0.000
  0.015,300.084,  0.000,  0.000
  0.015,300.090,  0.000,  0.000
  0.015,300.096,  0.000,  0.000
  0.015,300.104,  0.000,  0.000
  0.015,300.112,  0.000,  0.000
  0.015,299.971,  0.000,  0.000
  0.015,299.980,  0.000,  0.000
  0.015,299.989,  0.000,  0.000
  0.015,299.997,  0.000,  0.000
  0.015,300.005,  0.000,  0.000
  0.015,300.012,  0.000,  0.000
  0.015,300.019,  0.000,  0.000
  0.015,300.025,  0.000,  0.000
  0.015,300.030,  0.000,  0.000
  0.015,300.035,  0.000,  0.000
  0.015,300.039,  0.000,  0.000
  0.015,300.042,  0.000,  0.000
  0.015,300.046,  0.000,  0.000
  0.015,300.050,  0.000,  0.000
  0.015,300.054,  0.000,  0.000
  0.015,300.057,  0.000,  0.000
  0.015,300.060,  0.000,  0.000
  0.015,300.064,  0.000,  0.000
  0.015,300.068,  0.000,  0.000
  0.015,300.073,  0.000,  0.000
  0.015,300.079,  0.000,  0.000
  0.015,300.085,  0.000,  0.000
  0.015,300.092,  0.000,  0.000
  0.015,300.100,  0.000,  0.000
  0.015,300.109,  0.000,  0.000
  0.015,299.972,  0.000,  0.000
  0.015,299.980,  0.000,  0.000
  0.015,299.988,  0.000,  0.000
  0.015,299.996,  0.000,  0.000
  0.015,300.003,  0.000,  0.000
  0.015,300.010,  0.000,  0.000
  0.015,300.017,  0.000,  0.000
  0.015,300.022,  0.000,  0.000
  0.015,300.027,  0.000,  0.000
  0.015,300.031,  0.000,  0.000
  0.015,300.035,  0.000,  0.000
  0.015,300.038,  0.000,  0.000
  0.015,300.042,  0.000,  0.000
  0.015,300.045,  0.000,  0.000
  0.015,300.048,  0.000,  0.000
  0.015,300.051,  0.000,  0.000
  0.015,300.055,  0.000,  0.000
  0.015,300.059,  0.000,  0.000
  0.015,300.064,  0.000,  0.000
  0.015,300.069,  0.000,  0.000
  0.015,300.074,  0.000,  0.000
  0.015,300.081,  0.000,  0.000
  0.015,300.088,  0.000,  0.000
  0.015,300.097,  0.000,  0.000
  0.015,300.106,  0.000,  0.000
  0.015,299.971,  0.000,  0.000
  0.015,299.979,  0.000,  0.000
  0.015,299.987,  0.000,  0.000
  0.015,299.994,  0.000,  0.000
  0.015,300.002,  0.000,  0.000
  0.015,300.008,  0.000,  0.000
  0.015,300.014,  0.000,  0.000
  0.015,300.020,  0.000,  0.000
  0.015,300.024,  0.000,  0.000
  0.015,300.028,  0.000,  0.000
  0.015,300.032,  0.000,  0.000
  0.015,300.035,  0.000,  0.000
  0.015,300.038,  0.000,  0.000
  0.015,300.041,  0.000,  0.000
  0.015,300.044,  0.000,  0.000
  0.015,300.047,  0.000,  0.000
  0.015,300.050,  0.000,  0.000
  0.015,300.055,  0.000,  0.000
  0.015,300.059,  0.000,  0.000
  0.015,300.064,  0.000,  0.000
  0.015,300.070,  0.000,  0.000
  0.015,300.077,  0.000,  0.000
  0.015,300.085,  0.000,  0.000
  0.015,300.094,  0.000,  0.000
  0.015,300.103,  0.000,  0.000
