  0.019,300.743,  0.000,  0.000
  0.018,300.767,  0.000,  0.000
  0.018,300.733,  0.000,  0.000
  0.019,300.653,  0.000,  0.000
  0.019,300.597,  0.000,  0.000
  0.019,300.589,  0.000,  0.000
  0.019,300.644,  0.000,  0.000
  0.019,300.696,  0.000,  0.000
  0.019,300.577,  0.000,  0.000
  0.019,300.329,  0.000,  0.000
  0.019,300.186,  0.000,  0.000
  0.019,300.163,  0.000,  0.000
  0.019,300.101,  0.000,  0.000
  0.019,299.953,  0.000,  0.000
  0.019,299.818,  0.000,  0.000
  0.020,299.873,  0.000,  0.000
  0.019,300.401,  0.000,  0.000
  0.019,300.626,  0.000,  0.000
  0.019,300.644,  0.000,  0.000
  0.019,300.593,  0.000,  0.000
  0.019,300.496,  0.000,  0.000
  0.019,300.453,  0.000,  0.000
  0.019,300.443,  0.000,  0.000
  0.019,300.459,  0.000,  0.000
  0.019,300.438,  0.000,  0.000
  0.019,300.758,  0.000,  0.000
  0.018,300.774,  0.000,  0.000
  0.019,300.717,  0.000,  0.000
  0.019,300.622,  0.000,  0.000
  0.019,300.563,  0.000,  0.000
  0.019,300.562,  0.000,  0.000
  0.019,300.603,  0.000,  0.000
  0.019,300.570,  0.000,  0.000
  0.019,300.414,  0.000,  0.000
  0.019,300.273,  0.000,  0.000
  0.019,300.207,  0.000,  0.000
  0.019,300.183,  0.000,  0.000
  0.019,300.137,  0.000,  0.000
  0.019,300.044,  0.000,  0.000
  0.019,299.929,  0.000,  0.000
  0.020,300.037,  0.000,  0.000
  0.019,300.464,  0.000,  0.000
  0.019,300.618,  0.000,  0.000
  0.019,300.621,  0.000,  0.000
  0.019,300.579,  0.000,  0.000
  0.019,300.500,  0.000,  0.000
  0.019,300.489,  0.000,  0.000
  0.019,300.485,  0.000,  0.000
  0.019,300.456,  0.000,  0.000
  0.019,300.440,  0.000,  0.000
  0.019,300.767,  0.000,  0.000
  0.019,300.772,  0.000,  0.000
  0.019,300.701,  0.000,  0.000
  0.019,300.594,  0.000,  0.000
  0.019,300.521,  0.000,  0.000
  0.019,300.507,  0.000,  0.000
  0.019,300.499,  0.000,  0.000
  0.019,300.412,  0.000,  0.000
  0.019,300.322,  0.000,  0.000
  0.019,300.292,  0.000,  0.000
  0.019,300.234,  0.000,  0.000
  0.019,300.212,  0.000,  0.000
  0.019,300.191,  0.000,  0.000
  0.019,300.159,  0.000,  0.000
  0.019,300.038,  0.000,  0.000
  0.020,300.173,  0.000,  0.000
  0.019,300.539,  0.000,  0.000
  0.019,300.627,  0.000,  0.000
  0.019,300.617,  0.000,  0.000
  0.019,300.602,  0.000,  0.000
  0.019,300.543,  0.000,  0.000
  0.019,300.516,  0.000,  0.000
  0.019,300.491,  0.000,  0.000
  0.019,300.453,  0.000,  0.000
  0.019,300.435,  0.000,  0.000
  0.019,300.774,  0.000,  0.000
  0.019,300.774,  0.000,  0.000
  0.019,300.693,  0.000,  0.000
  0.019,300.575,  0.000,  0.000
  0.019,300.481,  0.000,  0.000
  0.019,300.430,  0.000,  0.000
  0.019,300.372,  0.000,  0.000
  0.019,300.306,  0.000,  0.000
  0.019,300.298,  0.000,  0.000
  0.019,300.303,  0.000,  0.000
  0.019,300.247,  0.000,  0.000
  0.019,300.242,  0.000,  0.000
  0.019,300.220,  0.000,  0.000
  0.019,300.199,  0.000,  0.000
  0.020,300.120,  0.000,  0.000
  0.020,300.364,  0.000,  0.000
  0.019,300.627,  0.000,  0.000
  0.019,300.658,  0.000,  0.000
  0.019,300.640,  0.000,  0.000
  0.019,300.634,  0.000,  0.000
  0.019,300.590,  0.000,  0.000
  0.019,300.524,  0.000,  0.000
  0.019,300.462,  0.000,  0.000
  0.020,300.456,  0.000,  0.000
  0.020,300.395,  0.000,  0.000
  0.019,300.785,  0.000,  0.000
  0.019,300.788,  0.000,  0.000
  0.019,300.703,  0.000,  0.000
  0.019,300.561,  0.000,  0.000
  0.019,300.438,  0.000,  0.000
  0.019,300.362,  0.000,  0.000
  0.019,300.300,  0.000,  0.000
  0.019,300.285,  0.000,  0.000
  0.019,300.321,  0.000,  0.000
  0.019,300.314,  0.000,  0.000
  0.019,300.292,  0.000,  0.000
  0.019,300.277,  0.000,  0.000
  0.019,300.235,  0.000,  0.000
  0.020,300.198,  0.000,  0.000
  0.020,300.293,  0.000,  0.000
  0.020,300.582,  0.000,  0.000
  0.019,300.677,  0.000,  0.000
  0.019,300.692,  0.000,  0.000
  0.019,300.666,  0.000,  0.000
  0.019,300.651,  0.000,  0.000
  0.019,300.628,  0.000,  0.000
  0.019,300.567,  0.000,  0.000
  0.020,300.472,  0.000,  0.000
  0.020,300.131,  0.000,  0.000
  0.021,300.388,  0.000,  0.000
  0.019,300.806,  0.000,  0.000
  0.019,300.814,  0.000,  0.000
  0.019,300.724,  0.000,  0.000
  0.019,300.549,  0.000,  0.000
  0.019,300.395,  0.000,  0.000
  0.019,300.332,  0.000,  0.000
  0.019,300.308,  0.000,  0.000
  0.019,300.324,  0.000,  0.000
  0.019,300.374,  0.000,  0.000
  0.019,300.368,  0.000,  0.000
  0.019,300.350,  0.000,  0.000
  0.019,300.301,  0.000,  0.000
  0.020,300.277,  0.000,  0.000
  0.020,300.274,  0.000,  0.000
  0.020,300.532,  0.000,  0.000
  0.019,300.677,  0.000,  0.000
  0.019,300.692,  0.000,  0.000
  0.019,300.701,  0.000,  0.000
  0.019,300.676,  0.000,  0.000
  0.019,300.653,  0.000,  0.000
  0.019,300.657,  0.000,  0.000
  0.019,300.614,  0.000,  0.000
  0.019,300.502,  0.000,  0.000
  0.021,300.259,  0.000,  0.000
  0.020,300.103,  0.000,  0.000
  0.019,300.832,  0.000,  0.000
  0.019,300.841,  0.000,  0.000
  0.019,300.742,  0.000,  0.000
  0.020,300.539,  0.000,  0.000
  0.020,300.376,  0.000,  0.000
  0.020,300.346,  0.000,  0.000
  0.019,300.364,  0.000,  0.000
  0.019,300.388,  0.000,  0.000
  0.019,300.416,  0.000,  0.000
  0.019,300.400,  0.000,  0.000
  0.019,300.382,  0.000,  0.000
  0.020,300.349,  0.000,  0.000
  0.020,300.371,  0.000,  0.000
  0.020,300.420,  0.000,  0.000
  0.019,300.624,  0.000,  0.000
  0.019,300.593,  0.000,  0.000
  0.019,300.668,  0.000,  0.000
  0.020,300.680,  0.000,  0.000
  0.020,300.660,  0.000,  0.000
  0.019,300.636,  0.000,  0.000
  0.019,300.650,  0.000,  0.000
  0.019,300.680,  0.000,  0.000
  0.019,300.364,  0.000,  0.000
  0.020,299.960,  0.000,  0.000
  0.020,300.309,  0.000,  0.000
  0.019,300.842,  0.000,  0.000
  0.019,300.842,  0.000,  0.000
  0.019,300.740,  0.000,  0.000
  0.020,300.541,  0.000,  0.000
  0.020,300.395,  0.000,  0.000
  0.020,300.375,  0.000,  0.000
  0.019,300.411,  0.000,  0.000
  0.019,300.429,  0.000,  0.000
  0.019,300.401,  0.000,  0.000
  0.019,300.358,  0.000,  0.000
  0.020,300.401,  0.000,  0.000
  0.020,300.444,  0.000,  0.000
  0.020,300.496,  0.000,  0.000
  0.020,300.553,  0.000,  0.000
  0.019,300.559,  0.000,  0.000
  0.019,300.450,  0.000,  0.000
  0.019,300.573,  0.000,  0.000
  0.020,300.642,  0.000,  0.000
  0.020,300.649,  0.000,  0.000
  0.020,300.632,  0.000,  0.000
  0.020,300.620,  0.000,  0.000
  0.020,300.539,  0.000,  0.000
  0.020,300.239,  0.000,  0.000
  0.019,299.973,  0.000,  0.000
  0.019,299.977,  0.000,  0.000
  0.019,300.793,  0.000,  0.000
  0.019,300.772,  0.000,  0.000
  0.020,300.691,  0.000,  0.000
  0.020,300.554,  0.000,  0.000
  0.020,300.442,  0.000,  0.000
  0.020,300.409,  0.000,  0.000
  0.020,300.438,  0.000,  0.000
  0.019,300.430,  0.000,  0.000
  0.019,300.345,  0.000,  0.000
  0.019,300.286,  0.000,  0.000
  0.020,300.413,  0.000,  0.000
  0.020,300.520,  0.000,  0.000
  0.020,300.591,  0.000,  0.000
  0.020,300.616,  0.000,  0.000
  0.019,300.517,  0.000,  0.000
  0.019,300.391,  0.000,  0.000
  0.020,300.501,  0.000,  0.000
  0.020,300.623,  0.000,  0.000
  0.020,300.671,  0.000,  0.000
  0.020,300.653,  0.000,  0.000
  0.020,300.665,  0.000,  0.000
  0.020,300.421,  0.000,  0.000
  0.021,300.474,  0.000,  0.000
  0.020,300.455,  0.000,  0.000
  0.020,300.348,  0.000,  0.000
  0.019,300.687,  0.000,  0.170
  0.020,300.642,  0.000,  0.170
  0.020,300.605,  0.000,  0.140
  0.020,300.565,  0.000,  0.140
  0.020,300.504,  0.000,  0.140
  0.020,300.449,  0.000,  0.140
  0.020,300.449,  0.000,  0.000
  0.020,300.419,  0.000,  0.000
  0.020,300.308,  0.000,  0.000
  0.020,300.253,  0.000,  0.000
  0.020,300.434,  0.000,  0.000
  0.020,300.543,  0.000,  0.000
  0.020,300.609,  0.000,  0.000
  0.020,300.616,  0.000,  0.000
  0.020,300.571,  0.000,  0.000
  0.020,300.484,  0.000,  0.000
  0.020,300.575,  0.000,  0.000
  0.020,300.685,  0.000,  0.000
  0.020,300.735,  0.000,  0.000
  0.021,301.001,  0.000,  0.000
  0.021,300.968,  0.000,  0.000
  0.021,300.273,  0.000,  0.000
  0.020,299.481,  0.000,  0.000
  0.020,299.717,  0.000,  0.000
  0.020,300.144,  0.000,  0.000
  0.020,300.579,  0.000,  0.170
  0.020,300.529,  0.000,  0.170
  0.020,300.520,  0.000,  0.140
  0.020,300.544,  0.000,  0.140
  0.020,300.535,  0.000,  0.140
  0.020,300.484,  0.000,  0.140
  0.020,300.459,  0.000,  0.000
  0.020,300.428,  0.000,  0.000
  0.020,300.337,  0.000,  0.000
  0.020,300.281,  0.000,  0.000
  0.020,300.465,  0.000,  0.000
  0.020,300.581,  0.000,  0.000
  0.020,300.608,  0.000,  0.000
  0.020,300.652,  0.000,  0.000
  0.020,300.678,  0.000,  0.000
  0.020,300.692,  0.000,  0.000
  0.020,300.747,  0.000,  0.000
  0.021,301.088,  0.000,  0.000
  0.020,301.101,  0.000,  0.000
  0.020,301.055,  0.000,  0.000
  0.021,300.979,  0.000,  0.000
  0.021,299.986,  0.000,  0.000
  0.021,299.288,  0.000,  0.000
  0.021,299.358,  0.000,  0.000
  0.020,299.593,  0.000,  0.000
  0.020,300.557,  0.000,  0.170
  0.020,300.500,  0.000,  0.170
  0.020,300.491,  0.000,  0.140
  0.020,300.519,  0.000,  0.140
  0.020,300.542,  0.000,  0.140
  0.020,300.516,  0.000,  0.140
  0.020,300.477,  0.000,  0.000
  0.020,300.446,  0.000,  0.000
  0.020,300.387,  0.000,  0.000
  0.020,300.350,  0.000,  0.000
  0.020,300.494,  0.000,  0.000
  0.020,300.653,  0.000,  0.000
  0.020,300.711,  0.000,  0.000
  0.020,300.783,  0.000,  0.000
  0.021,301.122,  0.000,  0.000
  0.021,301.142,  0.000,  0.000
  0.020,301.136,  0.000,  0.000
  0.020,301.152,  0.000,  0.000
  0.020,301.138,  0.000,  0.000
  0.020,301.095,  0.000,  0.000
  0.020,301.034,  0.000,  0.000
  0.021,300.409,  0.000,  0.000
  0.020,299.093,  0.000,  0.000
  0.020,299.094,  0.000,  0.000
  0.020,299.760,  0.000,  0.000
  0.020,300.591,  0.000,  0.170
  0.020,300.551,  0.000,  0.170
  0.020,300.528,  0.000,  0.140
  0.020,300.524,  0.000,  0.140
  0.020,300.533,  0.000,  0.140
  0.020,300.518,  0.000,  0.140
  0.020,300.477,  0.000,  0.000
  0.020,300.448,  0.000,  0.000
  0.020,300.440,  0.000,  0.000
  0.020,300.468,  0.000,  0.000
  0.020,300.542,  0.000,  0.000
  0.020,300.663,  0.000,  0.000
  0.021,301.165,  0.000,  0.000
  0.020,301.199,  0.000,  0.000
  0.020,301.179,  0.000,  0.000
  0.020,301.122,  0.000,  0.000
  0.020,301.085,  0.000,  0.000
  0.020,301.079,  0.000,  0.000
  0.020,301.074,  0.000,  0.000
  0.020,301.085,  0.000,  0.000
  0.020,301.062,  0.000,  0.000
  0.020,300.896,  0.000,  0.000
  0.020,299.990,  0.000,  0.000
  0.020,299.747,  0.000,  0.000
  0.021,300.554,  0.000,  0.000
  0.019,300.592,  0.000,  0.470
  0.020,300.563,  0.000,  0.470
  0.020,300.549,  0.000,  0.240
  0.020,300.519,  0.000,  0.240
  0.020,300.508,  0.000,  0.240
  0.020,300.511,  0.000,  0.240
  0.020,300.509,  0.000,  0.420
  0.020,300.511,  0.000,  0.420
  0.020,300.536,  0.000,  0.420
  0.020,300.586,  0.000,  0.430
  0.020,300.578,  0.000,  0.430
  0.021,300.994,  0.000,  0.430
  0.020,301.159,  0.000,  0.430
  0.020,301.113,  0.000,  0.420
  0.020,301.123,  0.000,  0.420
  0.020,301.113,  0.000,  0.420
  0.020,301.093,  0.000,  0.850
  0.019,301.060,  0.000,  0.850
  0.019,301.021,  0.000,  0.850
  0.020,301.034,  0.000,  0.850
  0.020,301.054,  0.000,  0.990
  0.020,301.027,  0.000,  0.990
  0.020,300.890,  0.000,  0.990
  0.020,300.358,  0.000,  0.870
  0.021,300.876,  0.000,  0.870
  0.019,300.641,  0.000,  0.470
  0.020,300.601,  0.000,  0.470
  0.020,300.561,  0.000,  0.240
  0.020,300.552,  0.000,  0.240
  0.020,300.532,  0.000,  0.240
  0.020,300.555,  0.000,  0.240
  0.019,300.599,  0.000,  0.420
  0.019,300.611,  0.000,  0.420
  0.020,300.601,  0.000,  0.420
  0.020,300.599,  0.000,  0.430
  0.020,300.617,  0.000,  0.430
  0.020,301.100,  0.000,  0.430
  0.020,301.202,  0.000,  0.430
  0.020,301.150,  0.000,  0.420
  0.020,301.002,  0.000,  0.420
  0.020,300.883,  0.000,  0.420
  0.020,300.712,  0.000,  0.850
  0.020,300.698,  0.000,  0.850
  0.020,300.757,  0.000,  0.850
  0.020,300.958,  0.000,  0.850
  0.020,301.011,  0.000,  0.990
  0.020,300.984,  0.000,  0.990
  0.020,300.957,  0.000,  0.990
  0.020,300.922,  0.000,  0.870
  0.020,301.053,  0.000,  0.870
