  0.018,299.804,  0.591,  0.000
  0.018,299.815,  0.227,  0.000
  0.018,299.801,  0.016,  0.000
  0.018,299.777,  0.006,  0.000
  0.018,299.761,  0.008,  0.000
  0.018,299.766,  0.007,  0.000
  0.018,299.801,  0.004,  0.000
  0.018,299.820,  0.001,  0.000
  0.018,299.792,  0.000,  0.000
  0.018,299.764,  0.000,  0.000
  0.018,299.765,  0.000,  0.000
  0.018,299.767,  0.000,  0.000
  0.018,299.761,  0.000,  0.000
  0.018,299.758,  0.000,  0.000
  0.018,299.755,  0.000,  0.000
  0.018,299.764,  0.000,  0.000
  0.018,299.779,  0.000,  0.000
  0.018,299.793,  0.000,  0.000
  0.018,299.806,  0.000,  0.000
  0.018,299.816,  0.000,  0.000
  0.018,299.831,  0.000,  0.000
  0.018,299.854,  0.000,  0.000
  0.018,299.885,  0.000,  0.000
  0.018,299.931,  0.000,  0.000
  0.018,299.954,  0.000,  0.000
  0.018,299.822,  0.890,  0.000
  0.018,299.854,  0.355,  0.000
  0.018,299.849,  0.014,  0.000
  0.018,299.815,  0.008,  0.000
  0.018,299.804,  0.012,  0.000
  0.018,299.831,  0.022,  0.000
  0.018,299.862,  0.020,  0.000
  0.018,299.842,  0.010,  0.000
  0.018,299.795,  0.002,  0.000
  0.018,299.790,  0.000,  0.000
  0.018,299.799,  0.000,  0.000
  0.018,299.796,  0.000,  0.000
  0.018,299.794,  0.000,  0.000
  0.018,299.795,  0.000,  0.000
  0.018,299.799,  0.000,  0.000
  0.018,299.807,  0.000,  0.000
  0.018,299.814,  0.000,  0.000
  0.018,299.820,  0.000,  0.000
  0.018,299.831,  0.000,  0.000
  0.018,299.848,  0.000,  0.000
  0.018,299.871,  0.000,  0.000
  0.018,299.898,  0.000,  0.000
  0.018,299.924,  0.000,  0.000
  0.018,299.959,  0.000,  0.000
  0.018,299.973,  0.000,  0.000
  0.018,299.834,  0.861,  0.000
  0.018,299.856,  0.157,  0.000
  0.018,299.858,  0.006,  0.000
  0.018,299.848,  0.004,  0.000
  0.018,299.862,  0.009,  0.000
  0.018,299.893,  0.031,  0.000
  0.018,299.891,  0.054,  0.000
  0.018,299.847,  0.051,  0.000
  0.018,299.819,  0.022,  0.000
  0.018,299.825,  0.002,  0.000
  0.018,299.833,  0.000,  0.000
  0.018,299.833,  0.000,  0.000
  0.018,299.835,  0.000,  0.000
  0.018,299.843,  0.000,  0.000
  0.018,299.851,  0.000,  0.000
  0.018,299.857,  0.000,  0.000
  0.018,299.859,  0.000,  0.000
  0.018,299.862,  0.000,  0.000
  0.018,299.873,  0.000,  0.000
  0.018,299.892,  0.000,  0.000
  0.018,299.913,  0.000,  0.000
  0.018,299.934,  0.000,  0.000
  0.018,299.951,  0.000,  0.000
  0.018,299.980,  0.000,  0.000
  0.018,299.992,  0.000,  0.000
  0.018,299.863,  0.788,  0.000
  0.018,299.858,  0.045,  0.000
  0.018,299.863,  0.009,  0.000
  0.018,299.890,  0.003,  0.000
  0.018,299.924,  0.003,  0.000
  0.018,299.927,  0.022,  0.000
  0.018,299.893,  0.066,  0.000
  0.018,299.864,  0.095,  0.000
  0.018,299.858,  0.061,  0.000
  0.018,299.859,  0.009,  0.000
  0.018,299.865,  0.001,  0.000
  0.018,299.870,  0.000,  0.000
  0.018,299.878,  0.000,  0.000
  0.018,299.888,  0.000,  0.000
  0.018,299.897,  0.000,  0.000
  0.018,299.902,  0.000,  0.000
  0.018,299.904,  0.000,  0.000
  0.018,299.910,  0.000,  0.000
  0.018,299.922,  0.000,  0.000
  0.018,299.937,  0.000,  0.000
  0.018,299.951,  0.000,  0.000
  0.018,299.962,  0.000,  0.000
  0.018,299.974,  0.000,  0.000
  0.018,300.003,  0.000,  0.000
  0.018,300.018,  0.001,  0.000
  0.018,299.900,  1.301,  0.000
  0.018,299.882,  0.304,  0.000
  0.018,299.903,  0.026,  0.000
  0.018,299.947,  0.006,  0.000
  0.018,299.961,  0.000,  0.000
  0.018,299.926,  0.006,  0.000
  0.018,299.898,  0.031,  0.000
  0.018,299.896,  0.064,  0.000
  0.018,299.894,  0.054,  0.000
  0.018,299.888,  0.010,  0.000
  0.018,299.894,  0.001,  0.000
  0.018,299.904,  0.000,  0.000
  0.018,299.914,  0.000,  0.000
  0.018,299.922,  0.000,  0.000
  0.018,299.928,  0.000,  0.000
  0.018,299.934,  0.000,  0.000
  0.018,299.941,  0.000,  0.000
  0.018,299.951,  0.000,  0.000
  0.018,299.963,  0.000,  0.000
  0.018,299.974,  0.000,  0.000
  0.018,299.982,  0.000,  0.000
  0.018,299.990,  0.000,  0.000
  0.018,300.004,  0.000,  0.000
  0.018,300.034,  0.001,  0.000
  0.018,300.048,  0.002,  0.000
  0.018,299.943,  3.546,  0.000
  0.018,299.945,  1.399,  0.000
  0.018,299.968,  0.326,  0.000
  0.018,299.983,  0.030,  0.000
  0.018,299.957,  0.007,  0.000
  0.018,299.928,  0.001,  0.000
  0.018,299.925,  0.003,  0.000
  0.018,299.930,  0.005,  0.000
  0.018,299.923,  0.006,  0.000
  0.018,299.917,  0.002,  0.000
  0.018,299.924,  0.000,  0.000
  0.018,299.935,  0.000,  0.000
  0.018,299.942,  0.000,  0.000
  0.018,299.946,  0.000,  0.000
  0.018,299.952,  0.000,  0.000
  0.018,299.961,  0.000,  0.000
  0.018,299.972,  0.000,  0.000
  0.018,299.982,  0.000,  0.000
  0.018,299.992,  0.000,  0.000
  0.018,300.001,  0.000,  0.000
  0.018,300.011,  0.000,  0.000
  0.018,300.023,  0.000,  0.000
  0.018,300.040,  0.000,  0.000
  0.018,300.066,  0.001,  0.000
  0.018,300.076,  0.001,  0.000
  0.018,299.992,  5.513,  0.000
  0.018,300.009,  3.039,  0.000
  0.018,300.011,  1.876,  0.000
  0.018,299.987,  0.352,  0.000
  0.018,299.953,  0.017,  0.000
  0.018,299.953,  0.007,  0.000
  0.018,299.961,  0.001,  0.000
  0.018,299.959,  0.001,  0.000
  0.018,299.953,  0.000,  0.000
  0.018,299.952,  0.000,  0.000
  0.018,299.959,  0.000,  0.000
  0.018,299.966,  0.000,  0.000
  0.018,299.970,  0.000,  0.000
  0.018,299.974,  0.000,  0.000
  0.018,299.982,  0.000,  0.000
  0.018,299.992,  0.000,  0.000
  0.018,300.002,  0.000,  0.000
  0.018,300.008,  0.000,  0.000
  0.018,300.015,  0.000,  0.000
  0.018,300.026,  0.000,  0.000
  0.018,300.041,  0.000,  0.000
  0.018,300.060,  0.000,  0.000
  0.018,300.076,  0.000,  0.000
  0.018,300.095,  0.000,  0.000
  0.018,300.097,  0.000,  0.000
  0.018,300.031,  1.551,  0.000
  0.018,300.041,  2.827,  0.000
  0.018,300.026,  4.046,  0.000
  0.018,299.989,  1.384,  0.000
  0.018,299.977,  0.041,  0.000
  0.018,299.984,  0.014,  0.000
  0.018,299.984,  0.001,  0.000
  0.018,299.982,  0.000,  0.000
  0.018,299.986,  0.000,  0.000
  0.018,299.991,  0.000,  0.000
  0.018,299.996,  0.000,  0.000
  0.018,300.000,  0.000,  0.000
  0.018,300.003,  0.000,  0.000
  0.018,300.009,  0.000,  0.000
  0.018,300.021,  0.000,  0.000
  0.018,300.031,  0.000,  0.000
  0.018,300.036,  0.000,  0.000
  0.018,300.038,  0.000,  0.000
  0.018,300.043,  0.000,  0.000
  0.018,300.057,  0.000,  0.000
  0.018,300.078,  0.000,  0.000
  0.018,300.098,  0.000,  0.000
  0.018,300.110,  0.000,  0.000
  0.018,300.119,  0.000,  0.000
  0.018,300.117,  0.000,  0.000
  0.018,300.058,  0.045,  0.000
  0.018,300.053,  0.564,  0.000
  0.018,300.024,  1.998,  0.000
  0.018,300.009,  1.439,  0.000
  0.018,300.015,  0.080,  0.000
  0.018,300.009,  0.006,  0.000
  0.018,300.004,  0.001,  0.000
  0.018,300.012,  0.000,  0.000
  0.018,300.024,  0.000,  0.000
  0.018,300.028,  0.000,  0.000
  0.018,300.030,  0.000,  0.000
  0.018,300.033,  0.000,  0.000
  0.018,300.037,  0.000,  0.000
  0.018,300.047,  0.000,  0.000
  0.018,300.059,  0.000,  0.000
  0.018,300.068,  0.000,  0.000
  0.018,300.068,  0.000,  0.000
  0.018,300.068,  0.000,  0.000
  0.018,300.077,  0.001,  0.000
  0.018,300.095,  0.000,  0.000
  0.018,300.116,  0.000,  0.000
  0.018,300.130,  0.000,  0.000
  0.018,300.136,  0.000,  0.000
  0.018,300.140,  0.000,  0.000
  0.018,300.138,  0.000,  0.000
  0.018,300.078,  0.013,  0.000
  0.018,300.058,  0.029,  0.000
  0.018,300.028,  0.039,  0.000
  0.018,300.032,  0.077,  0.000
  0.018,300.041,  0.037,  0.000
  0.018,300.031,  0.001,  0.000
  0.018,300.030,  0.000,  0.000
  0.018,300.045,  0.000,  0.000
  0.018,300.056,  0.000,  0.000
  0.018,300.059,  0.000,  0.000
  0.018,300.059,  0.000,  0.000
  0.018,300.061,  0.000,  0.000
  0.018,300.067,  0.000,  0.000
  0.018,300.078,  0.000,  0.000
  0.018,300.087,  0.000,  0.000
  0.018,300.092,  0.000,  0.000
  0.018,300.093,  0.000,  0.000
  0.018,300.100,  0.001,  0.000
  0.018,300.116,  0.001,  0.000
  0.018,300.133,  0.003,  0.000
  0.018,300.144,  0.002,  0.000
  0.018,300.150,  0.000,  0.000
  0.018,300.155,  0.000,  0.000
  0.018,300.160,  0.000,  0.000
  0.018,300.158,  0.000,  0.000
  0.018,300.106,  0.001,  0.000
  0.018,300.070,  0.009,  0.000
  0.018,300.034,  0.020,  0.000
  0.018,300.041,  0.010,  0.000
  0.018,300.050,  0.001,  0.000
  0.018,300.052,  0.000,  0.000
  0.018,300.056,  0.000,  0.000
  0.018,300.062,  0.000,  0.000
  0.018,300.070,  0.000,  0.000
  0.018,300.074,  0.000,  0.000
  0.018,300.075,  0.000,  0.000
  0.018,300.079,  0.000,  0.000
  0.018,300.088,  0.000,  0.000
  0.018,300.097,  0.000,  0.000
  0.018,300.105,  0.000,  0.000
  0.018,300.111,  0.000,  0.000
  0.018,300.121,  0.000,  0.000
  0.018,300.137,  0.000,  0.000
  0.018,300.153,  0.001,  0.000
  0.018,300.162,  0.004,  0.000
  0.018,300.165,  0.008,  0.000
  0.018,300.167,  0.005,  0.000
  0.018,300.174,  0.001,  0.000
  0.018,300.178,  0.000,  0.000
  0.018,300.173,  0.000,  0.000
  0.018,300.125,  0.001,  0.000
  0.018,300.087,  0.001,  0.000
  0.018,300.054,  0.001,  0.000
  0.018,300.052,  0.001,  0.000
  0.018,300.061,  0.001,  0.000
  0.018,300.076,  0.000,  0.000
  0.018,300.086,  0.000,  0.000
  0.018,300.085,  0.000,  0.000
  0.018,300.085,  0.000,  0.000
  0.018,300.086,  0.000,  0.000
  0.018,300.088,  0.000,  0.000
  0.018,300.094,  0.000,  0.000
  0.018,300.104,  0.000,  0.000
  0.018,300.112,  0.000,  0.000
  0.018,300.121,  0.000,  0.000
  0.018,300.134,  0.000,  0.000
  0.018,300.152,  0.000,  0.000
  0.018,300.167,  0.001,  0.000
  0.018,300.175,  0.000,  0.000
  0.018,300.176,  0.003,  0.000
  0.018,300.179,  0.007,  0.000
  0.018,300.185,  0.011,  0.000
  0.018,300.192,  0.003,  0.000
  0.018,300.192,  0.000,  0.000
  0.018,300.188,  0.000,  0.000
  0.018,300.133,  0.011,  0.000
  0.018,300.115,  0.002,  0.000
  0.018,300.106,  0.002,  0.000
  0.018,300.093,  0.001,  0.000
  0.018,300.091,  0.000,  0.000
  0.018,300.109,  0.000,  0.000
  0.018,300.128,  0.000,  0.000
  0.018,300.135,  0.000,  0.000
  0.018,300.128,  0.000,  0.000
  0.018,300.120,  0.000,  0.000
  0.018,300.121,  0.000,  0.000
  0.018,300.125,  0.000,  0.000
  0.018,300.130,  0.000,  0.000
  0.018,300.138,  0.000,  0.000
  0.018,300.149,  0.000,  0.000
  0.018,300.166,  0.000,  0.000
  0.018,300.183,  0.000,  0.000
  0.018,300.191,  0.000,  0.000
  0.018,300.194,  0.001,  0.000
  0.018,300.196,  0.003,  0.000
  0.018,300.198,  0.005,  0.000
  0.018,300.204,  0.007,  0.000
  0.018,300.209,  0.004,  0.000
  0.018,300.207,  0.000,  0.000
  0.018,300.208,  0.001,  0.000
  0.018,300.136,  0.154,  0.000
  0.018,300.139,  0.024,  0.000
  0.018,300.163,  0.005,  0.000
  0.018,300.164,  0.002,  0.000
  0.018,300.145,  0.002,  0.000
  0.018,300.147,  0.000,  0.000
  0.018,300.168,  0.000,  0.000
  0.018,300.185,  0.000,  0.000
  0.018,300.181,  0.000,  0.000
  0.018,300.171,  0.000,  0.000
  0.018,300.178,  0.000,  0.000
  0.018,300.184,  0.000,  0.000
  0.018,300.177,  0.000,  0.000
  0.018,300.173,  0.000,  0.000
  0.018,300.182,  0.000,  0.000
  0.018,300.197,  0.000,  0.000
  0.018,300.208,  0.000,  0.000
  0.018,300.215,  0.000,  0.000
  0.018,300.224,  0.000,  0.000
  0.018,300.229,  0.005,  0.000
  0.018,300.229,  0.021,  0.000
  0.018,300.228,  0.030,  0.000
  0.018,300.228,  0.017,  0.000
  0.018,300.228,  0.005,  0.000
  0.018,300.231,  0.001,  0.000
  0.018,300.148,  0.632,  0.000
  0.018,300.156,  0.242,  0.000
  0.018,300.199,  0.035,  0.000
  0.018,300.222,  0.006,  0.000
  0.018,300.204,  0.005,  0.000
  0.018,300.187,  0.003,  0.000
  0.018,300.195,  0.001,  0.000
  0.018,300.211,  0.000,  0.000
  0.018,300.215,  0.001,  0.000
  0.018,300.215,  0.001,  0.000
  0.018,300.226,  0.000,  0.000
  0.018,300.235,  0.000,  0.000
  0.018,300.223,  0.000,  0.000
  0.018,300.208,  0.000,  0.000
  0.018,300.211,  0.000,  0.000
  0.018,300.224,  0.000,  0.000
  0.018,300.229,  0.000,  0.000
  0.018,300.239,  0.000,  0.000
  0.018,300.251,  0.000,  0.000
  0.018,300.257,  0.010,  0.000
  0.018,300.259,  0.051,  0.000
  0.018,300.253,  0.096,  0.000
  0.018,300.247,  0.094,  0.000
  0.018,300.245,  0.064,  0.000
  0.018,300.254,  0.029,  0.000
