  0.020,301.029,  0.000,  0.000
  0.020,301.020,  0.000,  0.000
  0.020,301.016,  0.000,  0.000
  0.020,301.016,  0.000,  0.000
  0.020,301.015,  0.000,  0.000
  0.020,301.015,  0.000,  0.000
  0.020,301.015,  0.000,  0.000
  0.020,301.016,  0.000,  0.000
  0.019,301.016,  0.000,  0.000
  0.019,301.016,  0.000,  0.000
  0.019,301.016,  0.000,  0.000
  0.019,301.016,  0.000,  0.000
  0.019,301.017,  0.000,  0.000
  0.019,301.015,  0.000,  0.060
  0.019,301.014,  0.000,  0.060
  0.020,301.010,  0.000,  0.060
  0.020,301.003,  0.000,  0.310
  0.020,300.993,  0.000,  0.310
  0.020,300.981,  0.000,  0.310
  0.020,300.971,  0.000,  0.310
  0.020,300.961,  0.000,  0.120
  0.020,300.949,  0.000,  0.120
  0.020,300.937,  0.000,  0.120
  0.020,300.952,  0.000,  0.000
  0.020,300.942,  0.000,  0.000
  0.020,301.038,  0.000,  0.000
  0.020,301.035,  0.000,  0.000
  0.020,301.037,  0.000,  0.000
  0.020,301.038,  0.000,  0.000
  0.020,301.039,  0.000,  0.000
  0.020,301.038,  0.000,  0.000
  0.019,301.038,  0.000,  0.000
  0.019,301.038,  0.000,  0.000
  0.019,301.038,  0.000,  0.000
  0.019,301.038,  0.000,  0.000
  0.019,301.038,  0.000,  0.000
  0.019,301.040,  0.000,  0.000
  0.019,301.041,  0.000,  0.000
  0.019,301.041,  0.000,  0.020
  0.019,301.042,  0.000,  0.020
  0.019,301.042,  0.000,  0.020
  0.019,301.039,  0.000,  0.150
  0.020,301.032,  0.000,  0.150
  0.020,301.022,  0.000,  0.150
  0.020,301.010,  0.000,  0.150
  0.020,300.997,  0.000,  0.640
  0.020,300.984,  0.000,  0.640
  0.020,300.972,  0.000,  0.640
  0.020,300.985,  0.000,  0.390
  0.020,300.974,  0.000,  0.390
  0.020,301.049,  0.000,  0.000
  0.020,301.051,  0.000,  0.000
  0.020,301.054,  0.000,  0.000
  0.020,301.056,  0.000,  0.000
  0.020,301.057,  0.000,  0.000
  0.020,301.057,  0.000,  0.000
  0.019,301.057,  0.000,  0.000
  0.019,301.058,  0.000,  0.000
  0.019,301.059,  0.000,  0.000
  0.019,301.060,  0.000,  0.000
  0.019,301.061,  0.000,  0.000
  0.019,301.061,  0.000,  0.000
  0.019,301.062,  0.000,  0.000
  0.019,301.063,  0.000,  0.020
  0.019,301.064,  0.000,  0.020
  0.019,301.066,  0.000,  0.020
  0.019,301.066,  0.000,  0.150
  0.019,301.064,  0.000,  0.150
  0.019,301.060,  0.000,  0.150
  0.020,301.051,  0.000,  0.150
  0.020,301.039,  0.000,  0.640
  0.020,301.026,  0.000,  0.640
  0.020,301.014,  0.000,  0.640
  0.020,301.026,  0.000,  0.390
  0.020,301.014,  0.000,  0.390
  0.020,301.068,  0.000,  0.000
  0.020,301.072,  0.000,  0.000
  0.020,301.074,  0.000,  0.000
  0.020,301.075,  0.000,  0.000
  0.020,301.076,  0.000,  0.000
  0.020,301.076,  0.000,  0.000
  0.019,301.077,  0.000,  0.000
  0.019,301.078,  0.000,  0.000
  0.019,301.079,  0.000,  0.000
  0.019,301.080,  0.000,  0.000
  0.019,301.082,  0.000,  0.000
  0.019,301.083,  0.000,  0.000
  0.019,301.085,  0.000,  0.000
  0.019,301.086,  0.000,  0.020
  0.019,301.086,  0.000,  0.020
  0.019,301.086,  0.000,  0.020
  0.019,301.085,  0.000,  0.150
  0.019,301.086,  0.000,  0.150
  0.019,301.087,  0.000,  0.150
  0.019,301.085,  0.000,  0.150
  0.019,301.080,  0.000,  0.640
  0.020,301.071,  0.000,  0.640
  0.020,301.060,  0.000,  0.640
  0.020,301.069,  0.000,  0.390
  0.020,301.055,  0.000,  0.390
  0.020,301.092,  0.000,  0.000
  0.020,301.094,  0.000,  0.000
  0.020,301.095,  0.000,  0.000
  0.020,301.096,  0.000,  0.000
  0.020,301.096,  0.000,  0.000
  0.019,301.096,  0.000,  0.000
  0.019,301.096,  0.000,  0.000
  0.019,301.097,  0.000,  0.000
  0.019,301.097,  0.000,  0.000
  0.019,301.098,  0.000,  0.000
  0.019,301.097,  0.000,  0.000
  0.019,301.096,  0.000,  0.000
  0.019,301.094,  0.000,  0.000
  0.019,301.095,  0.000,  0.020
  0.019,301.097,  0.000,  0.020
  0.019,301.100,  0.000,  0.020
  0.019,301.102,  0.000,  0.150
  0.019,301.103,  0.000,  0.150
  0.019,301.103,  0.000,  0.150
  0.019,301.103,  0.000,  0.150
  0.019,301.104,  0.000,  0.640
  0.019,301.104,  0.000,  0.640
  0.019,301.102,  0.000,  0.640
  0.020,301.114,  0.000,  0.390
  0.020,301.104,  0.000,  0.390
  0.020,301.114,  0.000,  0.000
  0.020,301.115,  0.000,  0.000
  0.020,301.114,  0.000,  0.000
  0.019,301.113,  0.000,  0.000
  0.019,301.112,  0.000,  0.000
  0.019,301.111,  0.000,  0.000
  0.019,301.110,  0.000,  0.000
  0.019,301.110,  0.000,  0.000
  0.019,301.109,  0.000,  0.000
  0.019,301.110,  0.000,  0.000
  0.019,301.111,  0.000,  0.000
  0.019,301.112,  0.000,  0.000
  0.019,301.112,  0.000,  0.000
  0.019,301.113,  0.000,  0.000
  0.019,301.114,  0.000,  0.000
  0.019,301.113,  0.000,  0.000
  0.019,301.113,  0.000,  0.010
  0.019,301.114,  0.000,  0.010
  0.019,301.116,  0.000,  0.010
  0.019,301.118,  0.000,  0.010
  0.019,301.118,  0.000,  0.180
  0.019,301.117,  0.000,  0.180
  0.019,301.116,  0.000,  0.180
  0.019,301.133,  0.000,  0.000
  0.019,301.133,  0.000,  0.000
  0.020,301.130,  0.000,  0.000
  0.020,301.129,  0.000,  0.000
  0.019,301.128,  0.000,  0.000
  0.019,301.127,  0.000,  0.000
  0.019,301.126,  0.000,  0.000
  0.019,301.125,  0.000,  0.000
  0.019,301.124,  0.000,  0.000
  0.019,301.123,  0.000,  0.000
  0.019,301.123,  0.000,  0.000
  0.019,301.122,  0.000,  0.000
  0.019,301.120,  0.000,  0.000
  0.019,301.120,  0.000,  0.000
  0.019,301.121,  0.000,  0.000
  0.019,301.123,  0.000,  0.000
  0.019,301.124,  0.000,  0.000
  0.020,301.125,  0.000,  0.000
  0.020,301.124,  0.000,  0.010
  0.020,301.122,  0.000,  0.010
  0.019,301.119,  0.000,  0.010
  0.019,301.118,  0.000,  0.010
  0.019,301.122,  0.000,  0.180
  0.020,301.125,  0.000,  0.180
  0.020,301.127,  0.000,  0.180
  0.020,301.138,  0.000,  0.000
  0.019,301.134,  0.000,  0.000
  0.020,301.144,  0.000,  0.000
  0.020,301.143,  0.000,  0.000
  0.020,301.141,  0.000,  0.000
  0.019,301.140,  0.000,  0.000
  0.019,301.139,  0.000,  0.000
  0.019,301.137,  0.000,  0.000
  0.019,301.135,  0.000,  0.000
  0.019,301.134,  0.000,  0.000
  0.019,301.133,  0.000,  0.000
  0.019,301.133,  0.000,  0.000
  0.020,301.131,  0.000,  0.000
  0.020,301.128,  0.000,  0.000
  0.020,301.127,  0.000,  0.000
  0.020,301.126,  0.000,  0.000
  0.020,301.126,  0.000,  0.000
  0.019,301.128,  0.000,  0.000
  0.019,301.131,  0.000,  0.010
  0.020,301.133,  0.000,  0.010
  0.020,301.131,  0.000,  0.010
  0.020,301.131,  0.000,  0.010
  0.020,301.129,  0.000,  0.180
  0.020,301.123,  0.000,  0.180
  0.020,301.122,  0.000,  0.180
  0.020,301.136,  0.000,  0.000
  0.020,301.139,  0.000,  0.000
  0.020,301.157,  0.000,  0.000
  0.020,301.156,  0.000,  0.000
  0.020,301.154,  0.000,  0.000
  0.020,301.151,  0.000,  0.000
  0.019,301.147,  0.000,  0.000
  0.019,301.144,  0.000,  0.000
  0.019,301.142,  0.000,  0.000
  0.020,301.140,  0.000,  0.000
  0.019,301.139,  0.000,  0.000
  0.019,301.139,  0.000,  0.000
  0.019,301.139,  0.000,  0.000
  0.020,301.138,  0.000,  0.000
  0.020,301.137,  0.000,  0.000
  0.020,301.138,  0.000,  0.000
  0.020,301.138,  0.000,  0.000
  0.020,301.137,  0.000,  0.000
  0.020,301.136,  0.000,  0.010
  0.020,301.129,  0.000,  0.010
  0.020,301.112,  0.000,  0.010
  0.020,301.102,  0.000,  0.010
  0.020,301.115,  0.000,  0.180
  0.020,301.128,  0.000,  0.180
  0.020,301.132,  0.000,  0.180
  0.020,301.140,  0.000,  0.000
  0.020,301.135,  0.000,  0.000
  0.020,301.168,  0.000,  3.140
  0.020,301.165,  0.000,  3.140
  0.020,301.161,  0.000,  0.000
  0.020,301.157,  0.000,  0.000
  0.020,301.153,  0.000,  0.000
  0.020,301.151,  0.000,  0.000
  0.020,301.149,  0.000,  0.000
  0.020,301.148,  0.000,  0.000
  0.020,301.145,  0.000,  0.000
  0.020,301.142,  0.000,  0.000
  0.020,301.141,  0.000,  0.000
  0.020,301.141,  0.000,  0.000
  0.020,301.139,  0.000,  0.000
  0.020,301.137,  0.000,  0.000
  0.020,301.136,  0.000,  0.000
  0.020,301.138,  0.000,  0.000
  0.020,301.141,  0.000,  0.000
  0.020,301.138,  0.000,  0.000
  0.020,301.130,  0.000,  0.000
  0.020,301.127,  0.000,  0.000
  0.020,301.125,  0.000,  0.000
  0.020,301.112,  0.000,  0.000
  0.020,301.104,  0.000,  0.000
  0.020,301.118,  0.000,  0.000
  0.020,301.133,  0.000,  0.000
  0.020,301.175,  0.000,  3.140
  0.020,301.171,  0.000,  3.140
  0.020,301.166,  0.000,  0.000
  0.020,301.162,  0.000,  0.000
  0.020,301.161,  0.000,  0.000
  0.020,301.159,  0.000,  0.000
  0.020,301.155,  0.000,  0.000
  0.020,301.151,  0.000,  0.000
  0.020,301.146,  0.000,  0.000
  0.020,301.141,  0.000,  0.000
  0.020,301.137,  0.000,  0.000
  0.020,301.135,  0.000,  0.000
  0.020,301.135,  0.000,  0.000
  0.020,301.134,  0.000,  0.000
  0.020,301.134,  0.000,  0.000
  0.020,301.133,  0.000,  0.000
  0.020,301.133,  0.000,  0.000
  0.020,301.135,  0.000,  0.000
  0.020,301.139,  0.000,  0.000
  0.020,301.141,  0.000,  0.000
  0.020,301.139,  0.000,  0.000
  0.020,301.131,  0.000,  0.000
  0.020,301.129,  0.000,  0.000
  0.020,301.132,  0.000,  0.000
  0.020,301.122,  0.000,  0.000
  0.020,301.173,  0.000,  3.140
  0.020,301.167,  0.000,  3.140
  0.020,301.164,  0.000,  0.000
  0.020,301.162,  0.000,  0.000
  0.020,301.156,  0.000,  0.000
  0.020,301.149,  0.000,  0.000
  0.020,301.141,  0.000,  0.000
  0.020,301.136,  0.000,  0.000
  0.020,301.135,  0.000,  0.000
  0.020,301.129,  0.000,  0.000
  0.020,301.120,  0.000,  0.000
  0.020,301.118,  0.000,  0.000
  0.020,301.125,  0.000,  0.000
  0.020,301.126,  0.000,  0.000
  0.020,301.127,  0.000,  0.000
  0.020,301.126,  0.000,  0.000
  0.020,301.122,  0.000,  0.000
  0.020,301.121,  0.000,  0.000
  0.020,301.125,  0.000,  0.000
  0.020,301.129,  0.000,  0.000
  0.020,301.130,  0.000,  0.000
  0.020,301.129,  0.000,  0.000
  0.020,301.129,  0.000,  0.000
  0.020,301.130,  0.000,  0.000
  0.020,301.129,  0.000,  0.000
  0.020,301.169,  0.000,  3.140
  0.020,301.162,  0.000,  3.140
  0.020,301.154,  0.000,  0.000
  0.020,301.145,  0.000,  0.000
  0.020,301.138,  0.000,  0.000
  0.020,301.130,  0.000,  0.000
  0.020,301.117,  0.000,  0.000
  0.020,301.110,  0.000,  0.000
  0.020,301.111,  0.000,  0.000
  0.020,301.110,  0.000,  0.000
  0.020,301.102,  0.000,  0.000
  0.020,301.099,  0.000,  0.000
  0.020,301.097,  0.000,  0.000
  0.020,301.104,  0.000,  0.000
  0.020,301.104,  0.000,  0.000
  0.020,301.108,  0.000,  0.000
  0.020,301.106,  0.000,  0.000
  0.020,301.100,  0.000,  0.000
  0.020,301.094,  0.000,  0.000
  0.020,301.096,  0.000,  0.000
  0.020,301.100,  0.000,  0.000
  0.020,301.091,  0.000,  0.000
  0.020,301.086,  0.000,  0.000
  0.020,301.088,  0.000,  0.000
  0.020,301.098,  0.000,  0.000
  0.020,301.159,  0.000,  0.240
  0.020,301.148,  0.000,  0.240
  0.020,301.136,  0.000,  0.030
  0.020,301.122,  0.000,  0.030
  0.020,301.111,  0.000,  0.030
  0.020,301.109,  0.000,  0.030
  0.020,301.103,  0.000,  0.150
  0.020,301.092,  0.000,  0.150
  0.020,301.097,  0.000,  0.150
  0.020,301.094,  0.000,  0.020
  0.020,301.092,  0.000,  0.020
  0.020,301.091,  0.000,  0.020
  0.020,301.088,  0.000,  0.020
  0.020,301.089,  0.000,  0.000
  0.020,301.089,  0.000,  0.000
  0.020,301.089,  0.000,  0.000
  0.020,301.088,  0.000,  0.000
  0.020,301.088, -0.000,  0.000
  0.020,301.088, -0.000,  0.000
  0.020,301.089,  0.000,  0.000
  0.020,301.086,  0.000,  0.000
  0.020,301.081,  0.000,  0.000
  0.020,301.080,  0.000,  0.000
  0.020,301.079,  0.000,  0.000
  0.020,301.075,  0.000,  0.000
  0.020,301.134,  0.000,  0.240
  0.020,301.123,  0.000,  0.240
  0.020,301.115,  0.000,  0.030
  0.020,301.105,  0.000,  0.030
  0.020,301.094,  0.000,  0.030
  0.020,301.099,  0.000,  0.030
  0.020,301.097,  0.000,  0.150
  0.020,301.096,  0.000,  0.150
  0.020,301.096,  0.000,  0.150
  0.020,301.095,  0.000,  0.020
  0.020,301.094,  0.000,  0.020
  0.020,301.094,  0.000,  0.020
  0.020,301.093,  0.000,  0.020
  0.020,301.091,  0.000,  0.000
  0.020,301.089,  0.000,  0.000
  0.020,301.087,  0.000,  0.000
  0.020,301.085,  0.000,  0.000
  0.020,301.085,  0.000,  0.000
  0.020,301.084,  0.000,  0.000
  0.020,301.083,  0.000,  0.000
  0.020,301.081,  0.000,  0.000
  0.020,301.080,  0.000,  0.000
  0.020,301.078,  0.000,  0.000
  0.020,301.076,  0.000,  0.000
  0.020,301.074,  0.000,  0.000
