  0.021,302.340,  0.000,  0.000
  0.021,302.342,  0.000,  0.000
  0.021,302.343,  0.000,  0.000
  0.021,302.342,  0.000,  0.000
  0.021,302.337,  0.000,  0.000
  0.021,302.329,  0.000,  0.000
  0.021,302.320,  0.000,  0.000
  0.021,302.310,  0.000,  0.000
  0.021,302.303,  0.000,  0.000
  0.021,302.300,  0.000,  0.000
  0.021,302.301,  0.000,  0.000
  0.021,302.303,  0.000,  0.000
  0.021,302.304,  0.000,  0.000
  0.021,302.301,  0.000,  0.000
  0.021,302.294,  0.000,  0.000
  0.021,302.286,  0.000,  0.000
  0.021,302.279,  0.000,  0.000
  0.021,302.274,  0.000,  0.000
  0.021,302.268,  0.000,  0.000
  0.021,302.262,  0.000,  0.000
  0.021,302.253,  0.000,  0.000
  0.021,302.240,  0.000,  0.000
  0.021,302.229,  0.000,  0.000
  0.021,302.249,  0.000,  0.000
  0.021,302.247,  0.000,  0.000
  0.021,302.330,  0.000,  0.000
  0.021,302.332,  0.000,  0.000
  0.021,302.336,  0.000,  0.000
  0.021,302.339,  0.000,  0.000
  0.021,302.342,  0.000,  0.000
  0.021,302.342,  0.000,  0.000
  0.021,302.338,  0.000,  0.000
  0.021,302.329,  0.000,  0.000
  0.021,302.318,  0.000,  0.000
  0.021,302.309,  0.000,  0.000
  0.021,302.302,  0.000,  0.000
  0.021,302.298,  0.000,  0.000
  0.021,302.296,  0.000,  0.000
  0.021,302.295,  0.000,  0.000
  0.021,302.292,  0.000,  0.000
  0.021,302.287,  0.000,  0.000
  0.021,302.280,  0.000,  0.000
  0.021,302.274,  0.000,  0.000
  0.021,302.269,  0.000,  0.000
  0.021,302.262,  0.000,  0.000
  0.021,302.254,  0.000,  0.000
  0.021,302.246,  0.000,  0.000
  0.021,302.236,  0.000,  0.000
  0.021,302.249,  0.000,  0.000
  0.021,302.241,  0.000,  0.000
  0.021,302.323,  0.000,  0.000
  0.021,302.322,  0.000,  0.000
  0.021,302.322,  0.000,  0.000
  0.021,302.325,  0.000,  0.000
  0.021,302.330,  0.000,  0.000
  0.021,302.335,  0.000,  0.000
  0.021,302.338,  0.000,  0.000
  0.021,302.337,  0.000,  0.000
  0.021,302.333,  0.000,  0.000
  0.021,302.327,  0.000,  0.000
  0.021,302.319,  0.000,  0.000
  0.021,302.312,  0.000,  0.000
  0.021,302.307,  0.000,  0.000
  0.021,302.304,  0.000,  0.000
  0.021,302.300,  0.000,  0.000
  0.021,302.296,  0.000,  0.000
  0.021,302.289,  0.000,  0.000
  0.021,302.280,  0.000,  0.000
  0.021,302.272,  0.000,  0.000
  0.021,302.264,  0.000,  0.000
  0.021,302.257,  0.000,  0.000
  0.021,302.250,  0.000,  0.000
  0.021,302.243,  0.000,  0.000
  0.021,302.256,  0.000,  0.000
  0.021,302.245,  0.000,  0.000
  0.021,302.305,  0.000,  0.000
  0.021,302.310,  0.000,  0.000
  0.021,302.312,  0.000,  0.000
  0.021,302.312,  0.000,  0.000
  0.021,302.312,  0.000,  0.000
  0.021,302.316,  0.000,  0.000
  0.021,302.321,  0.000,  0.000
  0.021,302.325,  0.000,  0.000
  0.021,302.326,  0.000,  0.000
  0.021,302.326,  0.000,  0.000
  0.021,302.324,  0.000,  0.000
  0.021,302.320,  0.000,  0.000
  0.021,302.317,  0.000,  0.000
  0.021,302.314,  0.000,  0.000
  0.021,302.312,  0.000,  0.000
  0.021,302.310,  0.000,  0.000
  0.021,302.306,  0.000,  0.000
  0.021,302.300,  0.000,  0.000
  0.021,302.291,  0.000,  0.000
  0.021,302.281,  0.000,  0.000
  0.021,302.271,  0.000,  0.000
  0.021,302.261,  0.000,  0.000
  0.021,302.250,  0.000,  0.000
  0.021,302.258,  0.000,  0.000
  0.021,302.247,  0.000,  0.000
  0.021,302.286,  0.000,  0.000
  0.021,302.288,  0.000,  0.000
  0.021,302.293,  0.000,  0.000
  0.021,302.298,  0.000,  0.000
  0.021,302.300,  0.000,  0.000
  0.021,302.303,  0.000,  0.000
  0.021,302.305,  0.000,  0.000
  0.021,302.308,  0.000,  0.000
  0.021,302.311,  0.000,  0.000
  0.021,302.313,  0.000,  0.000
  0.021,302.313,  0.000,  0.000
  0.021,302.312,  0.000,  0.000
  0.021,302.311,  0.000,  0.000
  0.021,302.309,  0.000,  0.000
  0.021,302.307,  0.000,  0.000
  0.021,302.307,  0.000,  0.000
  0.021,302.307,  0.000,  0.000
  0.021,302.307,  0.000,  0.000
  0.021,302.305,  0.000,  0.000
  0.021,302.299,  0.000,  0.000
  0.021,302.290,  0.000,  0.000
  0.021,302.279,  0.000,  0.000
  0.021,302.266,  0.000,  0.000
  0.021,302.268,  0.000,  0.000
  0.021,302.252,  0.000,  0.000
  0.021,302.269,  0.000,  0.000
  0.021,302.274,  0.000,  0.000
  0.021,302.277,  0.000,  0.000
  0.021,302.281,  0.000,  0.000
  0.021,302.287,  0.000,  0.000
  0.021,302.292,  0.000,  0.000
  0.021,302.294,  0.000,  0.000
  0.021,302.296,  0.000,  0.000
  0.021,302.300,  0.000,  0.000
  0.021,302.303,  0.000,  0.000
  0.021,302.304,  0.000,  0.000
  0.021,302.302,  0.000,  0.000
  0.021,302.298,  0.000,  0.000
  0.021,302.294,  0.000,  0.000
  0.021,302.292,  0.000,  0.000
  0.021,302.291,  0.000,  0.000
  0.021,302.292,  0.000,  0.000
  0.021,302.293,  0.000,  0.000
  0.021,302.294,  0.000,  0.000
  0.021,302.292,  0.000,  0.000
  0.021,302.288,  0.000,  0.000
  0.021,302.282,  0.000,  0.000
  0.021,302.274,  0.000,  0.000
  0.021,302.277,  0.000,  0.000
  0.021,302.263,  0.000,  0.000
  0.021,302.247,  0.000,  0.000
  0.021,302.254,  0.000,  0.000
  0.021,302.265,  0.000,  0.000
  0.021,302.270,  0.000,  0.000
  0.021,302.272,  0.000,  0.000
  0.021,302.276,  0.000,  0.000
  0.021,302.282,  0.000,  0.000
  0.021,302.285,  0.000,  0.000
  0.021,302.286,  0.000,  0.000
  0.021,302.288,  0.000,  0.000
  0.021,302.292,  0.000,  0.000
  0.021,302.294,  0.000,  0.000
  0.021,302.292,  0.000,  0.000
  0.021,302.287,  0.000,  0.000
  0.021,302.282,  0.000,  0.000
  0.021,302.278,  0.000,  0.000
  0.021,302.276,  0.000,  0.000
  0.021,302.276,  0.000,  0.000
  0.021,302.274,  0.000,  0.000
  0.021,302.272,  0.000,  0.000
  0.021,302.269,  0.000,  0.000
  0.021,302.267,  0.000,  0.000
  0.021,302.265,  0.000,  0.000
  0.021,302.272,  0.000,  0.000
  0.021,302.264,  0.000,  0.000
  0.021,302.246,  0.000,  0.000
  0.021,302.245,  0.000,  0.000
  0.021,302.244,  0.000,  0.000
  0.021,302.250,  0.000,  0.000
  0.021,302.257,  0.000,  0.000
  0.021,302.261,  0.000,  0.000
  0.021,302.265,  0.000,  0.000
  0.021,302.269,  0.000,  0.000
  0.021,302.272,  0.000,  0.000
  0.021,302.273,  0.000,  0.000
  0.021,302.274,  0.000,  0.000
  0.021,302.277,  0.000,  0.000
  0.021,302.281,  0.000,  0.000
  0.021,302.283,  0.000,  0.000
  0.021,302.280,  0.000,  0.000
  0.021,302.275,  0.000,  0.000
  0.021,302.271,  0.000,  0.000
  0.021,302.268,  0.000,  0.000
  0.021,302.265,  0.000,  0.000
  0.021,302.261,  0.000,  0.000
  0.021,302.256,  0.000,  0.000
  0.021,302.252,  0.000,  0.000
  0.021,302.249,  0.000,  0.000
  0.021,302.254,  0.000,  0.000
  0.021,302.251,  0.000,  0.000
  0.021,302.220,  0.000,  0.000
  0.021,302.234,  0.000,  0.000
  0.021,302.238,  0.000,  0.000
  0.021,302.234,  0.000,  0.000
  0.021,302.235,  0.000,  0.000
  0.021,302.240,  0.000,  0.000
  0.021,302.244,  0.000,  0.000
  0.021,302.247,  0.000,  0.000
  0.021,302.251,  0.000,  0.000
  0.021,302.256,  0.000,  0.000
  0.021,302.259,  0.000,  0.000
  0.021,302.260,  0.000,  0.000
  0.021,302.263,  0.000,  0.000
  0.021,302.269,  0.000,  0.000
  0.021,302.275,  0.000,  0.000
  0.021,302.276,  0.000,  0.000
  0.021,302.273,  0.000,  0.000
  0.021,302.268,  0.000,  0.000
  0.021,302.264,  0.000,  0.000
  0.021,302.260,  0.000,  0.000
  0.021,302.254,  0.000,  0.000
  0.021,302.248,  0.000,  0.000
  0.021,302.241,  0.000,  0.000
  0.021,302.240,  0.000,  0.000
  0.021,302.236,  0.000,  0.000
  0.021,302.204,  0.000,  0.000
  0.021,302.205,  0.000,  0.000
  0.021,302.221,  0.000,  0.000
  0.021,302.230,  0.000,  0.000
  0.021,302.228,  0.000,  0.000
  0.021,302.226,  0.000,  0.000
  0.021,302.227,  0.000,  0.000
  0.021,302.229,  0.000,  0.000
  0.021,302.232,  0.000,  0.000
  0.021,302.234,  0.000,  0.000
  0.021,302.238,  0.000,  0.000
  0.021,302.242,  0.000,  0.000
  0.021,302.246,  0.000,  0.000
  0.021,302.249,  0.000,  0.000
  0.021,302.255,  0.000,  0.000
  0.021,302.263,  0.000,  0.000
  0.021,302.268,  0.000,  0.000
  0.021,302.269,  0.000,  0.000
  0.021,302.265,  0.000,  0.000
  0.021,302.261,  0.000,  0.000
  0.021,302.256,  0.000,  0.000
  0.021,302.249,  0.000,  0.000
  0.021,302.241,  0.000,  0.000
  0.021,302.235,  0.000,  0.000
  0.021,302.228,  0.000,  0.000
  0.021,302.218,  0.000,  0.000
  0.021,302.208,  0.000,  0.000
  0.021,302.202,  0.000,  0.000
  0.021,302.211,  0.000,  0.000
  0.021,302.224,  0.000,  0.000
  0.021,302.228,  0.000,  0.000
  0.021,302.226,  0.000,  0.000
  0.021,302.223,  0.000,  0.000
  0.021,302.222,  0.000,  0.000
  0.021,302.224,  0.000,  0.000
  0.021,302.226,  0.000,  0.000
  0.021,302.226,  0.000,  0.000
  0.021,302.227,  0.000,  0.000
  0.021,302.230,  0.000,  0.000
  0.021,302.235,  0.000,  0.000
  0.021,302.241,  0.000,  0.000
  0.021,302.249,  0.000,  0.000
  0.021,302.256,  0.000,  0.000
  0.021,302.260,  0.000,  0.000
  0.021,302.259,  0.000,  0.000
  0.021,302.255,  0.000,  0.000
  0.021,302.249,  0.000,  0.000
  0.021,302.241,  0.000,  0.000
  0.021,302.233,  0.000,  0.000
  0.021,302.225,  0.000,  0.000
  0.021,302.197,  0.000,  0.000
  0.021,302.204,  0.000,  0.000
  0.021,302.200,  0.000,  0.000
  0.021,302.194,  0.000,  0.000
  0.021,302.198,  0.000,  0.000
  0.021,302.209,  0.000,  0.000
  0.021,302.215,  0.000,  0.000
  0.021,302.214,  0.000,  0.000
  0.021,302.210,  0.000,  0.000
  0.021,302.210,  0.000,  0.000
  0.021,302.212,  0.000,  0.000
  0.021,302.212,  0.000,  0.000
  0.021,302.210,  0.000,  0.000
  0.021,302.206,  0.000,  0.000
  0.021,302.207,  0.000,  0.000
  0.021,302.213,  0.000,  0.000
  0.021,302.221,  0.000,  0.000
  0.021,302.229,  0.000,  0.000
  0.021,302.237,  0.000,  0.000
  0.021,302.242,  0.000,  0.000
  0.021,302.244,  0.000,  0.000
  0.021,302.241,  0.000,  0.000
  0.021,302.237,  0.000,  0.000
  0.021,302.231,  0.000,  0.000
  0.021,302.224,  0.000,  0.000
  0.021,302.177,  0.000,  0.000
  0.021,302.173,  0.000,  0.000
  0.021,302.182,  0.000,  0.000
  0.021,302.188,  0.000,  0.000
  0.021,302.187,  0.000,  0.000
  0.021,302.185,  0.000,  0.000
  0.021,302.187,  0.000,  0.000
  0.021,302.193,  0.000,  0.000
  0.021,302.195,  0.000,  0.000
  0.021,302.190,  0.000,  0.000
  0.021,302.186,  0.000,  0.000
  0.021,302.190,  0.000,  0.000
  0.021,302.195,  0.000,  0.000
  0.021,302.195,  0.000,  0.000
  0.021,302.189,  0.000,  0.000
  0.021,302.186,  0.000,  0.000
  0.021,302.190,  0.000,  0.000
  0.021,302.198,  0.000,  0.000
  0.021,302.207,  0.000,  0.000
  0.021,302.216,  0.000,  0.000
  0.021,302.224,  0.000,  0.000
  0.021,302.228,  0.000,  0.000
  0.021,302.228,  0.000,  0.000
  0.021,302.224,  0.000,  0.000
  0.021,302.219,  0.000,  0.000
  0.021,302.195,  0.000,  0.010
  0.021,302.167,  0.000,  0.010
  0.021,302.156,  0.000,  0.000
  0.021,302.165,  0.000,  0.000
  0.021,302.176,  0.000,  0.000
  0.021,302.180,  0.000,  0.000
  0.021,302.176,  0.000,  0.000
  0.021,302.170,  0.000,  0.000
  0.021,302.171,  0.000,  0.000
  0.021,302.175,  0.000,  0.000
  0.021,302.174,  0.000,  0.000
  0.021,302.169,  0.000,  0.000
  0.021,302.168,  0.000,  0.000
  0.021,302.173,  0.000,  0.000
  0.021,302.177,  0.000,  0.000
  0.021,302.176,  0.000,  0.000
  0.021,302.170,  0.000,  0.000
  0.021,302.170,  0.000,  0.000
  0.021,302.177,  0.000,  0.000
  0.021,302.185,  0.000,  0.000
  0.021,302.194,  0.000,  0.000
  0.021,302.204,  0.000,  0.000
  0.021,302.211,  0.000,  0.000
  0.021,302.213,  0.000,  0.000
  0.021,302.211,  0.000,  0.000
  0.021,302.179,  0.000,  0.010
  0.021,302.176,  0.000,  0.010
  0.021,302.168,  0.000,  0.000
  0.021,302.157,  0.000,  0.000
  0.021,302.151,  0.000,  0.000
  0.021,302.158,  0.000,  0.000
  0.021,302.167,  0.000,  0.000
  0.021,302.159,  0.000,  0.000
  0.021,302.146,  0.000,  0.000
  0.021,302.150,  0.000,  0.000
  0.021,302.161,  0.000,  0.000
  0.021,302.162,  0.000,  0.000
  0.021,302.151,  0.000,  0.000
  0.021,302.145,  0.000,  0.000
  0.021,302.152,  0.000,  0.000
  0.021,302.161,  0.000,  0.000
  0.021,302.161,  0.000,  0.000
  0.021,302.155,  0.000,  0.000
  0.021,302.152,  0.000,  0.000
  0.021,302.158,  0.000,  0.000
  0.021,302.169,  0.000,  0.000
  0.021,302.178,  0.000,  0.000
  0.021,302.183,  0.000,  0.000
  0.021,302.190,  0.000,  0.000
  0.021,302.196,  0.000,  0.000
