  0.018,299.406,  0.000,  0.000
  0.018,299.430,  0.000,  0.000
  0.018,299.428,  0.000,  0.000
  0.018,299.380,  0.000,  0.000
  0.018,299.317,  0.000,  0.000
  0.017,299.260,  0.000,  0.000
  0.018,299.256,  0.000,  0.000
  0.018,299.325,  0.000,  0.000
  0.018,299.437,  0.000,  0.000
  0.018,299.485,  0.000,  0.000
  0.018,299.433,  0.000,  0.000
  0.018,299.336,  0.000,  0.000
  0.018,299.304,  0.000,  0.000
  0.018,299.327,  0.000,  0.000
  0.018,299.334,  0.000,  0.000
  0.018,299.313,  0.000,  0.000
  0.018,299.313,  0.000,  0.000
  0.018,299.328,  0.000,  0.000
  0.018,299.295,  0.000,  0.000
  0.018,299.274,  0.000,  0.000
  0.018,299.270,  0.000,  0.000
  0.017,299.234,  0.000,  0.000
  0.017,299.197,  0.000,  0.000
  0.017,299.215,  0.000,  0.000
  0.017,299.214,  0.000,  0.000
  0.018,299.383,  0.000,  0.000
  0.018,299.378,  0.000,  0.000
  0.018,299.409,  0.000,  0.000
  0.018,299.421,  0.000,  0.000
  0.018,299.385,  0.000,  0.000
  0.018,299.320,  0.000,  0.000
  0.018,299.274,  0.000,  0.000
  0.018,299.264,  0.000,  0.000
  0.018,299.329,  0.000,  0.000
  0.017,299.446,  0.000,  0.000
  0.017,299.508,  0.000,  0.000
  0.018,299.469,  0.000,  0.000
  0.018,299.410,  0.000,  0.000
  0.018,299.375,  0.000,  0.000
  0.018,299.311,  0.000,  0.000
  0.017,299.252,  0.000,  0.000
  0.018,299.257,  0.000,  0.000
  0.018,299.326,  0.000,  0.000
  0.018,299.354,  0.000,  0.000
  0.018,299.339,  0.000,  0.000
  0.018,299.317,  0.000,  0.000
  0.018,299.279,  0.000,  0.000
  0.017,299.231,  0.000,  0.000
  0.017,299.270,  0.000,  0.000
  0.018,299.275,  0.000,  0.000
  0.018,299.462,  0.000,  0.000
  0.018,299.396,  0.000,  0.000
  0.017,299.350,  0.000,  0.000
  0.018,299.356,  0.000,  0.000
  0.018,299.403,  0.000,  0.000
  0.018,299.406,  0.000,  0.000
  0.018,299.332,  0.000,  0.000
  0.017,299.259,  0.000,  0.000
  0.017,299.258,  0.000,  0.000
  0.017,299.334,  0.000,  0.000
  0.017,299.451,  0.000,  0.000
  0.018,299.488,  0.000,  0.000
  0.018,299.444,  0.000,  0.000
  0.018,299.402,  0.000,  0.000
  0.018,299.354,  0.000,  0.000
  0.018,299.322,  0.000,  0.000
  0.018,299.308,  0.000,  0.000
  0.018,299.305,  0.000,  0.000
  0.018,299.275,  0.000,  0.000
  0.018,299.254,  0.000,  0.000
  0.018,299.255,  0.000,  0.000
  0.018,299.278,  0.000,  0.000
  0.018,299.306,  0.000,  0.000
  0.018,299.374,  0.000,  0.000
  0.018,299.352,  0.000,  0.000
  0.018,299.521,  0.000,  0.000
  0.018,299.468,  0.000,  0.000
  0.018,299.386,  0.000,  0.000
  0.017,299.339,  0.000,  0.000
  0.018,299.360,  0.000,  0.000
  0.018,299.411,  0.000,  0.000
  0.018,299.398,  0.000,  0.000
  0.018,299.305,  0.000,  0.000
  0.017,299.264,  0.000,  0.000
  0.017,299.306,  0.000,  0.000
  0.018,299.379,  0.000,  0.000
  0.018,299.415,  0.000,  0.000
  0.017,299.399,  0.000,  0.000
  0.017,299.368,  0.000,  0.000
  0.018,299.357,  0.000,  0.000
  0.018,299.388,  0.000,  0.000
  0.018,299.393,  0.000,  0.000
  0.018,299.318,  0.000,  0.000
  0.017,299.217,  0.000,  0.000
  0.017,299.182,  0.000,  0.000
  0.017,299.228,  0.000,  0.000
  0.017,299.285,  0.000,  0.000
  0.018,299.306,  0.000,  0.000
  0.018,299.320,  0.000,  0.000
  0.018,299.312,  0.000,  0.000
  0.017,299.472,  0.000,  0.000
  0.017,299.474,  0.000,  0.000
  0.018,299.465,  0.000,  0.000
  0.018,299.445,  0.000,  0.000
  0.018,299.433,  0.000,  0.000
  0.018,299.441,  0.000,  0.000
  0.018,299.429,  0.000,  0.000
  0.018,299.393,  0.000,  0.000
  0.018,299.356,  0.000,  0.000
  0.017,299.335,  0.000,  0.000
  0.017,299.334,  0.000,  0.000
  0.018,299.358,  0.000,  0.000
  0.018,299.388,  0.000,  0.000
  0.018,299.391,  0.000,  0.000
  0.018,299.354,  0.000,  0.000
  0.018,299.354,  0.000,  0.000
  0.018,299.357,  0.000,  0.000
  0.018,299.318,  0.000,  0.000
  0.018,299.276,  0.000,  0.000
  0.017,299.277,  0.000,  0.000
  0.018,299.333,  0.000,  0.000
  0.018,299.364,  0.000,  0.000
  0.018,299.263,  0.000,  0.000
  0.017,299.194,  0.000,  0.000
  0.017,299.245,  0.000,  0.000
  0.017,299.493,  0.000,  0.000
  0.017,299.472,  0.000,  0.000
  0.018,299.500,  0.000,  0.000
  0.018,299.529,  0.000,  0.000
  0.018,299.519,  0.000,  0.000
  0.017,299.492,  0.000,  0.000
  0.017,299.450,  0.000,  0.000
  0.018,299.432,  0.000,  0.000
  0.018,299.418,  0.000,  0.000
  0.018,299.373,  0.000,  0.000
  0.017,299.312,  0.000,  0.000
  0.017,299.311,  0.000,  0.000
  0.018,299.338,  0.000,  0.000
  0.018,299.392,  0.000,  0.010
  0.018,299.421,  0.000,  0.010
  0.018,299.386,  0.000,  0.010
  0.017,299.321,  0.000,  0.010
  0.017,299.288,  0.000,  0.010
  0.018,299.343,  0.000,  0.010
  0.018,299.405,  0.000,  0.010
  0.018,299.386,  0.000,  0.010
  0.018,299.339,  0.000,  0.010
  0.018,299.293,  0.000,  0.010
  0.018,299.261,  0.000,  0.010
  0.017,299.269,  0.000,  0.010
  0.018,299.575,  0.000,  0.000
  0.018,299.543,  0.000,  0.000
  0.017,299.517,  0.000,  0.000
  0.017,299.503,  0.000,  0.000
  0.017,299.502,  0.000,  0.000
  0.017,299.506,  0.000,  0.000
  0.017,299.511,  0.000,  0.000
  0.018,299.489,  0.000,  0.000
  0.018,299.467,  0.000,  0.000
  0.018,299.434,  0.000,  0.000
  0.018,299.384,  0.000,  0.000
  0.017,299.336,  0.000,  0.000
  0.017,299.308,  0.000,  0.000
  0.018,299.331,  0.000,  0.010
  0.018,299.411,  0.000,  0.010
  0.018,299.453,  0.000,  0.010
  0.018,299.414,  0.000,  0.010
  0.018,299.406,  0.000,  0.010
  0.018,299.447,  0.000,  0.010
  0.018,299.407,  0.000,  0.010
  0.018,299.295,  0.000,  0.010
  0.017,299.259,  0.000,  0.010
  0.018,299.329,  0.000,  0.010
  0.018,299.360,  0.000,  0.010
  0.018,299.277,  0.000,  0.010
  0.018,299.578,  0.000,  0.000
  0.018,299.568,  0.000,  0.000
  0.018,299.548,  0.000,  0.000
  0.017,299.503,  0.000,  0.000
  0.017,299.470,  0.000,  0.000
  0.018,299.497,  0.000,  0.000
  0.018,299.539,  0.000,  0.000
  0.017,299.525,  0.000,  0.000
  0.017,299.490,  0.000,  0.000
  0.018,299.459,  0.000,  0.000
  0.018,299.450,  0.000,  0.000
  0.018,299.411,  0.000,  0.000
  0.017,299.350,  0.000,  0.000
  0.017,299.320,  0.000,  0.010
  0.018,299.346,  0.000,  0.010
  0.018,299.444,  0.000,  0.010
  0.018,299.519,  0.000,  0.010
  0.018,299.547,  0.000,  0.010
  0.017,299.512,  0.000,  0.010
  0.017,299.404,  0.000,  0.010
  0.018,299.340,  0.000,  0.010
  0.018,299.359,  0.000,  0.010
  0.018,299.392,  0.000,  0.010
  0.018,299.352,  0.000,  0.010
  0.018,299.281,  0.000,  0.010
  0.017,299.555,  0.000,  0.000
  0.017,299.565,  0.000,  0.000
  0.018,299.567,  0.000,  0.000
  0.018,299.546,  0.000,  0.000
  0.018,299.535,  0.000,  0.000
  0.018,299.530,  0.000,  0.000
  0.018,299.514,  0.000,  0.000
  0.017,299.503,  0.000,  0.000
  0.017,299.481,  0.000,  0.000
  0.017,299.449,  0.000,  0.000
  0.017,299.462,  0.000,  0.000
  0.018,299.475,  0.000,  0.000
  0.018,299.438,  0.000,  0.000
  0.018,299.374,  0.000,  0.010
  0.017,299.338,  0.000,  0.010
  0.017,299.372,  0.000,  0.010
  0.017,299.467,  0.000,  0.010
  0.017,299.542,  0.000,  0.010
  0.017,299.522,  0.000,  0.010
  0.017,299.466,  0.000,  0.010
  0.018,299.479,  0.000,  0.010
  0.018,299.474,  0.000,  0.010
  0.018,299.411,  0.000,  0.010
  0.018,299.334,  0.000,  0.010
  0.018,299.322,  0.000,  0.010
  0.018,299.595,  0.000,  0.000
  0.017,299.592,  0.000,  0.000
  0.017,299.590,  0.000,  0.000
  0.017,299.585,  0.000,  0.000
  0.018,299.583,  0.000,  0.000
  0.018,299.544,  0.000,  0.000
  0.017,299.512,  0.000,  0.000
  0.018,299.519,  0.000,  0.000
  0.018,299.516,  0.000,  0.000
  0.018,299.484,  0.000,  0.000
  0.017,299.472,  0.000,  0.000
  0.017,299.503,  0.000,  0.000
  0.018,299.498,  0.000,  0.000
  0.018,299.434,  0.000,  0.010
  0.017,299.347,  0.000,  0.010
  0.017,299.318,  0.000,  0.010
  0.017,299.396,  0.000,  0.000
  0.017,299.483,  0.000,  0.000
  0.018,299.531,  0.000,  0.000
  0.018,299.542,  0.000,  0.000
  0.018,299.531,  0.000,  0.010
  0.018,299.468,  0.000,  0.010
  0.018,299.421,  0.000,  0.010
  0.018,299.405,  0.000,  0.000
  0.018,299.394,  0.000,  0.000
  0.018,299.608,  0.000,  0.000
  0.018,299.614,  0.000,  0.000
  0.017,299.602,  0.000,  0.000
  0.017,299.598,  0.000,  0.000
  0.017,299.584,  0.000,  0.000
  0.017,299.563,  0.000,  0.000
  0.017,299.553,  0.000,  0.000
  0.018,299.528,  0.000,  0.000
  0.018,299.513,  0.000,  0.000
  0.018,299.515,  0.000,  0.000
  0.018,299.524,  0.000,  0.000
  0.017,299.511,  0.000,  0.000
  0.017,299.465,  0.000,  0.000
  0.018,299.414,  0.000,  0.010
  0.017,299.365,  0.000,  0.010
  0.017,299.351,  0.000,  0.010
  0.017,299.424,  0.000,  0.000
  0.018,299.510,  0.000,  0.000
  0.018,299.547,  0.000,  0.000
  0.017,299.561,  0.000,  0.000
  0.017,299.508,  0.000,  0.010
  0.017,299.425,  0.000,  0.010
  0.018,299.406,  0.000,  0.010
  0.018,299.415,  0.000,  0.000
  0.018,299.363,  0.000,  0.000
  0.018,299.606,  0.000,  0.000
  0.018,299.614,  0.000,  0.000
  0.018,299.605,  0.000,  0.000
  0.018,299.572,  0.000,  0.000
  0.018,299.564,  0.000,  0.000
  0.017,299.581,  0.000,  0.000
  0.017,299.593,  0.000,  0.000
  0.017,299.550,  0.000,  0.000
  0.018,299.511,  0.000,  0.000
  0.018,299.507,  0.000,  0.000
  0.018,299.510,  0.000,  0.000
  0.018,299.499,  0.000,  0.000
  0.017,299.466,  0.000,  0.000
  0.018,299.429,  0.000,  0.010
  0.018,299.430,  0.000,  0.010
  0.018,299.461,  0.000,  0.010
  0.018,299.480,  0.000,  0.000
  0.017,299.499,  0.000,  0.000
  0.017,299.531,  0.000,  0.000
  0.017,299.554,  0.000,  0.000
  0.017,299.508,  0.000,  0.010
  0.018,299.471,  0.000,  0.010
  0.018,299.481,  0.000,  0.010
  0.018,299.463,  0.000,  0.000
  0.018,299.403,  0.000,  0.000
  0.017,299.618,  0.000,  0.000
  0.018,299.607,  0.000,  0.000
  0.018,299.606,  0.000,  0.000
  0.017,299.600,  0.000,  0.000
  0.018,299.564,  0.000,  0.000
  0.018,299.554,  0.000,  0.000
  0.017,299.589,  0.000,  0.000
  0.017,299.596,  0.000,  0.000
  0.017,299.559,  0.000,  0.000
  0.017,299.533,  0.000,  0.000
  0.017,299.529,  0.000,  0.000
  0.018,299.523,  0.000,  0.000
  0.018,299.535,  0.000,  0.000
  0.018,299.532,  0.000,  0.010
  0.018,299.493,  0.000,  0.010
  0.018,299.429,  0.000,  0.010
  0.017,299.401,  0.000,  0.000
  0.017,299.425,  0.000,  0.000
  0.017,299.494,  0.000,  0.000
  0.017,299.555,  0.000,  0.000
  0.018,299.567,  0.000,  0.010
  0.018,299.555,  0.000,  0.010
  0.018,299.535,  0.000,  0.010
  0.018,299.502,  0.000,  0.000
  0.018,299.494,  0.000,  0.000
  0.017,299.644,  0.000,  0.000
  0.017,299.633,  0.000,  0.000
  0.017,299.617,  0.000,  0.000
  0.017,299.615,  0.000,  0.000
  0.018,299.616,  0.000,  0.000
  0.018,299.584,  0.000,  0.000
  0.018,299.568,  0.000,  0.000
  0.018,299.557,  0.000,  0.000
  0.017,299.551,  0.000,  0.000
  0.017,299.552,  0.000,  0.000
  0.018,299.564,  0.000,  0.000
  0.018,299.549,  0.000,  0.000
  0.017,299.550,  0.000,  0.000
  0.017,299.527,  0.000,  0.000
  0.017,299.447,  0.000,  0.000
  0.017,299.360,  0.000,  0.000
  0.017,299.348,  0.000,  0.000
  0.017,299.409,  0.000,  0.000
  0.018,299.522,  0.000,  0.000
  0.018,299.579,  0.000,  0.000
  0.018,299.555,  0.000,  0.000
  0.018,299.540,  0.000,  0.000
  0.018,299.535,  0.000,  0.000
  0.018,299.524,  0.000,  0.000
  0.018,299.536,  0.000,  0.000
  0.018,299.642,  0.000,  0.000
  0.018,299.619,  0.000,  0.000
  0.017,299.608,  0.000,  0.000
  0.018,299.616,  0.000,  0.000
  0.018,299.615,  0.000,  0.000
  0.018,299.605,  0.000,  0.000
  0.017,299.589,  0.000,  0.000
  0.018,299.571,  0.000,  0.000
  0.018,299.554,  0.000,  0.000
  0.018,299.545,  0.000,  0.000
  0.018,299.542,  0.000,  0.000
  0.017,299.539,  0.000,  0.000
  0.017,299.525,  0.000,  0.000
  0.017,299.502,  0.000,  0.000
  0.018,299.451,  0.000,  0.000
  0.018,299.404,  0.000,  0.000
  0.018,299.422,  0.000,  0.000
  0.018,299.509,  0.000,  0.000
  0.018,299.570,  0.000,  0.000
  0.018,299.546,  0.000,  0.000
  0.018,299.538,  0.000,  0.000
  0.018,299.552,  0.000,  0.000
  0.018,299.582,  0.000,  0.000
  0.018,299.587,  0.000,  0.000
  0.018,299.563,  0.000,  0.000
