  0.018,300.296,  4.739,  2.390
  0.018,300.279,  6.079,  2.390
  0.018,300.250,  6.647,  3.190
  0.018,300.241,  6.664,  3.190
  0.018,300.243,  6.281,  3.190
  0.018,300.249,  5.569,  3.190
  0.018,300.243,  4.637,  4.590
  0.018,300.244,  3.775,  4.590
  0.018,300.267,  3.064,  4.590
  0.018,300.302,  2.406,  5.320
  0.018,300.307,  1.853,  5.320
  0.018,300.303,  1.456,  5.320
  0.018,300.292,  1.106,  5.320
  0.018,300.279,  0.776,  7.850
  0.018,300.281,  0.561,  7.850
  0.018,300.296,  0.635,  7.850
  0.018,300.303,  1.520,  8.400
  0.018,300.297,  2.450,  8.400
  0.018,300.309,  2.744,  8.400
  0.018,300.348,  1.811,  8.400
  0.018,300.388,  0.633,  7.240
  0.018,300.384,  0.187,  7.240
  0.018,300.336,  0.209,  7.240
  0.018,300.317,  1.040,  5.360
  0.018,300.306,  3.264,  5.360
  0.018,300.267,  2.365,  1.350
  0.018,300.253,  3.686,  1.350
  0.018,300.227,  4.734,  2.120
  0.018,300.213,  5.540,  2.120
  0.018,300.212,  5.998,  2.120
  0.018,300.230,  5.942,  2.120
  0.018,300.242,  5.460,  3.950
  0.018,300.246,  4.694,  3.950
  0.018,300.250,  3.840,  3.950
  0.018,300.267,  3.003,  5.210
  0.018,300.286,  2.305,  5.210
  0.018,300.301,  1.879,  5.210
  0.018,300.302,  1.518,  5.210
  0.018,300.289,  1.104,  5.980
  0.018,300.280,  1.154,  5.980
  0.018,300.279,  2.577,  5.980
  0.018,300.277,  5.880,  8.370
  0.018,300.279,  7.169,  8.370
  0.018,300.288,  5.316,  8.370
  0.018,300.329,  2.439,  8.370
  0.018,300.388,  0.746,  5.920
  0.018,300.412,  0.220,  5.920
  0.018,300.377,  0.145,  5.920
  0.018,300.350,  1.754,  5.150
  0.018,300.331,  4.581,  5.150
  0.018,300.240,  0.745,  1.350
  0.018,300.235,  1.672,  1.350
  0.018,300.230,  2.792,  2.120
  0.018,300.218,  3.815,  2.120
  0.018,300.210,  4.640,  2.120
  0.018,300.216,  5.033,  2.120
  0.018,300.239,  5.020,  3.950
  0.018,300.261,  4.730,  3.950
  0.018,300.275,  4.284,  3.950
  0.018,300.276,  3.659,  5.210
  0.018,300.279,  2.965,  5.210
  0.018,300.299,  2.404,  5.210
  0.018,300.321,  1.918,  5.210
  0.018,300.323,  1.454,  5.980
  0.018,300.308,  2.864,  5.980
  0.018,300.297,  6.723,  5.980
  0.018,300.279, 10.682,  8.370
  0.018,300.275,  8.812,  8.370
  0.018,300.274,  4.584,  8.370
  0.018,300.302,  1.828,  8.370
  0.018,300.359,  0.680,  5.920
  0.018,300.404,  0.290,  5.920
  0.018,300.397,  0.124,  5.920
  0.018,300.370,  0.062,  5.150
  0.018,300.332,  0.163,  5.150
  0.018,300.245,  0.232,  1.350
  0.018,300.265,  0.617,  1.350
  0.018,300.277,  1.287,  2.120
  0.018,300.269,  2.133,  2.120
  0.018,300.249,  2.987,  2.120
  0.018,300.230,  3.653,  2.120
  0.018,300.232,  3.983,  3.950
  0.018,300.256,  3.999,  3.950
  0.018,300.279,  3.871,  3.950
  0.018,300.282,  3.623,  5.210
  0.018,300.274,  3.206,  5.210
  0.018,300.296,  2.674,  5.210
  0.018,300.330,  2.129,  5.210
  0.018,300.344,  1.913,  5.980
  0.018,300.346,  5.592,  5.980
  0.018,300.333,  9.967,  5.980
  0.018,300.312,  7.257,  8.370
  0.018,300.295,  3.892,  8.370
  0.018,300.288,  2.554,  8.370
  0.018,300.303,  1.779,  8.370
  0.018,300.340,  1.056,  5.920
  0.018,300.380,  0.521,  5.920
  0.018,300.387,  0.200,  5.920
  0.018,300.363,  0.069,  5.150
  0.018,300.329,  0.057,  5.150
  0.018,300.275,  0.039,  1.350
  0.018,300.301,  0.169,  1.350
  0.018,300.312,  0.453,  2.120
  0.018,300.293,  0.895,  2.120
  0.018,300.270,  1.483,  2.120
  0.018,300.255,  2.108,  2.120
  0.018,300.245,  2.614,  3.950
  0.018,300.253,  2.916,  3.950
  0.018,300.272,  3.026,  3.950
  0.018,300.294,  2.949,  5.210
  0.018,300.294,  2.733,  5.210
  0.018,300.291,  2.406,  5.210
  0.018,300.320,  2.011,  5.210
  0.018,300.348,  1.669,  5.980
  0.018,300.361,  2.803,  5.980
  0.018,300.351,  2.628,  5.980
  0.018,300.331,  1.899,  8.370
  0.018,300.309,  2.192,  8.370
  0.018,300.296,  2.753,  8.370
  0.018,300.304,  2.443,  8.370
  0.018,300.327,  1.379,  5.920
  0.018,300.360,  0.542,  5.920
  0.018,300.376,  0.176,  5.920
  0.018,300.365,  0.061,  5.150
  0.018,300.333,  0.041,  5.150
  0.018,300.302,  0.005,  0.350
  0.018,300.307,  0.030,  0.350
  0.018,300.307,  0.123,  1.520
  0.018,300.287,  0.289,  1.520
  0.018,300.261,  0.515,  1.520
  0.018,300.260,  0.816,  1.520
  0.018,300.261,  1.189,  1.910
  0.018,300.266,  1.570,  1.910
  0.018,300.286,  1.875,  1.910
  0.018,300.313,  2.021,  4.330
  0.018,300.311,  1.990,  4.330
  0.018,300.302,  1.857,  4.330
  0.018,300.312,  1.595,  4.330
  0.018,300.330,  1.301,  3.800
  0.018,300.341,  1.080,  3.800
  0.018,300.340,  1.103,  3.800
  0.018,300.320,  1.015,  7.180
  0.018,300.316,  1.261,  7.180
  0.018,300.313,  1.911,  7.180
  0.018,300.316,  1.799,  7.180
  0.018,300.330,  1.100,  6.150
  0.018,300.356,  0.506,  6.150
  0.018,300.370,  0.196,  6.150
  0.018,300.380,  0.076,  3.970
  0.018,300.350,  0.046,  3.970
  0.018,300.340,  0.002,  0.350
  0.018,300.314,  0.003,  0.350
  0.018,300.296,  0.017,  1.520
  0.018,300.285,  0.058,  1.520
  0.018,300.270,  0.127,  1.520
  0.018,300.267,  0.223,  1.520
  0.018,300.273,  0.355,  1.910
  0.018,300.271,  0.544,  1.910
  0.018,300.284,  0.769,  1.910
  0.018,300.300,  0.984,  4.330
  0.018,300.306,  1.117,  4.330
  0.018,300.311,  1.161,  4.330
  0.018,300.306,  1.128,  4.330
  0.018,300.310,  1.020,  3.800
  0.018,300.327,  0.908,  3.800
  0.018,300.331,  0.755,  3.800
  0.018,300.322,  0.597,  7.180
  0.018,300.321,  0.561,  7.180
  0.018,300.310,  0.645,  7.180
  0.018,300.306,  0.756,  7.180
  0.018,300.321,  0.695,  6.150
  0.018,300.344,  0.487,  6.150
  0.018,300.359,  0.270,  6.150
  0.018,300.372,  0.133,  3.970
  0.018,300.360,  0.103,  3.970
  0.018,300.350,  0.001,  0.350
  0.018,300.336,  0.002,  0.350
  0.018,300.319,  0.001,  1.520
  0.018,300.297,  0.006,  1.520
  0.018,300.272,  0.019,  1.520
  0.018,300.273,  0.044,  1.520
  0.018,300.294,  0.078,  1.910
  0.018,300.306,  0.134,  1.910
  0.018,300.296,  0.215,  1.910
  0.018,300.289,  0.320,  4.330
  0.018,300.300,  0.443,  4.330
  0.018,300.313,  0.537,  4.330
  0.018,300.322,  0.582,  4.330
  0.018,300.329,  0.598,  3.800
  0.018,300.327,  0.579,  3.800
  0.018,300.333,  0.529,  3.800
  0.018,300.358,  0.457,  7.180
  0.018,300.362,  0.366,  7.180
  0.018,300.323,  0.337,  7.180
  0.018,300.300,  0.370,  7.180
  0.018,300.295,  0.398,  6.150
  0.018,300.306,  0.374,  6.150
  0.018,300.327,  0.283,  6.150
  0.018,300.344,  0.207,  3.970
  0.018,300.357,  0.287,  3.970
  0.018,300.361,  0.000,  0.350
  0.018,300.345,  0.000,  0.350
  0.018,300.324,  0.001,  1.520
  0.018,300.296,  0.002,  1.520
  0.018,300.276,  0.003,  1.520
  0.018,300.284,  0.005,  1.520
  0.018,300.308,  0.012,  1.910
  0.018,300.330,  0.022,  1.910
  0.018,300.332,  0.043,  1.910
  0.018,300.304,  0.073,  4.330
  0.018,300.286,  0.118,  4.330
  0.018,300.300,  0.170,  4.330
  0.018,300.315,  0.212,  4.330
  0.018,300.332,  0.254,  3.800
  0.018,300.340,  0.292,  3.800
  0.018,300.341,  0.307,  3.800
  0.018,300.375,  0.287,  7.180
  0.018,300.386,  0.244,  7.180
  0.018,300.362,  0.194,  7.180
  0.018,300.331,  0.172,  7.180
  0.018,300.305,  0.177,  6.150
  0.018,300.297,  0.180,  6.150
  0.018,300.307,  0.156,  6.150
  0.018,300.325,  0.186,  3.970
  0.018,300.340,  0.493,  3.970
  0.018,300.372,  0.000,  0.490
  0.018,300.328,  0.000,  0.490
  0.018,300.298,  0.000,  0.750
  0.018,300.286,  0.000,  0.750
  0.018,300.287,  0.002,  0.750
  0.018,300.303,  0.002,  0.750
  0.018,300.325,  0.002,  1.830
  0.018,300.340,  0.003,  1.830
  0.018,300.335,  0.006,  1.830
  0.018,300.304,  0.013,  3.810
  0.018,300.282,  0.023,  3.810
  0.018,300.296,  0.040,  3.810
  0.018,300.317,  0.061,  3.810
  0.018,300.324,  0.081,  4.560
  0.018,300.331,  0.104,  4.560
  0.018,300.340,  0.131,  4.560
  0.018,300.346,  0.152,  3.460
  0.018,300.357,  0.153,  3.460
  0.018,300.365,  0.131,  3.460
  0.018,300.354,  0.107,  3.460
  0.018,300.342,  0.089,  4.390
  0.018,300.336,  0.071,  4.390
  0.018,300.343,  0.051,  4.390
  0.018,300.349,  0.113,  2.650
  0.018,300.345,  0.549,  2.650
  0.018,300.383,  0.000,  0.490
  0.019,300.324,  0.001,  0.490
  0.018,300.281,  0.000,  0.750
  0.018,300.275,  0.000,  0.750
  0.018,300.289,  0.000,  0.750
  0.018,300.312,  0.001,  0.750
  0.018,300.334,  0.000,  1.830
  0.018,300.345,  0.001,  1.830
  0.018,300.335,  0.001,  1.830
  0.018,300.322,  0.001,  3.810
  0.018,300.319,  0.005,  3.810
  0.018,300.316,  0.008,  3.810
  0.018,300.323,  0.014,  3.810
  0.018,300.323,  0.021,  4.560
  0.018,300.320,  0.030,  4.560
  0.018,300.321,  0.043,  4.560
  0.018,300.329,  0.056,  3.460
  0.018,300.347,  0.068,  3.460
  0.018,300.356,  0.072,  3.460
  0.018,300.353,  0.067,  3.460
  0.018,300.351,  0.054,  4.390
  0.018,300.356,  0.039,  4.390
  0.018,300.356,  0.022,  4.390
  0.018,300.381,  0.068,  2.650
  0.018,300.377,  0.430,  2.650
  0.018,300.392,  0.002,  0.490
  0.018,300.339,  0.002,  0.490
  0.018,300.291,  0.001,  0.750
  0.018,300.275,  0.000,  0.750
  0.018,300.282,  0.000,  0.750
  0.018,300.305,  0.000,  0.750
  0.018,300.325,  0.000,  1.830
  0.018,300.336,  0.001,  1.830
  0.018,300.347,  0.000,  1.830
  0.018,300.350,  0.001,  3.810
  0.018,300.334,  0.001,  3.810
  0.018,300.311,  0.001,  3.810
  0.018,300.300,  0.002,  3.810
  0.018,300.292,  0.006,  4.560
  0.018,300.280,  0.009,  4.560
  0.018,300.283,  0.012,  4.560
  0.018,300.299,  0.018,  3.460
  0.018,300.319,  0.024,  3.460
  0.018,300.328,  0.030,  3.460
  0.018,300.327,  0.033,  3.460
  0.018,300.324,  0.030,  4.390
  0.018,300.336,  0.025,  4.390
  0.018,300.357,  0.019,  4.390
  0.018,300.385,  0.027,  2.650
  0.018,300.397,  0.205,  2.650
  0.018,300.391,  0.002,  0.490
  0.018,300.356,  0.001,  0.490
  0.018,300.312,  0.001,  0.750
  0.018,300.292,  0.001,  0.750
  0.018,300.291,  0.000,  0.750
  0.018,300.300,  0.000,  0.750
  0.018,300.318,  0.001,  1.830
  0.018,300.335,  0.000,  1.830
  0.018,300.345,  0.000,  1.830
  0.018,300.349,  0.000,  3.810
  0.018,300.342,  0.000,  3.810
  0.018,300.328,  0.000,  3.810
  0.018,300.297,  0.000,  3.810
  0.018,300.283,  0.000,  4.560
  0.018,300.298,  0.001,  4.560
  0.018,300.296,  0.004,  4.560
  0.018,300.286,  0.006,  3.460
  0.018,300.284,  0.008,  3.460
  0.018,300.297,  0.010,  3.460
  0.018,300.298,  0.012,  3.460
  0.018,300.302,  0.013,  4.390
  0.018,300.328,  0.014,  4.390
  0.018,300.363,  0.013,  4.390
  0.018,300.388,  0.010,  2.650
  0.018,300.392,  0.048,  2.650
  0.018,300.378,  0.057,  0.340
  0.018,300.371,  0.038,  0.340
  0.018,300.335,  0.004,  0.810
  0.018,300.309,  0.001,  0.810
  0.018,300.305,  0.001,  0.810
  0.018,300.310,  0.000,  0.810
  0.018,300.320,  0.000,  1.540
  0.018,300.324,  0.000,  1.540
  0.018,300.331,  0.000,  1.540
  0.018,300.348,  0.000,  2.580
  0.018,300.360,  0.000,  2.580
  0.018,300.353,  0.000,  2.580
  0.018,300.324,  0.000,  2.580
  0.018,300.304,  0.000,  4.180
  0.018,300.293,  0.000,  4.180
  0.018,300.306,  0.000,  4.180
  0.018,300.297,  0.001,  3.050
  0.018,300.285,  0.003,  3.050
  0.018,300.280,  0.003,  3.050
  0.018,300.285,  0.004,  3.050
  0.018,300.303,  0.005,  2.180
  0.018,300.327,  0.006,  2.180
  0.018,300.349,  0.006,  2.180
  0.018,300.357,  0.006,  2.000
  0.018,300.351,  0.007,  2.000
  0.018,300.382,  1.583,  0.340
  0.018,300.386,  1.211,  0.340
  0.018,300.349,  0.193,  0.810
  0.018,300.318,  0.002,  0.810
  0.018,300.314,  0.002,  0.810
  0.018,300.318,  0.009,  0.810
  0.018,300.317,  0.006,  1.540
  0.018,300.319,  0.000,  1.540
  0.018,300.337,  0.000,  1.540
  0.018,300.354,  0.000,  2.580
  0.018,300.357,  0.000,  2.580
  0.018,300.354,  0.000,  2.580
  0.018,300.347,  0.000,  2.580
  0.018,300.329,  0.000,  4.180
  0.018,300.309,  0.000,  4.180
  0.018,300.291,  0.000,  4.180
  0.018,300.301,  0.000,  3.050
  0.018,300.291,  0.000,  3.050
  0.018,300.280,  0.001,  3.050
  0.018,300.281,  0.002,  3.050
  0.018,300.301,  0.002,  2.180
  0.018,300.317,  0.002,  2.180
  0.018,300.322,  0.002,  2.180
  0.018,300.319,  0.003,  2.000
  0.018,300.308,  0.003,  2.000
