  0.014,299.019,  0.000,  0.000
  0.014,299.030,  0.000,  0.000
  0.014,299.040,  0.000,  0.000
  0.014,299.051,  0.000,  0.000
  0.014,299.062,  0.000,  0.000
  0.014,299.073,  0.000,  0.000
  0.014,299.086,  0.000,  0.000
  0.014,299.100,  0.000,  0.000
  0.014,299.115,  0.000,  0.000
  0.014,299.129,  0.000,  0.000
  0.014,299.143,  0.000,  0.000
  0.014,299.157,  0.000,  0.000
  0.014,299.171,  0.000,  0.000
  0.014,299.185,  0.000,  0.000
  0.014,299.199,  0.000,  0.000
  0.014,299.214,  0.000,  0.000
  0.014,299.229,  0.000,  0.000
  0.014,299.244,  0.000,  0.000
  0.014,299.259,  0.000,  0.000
  0.014,299.273,  0.000,  0.000
  0.014,299.288,  0.000,  0.000
  0.014,299.302,  0.000,  0.000
  0.014,299.316,  0.000,  0.000
  0.014,299.350,  0.000,  0.000
  0.014,299.362,  0.000,  0.000
  0.014,299.029,  0.000,  0.000
  0.014,299.040,  0.000,  0.000
  0.014,299.051,  0.000,  0.000
  0.014,299.062,  0.000,  0.000
  0.014,299.073,  0.000,  0.000
  0.014,299.084,  0.000,  0.000
  0.014,299.097,  0.000,  0.000
  0.014,299.109,  0.000,  0.000
  0.014,299.123,  0.000,  0.000
  0.014,299.136,  0.000,  0.000
  0.014,299.150,  0.000,  0.000
  0.014,299.164,  0.000,  0.000
  0.014,299.177,  0.000,  0.000
  0.014,299.191,  0.000,  0.000
  0.014,299.205,  0.000,  0.000
  0.014,299.219,  0.000,  0.000
  0.014,299.234,  0.000,  0.000
  0.014,299.248,  0.000,  0.000
  0.014,299.262,  0.000,  0.000
  0.014,299.276,  0.000,  0.000
  0.014,299.290,  0.000,  0.000
  0.014,299.304,  0.000,  0.000
  0.014,299.317,  0.000,  0.000
  0.014,299.348,  0.000,  0.000
  0.014,299.359,  0.000,  0.000
  0.015,299.039,  0.000,  0.000
  0.015,299.050,  0.000,  0.000
  0.015,299.061,  0.000,  0.000
  0.015,299.073,  0.000,  0.000
  0.015,299.085,  0.000,  0.000
  0.015,299.096,  0.000,  0.000
  0.015,299.108,  0.000,  0.000
  0.015,299.120,  0.000,  0.000
  0.014,299.132,  0.000,  0.000
  0.014,299.144,  0.000,  0.000
  0.014,299.157,  0.000,  0.000
  0.014,299.170,  0.000,  0.000
  0.014,299.183,  0.000,  0.000
  0.014,299.197,  0.000,  0.000
  0.014,299.211,  0.000,  0.000
  0.014,299.225,  0.000,  0.000
  0.014,299.238,  0.000,  0.000
  0.014,299.252,  0.000,  0.000
  0.014,299.265,  0.000,  0.000
  0.014,299.278,  0.000,  0.000
  0.014,299.291,  0.000,  0.000
  0.014,299.304,  0.000,  0.000
  0.014,299.316,  0.000,  0.000
  0.014,299.345,  0.000,  0.000
  0.014,299.355,  0.000,  0.000
  0.015,299.049,  0.000,  0.000
  0.015,299.060,  0.000,  0.000
  0.015,299.072,  0.000,  0.000
  0.015,299.084,  0.000,  0.000
  0.015,299.096,  0.000,  0.000
  0.015,299.107,  0.000,  0.000
  0.015,299.119,  0.000,  0.000
  0.015,299.131,  0.000,  0.000
  0.015,299.142,  0.000,  0.000
  0.015,299.153,  0.000,  0.000
  0.015,299.165,  0.000,  0.000
  0.015,299.177,  0.000,  0.000
  0.015,299.189,  0.000,  0.000
  0.015,299.202,  0.000,  0.000
  0.015,299.215,  0.000,  0.000
  0.015,299.228,  0.000,  0.000
  0.014,299.242,  0.000,  0.000
  0.014,299.255,  0.000,  0.000
  0.014,299.267,  0.000,  0.000
  0.014,299.280,  0.000,  0.000
  0.014,299.292,  0.000,  0.000
  0.014,299.304,  0.000,  0.000
  0.014,299.316,  0.000,  0.000
  0.014,299.341,  0.000,  0.000
  0.014,299.351,  0.000,  0.000
  0.015,299.058,  0.000,  0.000
  0.015,299.070,  0.000,  0.000
  0.015,299.082,  0.000,  0.000
  0.015,299.094,  0.000,  0.000
  0.015,299.107,  0.000,  0.000
  0.015,299.119,  0.000,  0.000
  0.015,299.130,  0.000,  0.000
  0.015,299.141,  0.000,  0.000
  0.015,299.152,  0.000,  0.000
  0.015,299.163,  0.000,  0.000
  0.015,299.174,  0.000,  0.000
  0.015,299.184,  0.000,  0.000
  0.015,299.196,  0.000,  0.000
  0.015,299.207,  0.000,  0.000
  0.015,299.220,  0.000,  0.000
  0.015,299.232,  0.000,  0.000
  0.015,299.244,  0.000,  0.000
  0.015,299.256,  0.000,  0.000
  0.015,299.269,  0.000,  0.000
  0.015,299.281,  0.000,  0.000
  0.015,299.292,  0.000,  0.000
  0.014,299.304,  0.000,  0.000
  0.014,299.315,  0.000,  0.000
  0.014,299.337,  0.000,  0.000
  0.014,299.346,  0.000,  0.000
  0.015,299.066,  0.000,  0.000
  0.015,299.080,  0.000,  0.000
  0.015,299.093,  0.000,  0.000
  0.015,299.105,  0.000,  0.000
  0.015,299.118,  0.000,  0.000
  0.015,299.130,  0.000,  0.000
  0.015,299.141,  0.000,  0.000
  0.015,299.152,  0.000,  0.000
  0.015,299.163,  0.000,  0.000
  0.015,299.173,  0.000,  0.000
  0.015,299.183,  0.000,  0.000
  0.015,299.193,  0.000,  0.000
  0.015,299.203,  0.000,  0.000
  0.015,299.214,  0.000,  0.000
  0.015,299.225,  0.000,  0.000
  0.015,299.236,  0.000,  0.000
  0.015,299.248,  0.000,  0.000
  0.015,299.259,  0.000,  0.000
  0.015,299.270,  0.000,  0.000
  0.015,299.281,  0.000,  0.000
  0.015,299.292,  0.000,  0.000
  0.015,299.302,  0.000,  0.000
  0.015,299.313,  0.000,  0.000
  0.015,299.331,  0.000,  0.000
  0.015,299.340,  0.000,  0.000
  0.015,299.074,  0.000,  0.000
  0.015,299.088,  0.000,  0.000
  0.015,299.102,  0.000,  0.000
  0.015,299.115,  0.000,  0.000
  0.015,299.128,  0.000,  0.000
  0.015,299.140,  0.000,  0.000
  0.015,299.152,  0.000,  0.000
  0.015,299.163,  0.000,  0.000
  0.015,299.173,  0.000,  0.000
  0.015,299.183,  0.000,  0.000
  0.015,299.193,  0.000,  0.000
  0.015,299.202,  0.000,  0.000
  0.015,299.212,  0.000,  0.000
  0.015,299.222,  0.000,  0.000
  0.015,299.232,  0.000,  0.000
  0.015,299.242,  0.000,  0.000
  0.015,299.252,  0.000,  0.000
  0.015,299.262,  0.000,  0.000
  0.015,299.272,  0.000,  0.000
  0.015,299.282,  0.000,  0.000
  0.015,299.292,  0.000,  0.000
  0.015,299.301,  0.000,  0.000
  0.015,299.310,  0.000,  0.000
  0.015,299.325,  0.000,  0.000
  0.015,299.333,  0.000,  0.000
  0.015,299.081,  0.000,  0.000
  0.015,299.095,  0.000,  0.000
  0.015,299.110,  0.000,  0.000
  0.015,299.124,  0.000,  0.000
  0.015,299.137,  0.000,  0.000
  0.015,299.150,  0.000,  0.000
  0.015,299.162,  0.000,  0.000
  0.015,299.173,  0.000,  0.000
  0.015,299.183,  0.000,  0.000
  0.015,299.193,  0.000,  0.000
  0.015,299.202,  0.000,  0.000
  0.015,299.211,  0.000,  0.000
  0.015,299.220,  0.000,  0.000
  0.015,299.229,  0.000,  0.000
  0.015,299.238,  0.000,  0.000
  0.015,299.247,  0.000,  0.000
  0.015,299.256,  0.000,  0.000
  0.015,299.265,  0.000,  0.000
  0.015,299.274,  0.000,  0.000
  0.015,299.283,  0.000,  0.000
  0.015,299.291,  0.000,  0.000
  0.015,299.299,  0.000,  0.000
  0.015,299.307,  0.000,  0.000
  0.015,299.319,  0.000,  0.000
  0.015,299.326,  0.000,  0.000
  0.015,299.087,  0.000,  0.000
  0.015,299.102,  0.000,  0.000
  0.015,299.116,  0.000,  0.000
  0.015,299.131,  0.000,  0.000
  0.015,299.145,  0.000,  0.000
  0.015,299.158,  0.000,  0.000
  0.015,299.170,  0.000,  0.000
  0.015,299.181,  0.000,  0.000
  0.015,299.191,  0.000,  0.000
  0.015,299.200,  0.000,  0.000
  0.015,299.210,  0.000,  0.000
  0.015,299.218,  0.000,  0.000
  0.015,299.227,  0.000,  0.000
  0.015,299.235,  0.000,  0.000
  0.015,299.243,  0.000,  0.000
  0.015,299.252,  0.000,  0.000
  0.015,299.260,  0.000,  0.000
  0.015,299.268,  0.000,  0.000
  0.015,299.275,  0.000,  0.000
  0.015,299.283,  0.000,  0.000
  0.015,299.290,  0.000,  0.000
  0.015,299.297,  0.000,  0.000
  0.015,299.304,  0.000,  0.000
  0.015,299.313,  0.000,  0.000
  0.015,299.320,  0.000,  0.000
  0.015,299.091,  0.000,  0.000
  0.015,299.106,  0.000,  0.000
  0.015,299.121,  0.000,  0.000
  0.015,299.136,  0.000,  0.000
  0.015,299.151,  0.000,  0.000
  0.015,299.164,  0.000,  0.000
  0.015,299.176,  0.000,  0.000
  0.015,299.187,  0.000,  0.000
  0.015,299.197,  0.000,  0.000
  0.015,299.206,  0.000,  0.000
  0.015,299.215,  0.000,  0.000
  0.015,299.224,  0.000,  0.000
  0.015,299.232,  0.000,  0.000
  0.015,299.240,  0.000,  0.000
  0.015,299.247,  0.000,  0.000
  0.015,299.255,  0.000,  0.000
  0.015,299.262,  0.000,  0.000
  0.015,299.269,  0.000,  0.000
  0.015,299.275,  0.000,  0.000
  0.015,299.282,  0.000,  0.000
  0.015,299.288,  0.000,  0.000
  0.015,299.294,  0.000,  0.000
  0.015,299.300,  0.000,  0.000
  0.015,299.307,  0.000,  0.000
  0.015,299.313,  0.000,  0.000
  0.015,299.093,  0.000,  0.000
  0.015,299.109,  0.000,  0.000
  0.015,299.125,  0.000,  0.000
  0.015,299.140,  0.000,  0.000
  0.015,299.154,  0.000,  0.000
  0.015,299.168,  0.000,  0.000
  0.015,299.180,  0.000,  0.000
  0.015,299.191,  0.000,  0.000
  0.015,299.202,  0.000,  0.000
  0.015,299.211,  0.000,  0.000
  0.015,299.219,  0.000,  0.000
  0.015,299.227,  0.000,  0.000
  0.015,299.234,  0.000,  0.000
  0.015,299.241,  0.000,  0.000
  0.015,299.248,  0.000,  0.000
  0.015,299.254,  0.000,  0.000
  0.015,299.261,  0.000,  0.000
  0.015,299.266,  0.000,  0.000
  0.015,299.272,  0.000,  0.000
  0.015,299.277,  0.000,  0.000
  0.015,299.283,  0.000,  0.000
  0.015,299.288,  0.000,  0.000
  0.015,299.294,  0.000,  0.000
  0.015,299.300,  0.000,  0.000
  0.015,299.306,  0.000,  0.000
  0.015,299.090,  0.000,  0.000
  0.015,299.106,  0.000,  0.000
  0.015,299.122,  0.000,  0.000
  0.015,299.137,  0.000,  0.000
  0.015,299.151,  0.000,  0.000
  0.015,299.165,  0.000,  0.000
  0.015,299.177,  0.000,  0.000
  0.015,299.188,  0.000,  0.000
  0.015,299.199,  0.000,  0.000
  0.015,299.208,  0.000,  0.000
  0.015,299.216,  0.000,  0.000
  0.015,299.224,  0.000,  0.000
  0.015,299.231,  0.000,  0.000
  0.015,299.238,  0.000,  0.000
  0.015,299.244,  0.000,  0.000
  0.015,299.250,  0.000,  0.000
  0.015,299.256,  0.000,  0.000
  0.015,299.261,  0.000,  0.000
  0.015,299.266,  0.000,  0.000
  0.015,299.270,  0.000,  0.000
  0.015,299.275,  0.000,  0.000
  0.015,299.281,  0.000,  0.000
  0.015,299.287,  0.000,  0.000
  0.015,299.292,  0.000,  0.000
  0.015,299.298,  0.000,  0.000
  0.015,299.085,  0.000,  0.000
  0.015,299.101,  0.000,  0.000
  0.015,299.116,  0.000,  0.000
  0.015,299.130,  0.000,  0.000
  0.015,299.145,  0.000,  0.000
  0.015,299.158,  0.000,  0.000
  0.015,299.170,  0.000,  0.000
  0.015,299.182,  0.000,  0.000
  0.015,299.192,  0.000,  0.000
  0.015,299.201,  0.000,  0.000
  0.015,299.209,  0.000,  0.000
  0.015,299.216,  0.000,  0.000
  0.015,299.223,  0.000,  0.000
  0.015,299.230,  0.000,  0.000
  0.015,299.236,  0.000,  0.000
  0.015,299.242,  0.000,  0.000
  0.015,299.247,  0.000,  0.000
  0.015,299.251,  0.000,  0.000
  0.015,299.256,  0.000,  0.000
  0.015,299.260,  0.000,  0.000
  0.015,299.265,  0.000,  0.000
  0.015,299.271,  0.000,  0.000
  0.015,299.276,  0.000,  0.000
  0.015,299.282,  0.000,  0.000
  0.015,299.287,  0.000,  0.000
  0.015,299.079,  0.000,  0.000
  0.015,299.093,  0.000,  0.000
  0.015,299.108,  0.000,  0.000
  0.015,299.122,  0.000,  0.000
  0.015,299.135,  0.000,  0.000
  0.015,299.148,  0.000,  0.000
  0.015,299.160,  0.000,  0.000
  0.015,299.171,  0.000,  0.000
  0.015,299.181,  0.000,  0.000
  0.015,299.190,  0.000,  0.000
  0.015,299.197,  0.000,  0.000
  0.015,299.204,  0.000,  0.000
  0.015,299.211,  0.000,  0.000
  0.015,299.218,  0.000,  0.000
  0.015,299.224,  0.000,  0.000
  0.015,299.229,  0.000,  0.000
  0.015,299.234,  0.000,  0.000
  0.015,299.238,  0.000,  0.000
  0.015,299.242,  0.000,  0.000
  0.015,299.247,  0.000,  0.000
  0.015,299.252,  0.000,  0.000
  0.015,299.257,  0.000,  0.000
  0.015,299.262,  0.000,  0.000
  0.015,299.267,  0.000,  0.000
  0.015,299.272,  0.000,  0.000
  0.015,299.072,  0.000,  0.000
  0.015,299.085,  0.000,  0.000
  0.015,299.099,  0.000,  0.000
  0.015,299.112,  0.000,  0.000
  0.015,299.124,  0.000,  0.000
  0.015,299.136,  0.000,  0.000
  0.015,299.148,  0.000,  0.000
  0.015,299.158,  0.000,  0.000
  0.015,299.167,  0.000,  0.000
  0.015,299.176,  0.000,  0.000
  0.015,299.183,  0.000,  0.000
  0.015,299.190,  0.000,  0.000
  0.015,299.196,  0.000,  0.000
  0.015,299.203,  0.000,  0.000
  0.015,299.208,  0.000,  0.000
  0.015,299.214,  0.000,  0.000
  0.015,299.219,  0.000,  0.000
  0.015,299.223,  0.000,  0.000
  0.015,299.227,  0.000,  0.000
  0.015,299.231,  0.000,  0.000
  0.015,299.236,  0.000,  0.000
  0.015,299.241,  0.000,  0.000
  0.015,299.246,  0.000,  0.000
  0.015,299.251,  0.000,  0.000
  0.015,299.256,  0.000,  0.000
