  0.020,300.698,  0.000,  0.000
  0.020,300.608,  0.000,  0.000
  0.020,300.535,  0.000,  0.000
  0.020,300.506,  0.000,  0.000
  0.020,300.512,  0.000,  0.000
  0.019,300.533,  0.000,  0.000
  0.019,300.550,  0.000,  0.000
  0.019,300.568,  0.000,  0.000
  0.019,300.575,  0.000,  0.000
  0.019,300.556,  0.000,  0.000
  0.019,300.544,  0.000,  0.000
  0.020,300.529,  0.000,  0.000
  0.020,300.523,  0.000,  0.000
  0.019,300.540,  0.000,  0.000
  0.019,300.571,  0.000,  0.000
  0.019,300.588,  0.000,  0.000
  0.020,300.580,  0.000,  0.000
  0.020,300.565,  0.000,  0.000
  0.019,300.579,  0.000,  0.000
  0.019,300.643,  0.000,  0.000
  0.019,300.674,  0.000,  0.000
  0.020,300.560,  0.000,  0.000
  0.020,300.331,  0.000,  0.000
  0.020,300.082,  0.000,  0.000
  0.020,299.946,  0.000,  0.000
  0.019,300.726,  0.000,  0.000
  0.020,300.648,  0.000,  0.000
  0.020,300.580,  0.000,  0.000
  0.020,300.562,  0.000,  0.000
  0.019,300.567,  0.000,  0.000
  0.019,300.568,  0.000,  0.000
  0.019,300.563,  0.000,  0.000
  0.019,300.547,  0.000,  0.000
  0.019,300.534,  0.000,  0.000
  0.019,300.527,  0.000,  0.000
  0.019,300.528,  0.000,  0.000
  0.019,300.534,  0.000,  0.000
  0.020,300.549,  0.000,  0.000
  0.019,300.573,  0.000,  0.000
  0.019,300.588,  0.000,  0.000
  0.019,300.582,  0.000,  0.000
  0.020,300.560,  0.000,  0.000
  0.020,300.542,  0.000,  0.000
  0.020,300.564,  0.000,  0.000
  0.019,300.636,  0.000,  0.000
  0.019,300.684,  0.000,  0.000
  0.019,300.656,  0.000,  0.000
  0.020,300.509,  0.000,  0.000
  0.020,300.299,  0.000,  0.000
  0.020,300.147,  0.000,  0.000
  0.019,300.705,  0.000,  0.000
  0.020,300.676,  0.000,  0.000
  0.020,300.654,  0.000,  0.000
  0.019,300.648,  0.000,  0.000
  0.019,300.637,  0.000,  0.000
  0.019,300.624,  0.000,  0.000
  0.019,300.609,  0.000,  0.000
  0.019,300.572,  0.000,  0.000
  0.019,300.533,  0.000,  0.000
  0.019,300.522,  0.000,  0.000
  0.019,300.536,  0.000,  0.000
  0.019,300.554,  0.000,  0.000
  0.020,300.569,  0.000,  0.000
  0.020,300.573,  0.000,  0.000
  0.019,300.564,  0.000,  0.000
  0.019,300.562,  0.000,  0.000
  0.019,300.594,  0.000,  0.000
  0.019,300.643,  0.000,  0.000
  0.019,300.660,  0.000,  0.000
  0.020,300.627,  0.000,  0.000
  0.019,300.625,  0.000,  0.000
  0.019,300.625,  0.000,  0.000
  0.019,300.573,  0.000,  0.000
  0.020,300.454,  0.000,  0.000
  0.020,300.316,  0.000,  0.000
  0.019,300.681,  0.000,  0.000
  0.019,300.696,  0.000,  0.000
  0.019,300.696,  0.000,  0.000
  0.019,300.670,  0.000,  0.000
  0.019,300.638,  0.000,  0.000
  0.019,300.628,  0.000,  0.000
  0.019,300.634,  0.000,  0.000
  0.019,300.632,  0.000,  0.000
  0.019,300.598,  0.000,  0.000
  0.019,300.561,  0.000,  0.000
  0.020,300.547,  0.000,  0.000
  0.020,300.562,  0.000,  0.000
  0.020,300.598,  0.000,  0.000
  0.020,300.633,  0.000,  0.000
  0.020,300.656,  0.000,  0.000
  0.019,300.688,  0.000,  0.000
  0.019,300.727,  0.000,  0.000
  0.019,300.738,  0.000,  0.000
  0.019,300.675,  0.000,  0.000
  0.020,300.595,  0.000,  0.000
  0.020,300.579,  0.000,  0.000
  0.019,300.601,  0.000,  0.000
  0.019,300.561,  0.000,  0.000
  0.020,300.452,  0.000,  0.000
  0.020,300.351,  0.000,  0.000
  0.020,300.685,  0.000,  0.000
  0.019,300.700,  0.000,  0.000
  0.020,300.705,  0.000,  0.000
  0.020,300.680,  0.000,  0.000
  0.020,300.645,  0.000,  0.000
  0.019,300.628,  0.000,  0.000
  0.019,300.638,  0.000,  0.000
  0.019,300.653,  0.000,  0.000
  0.019,300.645,  0.000,  0.000
  0.020,300.621,  0.000,  0.000
  0.020,300.602,  0.000,  0.000
  0.020,300.607,  0.000,  0.000
  0.020,300.643,  0.000,  0.000
  0.020,300.695,  0.000,  0.000
  0.019,300.744,  0.000,  0.000
  0.019,300.767,  0.000,  0.000
  0.019,300.751,  0.000,  0.000
  0.019,300.686,  0.000,  0.000
  0.020,300.551,  0.000,  0.000
  0.020,300.416,  0.000,  0.000
  0.020,300.410,  0.000,  0.000
  0.019,300.506,  0.000,  0.000
  0.020,300.519,  0.000,  0.000
  0.020,300.436,  0.000,  0.000
  0.020,300.377,  0.000,  0.000
  0.020,300.728,  0.000,  0.000
  0.020,300.723,  0.000,  0.000
  0.020,300.712,  0.000,  0.000
  0.020,300.685,  0.000,  0.000
  0.020,300.652,  0.000,  0.000
  0.020,300.630,  0.000,  0.000
  0.020,300.637,  0.000,  0.000
  0.019,300.649,  0.000,  0.000
  0.019,300.654,  0.000,  0.000
  0.020,300.666,  0.000,  0.000
  0.020,300.677,  0.000,  0.000
  0.020,300.681,  0.000,  0.000
  0.020,300.698,  0.000,  0.000
  0.019,300.725,  0.000,  0.000
  0.019,300.759,  0.000,  0.000
  0.019,300.774,  0.000,  0.000
  0.019,300.728,  0.000,  0.000
  0.020,300.603,  0.000,  0.000
  0.020,300.403,  0.000,  0.000
  0.020,300.216,  0.000,  0.000
  0.020,300.198,  0.000,  0.000
  0.019,300.363,  0.000,  0.000
  0.020,300.480,  0.000,  0.000
  0.020,300.420,  0.000,  0.000
  0.020,300.416,  0.000,  0.000
  0.019,300.810,  0.000,  0.000
  0.020,300.770,  0.000,  0.000
  0.020,300.725,  0.000,  0.000
  0.020,300.696,  0.000,  0.000
  0.020,300.657,  0.000,  0.000
  0.020,300.623,  0.000,  0.000
  0.020,300.630,  0.000,  0.000
  0.019,300.650,  0.000,  0.000
  0.019,300.669,  0.000,  0.000
  0.019,300.687,  0.000,  0.000
  0.019,300.718,  0.000,  0.000
  0.019,300.730,  0.000,  0.000
  0.019,300.732,  0.000,  0.000
  0.019,300.728,  0.000,  0.000
  0.019,300.725,  0.000,  0.000
  0.019,300.723,  0.000,  0.000
  0.019,300.696,  0.000,  0.000
  0.020,300.606,  0.000,  0.000
  0.020,300.453,  0.000,  0.000
  0.020,300.311,  0.000,  0.000
  0.020,300.312,  0.000,  0.000
  0.020,300.421,  0.000,  0.000
  0.020,300.439,  0.000,  0.000
  0.020,300.419,  0.000,  0.000
  0.019,300.494,  0.000,  0.000
  0.019,300.832,  0.000,  0.000
  0.019,300.788,  0.000,  0.000
  0.019,300.733,  0.000,  0.000
  0.019,300.700,  0.000,  0.000
  0.019,300.682,  0.000,  0.000
  0.020,300.660,  0.000,  0.000
  0.020,300.649,  0.000,  0.000
  0.019,300.662,  0.000,  0.000
  0.019,300.683,  0.000,  0.000
  0.019,300.708,  0.000,  0.000
  0.019,300.730,  0.000,  0.000
  0.019,300.738,  0.000,  0.000
  0.019,300.728,  0.000,  0.000
  0.019,300.698,  0.000,  0.000
  0.020,300.669,  0.000,  0.000
  0.020,300.669,  0.000,  0.000
  0.019,300.693,  0.000,  0.000
  0.019,300.676,  0.000,  0.000
  0.020,300.599,  0.000,  0.000
  0.020,300.535,  0.000,  0.000
  0.020,300.516,  0.000,  0.000
  0.020,300.484,  0.000,  0.000
  0.020,300.424,  0.000,  0.000
  0.020,300.436,  0.000,  0.000
  0.019,300.532,  0.000,  0.000
  0.019,300.809,  0.000,  0.000
  0.019,300.788,  0.000,  0.000
  0.019,300.762,  0.000,  0.000
  0.019,300.732,  0.000,  0.000
  0.020,300.870,  0.000,  0.000
  0.019,300.708,  0.000,  0.000
  0.019,300.694,  0.000,  0.000
  0.019,300.687,  0.000,  0.000
  0.019,300.697,  0.000,  0.000
  0.019,300.720,  0.000,  0.000
  0.019,300.737,  0.000,  0.000
  0.019,300.740,  0.000,  0.000
  0.019,300.727,  0.000,  0.000
  0.020,300.696,  0.000,  0.000
  0.020,300.669,  0.000,  0.000
  0.020,300.677,  0.000,  0.000
  0.019,300.704,  0.000,  0.000
  0.019,300.708,  0.000,  0.000
  0.019,300.687,  0.000,  0.000
  0.019,300.681,  0.000,  0.000
  0.019,300.662,  0.000,  0.000
  0.020,300.573,  0.000,  0.000
  0.020,300.475,  0.000,  0.000
  0.020,300.464,  0.000,  0.000
  0.019,300.518,  0.000,  0.000
  0.019,300.825,  0.000,  0.000
  0.019,300.808,  0.000,  0.000
  0.020,300.932,  0.000,  0.000
  0.019,300.760,  0.000,  0.000
  0.019,300.741,  0.000,  0.000
  0.019,300.755,  0.000,  0.000
  0.019,300.764,  0.000,  0.000
  0.019,300.749,  0.000,  0.000
  0.019,300.728,  0.000,  0.000
  0.019,300.727,  0.000,  0.000
  0.019,300.740,  0.000,  0.000
  0.019,300.753,  0.000,  0.000
  0.019,300.748,  0.000,  0.000
  0.020,300.730,  0.000,  0.000
  0.020,300.708,  0.000,  0.000
  0.020,300.682,  0.000,  0.000
  0.019,300.671,  0.000,  0.000
  0.019,300.685,  0.000,  0.000
  0.019,300.715,  0.000,  0.000
  0.019,300.728,  0.000,  0.000
  0.019,300.691,  0.000,  0.000
  0.020,300.623,  0.000,  0.000
  0.020,300.547,  0.000,  0.000
  0.020,300.494,  0.000,  0.000
  0.020,300.495,  0.000,  0.000
  0.019,300.856,  0.000,  0.000
  0.019,300.808,  0.000,  0.000
  0.019,300.754,  0.000,  0.000
  0.019,300.738,  0.000,  0.000
  0.019,300.761,  0.000,  0.000
  0.019,300.787,  0.000,  0.000
  0.019,300.797,  0.000,  0.000
  0.019,300.767,  0.000,  0.000
  0.019,300.731,  0.000,  0.000
  0.019,300.718,  0.000,  0.000
  0.019,300.742,  0.000,  0.000
  0.019,300.767,  0.000,  0.000
  0.019,300.765,  0.000,  0.000
  0.020,300.760,  0.000,  0.000
  0.020,300.752,  0.000,  0.000
  0.020,300.714,  0.000,  0.000
  0.020,300.659,  0.000,  0.000
  0.020,300.641,  0.000,  0.000
  0.019,300.693,  0.000,  0.000
  0.019,300.739,  0.000,  0.000
  0.020,300.711,  0.000,  0.000
  0.020,300.632,  0.000,  0.000
  0.020,300.565,  0.000,  0.000
  0.020,300.517,  0.000,  0.000
  0.020,300.491,  0.000,  0.000
  0.019,300.893,  0.000,  0.000
  0.019,300.817,  0.000,  0.000
  0.020,300.715,  0.000,  0.000
  0.019,300.699,  0.000,  0.000
  0.019,300.748,  0.000,  0.000
  0.019,300.795,  0.000,  0.000
  0.020,300.771,  0.000,  0.000
  0.019,300.754,  0.000,  0.000
  0.019,300.755,  0.000,  0.000
  0.019,300.741,  0.000,  0.000
  0.020,300.744,  0.000,  0.000
  0.019,300.777,  0.000,  0.000
  0.019,300.794,  0.000,  0.000
  0.019,300.792,  0.000,  0.000
  0.019,300.791,  0.000,  0.000
  0.019,300.767,  0.000,  0.000
  0.020,300.691,  0.000,  0.000
  0.020,300.611,  0.000,  0.000
  0.020,300.604,  0.000,  0.000
  0.020,300.665,  0.000,  0.000
  0.020,300.701,  0.000,  0.000
  0.020,300.664,  0.000,  0.000
  0.020,300.590,  0.000,  0.000
  0.020,300.549,  0.000,  0.000
  0.020,300.531,  0.000,  0.000
  0.019,300.920,  0.000,  0.000
  0.020,300.990,  0.000,  0.000
  0.020,300.766,  0.000,  0.000
  0.020,300.734,  0.000,  0.000
  0.020,300.805,  0.000,  0.000
  0.019,300.811,  0.000,  0.000
  0.020,300.780,  0.000,  0.000
  0.020,300.761,  0.000,  0.000
  0.019,300.777,  0.000,  0.000
  0.019,300.784,  0.000,  0.000
  0.019,300.781,  0.000,  0.000
  0.020,300.781,  0.000,  0.000
  0.020,300.785,  0.000,  0.000
  0.019,300.789,  0.000,  0.000
  0.019,300.791,  0.000,  0.000
  0.019,300.774,  0.000,  0.000
  0.020,300.718,  0.000,  0.000
  0.020,300.644,  0.000,  0.000
  0.020,300.589,  0.000,  0.000
  0.020,300.601,  0.000,  0.000
  0.020,300.664,  0.000,  0.000
  0.020,300.694,  0.000,  0.000
  0.020,300.648,  0.000,  0.000
  0.020,300.577,  0.000,  0.000
  0.020,300.553,  0.000,  0.000
  0.019,300.947,  0.000,  0.000
  0.020,300.909,  0.000,  0.000
  0.020,300.860,  0.000,  0.000
  0.020,300.831,  0.000,  0.000
  0.020,300.835,  0.000,  0.000
  0.020,300.832,  0.000,  0.000
  0.020,300.820,  0.000,  0.000
  0.020,300.782,  0.000,  0.000
  0.019,300.764,  0.000,  0.000
  0.019,300.779,  0.000,  0.000
  0.019,300.792,  0.000,  0.000
  0.019,300.782,  0.000,  0.000
  0.020,300.746,  0.000,  0.000
  0.020,300.718,  0.000,  0.000
  0.020,300.719,  0.000,  0.000
  0.020,300.724,  0.000,  0.000
  0.020,300.697,  0.000,  0.000
  0.020,300.657,  0.000,  0.000
  0.020,300.634,  0.000,  0.000
  0.020,300.627,  0.000,  0.000
  0.020,300.651,  0.000,  0.000
  0.020,300.684,  0.000,  0.000
  0.020,300.662,  0.000,  0.000
  0.020,300.580,  0.000,  0.000
  0.020,300.526,  0.000,  0.000
  0.019,300.943,  0.000,  0.000
  0.019,300.923,  0.000,  0.000
  0.020,300.895,  0.000,  0.000
  0.020,300.998,  0.000,  0.000
  0.021,300.981,  0.000,  0.000
  0.020,300.845,  0.000,  0.000
  0.020,300.839,  0.000,  0.000
  0.020,300.810,  0.000,  0.000
  0.020,300.768,  0.000,  0.000
  0.020,300.748,  0.000,  0.000
  0.020,300.757,  0.000,  0.000
  0.020,300.763,  0.000,  0.000
  0.020,300.741,  0.000,  0.000
  0.020,300.710,  0.000,  0.000
  0.020,300.692,  0.000,  0.000
  0.020,300.674,  0.000,  0.000
  0.020,300.642,  0.000,  0.000
  0.020,300.634,  0.000,  0.000
  0.020,300.651,  0.000,  0.000
  0.020,300.672,  0.000,  0.000
  0.020,300.684,  0.000,  0.000
  0.020,300.686,  0.000,  0.000
  0.020,300.660,  0.000,  0.000
  0.020,300.597,  0.000,  0.000
  0.020,300.525,  0.000,  0.000
