  0.017,298.394,  0.000,  0.000
  0.016,298.309,  0.000,  0.000
  0.015,298.446,  0.000,  0.000
  0.015,298.563,  0.000,  0.000
  0.016,298.574,  0.000,  0.000
  0.016,298.574,  0.000,  0.000
  0.016,298.585,  0.000,  0.000
  0.016,298.612,  0.000,  0.000
  0.016,298.643,  0.000,  0.000
  0.016,298.660,  0.000,  0.000
  0.016,298.692,  0.000,  0.000
  0.016,298.790,  0.000,  0.000
  0.016,298.924,  0.000,  0.000
  0.016,298.985,  0.000,  0.000
  0.016,298.932,  0.000,  0.000
  0.016,298.851,  0.000,  0.000
  0.017,298.803,  0.000,  0.000
  0.017,298.783,  0.000,  0.000
  0.017,298.775,  0.000,  0.000
  0.016,298.773,  0.000,  0.000
  0.016,298.779,  0.000,  0.000
  0.016,298.789,  0.000,  0.000
  0.016,298.797,  0.000,  0.000
  0.016,298.815,  0.000,  0.000
  0.016,298.797,  0.000,  0.000
  0.017,298.654,  0.000,  0.000
  0.016,298.421,  0.000,  0.000
  0.016,298.431,  0.000,  0.000
  0.016,298.539,  0.000,  0.000
  0.016,298.579,  0.000,  0.000
  0.016,298.559,  0.000,  0.000
  0.016,298.586,  0.000,  0.000
  0.016,298.693,  0.000,  0.000
  0.016,298.795,  0.000,  0.000
  0.016,298.834,  0.000,  0.000
  0.016,298.850,  0.000,  0.000
  0.016,298.898,  0.000,  0.000
  0.016,298.961,  0.000,  0.000
  0.016,298.961,  0.000,  0.000
  0.016,298.907,  0.000,  0.000
  0.017,298.844,  0.000,  0.000
  0.017,298.799,  0.000,  0.000
  0.016,298.791,  0.000,  0.000
  0.016,298.806,  0.000,  0.000
  0.016,298.823,  0.000,  0.000
  0.016,298.815,  0.000,  0.000
  0.016,298.801,  0.000,  0.000
  0.016,298.795,  0.000,  0.000
  0.016,298.799,  0.000,  0.000
  0.016,298.765,  0.000,  0.000
  0.016,298.970,  0.000,  0.000
  0.016,298.777,  0.000,  0.000
  0.016,298.609,  0.000,  0.000
  0.016,298.549,  0.000,  0.000
  0.016,298.549,  0.000,  0.000
  0.016,298.533,  0.000,  0.000
  0.016,298.536,  0.000,  0.000
  0.016,298.621,  0.000,  0.000
  0.016,298.736,  0.000,  0.000
  0.016,298.814,  0.000,  0.000
  0.016,298.870,  0.000,  0.000
  0.016,298.918,  0.000,  0.000
  0.016,298.945,  0.000,  0.000
  0.016,298.933,  0.000,  0.000
  0.016,298.892,  0.000,  0.000
  0.016,298.828,  0.000,  0.000
  0.017,298.766,  0.000,  0.000
  0.016,298.749,  0.000,  0.000
  0.016,298.780,  0.000,  0.000
  0.016,298.822,  0.000,  0.000
  0.016,298.835,  0.000,  0.000
  0.016,298.822,  0.000,  0.000
  0.016,298.802,  0.000,  0.000
  0.016,298.789,  0.000,  0.000
  0.016,298.746,  0.000,  0.000
  0.016,299.028,  0.000,  0.000
  0.016,299.019,  0.000,  0.000
  0.016,298.917,  0.000,  0.000
  0.017,298.817,  0.000,  0.000
  0.017,298.706,  0.000,  0.000
  0.017,298.635,  0.000,  0.000
  0.017,298.642,  0.000,  0.000
  0.017,298.692,  0.000,  0.000
  0.017,298.759,  0.000,  0.000
  0.017,298.816,  0.000,  0.000
  0.016,298.865,  0.000,  0.000
  0.016,298.896,  0.000,  0.000
  0.016,298.897,  0.000,  0.000
  0.016,298.881,  0.000,  0.000
  0.016,298.858,  0.000,  0.000
  0.016,298.833,  0.000,  0.000
  0.016,298.802,  0.000,  0.000
  0.016,298.770,  0.000,  0.000
  0.016,298.751,  0.000,  0.000
  0.016,298.752,  0.000,  0.000
  0.016,298.773,  0.000,  0.000
  0.016,298.800,  0.000,  0.000
  0.016,298.806,  0.000,  0.000
  0.016,298.794,  0.000,  0.000
  0.016,298.746,  0.000,  0.000
  0.017,298.936,  0.000,  0.000
  0.016,298.750,  0.000,  0.000
  0.016,298.657,  0.000,  0.000
  0.015,298.807,  0.000,  0.000
  0.016,298.999,  0.000,  0.000
  0.017,298.958,  0.000,  0.000
  0.016,298.874,  0.000,  0.000
  0.016,298.899,  0.000,  0.000
  0.016,298.989,  0.000,  0.000
  0.016,299.010,  0.000,  0.000
  0.017,298.955,  0.000,  0.000
  0.017,298.892,  0.000,  0.000
  0.016,298.871,  0.000,  0.000
  0.016,298.869,  0.000,  0.000
  0.016,298.854,  0.000,  0.000
  0.016,298.832,  0.000,  0.000
  0.016,298.819,  0.000,  0.000
  0.016,298.793,  0.000,  0.000
  0.016,298.746,  0.000,  0.000
  0.016,298.705,  0.000,  0.000
  0.016,298.702,  0.000,  0.000
  0.016,298.736,  0.000,  0.000
  0.016,298.767,  0.000,  0.000
  0.016,298.773,  0.000,  0.000
  0.016,298.745,  0.000,  0.000
  0.016,298.988,  0.000,  0.000
  0.016,298.902,  0.000,  0.000
  0.016,298.851,  0.000,  0.000
  0.016,298.942,  0.000,  0.000
  0.016,299.062,  0.000,  0.000
  0.016,299.059,  0.000,  0.000
  0.016,298.997,  0.000,  0.000
  0.016,298.996,  0.000,  0.000
  0.016,299.053,  0.000,  0.000
  0.016,299.089,  0.000,  0.000
  0.016,299.071,  0.000,  0.000
  0.016,298.991,  0.000,  0.000
  0.017,298.913,  0.000,  0.000
  0.016,298.876,  0.000,  0.000
  0.016,298.861,  0.000,  0.000
  0.016,298.842,  0.000,  0.000
  0.016,298.820,  0.000,  0.000
  0.016,298.789,  0.000,  0.000
  0.016,298.746,  0.000,  0.000
  0.016,298.706,  0.000,  0.000
  0.016,298.688,  0.000,  0.000
  0.016,298.698,  0.000,  0.000
  0.016,298.723,  0.000,  0.000
  0.016,298.749,  0.000,  0.000
  0.016,298.746,  0.000,  0.000
  0.016,299.004,  0.000,  0.000
  0.016,299.014,  0.000,  0.000
  0.016,299.004,  0.000,  0.000
  0.016,298.985,  0.000,  0.000
  0.016,298.994,  0.000,  0.000
  0.016,299.006,  0.000,  0.000
  0.016,299.002,  0.000,  0.000
  0.016,298.989,  0.000,  0.000
  0.016,298.983,  0.000,  0.000
  0.016,298.997,  0.000,  0.000
  0.016,299.029,  0.000,  0.000
  0.016,299.040,  0.000,  0.000
  0.016,299.003,  0.000,  0.000
  0.016,298.939,  0.000,  0.000
  0.017,298.886,  0.000,  0.000
  0.016,298.847,  0.000,  0.000
  0.016,298.812,  0.000,  0.000
  0.016,298.779,  0.000,  0.000
  0.016,298.754,  0.000,  0.000
  0.016,298.737,  0.000,  0.000
  0.016,298.724,  0.000,  0.000
  0.016,298.707,  0.000,  0.000
  0.016,298.695,  0.000,  0.000
  0.016,298.704,  0.000,  0.000
  0.016,298.722,  0.000,  0.000
  0.016,299.072,  0.000,  0.000
  0.016,299.110,  0.000,  0.000
  0.016,299.125,  0.000,  0.000
  0.016,299.094,  0.000,  0.000
  0.017,299.038,  0.000,  0.000
  0.017,299.015,  0.000,  0.000
  0.016,299.037,  0.000,  0.000
  0.016,299.046,  0.000,  0.000
  0.016,299.014,  0.000,  0.000
  0.017,298.978,  0.000,  0.000
  0.016,298.973,  0.000,  0.000
  0.016,298.988,  0.000,  0.000
  0.016,298.993,  0.000,  0.000
  0.016,298.970,  0.000,  0.000
  0.016,298.930,  0.000,  0.000
  0.017,298.885,  0.000,  0.000
  0.017,298.842,  0.000,  0.000
  0.017,298.808,  0.000,  0.000
  0.017,298.781,  0.000,  0.000
  0.016,298.760,  0.000,  0.000
  0.016,298.748,  0.000,  0.000
  0.016,298.731,  0.000,  0.000
  0.016,298.703,  0.000,  0.000
  0.016,298.688,  0.000,  0.000
  0.016,298.700,  0.000,  0.000
  0.016,299.062,  0.000,  0.000
  0.016,299.076,  0.000,  0.000
  0.016,299.089,  0.000,  0.000
  0.016,299.091,  0.000,  0.000
  0.016,299.091,  0.000,  0.000
  0.016,299.079,  0.000,  0.000
  0.016,299.065,  0.000,  0.000
  0.016,299.055,  0.000,  0.000
  0.016,299.024,  0.000,  0.000
  0.016,298.978,  0.000,  0.000
  0.017,298.947,  0.000,  0.000
  0.016,298.942,  0.000,  0.000
  0.016,298.952,  0.000,  0.000
  0.016,298.952,  0.000,  0.000
  0.016,298.934,  0.000,  0.000
  0.016,298.909,  0.000,  0.000
  0.016,298.887,  0.000,  0.000
  0.016,298.870,  0.000,  0.000
  0.017,298.847,  0.000,  0.000
  0.017,298.813,  0.000,  0.000
  0.017,298.781,  0.000,  0.000
  0.016,298.758,  0.000,  0.000
  0.016,298.735,  0.000,  0.000
  0.016,298.710,  0.000,  0.000
  0.016,298.705,  0.000,  0.000
  0.016,299.048,  0.000,  0.000
  0.016,299.048,  0.000,  0.000
  0.016,299.054,  0.000,  0.000
  0.016,299.070,  0.000,  0.000
  0.016,299.076,  0.000,  0.000
  0.016,299.072,  0.000,  0.000
  0.016,299.064,  0.000,  0.000
  0.016,299.046,  0.000,  0.000
  0.017,299.013,  0.000,  0.000
  0.017,298.976,  0.000,  0.000
  0.017,298.948,  0.000,  0.000
  0.016,298.941,  0.000,  0.000
  0.016,298.947,  0.000,  0.000
  0.016,298.949,  0.000,  0.000
  0.016,298.936,  0.000,  0.000
  0.016,298.919,  0.000,  0.000
  0.016,298.899,  0.000,  0.000
  0.016,298.895,  0.000,  0.000
  0.016,298.904,  0.000,  0.000
  0.016,298.894,  0.000,  0.000
  0.017,298.848,  0.000,  0.000
  0.016,298.799,  0.000,  0.000
  0.016,298.767,  0.000,  0.000
  0.016,298.742,  0.000,  0.000
  0.016,298.709,  0.000,  0.000
  0.016,299.041,  0.000,  0.000
  0.016,299.018,  0.000,  0.000
  0.016,299.026,  0.000,  0.000
  0.016,299.058,  0.000,  0.000
  0.016,299.069,  0.000,  0.000
  0.016,299.043,  0.000,  0.000
  0.016,299.017,  0.000,  0.000
  0.016,299.014,  0.000,  0.000
  0.017,298.999,  0.000,  0.000
  0.017,298.953,  0.000,  0.000
  0.017,298.917,  0.000,  0.000
  0.016,298.930,  0.000,  0.000
  0.016,298.951,  0.000,  0.000
  0.016,298.954,  0.000,  0.000
  0.016,298.942,  0.000,  0.000
  0.016,298.924,  0.000,  0.000
  0.016,298.905,  0.000,  0.000
  0.016,298.896,  0.000,  0.000
  0.016,298.901,  0.000,  0.000
  0.016,298.907,  0.000,  0.000
  0.016,298.894,  0.000,  0.000
  0.017,298.863,  0.000,  0.000
  0.017,298.811,  0.000,  0.000
  0.017,298.692,  0.000,  0.000
  0.017,298.510,  0.000,  0.000
  0.016,299.072,  0.000,  0.000
  0.016,299.052,  0.000,  0.000
  0.016,299.055,  0.000,  0.000
  0.016,299.086,  0.000,  0.000
  0.016,299.110,  0.000,  0.000
  0.016,299.094,  0.000,  0.000
  0.016,299.062,  0.000,  0.000
  0.016,299.067,  0.000,  0.000
  0.016,299.069,  0.000,  0.000
  0.016,299.067,  0.000,  0.000
  0.016,299.017,  0.000,  0.000
  0.017,298.955,  0.000,  0.000
  0.017,298.928,  0.000,  0.000
  0.016,298.939,  0.000,  0.000
  0.016,298.948,  0.000,  0.000
  0.016,298.938,  0.000,  0.000
  0.016,298.927,  0.000,  0.000
  0.016,298.918,  0.000,  0.000
  0.016,298.907,  0.000,  0.000
  0.016,298.905,  0.000,  0.000
  0.016,298.915,  0.000,  0.000
  0.016,298.863,  0.000,  0.000
  0.017,298.670,  0.000,  0.000
  0.017,298.431,  0.000,  0.000
  0.016,298.257,  0.000,  0.000
  0.016,299.103,  0.000,  0.000
  0.016,299.088,  0.000,  0.000
  0.016,299.074,  0.000,  0.000
  0.016,299.092,  0.000,  0.000
  0.016,299.121,  0.000,  0.000
  0.016,299.117,  0.000,  0.000
  0.016,299.075,  0.000,  0.000
  0.016,299.049,  0.000,  0.000
  0.016,299.066,  0.000,  0.000
  0.016,299.106,  0.000,  0.000
  0.016,299.110,  0.000,  0.000
  0.016,299.051,  0.000,  0.000
  0.016,298.982,  0.000,  0.000
  0.017,298.950,  0.000,  0.000
  0.017,298.937,  0.000,  0.000
  0.017,298.927,  0.000,  0.000
  0.016,298.923,  0.000,  0.000
  0.016,298.915,  0.000,  0.000
  0.016,298.902,  0.000,  0.000
  0.016,298.896,  0.000,  0.000
  0.016,298.901,  0.000,  0.000
  0.016,298.871,  0.000,  0.000
  0.017,298.600,  0.000,  0.000
  0.017,298.080,  0.000,  0.000
  0.016,297.757,  0.000,  0.000
  0.016,299.128,  0.000,  0.000
  0.016,299.127,  0.000,  0.000
  0.016,299.110,  0.000,  0.000
  0.016,299.104,  0.000,  0.000
  0.016,299.115,  0.000,  0.000
  0.016,299.120,  0.000,  0.000
  0.016,299.106,  0.000,  0.000
  0.016,299.075,  0.000,  0.000
  0.016,299.058,  0.000,  0.000
  0.016,299.069,  0.000,  0.000
  0.016,299.088,  0.000,  0.000
  0.016,299.083,  0.000,  0.000
  0.016,299.048,  0.000,  0.000
  0.016,299.014,  0.000,  0.000
  0.016,298.989,  0.000,  0.000
  0.016,298.963,  0.000,  0.000
  0.017,298.941,  0.000,  0.000
  0.017,298.930,  0.000,  0.000
  0.016,298.908,  0.000,  0.000
  0.016,298.860,  0.000,  0.000
  0.016,298.808,  0.000,  0.000
  0.016,298.791,  0.000,  0.000
  0.016,298.751,  0.000,  0.000
  0.016,298.471,  0.000,  0.000
  0.017,298.120,  0.000,  0.000
  0.016,299.123,  0.000,  0.000
  0.016,299.169,  0.000,  0.000
  0.016,299.191,  0.000,  0.000
  0.016,299.161,  0.000,  0.000
  0.016,299.106,  0.000,  0.000
  0.016,299.078,  0.000,  0.000
  0.016,299.090,  0.000,  0.000
  0.016,299.105,  0.000,  0.000
  0.016,299.090,  0.000,  0.000
  0.016,299.055,  0.000,  0.000
  0.016,299.036,  0.000,  0.000
  0.016,299.038,  0.000,  0.000
  0.016,299.046,  0.000,  0.000
  0.016,299.045,  0.000,  0.000
  0.016,299.033,  0.000,  0.000
  0.016,299.021,  0.000,  0.000
  0.016,299.006,  0.000,  0.000
  0.016,298.964,  0.000,  0.000
  0.017,298.877,  0.000,  0.000
  0.016,298.788,  0.000,  0.000
  0.016,298.772,  0.000,  0.000
  0.015,298.787,  0.000,  0.000
  0.015,298.804,  0.000,  0.000
  0.016,298.766,  0.000,  0.000
  0.016,298.679,  0.000,  0.000
