  0.017,300.853,  0.000,  0.000
  0.017,300.864,  0.000,  0.000
  0.017,300.874,  0.000,  0.000
  0.017,300.882,  0.000,  0.000
  0.017,300.889,  0.000,  0.000
  0.017,300.895,  0.000,  0.000
  0.018,300.960,  0.000,  0.000
  0.017,300.906,  0.000,  0.000
  0.017,300.907,  0.000,  0.000
  0.018,300.964,  0.000,  0.000
  0.017,300.897,  0.000,  0.000
  0.017,300.883,  0.000,  0.000
  0.017,300.864,  0.000,  0.000
  0.017,300.841,  0.000,  0.000
  0.017,300.815,  0.000,  0.000
  0.017,300.791,  0.000,  0.000
  0.017,300.772,  0.000,  0.000
  0.017,300.762,  0.000,  0.000
  0.017,300.761,  0.000,  0.000
  0.017,300.768,  0.000,  0.000
  0.016,300.780,  0.000,  0.000
  0.016,300.799,  0.000,  0.000
  0.016,300.821,  0.000,  0.000
  0.016,300.850,  0.000,  0.000
  0.016,300.824,  0.000,  0.000
  0.016,300.903,  0.000,  0.000
  0.016,300.912,  0.000,  0.000
  0.016,300.920,  0.000,  0.000
  0.016,300.927,  0.000,  0.000
  0.016,300.934,  0.000,  0.000
  0.016,300.940,  0.000,  0.000
  0.016,300.946,  0.000,  0.000
  0.016,300.951,  0.000,  0.000
  0.016,300.954,  0.000,  0.000
  0.018,301.010,  0.000,  0.000
  0.017,300.956,  0.000,  0.000
  0.018,301.007,  0.000,  0.000
  0.017,300.945,  0.000,  0.000
  0.017,300.927,  0.000,  0.000
  0.017,300.906,  0.000,  0.000
  0.017,300.881,  0.000,  0.000
  0.017,300.855,  0.000,  0.000
  0.017,300.830,  0.000,  0.000
  0.017,300.809,  0.000,  0.000
  0.017,300.792,  0.000,  0.000
  0.017,300.780,  0.000,  0.000
  0.017,300.780,  0.000,  0.000
  0.017,300.794,  0.000,  0.000
  0.016,300.832,  0.000,  0.000
  0.016,300.834,  0.000,  0.000
  0.016,300.931,  0.000,  0.000
  0.016,300.938,  0.000,  0.000
  0.016,300.946,  0.000,  0.000
  0.016,300.954,  0.000,  0.000
  0.016,300.962,  0.000,  0.000
  0.016,300.969,  0.000,  0.000
  0.016,300.975,  0.000,  0.000
  0.016,300.978,  0.000,  0.000
  0.016,300.982,  0.000,  0.000
  0.016,300.985,  0.000,  0.000
  0.018,301.040,  0.000,  0.000
  0.018,301.043,  0.000,  0.000
  0.018,301.044,  0.000,  0.000
  0.018,301.041,  0.000,  0.000
  0.018,301.034,  0.000,  0.000
  0.018,301.023,  0.000,  0.000
  0.018,301.009,  0.000,  0.000
  0.018,300.991,  0.000,  0.000
  0.018,300.970,  0.000,  0.000
  0.017,300.863,  0.000,  0.000
  0.017,300.831,  0.000,  0.000
  0.017,300.808,  0.000,  0.000
  0.017,300.801,  0.000,  0.000
  0.017,300.825,  0.000,  0.000
  0.017,300.835,  0.000,  0.000
  0.016,300.947,  0.000,  0.000
  0.016,300.954,  0.000,  0.000
  0.016,300.962,  0.000,  0.000
  0.016,300.970,  0.000,  0.000
  0.016,300.978,  0.000,  0.000
  0.016,300.985,  0.000,  0.000
  0.016,300.990,  0.000,  0.000
  0.016,300.994,  0.000,  0.000
  0.016,300.997,  0.000,  0.000
  0.016,300.999,  0.000,  0.000
  0.016,301.003,  0.000,  0.000
  0.018,301.059,  0.000,  0.000
  0.018,301.063,  0.000,  0.000
  0.018,301.066,  0.000,  0.000
  0.018,301.067,  0.000,  0.000
  0.018,301.065,  0.000,  0.000
  0.018,301.060,  0.000,  0.000
  0.018,301.051,  0.000,  0.000
  0.018,301.037,  0.000,  0.000
  0.018,301.019,  0.000,  0.000
  0.017,300.926,  0.000,  0.000
  0.017,300.897,  0.000,  0.000
  0.017,300.862,  0.000,  0.000
  0.017,300.844,  0.000,  0.000
  0.017,300.832,  0.000,  0.000
  0.016,300.963,  0.000,  0.000
  0.016,300.967,  0.000,  0.000
  0.016,300.973,  0.000,  0.000
  0.016,300.980,  0.000,  0.000
  0.016,300.987,  0.000,  0.000
  0.016,300.993,  0.000,  0.000
  0.016,300.997,  0.000,  0.000
  0.016,301.001,  0.000,  0.000
  0.016,301.006,  0.000,  0.000
  0.016,301.009,  0.000,  0.000
  0.016,301.012,  0.000,  0.000
  0.016,301.016,  0.000,  0.000
  0.016,301.019,  0.000,  0.000
  0.018,301.078,  0.000,  0.000
  0.018,301.082,  0.000,  0.000
  0.018,301.085,  0.000,  0.000
  0.018,301.087,  0.000,  0.000
  0.018,301.085,  0.000,  0.000
  0.018,301.082,  0.000,  0.000
  0.018,301.077,  0.000,  0.000
  0.017,301.009,  0.000,  0.000
  0.018,301.051,  0.000,  0.000
  0.018,301.021,  0.000,  0.000
  0.017,300.912,  0.000,  0.000
  0.017,300.864,  0.000,  0.000
  0.016,300.977,  0.000,  0.000
  0.016,300.981,  0.000,  0.000
  0.016,300.985,  0.000,  0.000
  0.016,300.988,  0.000,  0.000
  0.016,300.992,  0.000,  0.000
  0.016,300.996,  0.000,  0.000
  0.016,301.001,  0.000,  0.000
  0.016,301.005,  0.000,  0.000
  0.016,301.010,  0.000,  0.000
  0.016,301.015,  0.000,  0.000
  0.016,301.020,  0.000,  0.000
  0.016,301.023,  0.000,  0.000
  0.016,301.027,  0.000,  0.000
  0.016,301.031,  0.000,  0.000
  0.018,301.092,  0.000,  0.000
  0.018,301.097,  0.000,  0.000
  0.018,301.101,  0.000,  0.000
  0.018,301.104,  0.000,  0.000
  0.018,301.107,  0.000,  0.000
  0.018,301.108,  0.000,  0.000
  0.018,301.106,  0.000,  0.000
  0.018,301.101,  0.000,  0.000
  0.018,301.091,  0.000,  0.000
  0.017,301.013,  0.000,  0.000
  0.017,300.964,  0.000,  0.000
  0.016,300.990,  0.000,  0.000
  0.016,300.988,  0.000,  0.000
  0.016,300.989,  0.000,  0.000
  0.016,300.992,  0.000,  0.000
  0.016,300.995,  0.000,  0.000
  0.016,300.999,  0.000,  0.000
  0.016,301.002,  0.000,  0.000
  0.016,301.007,  0.000,  0.000
  0.016,301.012,  0.000,  0.000
  0.016,301.018,  0.000,  0.000
  0.016,301.023,  0.000,  0.000
  0.016,301.028,  0.000,  0.000
  0.017,301.034,  0.000,  0.000
  0.017,301.039,  0.000,  0.000
  0.017,301.045,  0.000,  0.000
  0.018,301.107,  0.000,  0.000
  0.018,301.112,  0.000,  0.000
  0.018,301.117,  0.000,  0.000
  0.018,301.122,  0.000,  0.000
  0.018,301.126,  0.000,  0.000
  0.018,301.129,  0.000,  0.000
  0.018,301.132,  0.000,  0.000
  0.017,301.083,  0.000,  0.000
  0.017,301.097,  0.000,  0.000
  0.017,301.079,  0.000,  0.000
  0.016,300.997,  0.000,  0.000
  0.016,300.996,  0.000,  0.000
  0.016,300.996,  0.000,  0.000
  0.016,300.997,  0.000,  0.000
  0.016,300.999,  0.000,  0.000
  0.016,301.002,  0.000,  0.000
  0.016,301.005,  0.000,  0.000
  0.016,301.009,  0.000,  0.000
  0.017,301.015,  0.000,  0.000
  0.017,301.020,  0.000,  0.000
  0.017,301.025,  0.000,  0.000
  0.017,301.030,  0.000,  0.000
  0.017,301.037,  0.000,  0.000
  0.017,301.045,  0.000,  0.000
  0.017,301.052,  0.000,  0.000
  0.017,301.059,  0.000,  0.000
  0.017,301.065,  0.000,  0.000
  0.017,301.073,  0.000,  0.000
  0.017,301.080,  0.000,  0.000
  0.018,301.140,  0.000,  0.000
  0.017,301.091,  0.000,  0.000
  0.017,301.100,  0.000,  0.000
  0.017,301.118,  0.000,  0.000
  0.017,301.149,  0.000,  0.000
  0.017,301.152,  0.000,  0.000
  0.016,301.005,  0.000,  0.000
  0.016,301.003,  0.000,  0.000
  0.016,301.003,  0.000,  0.000
  0.016,301.004,  0.000,  0.000
  0.016,301.005,  0.000,  0.000
  0.016,301.008,  0.000,  0.000
  0.016,301.011,  0.000,  0.000
  0.017,301.015,  0.000,  0.000
  0.017,301.019,  0.000,  0.000
  0.017,301.023,  0.000,  0.000
  0.017,301.029,  0.000,  0.000
  0.017,301.035,  0.000,  0.000
  0.017,301.043,  0.000,  0.000
  0.017,301.051,  0.000,  0.000
  0.017,301.058,  0.000,  0.000
  0.017,301.066,  0.000,  0.000
  0.017,301.074,  0.000,  0.000
  0.017,301.083,  0.000,  0.000
  0.017,301.092,  0.000,  0.000
  0.017,301.098,  0.000,  0.000
  0.017,301.105,  0.000,  0.000
  0.017,301.115,  0.000,  0.000
  0.017,301.139,  0.000,  0.000
  0.017,301.174,  0.000,  0.000
  0.017,301.146,  0.000,  0.000
  0.016,301.017,  0.000,  0.000
  0.016,301.015,  0.000,  0.000
  0.016,301.014,  0.000,  0.000
  0.016,301.014,  0.000,  0.000
  0.016,301.015,  0.000,  0.000
  0.016,301.017,  0.000,  0.000
  0.017,301.020,  0.000,  0.000
  0.017,301.023,  0.000,  0.000
  0.017,301.027,  0.000,  0.000
  0.017,301.031,  0.000,  0.000
  0.017,301.036,  0.000,  0.000
  0.017,301.042,  0.000,  0.000
  0.017,301.050,  0.000,  0.000
  0.017,301.058,  0.000,  0.000
  0.017,301.065,  0.000,  0.000
  0.017,301.073,  0.000,  0.000
  0.017,301.082,  0.000,  0.000
  0.017,301.092,  0.000,  0.000
  0.017,301.103,  0.000,  0.000
  0.017,301.110,  0.000,  0.000
  0.017,301.115,  0.000,  0.000
  0.017,301.123,  0.000,  0.000
  0.017,301.147,  0.000,  0.000
  0.017,301.176,  0.000,  0.000
  0.017,301.091,  0.000,  0.000
  0.016,301.030,  0.000,  0.000
  0.016,301.027,  0.000,  0.000
  0.016,301.026,  0.000,  0.000
  0.016,301.026,  0.000,  0.000
  0.017,301.027,  0.000,  0.000
  0.017,301.028,  0.000,  0.000
  0.017,301.031,  0.000,  0.000
  0.017,301.034,  0.000,  0.000
  0.017,301.038,  0.000,  0.000
  0.017,301.042,  0.000,  0.000
  0.017,301.047,  0.000,  0.000
  0.017,301.054,  0.000,  0.000
  0.017,301.061,  0.000,  0.000
  0.017,301.069,  0.000,  0.000
  0.017,301.077,  0.000,  0.000
  0.017,301.085,  0.000,  0.000
  0.017,301.094,  0.000,  0.000
  0.017,301.105,  0.000,  0.000
  0.017,301.116,  0.000,  0.000
  0.017,301.125,  0.000,  0.000
  0.017,301.129,  0.000,  0.000
  0.017,301.134,  0.000,  0.000
  0.017,301.157,  0.000,  0.000
  0.017,301.170,  0.000,  0.000
  0.017,301.035,  0.000,  0.000
  0.016,301.037,  0.000,  0.000
  0.016,301.036,  0.000,  0.000
  0.016,301.035,  0.000,  0.000
  0.017,301.035,  0.000,  0.000
  0.017,301.034,  0.000,  0.000
  0.017,301.034,  0.000,  0.000
  0.017,301.036,  0.000,  0.000
  0.017,301.040,  0.000,  0.000
  0.017,301.043,  0.000,  0.000
  0.017,301.047,  0.000,  0.000
  0.017,301.052,  0.000,  0.000
  0.017,301.059,  0.000,  0.000
  0.017,301.068,  0.000,  0.000
  0.017,301.078,  0.000,  0.000
  0.017,301.087,  0.000,  0.000
  0.017,301.096,  0.000,  0.000
  0.017,301.107,  0.000,  0.000
  0.017,301.119,  0.000,  0.000
  0.017,301.130,  0.000,  0.000
  0.017,301.139,  0.000,  0.000
  0.017,301.144,  0.000,  0.000
  0.017,301.152,  0.000,  0.000
  0.017,301.180,  0.000,  0.000
  0.017,301.168,  0.000,  0.000
  0.018,300.977,  0.000,  0.000
  0.016,301.042,  0.000,  0.000
  0.016,301.040,  0.000,  0.000
  0.017,301.038,  0.000,  0.000
  0.017,301.038,  0.000,  0.000
  0.017,301.038,  0.000,  0.000
  0.017,301.040,  0.000,  0.000
  0.017,301.040,  0.000,  0.000
  0.017,301.041,  0.000,  0.000
  0.017,301.044,  0.000,  0.000
  0.017,301.049,  0.000,  0.000
  0.017,301.055,  0.000,  0.000
  0.017,301.063,  0.000,  0.000
  0.017,301.072,  0.000,  0.000
  0.017,301.083,  0.000,  0.000
  0.017,301.094,  0.000,  0.000
  0.017,301.106,  0.000,  0.000
  0.017,301.119,  0.000,  0.000
  0.017,301.133,  0.000,  0.000
  0.017,301.145,  0.000,  0.000
  0.017,301.153,  0.000,  0.000
  0.017,301.159,  0.000,  0.000
  0.017,301.179,  0.000,  0.000
  0.017,301.201,  0.000,  0.000
  0.017,301.106,  0.000,  0.000
  0.018,300.845,  0.000,  0.000
  0.016,301.040,  0.000,  0.000
  0.016,301.039,  0.000,  0.000
  0.017,301.039,  0.000,  0.000
  0.017,301.038,  0.000,  0.000
  0.017,301.037,  0.000,  0.000
  0.017,301.038,  0.000,  0.000
  0.017,301.040,  0.000,  0.000
  0.017,301.043,  0.000,  0.000
  0.017,301.045,  0.000,  0.000
  0.017,301.048,  0.000,  0.000
  0.017,301.055,  0.000,  0.000
  0.017,301.064,  0.000,  0.000
  0.017,301.074,  0.000,  0.000
  0.017,301.086,  0.000,  0.000
  0.017,301.098,  0.000,  0.000
  0.017,301.112,  0.000,  0.000
  0.017,301.128,  0.000,  0.000
  0.017,301.145,  0.000,  0.000
  0.017,301.158,  0.000,  0.000
  0.017,301.166,  0.000,  0.000
  0.017,301.180,  0.000,  0.000
  0.017,301.207,  0.000,  0.000
  0.017,301.168,  0.000,  0.000
  0.018,300.967,  0.000,  0.000
  0.019,300.720,  0.000,  0.000
  0.017,301.039,  0.000,  0.000
  0.017,301.036,  0.000,  0.000
  0.017,301.035,  0.000,  0.000
  0.017,301.035,  0.000,  0.000
  0.017,301.035,  0.000,  0.000
  0.017,301.035,  0.000,  0.000
  0.017,301.036,  0.000,  0.000
  0.017,301.040,  0.000,  0.000
  0.017,301.044,  0.000,  0.000
  0.017,301.048,  0.000,  0.000
  0.017,301.054,  0.000,  0.000
  0.017,301.064,  0.000,  0.000
  0.017,301.074,  0.000,  0.000
  0.017,301.086,  0.000,  0.000
  0.017,301.099,  0.000,  0.000
  0.017,301.116,  0.000,  0.000
  0.017,301.136,  0.000,  0.000
  0.017,301.154,  0.000,  0.000
  0.017,301.167,  0.000,  0.000
  0.017,301.182,  0.000,  0.000
  0.017,301.209,  0.000,  0.000
  0.017,301.216,  0.000,  0.000
  0.018,301.091,  0.000,  0.000
  0.018,300.850,  0.000,  0.000
  0.019,300.679,  0.000,  0.000
