  0.020,301.690,  0.000,  0.000
  0.020,301.689,  0.000,  0.000
  0.020,301.684,  0.000,  0.000
  0.020,301.680,  0.000,  0.000
  0.020,301.698,  0.000,  0.000
  0.020,301.736,  0.000,  0.000
  0.020,301.756,  0.000,  0.000
  0.020,301.738,  0.000,  0.000
  0.020,301.712,  0.000,  0.000
  0.020,301.716,  0.000,  0.000
  0.020,301.731,  0.000,  0.000
  0.020,301.730,  0.000,  0.000
  0.020,301.721,  0.000,  0.000
  0.020,301.717,  0.000,  0.000
  0.020,301.727,  0.000,  0.000
  0.020,301.731,  0.000,  0.000
  0.020,301.708,  0.000,  0.000
  0.020,301.686,  0.000,  0.000
  0.020,301.702,  0.000,  0.000
  0.020,301.732,  0.000,  0.000
  0.019,301.733,  0.000,  0.000
  0.020,301.723,  0.000,  0.000
  0.020,301.731,  0.000,  0.000
  0.020,301.781,  0.000,  0.000
  0.019,301.799,  0.000,  0.000
  0.020,301.690,  0.000,  0.260
  0.020,301.700,  0.000,  0.260
  0.020,301.710,  0.000,  0.000
  0.020,301.709,  0.000,  0.000
  0.020,301.712,  0.000,  0.000
  0.020,301.727,  0.000,  0.000
  0.020,301.746,  0.000,  0.000
  0.020,301.749,  0.000,  0.000
  0.020,301.734,  0.000,  0.000
  0.020,301.726,  0.000,  0.000
  0.020,301.723,  0.000,  0.000
  0.020,301.723,  0.000,  0.000
  0.020,301.718,  0.000,  0.000
  0.020,301.706,  0.000,  0.000
  0.020,301.702,  0.000,  0.000
  0.020,301.715,  0.000,  0.000
  0.020,301.734,  0.000,  0.000
  0.020,301.733,  0.000,  0.000
  0.020,301.715,  0.000,  0.000
  0.020,301.725,  0.000,  0.000
  0.020,301.763,  0.000,  0.000
  0.019,301.780,  0.000,  0.000
  0.019,301.767,  0.000,  0.000
  0.020,301.779,  0.000,  0.000
  0.020,301.805,  0.000,  0.000
  0.020,301.703,  0.000,  0.260
  0.020,301.712,  0.000,  0.260
  0.020,301.728,  0.000,  0.000
  0.020,301.738,  0.000,  0.000
  0.020,301.736,  0.000,  0.000
  0.020,301.732,  0.000,  0.000
  0.020,301.737,  0.000,  0.000
  0.020,301.746,  0.000,  0.000
  0.020,301.749,  0.000,  0.000
  0.020,301.738,  0.000,  0.000
  0.020,301.727,  0.000,  0.000
  0.020,301.717,  0.000,  0.000
  0.020,301.708,  0.000,  0.000
  0.020,301.709,  0.000,  0.000
  0.020,301.710,  0.000,  0.000
  0.020,301.711,  0.000,  0.000
  0.020,301.731,  0.000,  0.000
  0.020,301.766,  0.000,  0.000
  0.019,301.772,  0.000,  0.000
  0.020,301.751,  0.000,  0.000
  0.020,301.752,  0.000,  0.000
  0.020,301.800,  0.000,  0.000
  0.019,301.833,  0.000,  0.000
  0.019,301.830,  0.000,  0.000
  0.020,301.803,  0.000,  0.000
  0.020,301.733,  0.000,  0.260
  0.020,301.728,  0.000,  0.260
  0.020,301.732,  0.000,  0.000
  0.020,301.745,  0.000,  0.000
  0.020,301.752,  0.000,  0.000
  0.020,301.744,  0.000,  0.000
  0.020,301.740,  0.000,  0.000
  0.020,301.740,  0.000,  0.000
  0.020,301.744,  0.000,  0.000
  0.020,301.739,  0.000,  0.000
  0.020,301.725,  0.000,  0.000
  0.020,301.710,  0.000,  0.000
  0.020,301.713,  0.000,  0.000
  0.020,301.731,  0.000,  0.000
  0.020,301.734,  0.000,  0.000
  0.020,301.722,  0.000,  0.000
  0.020,301.724,  0.000,  0.000
  0.020,301.756,  0.000,  0.000
  0.020,301.796,  0.000,  0.000
  0.019,301.796,  0.000,  0.000
  0.020,301.772,  0.000,  0.000
  0.020,301.775,  0.000,  0.000
  0.020,301.813,  0.000,  0.000
  0.019,301.852,  0.000,  0.000
  0.019,301.836,  0.000,  0.000
  0.020,301.761,  0.000,  0.260
  0.020,301.743,  0.000,  0.260
  0.020,301.729,  0.000,  0.000
  0.020,301.736,  0.000,  0.000
  0.020,301.760,  0.000,  0.000
  0.020,301.772,  0.000,  0.000
  0.020,301.755,  0.000,  0.000
  0.020,301.742,  0.000,  0.000
  0.020,301.739,  0.000,  0.000
  0.020,301.744,  0.000,  0.000
  0.020,301.745,  0.000,  0.000
  0.020,301.737,  0.000,  0.000
  0.020,301.732,  0.000,  0.000
  0.020,301.739,  0.000,  0.000
  0.020,301.749,  0.000,  0.000
  0.020,301.753,  0.000,  0.000
  0.020,301.751,  0.000,  0.000
  0.020,301.754,  0.000,  0.000
  0.020,301.773,  0.000,  0.000
  0.020,301.796,  0.000,  0.000
  0.020,301.793,  0.000,  0.000
  0.020,301.775,  0.000,  0.000
  0.020,301.780,  0.000,  0.000
  0.020,301.822,  0.000,  0.000
  0.020,301.838,  0.000,  0.000
  0.020,301.760,  0.000,  0.310
  0.020,301.753,  0.000,  0.310
  0.020,301.742,  0.000,  0.270
  0.020,301.735,  0.000,  0.270
  0.020,301.758,  0.000,  0.270
  0.020,301.782,  0.000,  0.270
  0.020,301.776,  0.000,  0.050
  0.020,301.758,  0.000,  0.050
  0.020,301.746,  0.000,  0.050
  0.020,301.750,  0.000,  0.340
  0.020,301.757,  0.000,  0.340
  0.020,301.760,  0.000,  0.340
  0.020,301.750,  0.000,  0.340
  0.020,301.747,  0.000,  0.310
  0.020,301.758,  0.000,  0.310
  0.020,301.777,  0.000,  0.310
  0.020,301.788,  0.000,  0.000
  0.020,301.781,  0.000,  0.000
  0.020,301.772,  0.000,  0.000
  0.020,301.781,  0.000,  0.000
  0.020,301.794,  0.000,  0.000
  0.020,301.794,  0.000,  0.000
  0.020,301.781,  0.000,  0.000
  0.020,301.791,  0.000,  0.000
  0.020,301.808,  0.000,  0.000
  0.020,301.742,  0.000,  0.310
  0.020,301.747,  0.000,  0.310
  0.020,301.768,  0.000,  0.270
  0.020,301.769,  0.000,  0.270
  0.020,301.761,  0.000,  0.270
  0.020,301.775,  0.000,  0.270
  0.020,301.781,  0.000,  0.050
  0.020,301.775,  0.000,  0.050
  0.020,301.760,  0.000,  0.050
  0.020,301.755,  0.000,  0.340
  0.020,301.759,  0.000,  0.340
  0.020,301.767,  0.000,  0.340
  0.020,301.769,  0.000,  0.340
  0.020,301.765,  0.000,  0.310
  0.020,301.764,  0.000,  0.310
  0.020,301.770,  0.000,  0.310
  0.020,301.785,  0.000,  0.000
  0.020,301.795,  0.000,  0.000
  0.020,301.791,  0.000,  0.000
  0.020,301.780,  0.000,  0.000
  0.020,301.776,  0.000,  0.000
  0.020,301.784,  0.000,  0.000
  0.020,301.789,  0.000,  0.000
  0.020,301.786,  0.000,  0.000
  0.020,301.775,  0.000,  0.000
  0.020,301.758,  0.000,  0.310
  0.020,301.756,  0.000,  0.310
  0.020,301.768,  0.000,  0.270
  0.020,301.781,  0.000,  0.270
  0.020,301.781,  0.000,  0.270
  0.020,301.777,  0.000,  0.270
  0.020,301.776,  0.000,  0.050
  0.020,301.777,  0.000,  0.050
  0.020,301.770,  0.000,  0.050
  0.020,301.759,  0.000,  0.340
  0.020,301.763,  0.000,  0.340
  0.020,301.769,  0.000,  0.340
  0.020,301.777,  0.000,  0.340
  0.020,301.779,  0.000,  0.310
  0.020,301.777,  0.000,  0.310
  0.020,301.778,  0.000,  0.310
  0.020,301.779,  0.000,  0.000
  0.020,301.783,  0.000,  0.000
  0.020,301.789,  0.000,  0.000
  0.020,301.784,  0.000,  0.000
  0.020,301.776,  0.000,  0.000
  0.020,301.774,  0.000,  0.000
  0.020,301.776,  0.000,  0.000
  0.020,301.783,  0.000,  0.000
  0.020,301.777,  0.000,  0.000
  0.020,301.768,  0.000,  0.310
  0.020,301.780,  0.000,  0.310
  0.020,301.783,  0.000,  0.270
  0.020,301.787,  0.000,  0.270
  0.020,301.782,  0.000,  0.270
  0.020,301.774,  0.000,  0.270
  0.020,301.772,  0.000,  0.050
  0.020,301.770,  0.000,  0.050
  0.020,301.771,  0.000,  0.050
  0.020,301.770,  0.000,  0.340
  0.020,301.772,  0.000,  0.340
  0.020,301.774,  0.000,  0.340
  0.020,301.777,  0.000,  0.340
  0.020,301.784,  0.000,  0.310
  0.020,301.791,  0.000,  0.310
  0.020,301.792,  0.000,  0.310
  0.020,301.786,  0.000,  0.000
  0.020,301.781,  0.000,  0.000
  0.020,301.782,  0.000,  0.000
  0.020,301.782,  0.000,  0.000
  0.020,301.780,  0.000,  0.000
  0.020,301.773,  0.000,  0.000
  0.020,301.770,  0.000,  0.000
  0.020,301.773,  0.000,  0.000
  0.020,301.772,  0.000,  0.000
  0.020,301.789,  0.000,  0.030
  0.020,301.792,  0.000,  0.030
  0.020,301.799,  0.000,  0.000
  0.020,301.788,  0.000,  0.000
  0.020,301.771,  0.000,  0.000
  0.020,301.768,  0.000,  0.000
  0.020,301.768,  0.000,  0.030
  0.020,301.770,  0.000,  0.030
  0.020,301.773,  0.000,  0.030
  0.020,301.776,  0.000,  0.000
  0.020,301.780,  0.000,  0.000
  0.020,301.784,  0.000,  0.000
  0.020,301.786,  0.000,  0.000
  0.020,301.786,  0.000,  0.000
  0.020,301.787,  0.000,  0.000
  0.020,301.792,  0.000,  0.000
  0.020,301.789,  0.000,  0.280
  0.020,301.781,  0.000,  0.280
  0.020,301.780,  0.000,  0.280
  0.020,301.781,  0.000,  0.280
  0.020,301.784,  0.000,  0.140
  0.020,301.782,  0.000,  0.140
  0.020,301.775,  0.000,  0.140
  0.020,301.775,  0.000,  0.010
  0.020,301.776,  0.000,  0.010
  0.020,301.804,  0.000,  0.030
  0.020,301.787,  0.000,  0.030
  0.020,301.794,  0.000,  0.000
  0.020,301.788,  0.000,  0.000
  0.020,301.779,  0.000,  0.000
  0.020,301.778,  0.000,  0.000
  0.020,301.781,  0.000,  0.030
  0.020,301.783,  0.000,  0.030
  0.020,301.783,  0.000,  0.030
  0.020,301.783,  0.000,  0.000
  0.020,301.784,  0.000,  0.000
  0.020,301.788,  0.000,  0.000
  0.020,301.797,  0.000,  0.000
  0.020,301.796,  0.000,  0.000
  0.020,301.785,  0.000,  0.000
  0.020,301.782,  0.000,  0.000
  0.020,301.787,  0.000,  0.280
  0.020,301.789,  0.000,  0.280
  0.020,301.785,  0.000,  0.280
  0.020,301.779,  0.000,  0.280
  0.020,301.774,  0.000,  0.140
  0.020,301.784,  0.000,  0.140
  0.020,301.788,  0.000,  0.140
  0.020,301.786,  0.000,  0.010
  0.020,301.785,  0.000,  0.010
  0.020,301.811,  0.000,  0.030
  0.020,301.795,  0.000,  0.030
  0.020,301.794,  0.000,  0.000
  0.020,301.793,  0.000,  0.000
  0.020,301.787,  0.000,  0.000
  0.020,301.778,  0.000,  0.000
  0.020,301.776,  0.000,  0.030
  0.020,301.783,  0.000,  0.030
  0.020,301.789,  0.000,  0.030
  0.020,301.785,  0.000,  0.000
  0.020,301.783,  0.000,  0.000
  0.020,301.789,  0.000,  0.000
  0.020,301.796,  0.000,  0.000
  0.020,301.791,  0.000,  0.000
  0.020,301.776,  0.000,  0.000
  0.020,301.773,  0.000,  0.000
  0.020,301.782,  0.000,  0.280
  0.020,301.786,  0.000,  0.280
  0.020,301.784,  0.000,  0.280
  0.020,301.780,  0.000,  0.280
  0.020,301.775,  0.000,  0.140
  0.020,301.783,  0.000,  0.140
  0.020,301.790,  0.000,  0.140
  0.020,301.793,  0.000,  0.010
  0.020,301.795,  0.000,  0.010
  0.020,301.791,  0.000,  0.030
  0.020,301.799,  0.000,  0.030
  0.020,301.801,  0.000,  0.000
  0.020,301.797,  0.000,  0.000
  0.020,301.787,  0.000,  0.000
  0.020,301.786,  0.000,  0.000
  0.020,301.788,  0.000,  0.030
  0.020,301.794,  0.000,  0.030
  0.020,301.805,  0.000,  0.030
  0.020,301.804,  0.000,  0.000
  0.020,301.788,  0.000,  0.000
  0.020,301.778,  0.000,  0.000
  0.020,301.786,  0.000,  0.000
  0.020,301.790,  0.000,  0.000
  0.020,301.784,  0.000,  0.000
  0.020,301.780,  0.000,  0.000
  0.020,301.779,  0.000,  0.280
  0.020,301.781,  0.000,  0.280
  0.020,301.784,  0.000,  0.280
  0.020,301.788,  0.000,  0.280
  0.020,301.789,  0.000,  0.140
  0.020,301.791,  0.000,  0.140
  0.020,301.794,  0.000,  0.140
  0.020,301.801,  0.000,  0.010
  0.020,301.800,  0.000,  0.010
  0.020,301.796,  0.000,  0.000
  0.020,301.793,  0.000,  0.000
  0.020,301.784,  0.000,  0.000
  0.020,301.784,  0.000,  0.000
  0.020,301.806,  0.000,  0.000
  0.020,301.821,  0.000,  0.000
  0.020,301.821,  0.000,  0.000
  0.020,301.805,  0.000,  0.000
  0.020,301.798,  0.000,  0.000
  0.020,301.806,  0.000,  0.000
  0.020,301.805,  0.000,  0.000
  0.020,301.793,  0.000,  0.000
  0.020,301.783,  0.000,  0.000
  0.020,301.787,  0.000,  0.000
  0.020,301.794,  0.000,  0.000
  0.020,301.797,  0.000,  0.000
  0.020,301.798,  0.000,  0.000
  0.020,301.798,  0.000,  0.000
  0.020,301.797,  0.000,  0.000
  0.020,301.794,  0.000,  0.000
  0.020,301.796,  0.000,  0.070
  0.020,301.797,  0.000,  0.070
  0.020,301.794,  0.000,  0.070
  0.020,301.792,  0.000,  0.000
  0.020,301.792,  0.000,  0.000
  0.020,301.794,  0.000,  0.000
  0.020,301.806,  0.000,  0.000
  0.020,301.804,  0.000,  0.000
  0.020,301.796,  0.000,  0.000
  0.020,301.786,  0.000,  0.000
  0.020,301.795,  0.000,  0.000
  0.020,301.817,  0.000,  0.000
  0.020,301.817,  0.000,  0.000
  0.020,301.796,  0.000,  0.000
  0.020,301.784,  0.000,  0.000
  0.020,301.791,  0.000,  0.000
  0.020,301.806,  0.000,  0.000
  0.020,301.810,  0.000,  0.000
  0.020,301.812,  0.000,  0.000
  0.020,301.808,  0.000,  0.000
  0.020,301.801,  0.000,  0.000
  0.020,301.804,  0.000,  0.000
  0.020,301.804,  0.000,  0.000
  0.020,301.804,  0.000,  0.000
  0.020,301.802,  0.000,  0.000
  0.020,301.793,  0.000,  0.070
  0.020,301.790,  0.000,  0.070
  0.020,301.794,  0.000,  0.070
  0.020,301.793,  0.000,  0.000
  0.020,301.785,  0.000,  0.000
