  0.018,300.462,  0.000,  0.000
  0.019,300.449,  0.000,  0.000
  0.019,300.441,  0.000,  0.000
  0.019,300.441,  0.000,  0.000
  0.019,300.445,  0.000,  0.000
  0.019,300.446,  0.000,  0.000
  0.019,300.441,  0.000,  0.000
  0.019,300.435,  0.000,  0.000
  0.019,300.435,  0.000,  0.000
  0.019,300.444,  0.000,  0.000
  0.018,300.455,  0.000,  0.000
  0.018,300.461,  0.000,  0.000
  0.018,300.461,  0.000,  0.000
  0.019,300.453,  0.000,  0.000
  0.019,300.442,  0.000,  0.000
  0.019,300.441,  0.000,  0.000
  0.018,300.451,  0.000,  0.000
  0.018,300.458,  0.000,  0.000
  0.018,300.455,  0.000,  0.000
  0.019,300.450,  0.000,  0.000
  0.018,300.455,  0.000,  0.000
  0.018,300.466,  0.000,  0.000
  0.018,300.473,  0.000,  0.000
  0.018,300.493,  0.000,  0.000
  0.018,300.498,  0.000,  0.000
  0.019,300.460,  0.000,  0.000
  0.019,300.447,  0.000,  0.000
  0.019,300.439,  0.000,  0.000
  0.019,300.432,  0.000,  0.000
  0.019,300.424,  0.000,  0.000
  0.019,300.420,  0.000,  0.000
  0.019,300.426,  0.000,  0.000
  0.019,300.443,  0.000,  0.000
  0.018,300.463,  0.000,  0.000
  0.018,300.478,  0.000,  0.000
  0.018,300.482,  0.000,  0.000
  0.018,300.474,  0.000,  0.000
  0.019,300.457,  0.000,  0.000
  0.019,300.443,  0.000,  0.000
  0.019,300.444,  0.000,  0.000
  0.018,300.455,  0.000,  0.000
  0.018,300.461,  0.000,  0.000
  0.018,300.457,  0.000,  0.000
  0.019,300.450,  0.000,  0.000
  0.019,300.453,  0.000,  0.000
  0.018,300.464,  0.000,  0.000
  0.018,300.470,  0.000,  0.000
  0.018,300.472,  0.000,  0.000
  0.018,300.490,  0.000,  0.000
  0.018,300.497,  0.000,  0.000
  0.019,300.440,  0.000,  0.000
  0.019,300.436,  0.000,  0.000
  0.019,300.434,  0.000,  0.000
  0.019,300.428,  0.000,  0.000
  0.019,300.426,  0.000,  0.000
  0.019,300.436,  0.000,  0.000
  0.018,300.453,  0.000,  0.000
  0.018,300.471,  0.000,  0.000
  0.018,300.486,  0.000,  0.000
  0.018,300.490,  0.000,  0.000
  0.019,300.478,  0.000,  0.000
  0.019,300.457,  0.000,  0.000
  0.019,300.444,  0.000,  0.000
  0.019,300.448,  0.000,  0.000
  0.018,300.458,  0.000,  0.000
  0.018,300.463,  0.000,  0.000
  0.019,300.459,  0.000,  0.000
  0.019,300.451,  0.000,  0.000
  0.019,300.453,  0.000,  0.000
  0.018,300.463,  0.000,  0.000
  0.018,300.469,  0.000,  0.000
  0.018,300.471,  0.000,  0.000
  0.018,300.473,  0.000,  0.000
  0.018,300.491,  0.000,  0.000
  0.018,300.499,  0.000,  0.000
  0.019,300.452,  0.000,  0.000
  0.019,300.449,  0.000,  0.000
  0.019,300.447,  0.000,  0.000
  0.019,300.450,  0.000,  0.000
  0.019,300.458,  0.000,  0.000
  0.018,300.465,  0.000,  0.000
  0.018,300.472,  0.000,  0.000
  0.018,300.476,  0.000,  0.000
  0.019,300.472,  0.000,  0.000
  0.019,300.462,  0.000,  0.000
  0.019,300.452,  0.000,  0.000
  0.019,300.454,  0.000,  0.000
  0.018,300.463,  0.000,  0.000
  0.018,300.469,  0.000,  0.000
  0.018,300.468,  0.000,  0.000
  0.019,300.462,  0.000,  0.000
  0.019,300.455,  0.000,  0.000
  0.019,300.458,  0.000,  0.000
  0.018,300.468,  0.000,  0.000
  0.018,300.473,  0.000,  0.000
  0.018,300.472,  0.000,  0.000
  0.018,300.472,  0.000,  0.000
  0.018,300.478,  0.000,  0.000
  0.018,300.495,  0.000,  0.000
  0.018,300.500,  0.000,  0.000
  0.019,300.479,  0.000,  0.000
  0.019,300.461,  0.000,  0.000
  0.019,300.452,  0.000,  0.000
  0.019,300.458,  0.000,  0.000
  0.018,300.466,  0.000,  0.000
  0.018,300.469,  0.000,  0.000
  0.019,300.463,  0.000,  0.000
  0.019,300.450,  0.000,  0.000
  0.019,300.440,  0.000,  0.000
  0.019,300.447,  0.000,  0.000
  0.019,300.466,  0.000,  0.000
  0.018,300.482,  0.000,  0.000
  0.018,300.487,  0.000,  0.000
  0.018,300.482,  0.000,  0.000
  0.018,300.470,  0.000,  0.000
  0.019,300.460,  0.000,  0.000
  0.019,300.461,  0.000,  0.000
  0.018,300.469,  0.000,  0.000
  0.018,300.471,  0.000,  0.000
  0.019,300.468,  0.000,  0.000
  0.019,300.467,  0.000,  0.000
  0.018,300.473,  0.000,  0.000
  0.018,300.481,  0.000,  0.000
  0.018,300.493,  0.000,  0.000
  0.018,300.494,  0.000,  0.000
  0.019,300.474,  0.000,  0.000
  0.019,300.456,  0.000,  0.000
  0.019,300.454,  0.000,  0.000
  0.019,300.459,  0.000,  0.000
  0.019,300.463,  0.000,  0.000
  0.019,300.460,  0.000,  0.000
  0.019,300.446,  0.000,  0.000
  0.019,300.438,  0.000,  0.000
  0.019,300.450,  0.000,  0.000
  0.018,300.472,  0.000,  0.000
  0.018,300.487,  0.000,  0.000
  0.018,300.495,  0.000,  0.000
  0.018,300.494,  0.000,  0.000
  0.018,300.482,  0.000,  0.000
  0.019,300.468,  0.000,  0.000
  0.019,300.463,  0.000,  0.000
  0.019,300.466,  0.000,  0.000
  0.019,300.466,  0.000,  0.000
  0.019,300.464,  0.000,  0.000
  0.019,300.466,  0.000,  0.000
  0.018,300.473,  0.000,  0.000
  0.018,300.479,  0.000,  0.000
  0.018,300.483,  0.000,  0.000
  0.018,300.493,  0.000,  0.000
  0.018,300.498,  0.000,  0.000
  0.019,300.481,  0.000,  0.000
  0.019,300.495,  0.000,  0.000
  0.019,300.495,  0.000,  0.000
  0.018,300.485,  0.000,  0.000
  0.019,300.474,  0.000,  0.000
  0.019,300.462,  0.000,  0.000
  0.019,300.452,  0.000,  0.000
  0.019,300.456,  0.000,  0.000
  0.019,300.471,  0.000,  0.000
  0.018,300.481,  0.000,  0.000
  0.018,300.487,  0.000,  0.000
  0.018,300.491,  0.000,  0.000
  0.019,300.487,  0.000,  0.000
  0.019,300.477,  0.000,  0.000
  0.019,300.468,  0.000,  0.000
  0.019,300.464,  0.000,  0.000
  0.019,300.461,  0.000,  0.000
  0.019,300.462,  0.000,  0.000
  0.019,300.470,  0.000,  0.000
  0.018,300.479,  0.000,  0.000
  0.018,300.484,  0.000,  0.000
  0.018,300.487,  0.000,  0.000
  0.018,300.489,  0.000,  0.000
  0.019,300.497,  0.000,  0.000
  0.018,300.502,  0.000,  0.000
  0.018,300.555,  0.000,  0.000
  0.018,300.559,  0.000,  0.000
  0.018,300.540,  0.000,  0.000
  0.018,300.511,  0.000,  0.000
  0.019,300.481,  0.000,  0.000
  0.019,300.463,  0.000,  0.000
  0.019,300.459,  0.000,  0.000
  0.019,300.463,  0.000,  0.000
  0.019,300.470,  0.000,  0.000
  0.019,300.474,  0.000,  0.000
  0.019,300.480,  0.000,  0.000
  0.019,300.484,  0.000,  0.000
  0.019,300.480,  0.000,  0.000
  0.019,300.473,  0.000,  0.000
  0.019,300.472,  0.000,  0.000
  0.019,300.474,  0.000,  0.000
  0.019,300.476,  0.000,  0.000
  0.018,300.480,  0.000,  0.000
  0.018,300.487,  0.000,  0.000
  0.018,300.492,  0.000,  0.000
  0.018,300.491,  0.000,  0.000
  0.019,300.491,  0.000,  0.000
  0.019,300.495,  0.000,  0.000
  0.018,300.504,  0.000,  0.000
  0.018,300.505,  0.000,  0.000
  0.018,300.614,  0.000,  0.000
  0.018,300.582,  0.000,  0.000
  0.018,300.538,  0.000,  0.000
  0.019,300.494,  0.000,  0.000
  0.019,300.469,  0.000,  0.000
  0.019,300.463,  0.000,  0.000
  0.019,300.466,  0.000,  0.000
  0.019,300.472,  0.000,  0.000
  0.019,300.479,  0.000,  0.000
  0.019,300.485,  0.000,  0.000
  0.019,300.488,  0.000,  0.000
  0.019,300.481,  0.000,  0.000
  0.019,300.468,  0.000,  0.000
  0.019,300.471,  0.000,  0.000
  0.019,300.494,  0.000,  0.000
  0.018,300.512,  0.000,  0.000
  0.018,300.509,  0.000,  0.000
  0.018,300.502,  0.000,  0.000
  0.018,300.499,  0.000,  0.000
  0.019,300.495,  0.000,  0.000
  0.019,300.494,  0.000,  0.000
  0.019,300.503,  0.000,  0.000
  0.018,300.510,  0.000,  0.000
  0.018,300.508,  0.000,  0.000
  0.018,300.505,  0.000,  0.000
  0.018,300.597,  0.000,  0.000
  0.019,300.539,  0.000,  0.000
  0.019,300.486,  0.000,  0.000
  0.019,300.477,  0.000,  0.000
  0.019,300.486,  0.000,  0.000
  0.019,300.488,  0.000,  0.000
  0.019,300.485,  0.000,  0.000
  0.019,300.489,  0.000,  0.000
  0.018,300.498,  0.000,  0.000
  0.019,300.501,  0.000,  0.000
  0.019,300.489,  0.000,  0.000
  0.019,300.467,  0.000,  0.000
  0.019,300.465,  0.000,  0.000
  0.019,300.495,  0.000,  0.000
  0.018,300.535,  0.000,  0.000
  0.018,300.551,  0.000,  0.000
  0.018,300.541,  0.000,  0.000
  0.018,300.512,  0.000,  0.000
  0.019,300.490,  0.000,  0.000
  0.019,300.493,  0.000,  0.000
  0.019,300.512,  0.000,  0.000
  0.018,300.524,  0.000,  0.000
  0.018,300.520,  0.000,  0.000
  0.018,300.512,  0.000,  0.000
  0.018,300.509,  0.000,  0.000
  0.019,300.542,  0.000,  0.000
  0.019,300.499,  0.000,  0.000
  0.019,300.507,  0.000,  0.000
  0.019,300.528,  0.000,  0.000
  0.018,300.527,  0.000,  0.000
  0.018,300.507,  0.000,  0.000
  0.019,300.489,  0.000,  0.000
  0.019,300.486,  0.000,  0.000
  0.019,300.489,  0.000,  0.000
  0.019,300.484,  0.000,  0.000
  0.019,300.473,  0.000,  0.000
  0.019,300.475,  0.000,  0.000
  0.019,300.500,  0.000,  0.000
  0.018,300.537,  0.000,  0.000
  0.018,300.568,  0.000,  0.000
  0.018,300.574,  0.000,  0.000
  0.018,300.539,  0.000,  0.000
  0.019,300.492,  0.000,  0.000
  0.019,300.486,  0.000,  0.000
  0.019,300.514,  0.000,  0.000
  0.018,300.538,  0.000,  0.000
  0.018,300.542,  0.000,  0.000
  0.018,300.531,  0.000,  0.000
  0.019,300.516,  0.000,  0.000
  0.019,300.515,  0.000,  0.000
  0.019,300.554,  0.000,  0.000
  0.019,300.567,  0.000,  0.000
  0.018,300.580,  0.000,  0.000
  0.018,300.565,  0.000,  0.000
  0.018,300.532,  0.000,  0.000
  0.019,300.495,  0.000,  0.000
  0.019,300.470,  0.000,  0.000
  0.019,300.458,  0.000,  0.000
  0.019,300.457,  0.000,  0.000
  0.019,300.468,  0.000,  0.000
  0.019,300.492,  0.000,  0.000
  0.019,300.521,  0.000,  0.000
  0.018,300.545,  0.000,  0.000
  0.018,300.568,  0.000,  0.000
  0.018,300.576,  0.000,  0.000
  0.019,300.549,  0.000,  0.000
  0.019,300.505,  0.000,  0.000
  0.019,300.494,  0.000,  0.000
  0.019,300.515,  0.000,  0.000
  0.018,300.541,  0.000,  0.000
  0.018,300.556,  0.000,  0.000
  0.018,300.552,  0.000,  0.000
  0.019,300.532,  0.000,  0.000
  0.019,300.521,  0.000,  0.000
  0.019,300.531,  0.000,  0.000
  0.018,300.639,  0.000,  0.000
  0.018,300.641,  0.000,  0.000
  0.018,300.606,  0.000,  0.000
  0.018,300.550,  0.000,  0.000
  0.019,300.496,  0.000,  0.000
  0.019,300.468,  0.000,  0.000
  0.019,300.460,  0.000,  0.000
  0.019,300.457,  0.000,  0.000
  0.019,300.472,  0.000,  0.000
  0.019,300.507,  0.000,  0.000
  0.018,300.542,  0.000,  0.000
  0.018,300.562,  0.000,  0.000
  0.018,300.572,  0.000,  0.000
  0.019,300.566,  0.000,  0.000
  0.019,300.540,  0.000,  0.000
  0.019,300.514,  0.000,  0.000
  0.019,300.514,  0.000,  0.000
  0.018,300.533,  0.000,  0.000
  0.018,300.549,  0.000,  0.000
  0.018,300.561,  0.000,  0.000
  0.018,300.560,  0.000,  0.000
  0.019,300.544,  0.000,  0.000
  0.019,300.535,  0.000,  0.000
  0.019,300.542,  0.000,  0.000
  0.018,300.555,  0.000,  0.000
  0.018,300.706,  0.000,  0.000
  0.018,300.671,  0.000,  0.000
  0.019,300.590,  0.000,  0.000
  0.019,300.513,  0.000,  0.000
  0.019,300.490,  0.000,  0.000
  0.019,300.491,  0.000,  0.000
  0.019,300.484,  0.000,  0.000
  0.019,300.484,  0.000,  0.000
  0.019,300.510,  0.000,  0.000
  0.018,300.547,  0.000,  0.000
  0.018,300.570,  0.000,  0.000
  0.018,300.575,  0.000,  0.000
  0.019,300.560,  0.000,  0.000
  0.019,300.538,  0.000,  0.000
  0.019,300.528,  0.000,  0.000
  0.019,300.541,  0.000,  0.000
  0.018,300.558,  0.000,  0.000
  0.018,300.567,  0.000,  0.000
  0.018,300.568,  0.000,  0.000
  0.019,300.559,  0.000,  0.000
  0.019,300.548,  0.000,  0.000
  0.019,300.558,  0.000,  0.000
  0.018,300.570,  0.000,  0.000
  0.018,300.574,  0.000,  0.000
  0.018,300.574,  0.000,  0.000
  0.018,300.741,  0.000,  0.000
  0.018,300.665,  0.000,  0.000
  0.019,300.572,  0.000,  0.000
  0.019,300.536,  0.000,  0.000
  0.018,300.536,  0.000,  0.000
  0.018,300.517,  0.000,  0.000
  0.019,300.491,  0.000,  0.000
  0.019,300.489,  0.000,  0.000
  0.019,300.517,  0.000,  0.000
  0.019,300.548,  0.000,  0.000
  0.019,300.562,  0.000,  0.000
  0.019,300.565,  0.000,  0.000
  0.019,300.562,  0.000,  0.000
  0.019,300.565,  0.000,  0.000
  0.018,300.577,  0.000,  0.000
  0.018,300.587,  0.000,  0.000
  0.018,300.588,  0.000,  0.000
  0.018,300.576,  0.000,  0.000
  0.019,300.555,  0.000,  0.000
  0.019,300.547,  0.000,  0.000
  0.019,300.571,  0.000,  0.000
  0.018,300.602,  0.000,  0.000
  0.018,300.608,  0.000,  0.000
  0.018,300.596,  0.000,  0.000
  0.018,300.577,  0.000,  0.000
