  0.021,301.816,  0.000,  0.000
  0.021,301.832,  0.000,  0.000
  0.021,301.875,  0.000,  0.000
  0.021,301.893,  0.000,  0.000
  0.021,301.878,  0.000,  0.000
  0.021,301.836,  0.000,  0.000
  0.022,301.811,  0.000,  0.000
  0.022,301.827,  0.000,  0.000
  0.021,301.875,  0.000,  0.000
  0.021,301.936,  0.000,  0.000
  0.021,301.969,  0.000,  0.000
  0.021,301.912,  0.000,  0.000
  0.021,301.794,  0.000,  0.000
  0.021,301.731,  0.000,  0.000
  0.021,301.730,  0.000,  0.000
  0.021,301.757,  0.000,  0.000
  0.021,301.867,  0.000,  0.000
  0.021,301.952,  0.000,  0.000
  0.021,301.949,  0.000,  0.000
  0.022,301.894,  0.000,  0.000
  0.022,301.830,  0.000,  0.000
  0.020,301.657,  0.000,  0.000
  0.019,301.720,  0.000,  0.000
  0.020,301.903,  0.000,  0.000
  0.021,301.869,  0.000,  0.000
  0.021,301.897,  0.000,  0.000
  0.021,301.851,  0.000,  0.000
  0.021,301.856,  0.000,  0.000
  0.021,301.878,  0.000,  0.000
  0.021,301.889,  0.000,  0.000
  0.021,301.887,  0.000,  0.000
  0.021,301.856,  0.000,  0.000
  0.022,301.833,  0.000,  0.000
  0.022,301.866,  0.000,  0.000
  0.021,301.936,  0.000,  0.000
  0.021,301.959,  0.000,  0.000
  0.021,301.880,  0.000,  0.000
  0.021,301.807,  0.000,  0.000
  0.021,301.805,  0.000,  0.000
  0.020,301.799,  0.000,  0.000
  0.021,301.793,  0.000,  0.000
  0.021,301.857,  0.000,  0.000
  0.021,301.936,  0.000,  0.000
  0.021,301.927,  0.000,  0.000
  0.022,301.895,  0.000,  0.000
  0.022,301.874,  0.000,  0.000
  0.021,301.694,  0.000,  0.000
  0.020,301.726,  0.000,  0.000
  0.021,301.901,  0.000,  0.000
  0.021,301.950,  0.000,  0.000
  0.021,301.968,  0.000,  0.000
  0.021,301.911,  0.000,  0.000
  0.021,301.864,  0.000,  0.000
  0.021,301.864,  0.000,  0.000
  0.021,301.884,  0.000,  0.000
  0.021,301.906,  0.000,  0.000
  0.021,301.907,  0.000,  0.000
  0.022,301.873,  0.000,  0.000
  0.022,301.869,  0.000,  0.000
  0.021,301.920,  0.000,  0.000
  0.021,301.951,  0.000,  0.000
  0.021,301.896,  0.000,  0.000
  0.020,301.696,  0.000,  0.000
  0.020,301.716,  0.000,  0.000
  0.021,301.864,  0.000,  0.000
  0.021,301.861,  0.000,  0.000
  0.021,301.907,  0.000,  0.000
  0.021,301.941,  0.000,  0.000
  0.022,301.906,  0.000,  0.000
  0.022,301.890,  0.000,  0.000
  0.022,301.895,  0.000,  0.000
  0.022,301.889,  0.000,  0.000
  0.022,301.901,  0.000,  0.000
  0.021,301.952,  0.000,  0.000
  0.021,301.965,  0.000,  0.000
  0.021,301.972,  0.000,  0.000
  0.021,301.953,  0.000,  0.000
  0.021,301.887,  0.000,  0.000
  0.021,301.853,  0.000,  0.000
  0.021,301.874,  0.000,  0.000
  0.021,301.906,  0.000,  0.000
  0.021,301.935,  0.000,  0.000
  0.021,301.936,  0.000,  0.000
  0.021,301.920,  0.000,  0.000
  0.021,301.925,  0.000,  0.000
  0.021,301.940,  0.000,  0.000
  0.021,301.920,  0.000,  0.000
  0.021,301.890,  0.000,  0.000
  0.021,301.893,  0.000,  0.000
  0.021,301.910,  0.000,  0.000
  0.021,301.938,  0.000,  0.000
  0.021,301.977,  0.000,  0.000
  0.021,301.972,  0.000,  0.000
  0.022,301.917,  0.000,  0.000
  0.022,301.890,  0.000,  0.000
  0.022,301.886,  0.000,  0.000
  0.022,301.911,  0.000,  0.000
  0.021,301.953,  0.000,  0.000
  0.022,301.985,  0.000,  0.000
  0.022,301.969,  0.000,  0.000
  0.021,301.936,  0.000,  0.000
  0.021,301.952,  0.000,  0.000
  0.021,301.911,  0.000,  0.000
  0.022,301.855,  0.000,  0.000
  0.021,301.856,  0.000,  0.000
  0.021,301.899,  0.000,  0.000
  0.021,301.941,  0.000,  0.000
  0.021,301.974,  0.000,  0.000
  0.021,301.976,  0.000,  0.000
  0.021,301.958,  0.000,  0.000
  0.022,301.940,  0.000,  0.000
  0.021,301.924,  0.000,  0.000
  0.021,301.910,  0.000,  0.000
  0.021,301.911,  0.000,  0.000
  0.021,301.935,  0.000,  0.000
  0.021,301.982,  0.000,  0.000
  0.021,302.020,  0.000,  0.000
  0.021,302.004,  0.000,  0.000
  0.021,301.948,  0.000,  0.000
  0.022,301.904,  0.000,  0.000
  0.022,301.888,  0.000,  0.000
  0.022,301.914,  0.000,  0.000
  0.021,301.971,  0.000,  0.000
  0.021,302.019,  0.000,  0.000
  0.022,302.000,  0.000,  0.000
  0.021,301.902,  0.000,  0.020
  0.021,301.930,  0.000,  0.020
  0.021,301.923,  0.000,  0.000
  0.022,301.875,  0.000,  0.000
  0.022,301.851,  0.000,  0.000
  0.021,301.882,  0.000,  0.000
  0.021,301.930,  0.000,  0.000
  0.021,301.974,  0.000,  0.000
  0.021,301.999,  0.000,  0.000
  0.021,301.984,  0.000,  0.000
  0.022,301.950,  0.000,  0.000
  0.021,301.925,  0.000,  0.000
  0.021,301.916,  0.000,  0.000
  0.021,301.922,  0.000,  0.000
  0.021,301.952,  0.000,  0.000
  0.021,301.997,  0.000,  0.000
  0.021,302.016,  0.000,  0.020
  0.021,301.993,  0.000,  0.020
  0.021,301.956,  0.000,  0.020
  0.022,301.930,  0.000,  0.020
  0.022,301.916,  0.000,  0.050
  0.022,301.924,  0.000,  0.050
  0.021,301.961,  0.000,  0.050
  0.021,302.009,  0.000,  0.030
  0.021,301.986,  0.000,  0.030
  0.021,301.882,  0.000,  0.020
  0.021,301.913,  0.000,  0.020
  0.021,301.923,  0.000,  0.000
  0.021,301.902,  0.000,  0.000
  0.022,301.865,  0.000,  0.000
  0.022,301.871,  0.000,  0.000
  0.021,301.912,  0.000,  0.000
  0.021,301.961,  0.000,  0.000
  0.021,302.001,  0.000,  0.000
  0.021,302.001,  0.000,  0.000
  0.021,301.973,  0.000,  0.000
  0.021,301.963,  0.000,  0.000
  0.021,301.964,  0.000,  0.000
  0.021,301.967,  0.000,  0.000
  0.021,301.980,  0.000,  0.000
  0.021,301.993,  0.000,  0.000
  0.021,301.988,  0.000,  0.020
  0.022,301.965,  0.000,  0.020
  0.021,301.951,  0.000,  0.020
  0.021,301.950,  0.000,  0.020
  0.021,301.951,  0.000,  0.050
  0.022,301.943,  0.000,  0.050
  0.022,301.948,  0.000,  0.050
  0.021,301.966,  0.000,  0.030
  0.021,301.939,  0.000,  0.030
  0.021,301.878,  0.000,  0.020
  0.021,301.903,  0.000,  0.020
  0.021,301.917,  0.000,  0.000
  0.021,301.918,  0.000,  0.000
  0.022,301.892,  0.000,  0.000
  0.022,301.875,  0.000,  0.000
  0.022,301.902,  0.000,  0.000
  0.021,301.955,  0.000,  0.000
  0.021,302.004,  0.000,  0.000
  0.021,302.012,  0.000,  0.000
  0.021,302.003,  0.000,  0.000
  0.021,302.018,  0.000,  0.000
  0.021,302.035,  0.000,  0.000
  0.021,302.029,  0.000,  0.000
  0.021,302.010,  0.000,  0.000
  0.022,301.992,  0.000,  0.000
  0.022,301.969,  0.000,  0.020
  0.022,301.943,  0.000,  0.020
  0.022,301.938,  0.000,  0.020
  0.021,301.961,  0.000,  0.020
  0.021,301.980,  0.000,  0.050
  0.021,301.979,  0.000,  0.050
  0.022,301.952,  0.000,  0.050
  0.021,301.947,  0.000,  0.030
  0.021,301.962,  0.000,  0.030
  0.022,301.895,  0.000,  0.020
  0.021,301.894,  0.000,  0.020
  0.021,301.912,  0.000,  0.000
  0.021,301.922,  0.000,  0.000
  0.021,301.921,  0.000,  0.000
  0.022,301.905,  0.000,  0.000
  0.022,301.906,  0.000,  0.000
  0.021,301.935,  0.000,  0.000
  0.021,301.987,  0.000,  0.000
  0.021,302.029,  0.000,  0.000
  0.020,301.931,  0.000,  0.000
  0.020,301.955,  0.000,  0.000
  0.020,301.973,  0.000,  0.000
  0.021,302.047,  0.000,  0.000
  0.021,302.024,  0.000,  0.000
  0.022,301.999,  0.000,  0.000
  0.022,301.964,  0.000,  0.020
  0.022,301.933,  0.000,  0.020
  0.022,301.926,  0.000,  0.020
  0.022,301.964,  0.000,  0.020
  0.021,302.010,  0.000,  0.050
  0.021,302.010,  0.000,  0.050
  0.022,301.966,  0.000,  0.050
  0.021,301.971,  0.000,  0.030
  0.021,302.045,  0.000,  0.030
  0.021,301.932,  0.000,  0.050
  0.022,301.891,  0.000,  0.050
  0.021,301.901,  0.000,  0.030
  0.021,301.923,  0.000,  0.030
  0.021,301.937,  0.000,  0.030
  0.021,301.938,  0.000,  0.030
  0.022,301.929,  0.000,  0.010
  0.022,301.942,  0.000,  0.010
  0.021,301.993,  0.000,  0.010
  0.021,302.059,  0.000,  0.000
  0.021,302.070,  0.000,  0.000
  0.021,301.944,  0.000,  0.000
  0.021,302.039,  0.000,  0.000
  0.021,302.035,  0.000,  0.000
  0.021,302.039,  0.000,  0.000
  0.022,302.017,  0.000,  0.000
  0.022,301.968,  0.000,  0.020
  0.022,301.931,  0.000,  0.020
  0.022,301.935,  0.000,  0.020
  0.021,301.978,  0.000,  0.020
  0.021,302.019,  0.000,  0.050
  0.021,302.006,  0.000,  0.050
  0.022,301.968,  0.000,  0.050
  0.021,301.983,  0.000,  0.060
  0.021,302.077,  0.000,  0.060
  0.021,301.961,  0.000,  0.050
  0.022,301.902,  0.000,  0.050
  0.022,301.892,  0.000,  0.030
  0.021,301.921,  0.000,  0.030
  0.021,301.941,  0.000,  0.030
  0.021,301.947,  0.000,  0.030
  0.021,301.954,  0.000,  0.010
  0.022,301.968,  0.000,  0.010
  0.022,301.993,  0.000,  0.010
  0.021,302.026,  0.000,  0.000
  0.021,302.041,  0.000,  0.000
  0.022,302.024,  0.000,  0.000
  0.022,302.007,  0.000,  0.000
  0.022,302.029,  0.000,  0.000
  0.021,302.047,  0.000,  0.000
  0.021,302.030,  0.000,  0.000
  0.022,301.976,  0.000,  0.020
  0.022,301.940,  0.000,  0.020
  0.022,301.968,  0.000,  0.020
  0.021,302.008,  0.000,  0.020
  0.021,302.005,  0.000,  0.050
  0.022,301.977,  0.000,  0.050
  0.022,301.953,  0.000,  0.050
  0.022,301.971,  0.000,  0.060
  0.021,302.036,  0.000,  0.060
  0.021,301.967,  0.000,  0.050
  0.021,301.919,  0.000,  0.050
  0.022,301.894,  0.000,  0.030
  0.022,301.910,  0.000,  0.030
  0.021,301.932,  0.000,  0.030
  0.021,301.944,  0.000,  0.030
  0.021,301.941,  0.000,  0.010
  0.021,301.877,  0.000,  0.010
  0.021,301.796,  0.000,  0.010
  0.021,301.852,  0.000,  0.000
  0.021,301.978,  0.000,  0.000
  0.021,302.022,  0.000,  0.000
  0.022,302.008,  0.000,  0.000
  0.022,302.018,  0.000,  0.000
  0.022,302.026,  0.000,  0.000
  0.022,302.013,  0.000,  0.000
  0.022,301.974,  0.000,  0.020
  0.022,301.946,  0.000,  0.020
  0.022,301.978,  0.000,  0.020
  0.021,302.009,  0.000,  0.020
  0.021,301.984,  0.000,  0.050
  0.022,301.952,  0.000,  0.050
  0.022,301.950,  0.000,  0.050
  0.022,301.980,  0.000,  0.060
  0.022,302.013,  0.000,  0.060
  0.021,301.954,  0.000,  0.050
  0.021,301.928,  0.000,  0.050
  0.022,301.907,  0.000,  0.030
  0.022,301.908,  0.000,  0.030
  0.022,301.930,  0.000,  0.030
  0.022,301.941,  0.000,  0.030
  0.021,301.887,  0.000,  0.010
  0.021,301.731,  0.000,  0.010
  0.021,301.620,  0.000,  0.010
  0.021,301.750,  0.000,  0.000
  0.021,301.952,  0.000,  0.000
  0.021,302.026,  0.000,  0.000
  0.021,302.011,  0.000,  0.000
  0.022,302.011,  0.000,  0.000
  0.022,302.002,  0.000,  0.000
  0.022,301.987,  0.000,  0.000
  0.022,301.967,  0.000,  0.020
  0.022,301.950,  0.000,  0.020
  0.022,301.961,  0.000,  0.020
  0.022,301.973,  0.000,  0.020
  0.022,301.959,  0.000,  0.050
  0.022,301.955,  0.000,  0.050
  0.022,301.979,  0.000,  0.050
  0.022,302.009,  0.000,  0.060
  0.022,302.020,  0.000,  0.060
  0.021,301.934,  0.000,  0.090
  0.021,301.927,  0.000,  0.090
  0.021,301.922,  0.000,  0.110
  0.021,301.925,  0.000,  0.110
  0.021,301.949,  0.000,  0.110
  0.022,301.952,  0.000,  0.110
  0.021,301.709,  0.000,  0.040
  0.021,301.519,  0.000,  0.040
  0.021,301.643,  0.000,  0.040
  0.021,301.769,  0.000,  0.000
  0.021,301.953,  0.000,  0.000
  0.021,302.007,  0.000,  0.000
  0.021,302.000,  0.000,  0.000
  0.022,302.013,  0.000,  0.000
  0.022,301.995,  0.000,  0.000
  0.022,301.973,  0.000,  0.000
  0.022,301.964,  0.000,  0.000
  0.022,301.962,  0.000,  0.000
  0.022,301.966,  0.000,  0.000
  0.022,301.958,  0.000,  0.000
  0.022,301.954,  0.000,  0.000
  0.022,301.971,  0.000,  0.000
  0.021,302.009,  0.000,  0.000
  0.022,302.024,  0.000,  0.000
  0.022,302.009,  0.000,  0.000
  0.021,301.922,  0.000,  0.090
  0.021,301.926,  0.000,  0.090
  0.021,301.933,  0.000,  0.110
  0.021,301.948,  0.000,  0.110
  0.021,301.979,  0.000,  0.110
  0.021,301.981,  0.000,  0.110
  0.022,301.898,  0.000,  0.040
  0.021,301.646,  0.000,  0.040
  0.021,301.797,  0.000,  0.040
  0.021,301.880,  0.000,  0.000
  0.021,301.962,  0.000,  0.000
  0.021,301.975,  0.000,  0.000
  0.021,301.989,  0.000,  0.000
  0.022,302.024,  0.000,  0.000
  0.022,302.014,  0.000,  0.000
  0.022,301.975,  0.000,  0.000
  0.022,301.970,  0.000,  0.000
  0.022,302.001,  0.000,  0.000
  0.022,302.022,  0.000,  0.000
  0.022,301.997,  0.000,  0.000
  0.022,301.967,  0.000,  0.000
  0.021,301.978,  0.000,  0.000
  0.021,302.019,  0.000,  0.000
  0.021,302.034,  0.000,  0.000
  0.022,302.002,  0.000,  0.000
