  0.018,300.561,  0.000,  0.000
  0.018,300.550,  0.000,  0.000
  0.018,300.553,  0.000,  0.000
  0.018,300.547,  0.000,  0.000
  0.018,300.532,  0.000,  0.000
  0.018,300.529,  0.000,  0.000
  0.018,300.549,  0.000,  0.000
  0.018,300.589,  0.000,  0.000
  0.018,300.621,  0.000,  0.000
  0.018,300.623,  0.000,  0.000
  0.018,300.612,  0.000,  0.000
  0.018,300.617,  0.000,  0.000
  0.018,300.647,  0.000,  0.000
  0.018,300.683,  0.000,  0.000
  0.018,300.703,  0.000,  0.000
  0.018,300.715,  0.000,  0.000
  0.018,300.738,  0.000,  0.000
  0.018,300.764,  0.000,  0.000
  0.018,300.787,  0.000,  0.000
  0.018,300.805,  0.000,  0.000
  0.018,300.823,  0.000,  0.000
  0.018,300.853,  0.001,  0.000
  0.018,300.878,  0.003,  0.000
  0.018,300.895,  0.003,  0.000
  0.018,300.878,  0.000,  0.000
  0.018,300.559,  0.000,  0.000
  0.018,300.545,  0.000,  0.000
  0.018,300.545,  0.000,  0.000
  0.018,300.553,  0.000,  0.000
  0.018,300.552,  0.000,  0.000
  0.018,300.550,  0.000,  0.000
  0.018,300.564,  0.000,  0.000
  0.018,300.603,  0.000,  0.000
  0.018,300.640,  0.000,  0.000
  0.018,300.638,  0.000,  0.000
  0.018,300.619,  0.000,  0.000
  0.018,300.632,  0.000,  0.000
  0.018,300.676,  0.000,  0.000
  0.018,300.710,  0.000,  0.000
  0.018,300.719,  0.000,  0.000
  0.018,300.725,  0.000,  0.000
  0.018,300.747,  0.000,  0.000
  0.018,300.775,  0.000,  0.000
  0.018,300.801,  0.000,  0.000
  0.018,300.815,  0.000,  0.000
  0.018,300.818,  0.000,  0.000
  0.018,300.834,  0.001,  0.000
  0.018,300.854,  0.003,  0.000
  0.018,300.869,  0.004,  0.000
  0.018,300.850,  0.001,  0.000
  0.018,300.559,  0.000,  0.000
  0.018,300.557,  0.000,  0.000
  0.018,300.561,  0.000,  0.000
  0.018,300.570,  0.000,  0.000
  0.018,300.572,  0.000,  0.000
  0.018,300.581,  0.000,  0.000
  0.018,300.607,  0.000,  0.000
  0.018,300.642,  0.000,  0.000
  0.018,300.658,  0.000,  0.000
  0.018,300.648,  0.000,  0.000
  0.018,300.640,  0.000,  0.000
  0.018,300.654,  0.000,  0.000
  0.018,300.686,  0.000,  0.000
  0.018,300.713,  0.000,  0.000
  0.018,300.724,  0.000,  0.000
  0.018,300.730,  0.000,  0.000
  0.018,300.752,  0.000,  0.000
  0.018,300.786,  0.000,  0.000
  0.018,300.815,  0.000,  0.000
  0.018,300.823,  0.000,  0.000
  0.018,300.821,  0.000,  0.000
  0.018,300.819,  0.000,  0.000
  0.018,300.818,  0.001,  0.000
  0.018,300.827,  0.001,  0.000
  0.018,300.821,  0.001,  0.000
  0.018,300.565,  0.000,  0.000
  0.018,300.575,  0.000,  0.000
  0.018,300.588,  0.000,  0.000
  0.018,300.591,  0.000,  0.000
  0.018,300.593,  0.000,  0.000
  0.018,300.619,  0.000,  0.000
  0.018,300.663,  0.000,  0.000
  0.018,300.683,  0.000,  0.000
  0.018,300.668,  0.000,  0.000
  0.018,300.656,  0.000,  0.000
  0.018,300.659,  0.000,  0.000
  0.018,300.669,  0.001,  0.000
  0.018,300.679,  0.001,  0.000
  0.018,300.695,  0.001,  0.000
  0.018,300.713,  0.001,  0.000
  0.018,300.727,  0.000,  0.000
  0.018,300.749,  0.000,  0.000
  0.018,300.785,  0.000,  0.000
  0.018,300.818,  0.000,  0.000
  0.018,300.829,  0.000,  0.000
  0.018,300.824,  0.000,  0.000
  0.018,300.810,  0.000,  0.000
  0.018,300.787,  0.000,  0.000
  0.018,300.782,  0.000,  0.000
  0.019,300.788,  0.000,  0.000
  0.018,300.580,  0.000,  0.000
  0.018,300.586,  0.000,  0.000
  0.018,300.593,  0.000,  0.000
  0.018,300.603,  0.000,  0.000
  0.018,300.632,  0.000,  0.000
  0.018,300.672,  0.000,  0.000
  0.018,300.696,  0.000,  0.000
  0.018,300.689,  0.000,  0.000
  0.018,300.673,  0.000,  0.000
  0.018,300.671,  0.000,  0.000
  0.018,300.672,  0.000,  0.000
  0.018,300.669,  0.000,  0.000
  0.018,300.672,  0.001,  0.000
  0.018,300.685,  0.003,  0.000
  0.018,300.700,  0.005,  0.000
  0.019,300.719,  0.004,  0.000
  0.018,300.744,  0.001,  0.000
  0.018,300.776,  0.000,  0.000
  0.018,300.803,  0.000,  0.000
  0.018,300.822,  0.000,  0.000
  0.018,300.824,  0.000,  0.000
  0.018,300.803,  0.000,  0.000
  0.018,300.773,  0.000,  0.000
  0.018,300.760,  0.000,  0.000
  0.019,300.763,  0.000,  0.000
  0.018,300.594,  0.000,  0.000
  0.018,300.586,  0.000,  0.000
  0.018,300.585,  0.000,  0.000
  0.018,300.620,  0.000,  0.000
  0.018,300.678,  0.000,  0.000
  0.018,300.709,  0.000,  0.000
  0.018,300.693,  0.000,  0.000
  0.018,300.670,  0.000,  0.000
  0.018,300.676,  0.000,  0.000
  0.018,300.687,  0.000,  0.000
  0.018,300.679,  0.000,  0.000
  0.018,300.676,  0.000,  0.000
  0.018,300.688,  0.001,  0.000
  0.018,300.700,  0.006,  0.000
  0.018,300.699,  0.020,  0.000
  0.019,300.713,  0.037,  0.000
  0.019,300.742,  0.035,  0.000
  0.019,300.773,  0.013,  0.000
  0.018,300.792,  0.002,  0.000
  0.018,300.806,  0.000,  0.000
  0.018,300.813,  0.000,  0.000
  0.018,300.796,  0.000,  0.000
  0.019,300.771,  0.000,  0.000
  0.018,300.772,  0.000,  0.000
  0.018,300.776,  0.000,  0.000
  0.018,300.598,  0.000,  0.000
  0.018,300.590,  0.000,  0.000
  0.018,300.608,  0.000,  0.000
  0.018,300.665,  0.000,  0.000
  0.018,300.717,  0.000,  0.000
  0.018,300.712,  0.000,  0.000
  0.018,300.682,  0.000,  0.000
  0.018,300.673,  0.000,  0.000
  0.018,300.691,  0.000,  0.000
  0.018,300.704,  0.000,  0.000
  0.018,300.702,  0.000,  0.000
  0.018,300.708,  0.000,  0.000
  0.018,300.722,  0.000,  0.000
  0.018,300.722,  0.004,  0.000
  0.018,300.709,  0.026,  0.000
  0.018,300.718,  0.089,  0.000
  0.019,300.747,  0.156,  0.000
  0.019,300.774,  0.129,  0.000
  0.018,300.792,  0.048,  0.000
  0.018,300.802,  0.008,  0.000
  0.018,300.803,  0.001,  0.000
  0.018,300.793,  0.000,  0.000
  0.019,300.780,  0.000,  0.000
  0.019,300.795,  0.000,  0.000
  0.018,300.807,  0.000,  0.000
  0.018,300.599,  0.000,  0.000
  0.018,300.623,  0.000,  0.000
  0.018,300.678,  0.000,  0.000
  0.018,300.727,  0.000,  0.000
  0.018,300.727,  0.000,  0.000
  0.018,300.695,  0.000,  0.000
  0.018,300.686,  0.000,  0.000
  0.018,300.703,  0.000,  0.000
  0.018,300.722,  0.000,  0.000
  0.018,300.729,  0.000,  0.000
  0.018,300.735,  0.000,  0.000
  0.018,300.748,  0.000,  0.000
  0.018,300.756,  0.000,  0.000
  0.018,300.739,  0.001,  0.000
  0.018,300.723,  0.008,  0.000
  0.018,300.732,  0.055,  0.000
  0.018,300.752,  0.186,  0.000
  0.019,300.773,  0.296,  0.000
  0.019,300.791,  0.224,  0.000
  0.018,300.804,  0.099,  0.000
  0.018,300.808,  0.025,  0.000
  0.018,300.801,  0.002,  0.000
  0.018,300.800,  0.000,  0.000
  0.018,300.813,  0.000,  0.000
  0.018,300.815,  0.000,  0.000
  0.018,300.612,  0.006,  0.000
  0.018,300.681,  0.001,  0.000
  0.018,300.740,  0.001,  0.000
  0.018,300.747,  0.000,  0.000
  0.018,300.697,  0.000,  0.000
  0.018,300.668,  0.000,  0.000
  0.018,300.692,  0.000,  0.000
  0.018,300.729,  0.000,  0.000
  0.018,300.748,  0.000,  0.000
  0.018,300.754,  0.000,  0.000
  0.018,300.771,  0.000,  0.000
  0.018,300.789,  0.000,  0.000
  0.018,300.780,  0.000,  0.000
  0.018,300.747,  0.000,  0.000
  0.018,300.736,  0.001,  0.000
  0.018,300.744,  0.002,  0.000
  0.018,300.756,  0.025,  0.000
  0.019,300.773,  0.124,  0.000
  0.019,300.791,  0.280,  0.000
  0.018,300.805,  0.293,  0.000
  0.018,300.812,  0.137,  0.000
  0.018,300.810,  0.007,  0.000
  0.018,300.811,  0.002,  0.000
  0.018,300.815,  0.001,  0.000
  0.018,300.805,  0.000,  0.000
  0.018,300.646,  0.079,  0.000
  0.018,300.724,  0.024,  0.000
  0.018,300.747,  0.002,  0.000
  0.018,300.714,  0.000,  0.000
  0.018,300.659,  0.000,  0.000
  0.018,300.645,  0.000,  0.000
  0.018,300.689,  0.000,  0.000
  0.018,300.740,  0.000,  0.000
  0.018,300.767,  0.000,  0.000
  0.018,300.779,  0.000,  0.000
  0.018,300.805,  0.000,  0.000
  0.018,300.814,  0.000,  0.000
  0.018,300.782,  0.000,  0.000
  0.018,300.751,  0.000,  0.000
  0.018,300.745,  0.001,  0.000
  0.019,300.752,  0.005,  0.000
  0.019,300.764,  0.010,  0.000
  0.018,300.777,  0.017,  0.000
  0.018,300.791,  0.066,  0.000
  0.018,300.801,  0.192,  0.000
  0.019,300.804,  0.169,  0.000
  0.018,300.803,  0.008,  0.000
  0.018,300.800,  0.001,  0.000
  0.018,300.800,  0.001,  0.000
  0.018,300.794,  0.000,  0.000
  0.018,300.694,  0.299,  0.000
  0.018,300.731,  0.195,  0.000
  0.018,300.710,  0.026,  0.000
  0.018,300.671,  0.001,  0.000
  0.019,300.646,  0.000,  0.000
  0.018,300.656,  0.000,  0.000
  0.018,300.700,  0.000,  0.000
  0.018,300.754,  0.000,  0.000
  0.018,300.792,  0.000,  0.000
  0.018,300.809,  0.000,  0.000
  0.018,300.824,  0.000,  0.000
  0.018,300.823,  0.000,  0.000
  0.019,300.788,  0.000,  0.000
  0.019,300.759,  0.000,  0.000
  0.018,300.757,  0.002,  0.000
  0.019,300.765,  0.022,  0.000
  0.019,300.776,  0.074,  0.000
  0.018,300.785,  0.094,  0.000
  0.018,300.793,  0.068,  0.000
  0.019,300.797,  0.070,  0.000
  0.019,300.795,  0.050,  0.000
  0.019,300.789,  0.023,  0.000
  0.018,300.782,  0.003,  0.000
  0.018,300.782,  0.001,  0.000
  0.018,300.785,  0.001,  0.000
  0.018,300.751,  0.321,  0.000
  0.018,300.719,  0.359,  0.000
  0.018,300.671,  0.055,  0.000
  0.018,300.650,  0.002,  0.000
  0.019,300.669,  0.000,  0.000
  0.019,300.707,  0.000,  0.000
  0.018,300.735,  0.000,  0.000
  0.018,300.774,  0.000,  0.000
  0.018,300.816,  0.001,  0.000
  0.018,300.835,  0.000,  0.000
  0.018,300.833,  0.001,  0.000
  0.018,300.826,  0.000,  0.000
  0.018,300.799,  0.000,  0.000
  0.019,300.773,  0.000,  0.000
  0.018,300.770,  0.001,  0.000
  0.018,300.776,  0.044,  0.000
  0.018,300.782,  0.228,  0.000
  0.018,300.785,  0.440,  0.000
  0.018,300.788,  0.415,  0.000
  0.019,300.787,  0.304,  0.000
  0.019,300.783,  0.248,  0.000
  0.019,300.778,  0.137,  0.000
  0.018,300.774,  0.036,  0.000
  0.018,300.774,  0.002,  0.000
  0.018,300.775,  0.001,  0.000
  0.018,300.771,  0.021,  0.000
  0.018,300.707,  0.040,  0.000
  0.018,300.659,  0.012,  0.000
  0.018,300.668,  0.000,  0.000
  0.019,300.715,  0.000,  0.000
  0.018,300.756,  0.000,  0.000
  0.018,300.771,  0.000,  0.000
  0.018,300.791,  0.000,  0.000
  0.018,300.819,  0.000,  0.000
  0.018,300.833,  0.001,  0.000
  0.018,300.834,  0.003,  0.000
  0.018,300.831,  0.003,  0.000
  0.018,300.815,  0.002,  0.000
  0.019,300.789,  0.001,  0.000
  0.019,300.779,  0.000,  0.000
  0.018,300.781,  0.015,  0.000
  0.018,300.781,  0.203,  0.000
  0.019,300.781,  0.753,  0.000
  0.019,300.781,  1.284,  0.000
  0.019,300.777,  1.279,  0.000
  0.019,300.774,  0.968,  0.000
  0.018,300.774,  0.561,  0.000
  0.018,300.775,  0.162,  0.000
  0.018,300.773,  0.012,  0.000
  0.018,300.767,  0.003,  0.000
  0.018,300.736,  0.002,  0.000
  0.018,300.695,  0.001,  0.000
  0.018,300.691,  0.000,  0.000
  0.018,300.726,  0.000,  0.000
  0.018,300.764,  0.000,  0.000
  0.018,300.778,  0.000,  0.000
  0.018,300.789,  0.000,  0.000
  0.018,300.805,  0.000,  0.000
  0.018,300.806,  0.000,  0.000
  0.018,300.805,  0.000,  0.000
  0.019,300.820,  0.003,  0.000
  0.018,300.837,  0.014,  0.000
  0.018,300.825,  0.020,  0.000
  0.019,300.797,  0.016,  0.000
  0.019,300.784,  0.007,  0.000
  0.019,300.784,  0.001,  0.000
  0.019,300.778,  0.006,  0.000
  0.019,300.774,  0.212,  0.000
  0.019,300.771,  1.058,  0.000
  0.019,300.766,  2.110,  0.000
  0.019,300.767,  2.296,  0.000
  0.018,300.771,  1.812,  0.000
  0.018,300.772,  0.951,  0.000
  0.018,300.768,  0.282,  0.000
  0.018,300.760,  0.083,  0.000
  0.018,300.676,  0.000,  0.000
  0.018,300.667,  0.001,  0.000
  0.018,300.713,  0.000,  0.000
  0.018,300.774,  0.000,  0.000
  0.018,300.789,  0.000,  0.000
  0.018,300.774,  0.000,  0.000
  0.018,300.791,  0.000,  0.000
  0.018,300.812,  0.000,  0.000
  0.018,300.795,  0.000,  0.000
  0.018,300.773,  0.000,  0.000
  0.019,300.794,  0.004,  0.000
  0.019,300.826,  0.019,  0.000
  0.018,300.821,  0.050,  0.000
  0.019,300.794,  0.086,  0.000
  0.019,300.783,  0.097,  0.000
  0.019,300.784,  0.061,  0.000
  0.019,300.776,  0.017,  0.000
  0.019,300.769,  0.002,  0.000
  0.019,300.761,  0.028,  0.000
  0.019,300.758,  0.351,  0.000
  0.019,300.760,  1.159,  0.000
  0.018,300.763,  1.910,  0.000
  0.018,300.763,  2.074,  0.000
  0.018,300.759,  1.362,  0.000
  0.018,300.753,  0.755,  0.000
