  0.017,300.143,  0.303,  0.000
  0.017,300.170,  0.126,  0.000
  0.017,300.129,  0.013,  0.000
  0.017,300.094,  0.006,  0.000
  0.017,300.095,  0.005,  0.000
  0.017,300.140,  0.004,  0.000
  0.017,300.220,  0.005,  0.030
  0.017,300.293,  0.005,  0.030
  0.017,300.319,  0.001,  0.030
  0.017,300.309,  0.000,  0.000
  0.017,300.294,  0.000,  0.000
  0.017,300.276,  0.000,  0.000
  0.017,300.244,  0.000,  0.000
  0.017,300.219,  0.000,  0.000
  0.017,300.223,  0.000,  0.000
  0.017,300.254,  0.000,  0.000
  0.017,300.282,  0.000,  0.000
  0.017,300.278,  0.000,  0.000
  0.017,300.284,  0.000,  0.000
  0.017,300.264,  0.000,  0.000
  0.017,300.239,  0.000,  0.000
  0.017,300.225,  0.000,  0.000
  0.018,300.241,  0.000,  0.000
  0.018,300.315,  0.000,  0.000
  0.018,300.362,  0.000,  0.000
  0.017,300.196,  0.703,  0.000
  0.017,300.166,  0.527,  0.000
  0.017,300.121,  0.114,  0.000
  0.017,300.094,  0.011,  0.000
  0.017,300.090,  0.012,  0.000
  0.017,300.107,  0.014,  0.000
  0.017,300.150,  0.019,  0.000
  0.017,300.212,  0.025,  0.000
  0.017,300.260,  0.020,  0.000
  0.018,300.285,  0.006,  0.000
  0.017,300.296,  0.001,  0.000
  0.017,300.300,  0.000,  0.000
  0.017,300.294,  0.000,  0.000
  0.017,300.259,  0.000,  0.000
  0.017,300.250,  0.000,  0.000
  0.017,300.278,  0.000,  0.000
  0.017,300.308,  0.000,  0.000
  0.017,300.281,  0.000,  0.000
  0.017,300.281,  0.000,  0.000
  0.017,300.283,  0.000,  0.000
  0.017,300.247,  0.000,  0.000
  0.017,300.220,  0.000,  0.000
  0.018,300.240,  0.000,  0.000
  0.018,300.326,  0.000,  0.000
  0.018,300.387,  0.000,  0.000
  0.017,300.132,  0.601,  0.000
  0.017,300.122,  0.707,  0.000
  0.017,300.105,  0.318,  0.000
  0.017,300.098,  0.024,  0.000
  0.017,300.104,  0.011,  0.000
  0.017,300.111,  0.018,  0.000
  0.017,300.134,  0.031,  0.000
  0.017,300.165,  0.059,  0.000
  0.017,300.183,  0.082,  0.000
  0.018,300.188,  0.057,  0.000
  0.018,300.233,  0.014,  0.000
  0.017,300.303,  0.001,  0.000
  0.017,300.313,  0.000,  0.000
  0.017,300.289,  0.000,  0.000
  0.017,300.266,  0.000,  0.000
  0.017,300.256,  0.000,  0.000
  0.018,300.243,  0.000,  0.000
  0.017,300.221,  0.000,  0.000
  0.017,300.231,  0.000,  0.000
  0.018,300.278,  0.000,  0.000
  0.017,300.272,  0.000,  0.000
  0.017,300.249,  0.000,  0.000
  0.017,300.263,  0.000,  0.000
  0.018,300.356,  0.000,  0.000
  0.018,300.424,  0.000,  0.000
  0.017,300.037,  0.273,  0.000
  0.017,300.047,  0.265,  0.000
  0.017,300.061,  0.167,  0.000
  0.017,300.078,  0.046,  0.000
  0.017,300.095,  0.003,  0.000
  0.017,300.107,  0.008,  0.000
  0.017,300.139,  0.020,  0.000
  0.017,300.154,  0.056,  0.000
  0.017,300.136,  0.133,  0.000
  0.017,300.112,  0.168,  0.000
  0.017,300.140,  0.097,  0.000
  0.018,300.248,  0.018,  0.000
  0.017,300.324,  0.002,  0.000
  0.017,300.293,  0.001,  0.000
  0.017,300.248,  0.000,  0.000
  0.017,300.212,  0.000,  0.000
  0.017,300.171,  0.000,  0.000
  0.017,300.150,  0.000,  0.000
  0.017,300.164,  0.000,  0.000
  0.018,300.247,  0.000,  0.000
  0.018,300.307,  0.000,  0.000
  0.017,300.308,  0.000,  0.000
  0.017,300.320,  0.000,  0.000
  0.017,300.403,  0.000,  0.000
  0.017,300.466,  0.000,  0.000
  0.017,299.976,  0.064,  0.000
  0.017,299.974,  0.081,  0.000
  0.017,299.995,  0.023,  0.000
  0.017,300.024,  0.009,  0.000
  0.017,300.041,  0.004,  0.000
  0.018,300.065,  0.000,  0.000
  0.017,300.129,  0.003,  0.000
  0.017,300.158,  0.016,  0.000
  0.017,300.130,  0.083,  0.000
  0.017,300.106,  0.202,  0.000
  0.017,300.128,  0.234,  0.000
  0.017,300.185,  0.116,  0.000
  0.018,300.250,  0.020,  0.000
  0.018,300.268,  0.002,  0.000
  0.017,300.176,  0.001,  0.000
  0.017,300.132,  0.000,  0.000
  0.017,300.131,  0.000,  0.000
  0.017,300.132,  0.000,  0.000
  0.017,300.148,  0.000,  0.000
  0.017,300.231,  0.000,  0.000
  0.018,300.336,  0.000,  0.000
  0.018,300.366,  0.000,  0.000
  0.017,300.377,  0.000,  0.000
  0.017,300.443,  0.000,  0.000
  0.017,300.495,  0.000,  0.000
  0.018,299.964,  0.003,  0.010
  0.018,299.955,  0.002,  0.010
  0.018,299.950,  0.001,  0.040
  0.017,299.948,  0.001,  0.040
  0.017,299.957,  0.000,  0.040
  0.018,300.000,  0.001,  0.040
  0.018,300.095,  0.001,  0.010
  0.017,300.148,  0.002,  0.010
  0.017,300.141,  0.018,  0.010
  0.017,300.139,  0.102,  0.000
  0.017,300.165,  0.234,  0.000
  0.017,300.173,  0.234,  0.000
  0.017,300.170,  0.085,  0.000
  0.017,300.159,  0.009,  0.000
  0.017,300.070,  0.001,  0.000
  0.017,300.028,  0.000,  0.000
  0.017,300.115,  0.000,  0.000
  0.017,300.171,  0.000,  0.000
  0.017,300.186,  0.000,  0.000
  0.018,300.237,  0.000,  0.000
  0.018,300.351,  0.000,  0.000
  0.018,300.415,  0.000,  0.000
  0.018,300.408,  0.000,  0.000
  0.017,300.444,  0.000,  0.000
  0.018,300.485,  0.000,  0.000
  0.018,299.964,  0.001,  0.010
  0.018,299.966,  0.001,  0.010
  0.018,299.941,  0.000,  0.040
  0.018,299.901,  0.000,  0.040
  0.017,299.900,  0.000,  0.040
  0.017,299.955,  0.000,  0.040
  0.018,300.044,  0.000,  0.010
  0.017,300.112,  0.000,  0.010
  0.017,300.143,  0.000,  0.010
  0.017,300.165,  0.018,  0.000
  0.017,300.193,  0.086,  0.000
  0.017,300.184,  0.156,  0.000
  0.017,300.139,  0.098,  0.000
  0.017,300.033,  0.013,  0.000
  0.017,299.902,  0.001,  0.000
  0.017,299.897,  0.000,  0.000
  0.017,300.047,  0.000,  0.000
  0.017,300.192,  0.000,  0.000
  0.017,300.236,  0.000,  0.000
  0.018,300.262,  0.000,  0.000
  0.018,300.359,  0.000,  0.000
  0.018,300.432,  0.000,  0.000
  0.018,300.409,  0.000,  0.000
  0.018,300.401,  0.000,  0.000
  0.018,300.422,  0.000,  0.000
  0.017,299.954,  0.001,  0.010
  0.018,299.953,  0.000,  0.010
  0.018,299.945,  0.000,  0.040
  0.018,299.918,  0.000,  0.040
  0.017,299.907,  0.000,  0.040
  0.017,299.938,  0.000,  0.040
  0.017,300.006,  0.000,  0.010
  0.017,300.081,  0.001,  0.010
  0.017,300.136,  0.000,  0.010
  0.017,300.160,  0.000,  0.000
  0.017,300.185,  0.001,  0.000
  0.017,300.169,  0.011,  0.000
  0.017,300.040,  0.015,  0.000
  0.017,299.803,  0.004,  0.000
  0.017,299.665,  0.000,  0.000
  0.017,299.710,  0.000,  0.000
  0.017,299.854,  0.000,  0.000
  0.017,300.058,  0.000,  0.000
  0.017,300.215,  0.000,  0.000
  0.018,300.303,  0.000,  0.000
  0.018,300.363,  0.000,  0.000
  0.018,300.404,  0.000,  0.000
  0.018,300.385,  0.000,  0.000
  0.018,300.349,  0.000,  0.000
  0.018,300.344,  0.000,  0.000
  0.017,299.942,  0.000,  0.010
  0.017,299.934,  0.000,  0.010
  0.018,299.953,  0.000,  0.040
  0.018,299.972,  0.000,  0.040
  0.017,299.963,  0.000,  0.040
  0.017,299.964,  0.000,  0.040
  0.017,300.002,  0.000,  0.010
  0.017,300.063,  0.000,  0.010
  0.017,300.115,  0.000,  0.010
  0.017,300.124,  0.001,  0.000
  0.017,300.149,  0.001,  0.000
  0.017,300.133,  0.001,  0.000
  0.017,299.882,  0.001,  0.000
  0.017,299.466,  0.000,  0.000
  0.016,299.380,  0.000,  0.000
  0.016,299.540,  0.000,  0.000
  0.017,299.650,  0.000,  0.000
  0.017,299.783,  0.000,  0.000
  0.017,300.039,  0.000,  0.000
  0.017,300.312,  0.000,  0.000
  0.017,300.364,  0.000,  0.000
  0.017,300.358,  0.000,  0.000
  0.017,300.362,  0.000,  0.000
  0.017,300.328,  0.000,  0.000
  0.018,300.306,  0.000,  0.000
  0.017,299.946,  0.000,  0.000
  0.017,299.936,  0.000,  0.000
  0.018,299.974,  0.000,  0.020
  0.018,300.016,  0.000,  0.020
  0.017,300.014,  0.000,  0.020
  0.017,300.001,  0.000,  0.020
  0.017,300.013,  0.000,  0.080
  0.017,300.044,  0.000,  0.080
  0.017,300.079,  0.000,  0.080
  0.017,300.092,  0.000,  0.010
  0.017,300.110,  0.000,  0.010
  0.018,300.097,  0.000,  0.010
  0.018,299.787,  0.001,  0.010
  0.017,299.312,  0.000,  0.000
  0.016,299.263,  0.000,  0.000
  0.017,299.482,  0.000,  0.000
  0.017,299.499,  0.000,  0.000
  0.017,299.488,  0.000,  0.000
  0.017,299.763,  0.000,  0.000
  0.017,300.221,  0.000,  0.000
  0.017,300.365,  0.000,  0.000
  0.017,300.329,  0.000,  0.000
  0.017,300.354,  0.000,  0.000
  0.017,300.338,  0.000,  0.000
  0.017,300.310,  0.000,  0.000
  0.017,299.964,  0.000,  0.000
  0.017,299.954,  0.000,  0.000
  0.017,299.991,  0.000,  0.020
  0.017,300.030,  0.000,  0.020
  0.017,300.028,  0.000,  0.020
  0.017,299.994,  0.000,  0.020
  0.017,299.976,  0.000,  0.080
  0.018,300.005,  0.000,  0.080
  0.018,300.059,  0.000,  0.080
  0.017,300.090,  0.000,  0.010
  0.017,300.096,  0.000,  0.010
  0.018,300.082,  0.000,  0.010
  0.018,299.881,  0.000,  0.010
  0.018,299.472,  0.000,  0.000
  0.017,299.389,  0.000,  0.000
  0.017,299.554,  0.000,  0.000
  0.017,299.471,  0.000,  0.000
  0.017,299.344,  0.000,  0.000
  0.017,299.588,  0.000,  0.000
  0.018,300.104,  0.000,  0.000
  0.017,300.363,  0.000,  0.000
  0.017,300.325,  0.000,  0.000
  0.017,300.353,  0.000,  0.000
  0.017,300.350,  0.000,  0.000
  0.017,300.322,  0.000,  0.000
  0.017,299.996,  0.000,  0.000
  0.017,299.989,  0.000,  0.000
  0.017,299.996,  0.000,  0.020
  0.017,300.011,  0.000,  0.020
  0.017,300.013,  0.000,  0.020
  0.018,299.986,  0.000,  0.020
  0.018,299.967,  0.000,  0.080
  0.018,300.017,  0.000,  0.080
  0.018,300.089,  0.000,  0.080
  0.018,300.111,  0.000,  0.010
  0.017,300.101,  0.000,  0.010
  0.018,300.087,  0.000,  0.010
  0.018,300.056,  0.000,  0.010
  0.018,299.863,  0.000,  0.000
  0.018,299.700,  0.000,  0.000
  0.018,299.711,  0.000,  0.000
  0.018,299.588,  0.000,  0.000
  0.018,299.474,  0.000,  0.000
  0.018,299.671,  0.000,  0.000
  0.018,300.115,  0.000,  0.000
  0.018,300.352,  0.000,  0.000
  0.018,300.329,  0.000,  0.000
  0.018,300.350,  0.000,  0.000
  0.017,300.346,  0.000,  0.000
  0.017,300.316,  0.000,  0.000
  0.018,300.024,  0.000,  0.000
  0.018,300.024,  0.000,  0.000
  0.017,300.006,  0.000,  0.020
  0.017,299.984,  0.000,  0.020
  0.017,299.983,  0.000,  0.020
  0.017,300.016,  0.000,  0.020
  0.018,300.065,  0.000,  0.080
  0.018,300.114,  0.000,  0.080
  0.018,300.130,  0.000,  0.080
  0.018,300.111,  0.000,  0.010
  0.018,300.111,  0.000,  0.010
  0.018,300.130,  0.000,  0.010
  0.018,300.149,  0.000,  0.010
  0.018,300.130,  0.000,  0.000
  0.018,300.038,  0.000,  0.000
  0.018,299.964,  0.000,  0.000
  0.018,299.857,  0.000,  0.000
  0.018,299.813,  0.000,  0.000
  0.018,299.974,  0.000,  0.000
  0.018,300.242,  0.000,  0.000
  0.018,300.328,  0.000,  0.000
  0.018,300.322,  0.000,  0.000
  0.018,300.337,  0.000,  0.000
  0.018,300.332,  0.000,  0.000
  0.018,300.307,  0.000,  0.000
  0.018,300.033,  0.000,  0.000
  0.018,300.030,  0.000,  0.000
  0.017,300.010,  0.000,  0.000
  0.017,299.982,  0.000,  0.000
  0.017,299.975,  0.000,  0.000
  0.017,300.041,  0.000,  0.000
  0.017,300.145,  0.000,  0.000
  0.017,300.182,  0.000,  0.000
  0.017,300.130,  0.000,  0.000
  0.018,300.101,  0.000,  0.000
  0.018,300.125,  0.000,  0.000
  0.017,300.176,  0.000,  0.000
  0.017,300.202,  0.000,  0.000
  0.018,300.202,  0.000,  0.000
  0.018,300.192,  0.000,  0.000
  0.018,300.157,  0.000,  0.000
  0.018,300.119,  0.000,  0.000
  0.018,300.134,  0.000,  0.000
  0.018,300.246,  0.000,  0.000
  0.017,300.326,  0.000,  0.000
  0.017,300.300,  0.000,  0.000
  0.017,300.293,  0.000,  0.000
  0.017,300.309,  0.000,  0.000
  0.018,300.313,  0.000,  0.000
  0.018,300.304,  0.000,  0.000
  0.017,300.013,  0.000,  0.000
  0.017,299.994,  0.000,  0.000
  0.017,299.975,  0.000,  0.000
  0.018,299.967,  0.000,  0.000
  0.018,300.000,  0.000,  0.000
  0.017,300.090,  0.000,  0.000
  0.017,300.139,  0.000,  0.000
  0.017,300.132,  0.000,  0.000
  0.017,300.094,  0.000,  0.000
  0.018,300.107,  0.000,  0.000
  0.018,300.159,  0.000,  0.000
  0.017,300.194,  0.000,  0.000
  0.017,300.218,  0.000,  0.000
  0.017,300.213,  0.000,  0.000
  0.017,300.205,  0.000,  0.000
  0.017,300.193,  0.000,  0.000
  0.017,300.183,  0.000,  0.000
  0.017,300.237,  0.000,  0.000
  0.017,300.330,  0.000,  0.000
  0.017,300.340,  0.000,  0.000
  0.017,300.285,  0.000,  0.000
  0.017,300.265,  0.000,  0.000
  0.017,300.279,  0.000,  0.000
  0.018,300.287,  0.000,  0.000
  0.018,300.282,  0.000,  0.000
