  0.019,300.521,  0.000,  0.000
  0.019,300.530,  0.000,  0.000
  0.019,300.542,  0.000,  0.000
  0.019,300.554,  0.000,  0.000
  0.019,300.568,  0.000,  0.000
  0.019,300.584,  0.000,  0.000
  0.019,300.602,  0.000,  0.000
  0.019,300.622,  0.000,  0.000
  0.019,300.643,  0.000,  0.000
  0.019,300.664,  0.000,  0.000
  0.019,300.685,  0.000,  0.000
  0.019,300.706,  0.000,  0.000
  0.019,300.727,  0.000,  0.000
  0.019,300.746,  0.000,  0.000
  0.019,300.765,  0.000,  0.000
  0.019,300.782,  0.000,  0.000
  0.019,300.798,  0.000,  0.000
  0.019,300.813,  0.000,  0.000
  0.019,300.828,  0.000,  0.000
  0.019,300.842,  0.000,  0.000
  0.019,300.855,  0.000,  0.000
  0.019,300.869,  0.000,  0.000
  0.019,300.882,  0.000,  0.000
  0.019,300.921,  0.000,  0.000
  0.019,300.933,  0.000,  0.000
  0.019,300.539,  0.000,  0.000
  0.019,300.549,  0.000,  0.000
  0.019,300.559,  0.000,  0.000
  0.019,300.571,  0.000,  0.000
  0.019,300.586,  0.000,  0.000
  0.019,300.601,  0.000,  0.000
  0.019,300.618,  0.000,  0.000
  0.019,300.637,  0.000,  0.000
  0.019,300.657,  0.000,  0.000
  0.019,300.676,  0.000,  0.000
  0.019,300.696,  0.000,  0.000
  0.019,300.715,  0.000,  0.000
  0.019,300.734,  0.000,  0.000
  0.019,300.752,  0.000,  0.000
  0.019,300.769,  0.000,  0.000
  0.019,300.785,  0.000,  0.000
  0.019,300.800,  0.000,  0.000
  0.019,300.814,  0.000,  0.000
  0.019,300.827,  0.000,  0.000
  0.019,300.841,  0.000,  0.000
  0.019,300.854,  0.000,  0.000
  0.019,300.866,  0.000,  0.000
  0.019,300.879,  0.000,  0.000
  0.019,300.915,  0.000,  0.000
  0.019,300.926,  0.000,  0.000
  0.019,300.515,  0.000,  0.000
  0.018,300.452,  0.000,  0.000
  0.019,300.577,  0.000,  0.000
  0.019,300.590,  0.000,  0.000
  0.019,300.603,  0.000,  0.000
  0.019,300.618,  0.000,  0.000
  0.019,300.634,  0.000,  0.000
  0.019,300.652,  0.000,  0.000
  0.019,300.670,  0.000,  0.000
  0.019,300.687,  0.000,  0.000
  0.019,300.705,  0.000,  0.000
  0.019,300.723,  0.000,  0.000
  0.019,300.740,  0.000,  0.000
  0.019,300.756,  0.000,  0.000
  0.019,300.772,  0.000,  0.000
  0.019,300.786,  0.000,  0.000
  0.019,300.801,  0.000,  0.000
  0.019,300.814,  0.000,  0.000
  0.019,300.826,  0.000,  0.000
  0.019,300.839,  0.000,  0.000
  0.019,300.851,  0.000,  0.000
  0.019,300.863,  0.000,  0.000
  0.019,300.874,  0.000,  0.000
  0.019,300.908,  0.000,  0.000
  0.019,300.918,  0.000,  0.000
  0.018,300.452,  0.000,  0.000
  0.018,300.437,  0.000,  0.000
  0.018,300.536,  0.000,  0.000
  0.019,300.563,  0.000,  0.000
  0.019,300.620,  0.000,  0.000
  0.019,300.634,  0.000,  0.000
  0.019,300.649,  0.000,  0.000
  0.019,300.665,  0.000,  0.000
  0.019,300.681,  0.000,  0.000
  0.019,300.698,  0.000,  0.000
  0.019,300.714,  0.000,  0.000
  0.019,300.730,  0.000,  0.000
  0.019,300.745,  0.000,  0.000
  0.019,300.760,  0.000,  0.000
  0.019,300.774,  0.000,  0.000
  0.019,300.787,  0.000,  0.000
  0.019,300.800,  0.000,  0.000
  0.019,300.812,  0.000,  0.000
  0.019,300.824,  0.000,  0.000
  0.019,300.835,  0.000,  0.000
  0.019,300.847,  0.000,  0.000
  0.019,300.858,  0.000,  0.000
  0.019,300.869,  0.000,  0.000
  0.019,300.899,  0.000,  0.000
  0.019,300.909,  0.000,  0.000
  0.018,300.419,  0.000,  0.000
  0.018,300.429,  0.000,  0.000
  0.018,300.441,  0.000,  0.000
  0.018,300.502,  0.000,  0.000
  0.018,300.570,  0.000,  0.000
  0.018,300.533,  0.000,  0.000
  0.018,300.608,  0.000,  0.000
  0.019,300.678,  0.000,  0.000
  0.019,300.693,  0.000,  0.000
  0.019,300.707,  0.000,  0.000
  0.019,300.722,  0.000,  0.000
  0.019,300.736,  0.000,  0.000
  0.019,300.750,  0.000,  0.000
  0.019,300.763,  0.000,  0.000
  0.019,300.776,  0.000,  0.000
  0.019,300.788,  0.000,  0.000
  0.019,300.800,  0.000,  0.000
  0.019,300.811,  0.000,  0.000
  0.019,300.822,  0.000,  0.000
  0.019,300.833,  0.000,  0.000
  0.019,300.843,  0.000,  0.000
  0.019,300.854,  0.000,  0.000
  0.019,300.864,  0.000,  0.000
  0.019,300.891,  0.000,  0.000
  0.019,300.900,  0.000,  0.000
  0.018,300.440,  0.000,  0.000
  0.018,300.451,  0.000,  0.000
  0.018,300.463,  0.000,  0.000
  0.018,300.476,  0.000,  0.000
  0.018,300.489,  0.000,  0.000
  0.018,300.503,  0.000,  0.000
  0.018,300.518,  0.000,  0.000
  0.018,300.533,  0.000,  0.000
  0.018,300.548,  0.000,  0.000
  0.018,300.562,  0.000,  0.000
  0.019,300.729,  0.000,  0.000
  0.019,300.742,  0.000,  0.000
  0.019,300.754,  0.000,  0.000
  0.019,300.766,  0.000,  0.000
  0.019,300.778,  0.000,  0.000
  0.019,300.788,  0.000,  0.000
  0.019,300.799,  0.000,  0.000
  0.019,300.810,  0.000,  0.000
  0.019,300.820,  0.000,  0.000
  0.019,300.830,  0.000,  0.000
  0.019,300.840,  0.000,  0.000
  0.019,300.850,  0.000,  0.000
  0.019,300.860,  0.000,  0.000
  0.019,300.883,  0.000,  0.000
  0.019,300.892,  0.000,  0.000
  0.018,300.462,  0.000,  0.000
  0.018,300.472,  0.000,  0.000
  0.018,300.483,  0.000,  0.000
  0.018,300.495,  0.000,  0.000
  0.018,300.507,  0.000,  0.000
  0.018,300.520,  0.000,  0.000
  0.018,300.533,  0.000,  0.000
  0.018,300.546,  0.000,  0.000
  0.018,300.560,  0.000,  0.000
  0.018,300.573,  0.000,  0.000
  0.018,300.586,  0.000,  0.000
  0.018,300.599,  0.000,  0.000
  0.018,300.610,  0.000,  0.000
  0.019,300.769,  0.000,  0.000
  0.019,300.780,  0.000,  0.000
  0.019,300.789,  0.000,  0.000
  0.019,300.799,  0.000,  0.000
  0.019,300.809,  0.000,  0.000
  0.019,300.818,  0.000,  0.000
  0.019,300.828,  0.000,  0.000
  0.019,300.837,  0.000,  0.000
  0.019,300.846,  0.000,  0.000
  0.019,300.855,  0.000,  0.000
  0.019,300.875,  0.000,  0.000
  0.019,300.884,  0.000,  0.000
  0.018,300.481,  0.000,  0.000
  0.018,300.492,  0.000,  0.000
  0.018,300.502,  0.000,  0.000
  0.018,300.513,  0.000,  0.000
  0.018,300.524,  0.000,  0.000
  0.018,300.535,  0.000,  0.000
  0.018,300.547,  0.000,  0.000
  0.018,300.559,  0.000,  0.000
  0.018,300.571,  0.000,  0.000
  0.018,300.583,  0.000,  0.000
  0.018,300.594,  0.000,  0.000
  0.018,300.605,  0.000,  0.000
  0.018,300.616,  0.000,  0.000
  0.018,300.627,  0.000,  0.000
  0.018,300.638,  0.000,  0.000
  0.018,300.648,  0.000,  0.000
  0.018,300.658,  0.000,  0.000
  0.019,300.809,  0.000,  0.000
  0.019,300.819,  0.000,  0.000
  0.019,300.827,  0.000,  0.000
  0.019,300.836,  0.000,  0.000
  0.019,300.844,  0.000,  0.000
  0.019,300.853,  0.000,  0.000
  0.019,300.869,  0.000,  0.000
  0.019,300.877,  0.000,  0.000
  0.018,300.499,  0.000,  0.000
  0.018,300.509,  0.000,  0.000
  0.018,300.519,  0.000,  0.000
  0.018,300.529,  0.000,  0.000
  0.018,300.539,  0.000,  0.000
  0.018,300.549,  0.000,  0.000
  0.018,300.559,  0.000,  0.000
  0.018,300.570,  0.000,  0.000
  0.018,300.580,  0.000,  0.000
  0.018,300.590,  0.000,  0.000
  0.018,300.601,  0.000,  0.000
  0.018,300.611,  0.000,  0.000
  0.018,300.621,  0.000,  0.000
  0.018,300.631,  0.000,  0.000
  0.018,300.640,  0.000,  0.000
  0.018,300.650,  0.000,  0.000
  0.018,300.660,  0.000,  0.000
  0.018,300.669,  0.000,  0.000
  0.018,300.679,  0.000,  0.000
  0.018,300.688,  0.000,  0.000
  0.018,300.696,  0.000,  0.000
  0.019,300.842,  0.000,  0.000
  0.019,300.850,  0.000,  0.000
  0.019,300.863,  0.000,  0.000
  0.019,300.870,  0.000,  0.000
  0.018,300.516,  0.000,  0.000
  0.018,300.525,  0.000,  0.000
  0.018,300.534,  0.000,  0.000
  0.018,300.543,  0.000,  0.000
  0.018,300.552,  0.000,  0.000
  0.018,300.562,  0.000,  0.000
  0.018,300.571,  0.000,  0.000
  0.018,300.580,  0.000,  0.000
  0.018,300.589,  0.000,  0.000
  0.018,300.598,  0.000,  0.000
  0.018,300.607,  0.000,  0.000
  0.018,300.616,  0.000,  0.000
  0.018,300.625,  0.000,  0.000
  0.018,300.634,  0.000,  0.000
  0.018,300.643,  0.000,  0.000
  0.018,300.652,  0.000,  0.000
  0.018,300.661,  0.000,  0.000
  0.018,300.670,  0.000,  0.000
  0.018,300.679,  0.000,  0.000
  0.018,300.687,  0.000,  0.000
  0.018,300.696,  0.000,  0.000
  0.018,300.705,  0.000,  0.000
  0.018,300.715,  0.000,  0.000
  0.018,300.725,  0.000,  0.000
  0.018,300.734,  0.000,  0.000
  0.018,300.531,  0.000,  0.000
  0.018,300.539,  0.000,  0.000
  0.018,300.547,  0.000,  0.000
  0.018,300.555,  0.000,  0.000
  0.018,300.564,  0.000,  0.000
  0.018,300.572,  0.000,  0.000
  0.018,300.580,  0.000,  0.000
  0.018,300.588,  0.000,  0.000
  0.018,300.596,  0.000,  0.000
  0.018,300.605,  0.000,  0.000
  0.018,300.613,  0.000,  0.000
  0.018,300.621,  0.000,  0.000
  0.018,300.629,  0.000,  0.000
  0.018,300.637,  0.000,  0.000
  0.018,300.646,  0.000,  0.000
  0.018,300.654,  0.000,  0.000
  0.018,300.663,  0.000,  0.000
  0.018,300.671,  0.000,  0.000
  0.018,300.680,  0.000,  0.000
  0.018,300.689,  0.000,  0.000
  0.018,300.697,  0.000,  0.000
  0.018,300.706,  0.000,  0.000
  0.018,300.715,  0.000,  0.000
  0.018,300.724,  0.000,  0.000
  0.018,300.732,  0.000,  0.000
  0.018,300.542,  0.000,  0.000
  0.018,300.550,  0.000,  0.000
  0.018,300.558,  0.000,  0.000
  0.018,300.565,  0.000,  0.000
  0.018,300.572,  0.000,  0.000
  0.018,300.579,  0.000,  0.000
  0.018,300.587,  0.000,  0.000
  0.018,300.594,  0.000,  0.000
  0.018,300.601,  0.000,  0.000
  0.018,300.608,  0.000,  0.000
  0.018,300.615,  0.000,  0.000
  0.018,300.623,  0.000,  0.000
  0.018,300.631,  0.000,  0.000
  0.018,300.638,  0.000,  0.000
  0.018,300.646,  0.000,  0.000
  0.018,300.654,  0.000,  0.000
  0.018,300.663,  0.000,  0.000
  0.018,300.671,  0.000,  0.000
  0.018,300.680,  0.000,  0.000
  0.018,300.688,  0.000,  0.000
  0.018,300.697,  0.000,  0.000
  0.018,300.704,  0.000,  0.000
  0.018,300.713,  0.000,  0.000
  0.018,300.721,  0.000,  0.000
  0.018,300.730,  0.000,  0.000
  0.018,300.552,  0.000,  0.000
  0.018,300.559,  0.000,  0.000
  0.018,300.566,  0.000,  0.000
  0.018,300.573,  0.000,  0.000
  0.018,300.580,  0.000,  0.000
  0.018,300.586,  0.000,  0.000
  0.018,300.592,  0.000,  0.000
  0.018,300.598,  0.000,  0.000
  0.018,300.605,  0.000,  0.000
  0.018,300.611,  0.000,  0.000
  0.018,300.617,  0.000,  0.000
  0.018,300.624,  0.000,  0.000
  0.018,300.631,  0.000,  0.000
  0.018,300.638,  0.000,  0.000
  0.018,300.646,  0.000,  0.000
  0.018,300.653,  0.000,  0.000
  0.018,300.661,  0.000,  0.000
  0.018,300.669,  0.000,  0.000
  0.018,300.677,  0.000,  0.000
  0.018,300.685,  0.000,  0.000
  0.018,300.693,  0.000,  0.000
  0.018,300.701,  0.000,  0.000
  0.018,300.709,  0.000,  0.000
  0.018,300.717,  0.000,  0.000
  0.018,300.725,  0.000,  0.000
  0.018,300.559,  0.000,  0.000
  0.018,300.566,  0.000,  0.000
  0.018,300.572,  0.000,  0.000
  0.018,300.579,  0.000,  0.000
  0.018,300.585,  0.000,  0.000
  0.018,300.591,  0.000,  0.000
  0.018,300.597,  0.000,  0.000
  0.018,300.602,  0.000,  0.000
  0.018,300.608,  0.000,  0.000
  0.018,300.613,  0.000,  0.000
  0.018,300.619,  0.000,  0.000
  0.018,300.625,  0.000,  0.000
  0.018,300.631,  0.000,  0.000
  0.018,300.637,  0.000,  0.000
  0.018,300.644,  0.000,  0.000
  0.018,300.652,  0.000,  0.000
  0.018,300.659,  0.000,  0.000
  0.018,300.667,  0.000,  0.000
  0.018,300.674,  0.000,  0.000
  0.018,300.681,  0.000,  0.000
  0.018,300.689,  0.000,  0.000
  0.018,300.697,  0.000,  0.000
  0.018,300.705,  0.000,  0.000
  0.018,300.713,  0.000,  0.000
  0.018,300.721,  0.000,  0.000
  0.018,300.565,  0.000,  0.000
  0.018,300.572,  0.000,  0.000
  0.018,300.577,  0.000,  0.000
  0.018,300.583,  0.000,  0.000
  0.018,300.589,  0.000,  0.000
  0.018,300.594,  0.000,  0.000
  0.018,300.599,  0.000,  0.000
  0.018,300.604,  0.000,  0.000
  0.018,300.610,  0.000,  0.000
  0.018,300.615,  0.000,  0.000
  0.018,300.620,  0.000,  0.000
  0.018,300.626,  0.000,  0.000
  0.018,300.631,  0.000,  0.000
  0.018,300.637,  0.000,  0.000
  0.018,300.644,  0.000,  0.000
  0.018,300.650,  0.000,  0.000
  0.018,300.657,  0.000,  0.000
  0.018,300.665,  0.000,  0.000
  0.018,300.672,  0.000,  0.000
  0.018,300.679,  0.000,  0.000
  0.018,300.686,  0.000,  0.000
  0.018,300.694,  0.000,  0.000
  0.018,300.702,  0.000,  0.000
  0.018,300.709,  0.000,  0.000
  0.018,300.717,  0.000,  0.000
