  0.015,298.095,  0.000,  0.000
  0.015,298.075,  0.000,  0.000
  0.015,298.065,  0.000,  0.000
  0.015,298.085,  0.000,  0.000
  0.015,298.125,  0.000,  0.000
  0.015,298.144,  0.000,  0.000
  0.015,298.131,  0.000,  0.000
  0.015,298.110,  0.000,  0.000
  0.015,298.100,  0.000,  0.000
  0.015,298.096,  0.000,  0.000
  0.015,298.096,  0.000,  0.000
  0.015,298.099,  0.000,  0.000
  0.015,298.094,  0.000,  0.000
  0.015,298.072,  0.000,  0.000
  0.015,298.051,  0.000,  0.000
  0.015,298.057,  0.000,  0.000
  0.015,298.092,  0.000,  0.000
  0.015,298.113,  0.000,  0.000
  0.015,298.117,  0.000,  0.000
  0.015,298.114,  0.000,  0.000
  0.015,298.118,  0.000,  0.000
  0.015,298.115,  0.000,  0.000
  0.015,298.104,  0.000,  0.000
  0.015,298.087,  0.000,  0.000
  0.015,298.052,  0.000,  0.000
  0.015,298.125,  0.000,  0.000
  0.015,298.139,  0.000,  0.000
  0.015,298.143,  0.000,  0.000
  0.015,298.155,  0.000,  0.000
  0.015,298.182,  0.000,  0.000
  0.015,298.191,  0.000,  0.000
  0.015,298.182,  0.000,  0.000
  0.015,298.171,  0.000,  0.000
  0.015,298.167,  0.000,  0.000
  0.015,298.164,  0.000,  0.000
  0.015,298.153,  0.000,  0.000
  0.015,298.129,  0.000,  0.000
  0.015,298.091,  0.000,  0.000
  0.015,298.044,  0.000,  0.000
  0.015,298.008,  0.000,  0.000
  0.015,298.013,  0.000,  0.000
  0.015,298.072,  0.000,  0.000
  0.015,298.119,  0.000,  0.000
  0.015,298.095,  0.000,  0.000
  0.015,298.052,  0.000,  0.000
  0.015,298.040,  0.000,  0.000
  0.015,298.044,  0.000,  0.000
  0.016,298.059,  0.000,  0.000
  0.016,298.076,  0.000,  0.000
  0.015,298.057,  0.000,  0.000
  0.015,298.156,  0.000,  0.000
  0.015,298.183,  0.000,  0.000
  0.015,298.198,  0.000,  0.000
  0.015,298.207,  0.000,  0.000
  0.015,298.219,  0.000,  0.000
  0.015,298.221,  0.000,  0.000
  0.015,298.219,  0.000,  0.000
  0.015,298.219,  0.000,  0.000
  0.015,298.222,  0.000,  0.000
  0.015,298.218,  0.000,  0.000
  0.015,298.189,  0.000,  0.000
  0.015,298.131,  0.000,  0.000
  0.016,298.065,  0.000,  0.000
  0.015,298.016,  0.000,  0.000
  0.015,297.979,  0.000,  0.000
  0.015,297.988,  0.000,  0.000
  0.015,298.048,  0.000,  0.000
  0.016,298.110,  0.000,  0.000
  0.016,298.072,  0.000,  0.000
  0.015,297.994,  0.000,  0.000
  0.015,297.981,  0.000,  0.000
  0.015,297.997,  0.000,  0.000
  0.015,298.028,  0.000,  0.000
  0.016,298.088,  0.000,  0.000
  0.016,298.092,  0.000,  0.000
  0.015,298.186,  0.000,  0.000
  0.015,298.207,  0.000,  0.000
  0.015,298.227,  0.000,  0.000
  0.015,298.244,  0.000,  0.000
  0.015,298.250,  0.000,  0.000
  0.015,298.247,  0.000,  0.000
  0.015,298.250,  0.000,  0.000
  0.015,298.249,  0.000,  0.000
  0.015,298.242,  0.000,  0.000
  0.015,298.240,  0.000,  0.000
  0.016,298.210,  0.000,  0.000
  0.016,298.128,  0.000,  0.000
  0.014,297.634,  0.000,  0.000
  0.014,297.583,  0.000,  0.000
  0.015,297.992,  0.000,  0.000
  0.015,298.017,  0.000,  0.000
  0.015,298.087,  0.000,  0.000
  0.016,298.129,  0.000,  0.000
  0.016,298.067,  0.000,  0.000
  0.015,297.994,  0.000,  0.000
  0.015,297.989,  0.000,  0.000
  0.015,298.010,  0.000,  0.000
  0.015,298.048,  0.000,  0.000
  0.015,298.112,  0.000,  0.000
  0.016,298.117,  0.000,  0.000
  0.015,298.212,  0.000,  0.000
  0.015,298.222,  0.000,  0.000
  0.015,298.248,  0.000,  0.000
  0.015,298.279,  0.000,  0.000
  0.015,298.291,  0.000,  0.000
  0.015,298.287,  0.000,  0.000
  0.015,298.278,  0.000,  0.000
  0.015,298.251,  0.000,  0.000
  0.015,298.223,  0.000,  0.000
  0.015,298.236,  0.000,  0.000
  0.016,298.241,  0.000,  0.000
  0.015,297.780,  0.000,  0.000
  0.015,297.668,  0.000,  0.000
  0.014,297.622,  0.000,  0.000
  0.014,297.622,  0.000,  0.000
  0.015,298.079,  0.000,  0.000
  0.015,298.153,  0.000,  0.000
  0.016,298.170,  0.000,  0.000
  0.016,298.105,  0.000,  0.000
  0.016,298.055,  0.000,  0.000
  0.016,298.053,  0.000,  0.000
  0.015,298.073,  0.000,  0.000
  0.015,298.099,  0.000,  0.000
  0.015,298.137,  0.000,  0.000
  0.015,298.142,  0.000,  0.000
  0.015,298.241,  0.000,  0.000
  0.015,298.255,  0.000,  0.000
  0.015,298.285,  0.000,  0.000
  0.015,298.322,  0.000,  0.000
  0.015,298.337,  0.000,  0.000
  0.015,298.320,  0.000,  0.000
  0.015,298.287,  0.000,  0.000
  0.015,298.246,  0.000,  0.000
  0.015,298.208,  0.000,  0.000
  0.015,298.228,  0.000,  0.000
  0.015,298.269,  0.000,  0.000
  0.016,298.238,  0.000,  0.000
  0.016,298.163,  0.000,  0.000
  0.016,298.120,  0.000,  0.000
  0.016,298.120,  0.000,  0.000
  0.016,298.154,  0.000,  0.000
  0.015,298.199,  0.000,  0.000
  0.015,298.192,  0.000,  0.000
  0.016,298.151,  0.000,  0.000
  0.016,298.127,  0.000,  0.000
  0.016,298.131,  0.000,  0.000
  0.015,298.143,  0.000,  0.000
  0.015,298.156,  0.000,  0.000
  0.015,298.175,  0.000,  0.000
  0.015,298.178,  0.000,  0.000
  0.016,298.286,  0.000,  0.000
  0.016,298.310,  0.000,  0.000
  0.015,298.343,  0.000,  0.000
  0.015,298.364,  0.000,  0.000
  0.015,298.357,  0.000,  0.000
  0.015,298.324,  0.000,  0.000
  0.015,298.287,  0.000,  0.000
  0.016,298.258,  0.000,  0.000
  0.015,298.241,  0.000,  0.000
  0.015,298.250,  0.000,  0.000
  0.015,298.277,  0.000,  0.000
  0.015,298.277,  0.000,  0.000
  0.015,298.244,  0.000,  0.000
  0.016,298.210,  0.000,  0.000
  0.016,298.198,  0.000,  0.000
  0.015,298.207,  0.000,  0.000
  0.015,298.216,  0.000,  0.000
  0.015,298.208,  0.000,  0.000
  0.015,298.189,  0.000,  0.000
  0.015,298.177,  0.000,  0.000
  0.015,298.185,  0.000,  0.000
  0.016,298.200,  0.000,  0.000
  0.015,298.210,  0.000,  0.000
  0.015,298.215,  0.000,  0.000
  0.015,298.202,  0.000,  0.000
  0.016,298.332,  0.000,  0.000
  0.016,298.351,  0.000,  0.000
  0.016,298.374,  0.000,  0.000
  0.015,298.374,  0.000,  0.000
  0.015,298.343,  0.000,  0.000
  0.015,298.309,  0.000,  0.000
  0.015,298.284,  0.000,  0.000
  0.015,298.272,  0.000,  0.000
  0.016,298.273,  0.000,  0.000
  0.015,298.279,  0.000,  0.000
  0.015,298.285,  0.000,  0.000
  0.015,298.281,  0.000,  0.000
  0.015,298.270,  0.000,  0.000
  0.015,298.257,  0.000,  0.000
  0.015,298.246,  0.000,  0.000
  0.015,298.235,  0.000,  0.000
  0.015,298.229,  0.000,  0.000
  0.015,298.231,  0.000,  0.000
  0.015,298.228,  0.000,  0.000
  0.015,298.209,  0.000,  0.000
  0.015,298.206,  0.000,  0.000
  0.016,298.227,  0.000,  0.000
  0.016,298.245,  0.000,  0.000
  0.015,298.234,  0.000,  0.000
  0.015,298.200,  0.000,  0.000
  0.016,298.360,  0.000,  0.000
  0.016,298.351,  0.000,  0.000
  0.015,298.348,  0.000,  0.000
  0.016,298.348,  0.000,  0.000
  0.015,298.330,  0.000,  0.000
  0.015,298.303,  0.000,  0.000
  0.015,298.285,  0.000,  0.000
  0.015,298.279,  0.000,  0.000
  0.015,298.284,  0.000,  0.000
  0.016,298.288,  0.000,  0.000
  0.016,298.289,  0.000,  0.000
  0.015,298.284,  0.000,  0.000
  0.015,298.272,  0.000,  0.000
  0.015,298.262,  0.000,  0.000
  0.015,298.261,  0.000,  0.000
  0.015,298.259,  0.000,  0.000
  0.015,298.257,  0.000,  0.000
  0.015,298.263,  0.000,  0.000
  0.015,298.259,  0.000,  0.000
  0.015,298.230,  0.000,  0.000
  0.015,298.212,  0.000,  0.000
  0.015,298.226,  0.000,  0.000
  0.016,298.240,  0.000,  0.000
  0.016,298.231,  0.000,  0.000
  0.015,298.202,  0.000,  0.000
  0.015,298.353,  0.000,  0.000
  0.015,298.335,  0.000,  0.000
  0.015,298.315,  0.000,  0.000
  0.015,298.320,  0.000,  0.000
  0.016,298.331,  0.000,  0.000
  0.015,298.318,  0.000,  0.000
  0.015,298.301,  0.000,  0.000
  0.015,298.296,  0.000,  0.000
  0.015,298.297,  0.000,  0.000
  0.015,298.295,  0.000,  0.000
  0.016,298.291,  0.000,  0.000
  0.016,298.291,  0.000,  0.000
  0.015,298.283,  0.000,  0.000
  0.015,298.274,  0.000,  0.000
  0.015,298.284,  0.000,  0.000
  0.015,298.298,  0.000,  0.000
  0.015,298.294,  0.000,  0.000
  0.015,298.282,  0.000,  0.000
  0.015,298.265,  0.000,  0.000
  0.015,298.242,  0.000,  0.000
  0.015,298.225,  0.000,  0.000
  0.015,298.219,  0.000,  0.000
  0.015,298.226,  0.000,  0.000
  0.015,298.234,  0.000,  0.000
  0.015,298.229,  0.000,  0.000
  0.015,298.338,  0.000,  0.000
  0.015,298.328,  0.000,  0.000
  0.015,298.308,  0.000,  0.000
  0.015,298.306,  0.000,  0.000
  0.016,298.332,  0.000,  0.000
  0.016,298.341,  0.000,  0.000
  0.015,298.325,  0.000,  0.000
  0.015,298.316,  0.000,  0.000
  0.015,298.312,  0.000,  0.000
  0.015,298.303,  0.000,  0.000
  0.015,298.295,  0.000,  0.000
  0.016,298.302,  0.000,  0.000
  0.016,298.306,  0.000,  0.000
  0.015,298.301,  0.000,  0.000
  0.015,298.306,  0.000,  0.000
  0.015,298.313,  0.000,  0.000
  0.015,298.301,  0.000,  0.000
  0.015,298.276,  0.000,  0.000
  0.015,298.257,  0.000,  0.000
  0.015,298.251,  0.000,  0.000
  0.015,298.243,  0.000,  0.000
  0.015,298.236,  0.000,  0.000
  0.015,298.248,  0.000,  0.000
  0.015,298.271,  0.000,  0.000
  0.015,298.285,  0.000,  0.000
  0.015,298.336,  0.000,  0.000
  0.015,298.331,  0.000,  0.000
  0.015,298.320,  0.000,  0.000
  0.015,298.313,  0.000,  0.000
  0.015,298.333,  0.000,  0.000
  0.016,298.359,  0.000,  0.000
  0.016,298.349,  0.000,  0.000
  0.015,298.329,  0.000,  0.000
  0.015,298.319,  0.000,  0.000
  0.015,298.312,  0.000,  0.000
  0.015,298.312,  0.000,  0.000
  0.015,298.326,  0.000,  0.000
  0.016,298.343,  0.000,  0.000
  0.016,298.335,  0.000,  0.000
  0.016,298.309,  0.000,  0.000
  0.015,298.287,  0.000,  0.000
  0.015,298.270,  0.000,  0.000
  0.015,298.258,  0.000,  0.000
  0.015,298.256,  0.000,  0.000
  0.015,298.262,  0.000,  0.000
  0.015,298.272,  0.000,  0.000
  0.015,298.289,  0.000,  0.000
  0.015,298.310,  0.000,  0.000
  0.015,298.322,  0.000,  0.000
  0.016,298.320,  0.000,  0.000
  0.015,298.345,  0.000,  0.000
  0.015,298.343,  0.000,  0.000
  0.015,298.339,  0.000,  0.000
  0.015,298.332,  0.000,  0.000
  0.015,298.341,  0.000,  0.000
  0.016,298.368,  0.000,  0.000
  0.016,298.372,  0.000,  0.000
  0.016,298.344,  0.000,  0.000
  0.015,298.327,  0.000,  0.000
  0.015,298.328,  0.000,  0.000
  0.015,298.338,  0.000,  0.000
  0.015,298.353,  0.000,  0.000
  0.016,298.363,  0.000,  0.000
  0.016,298.343,  0.000,  0.000
  0.016,298.302,  0.000,  0.000
  0.016,298.268,  0.000,  0.000
  0.015,298.246,  0.000,  0.000
  0.015,298.248,  0.000,  0.000
  0.015,298.271,  0.000,  0.000
  0.016,298.298,  0.000,  0.000
  0.016,298.325,  0.000,  0.000
  0.016,298.340,  0.000,  0.000
  0.016,298.335,  0.000,  0.000
  0.016,298.316,  0.000,  0.000
  0.014,297.910,  0.000,  0.000
  0.015,298.358,  0.000,  0.000
  0.015,298.358,  0.000,  0.000
  0.015,298.359,  0.000,  0.000
  0.015,298.356,  0.000,  0.000
  0.015,298.357,  0.000,  0.000
  0.015,298.372,  0.000,  0.000
  0.016,298.385,  0.000,  0.000
  0.016,298.373,  0.000,  0.000
  0.016,298.354,  0.000,  0.000
  0.015,298.350,  0.000,  0.000
  0.015,298.355,  0.000,  0.000
  0.015,298.355,  0.000,  0.000
  0.015,298.344,  0.000,  0.000
  0.016,298.327,  0.000,  0.000
  0.016,298.311,  0.000,  0.000
  0.016,298.290,  0.000,  0.000
  0.015,298.270,  0.000,  0.000
  0.015,298.276,  0.000,  0.000
  0.016,298.313,  0.000,  0.000
  0.016,298.346,  0.000,  0.000
  0.016,298.348,  0.000,  0.000
  0.016,298.325,  0.000,  0.000
  0.014,297.918,  0.000,  0.000
  0.014,297.883,  0.000,  0.000
  0.014,297.854,  0.000,  0.000
  0.016,298.388,  0.000,  0.000
  0.015,298.377,  0.000,  0.000
  0.015,298.383,  0.000,  0.000
  0.015,298.383,  0.000,  0.000
  0.015,298.379,  0.000,  0.000
  0.015,298.377,  0.000,  0.000
  0.015,298.386,  0.000,  0.000
  0.016,298.395,  0.000,  0.000
  0.016,298.392,  0.000,  0.000
  0.016,298.373,  0.000,  0.000
  0.015,298.352,  0.000,  0.000
  0.015,298.335,  0.000,  0.000
  0.015,298.319,  0.000,  0.000
  0.015,298.316,  0.000,  0.000
  0.016,298.328,  0.000,  0.000
  0.016,298.336,  0.000,  0.000
  0.016,298.330,  0.000,  0.000
  0.016,298.329,  0.000,  0.000
  0.016,298.342,  0.000,  0.000
  0.016,298.338,  0.000,  0.000
  0.016,298.305,  0.000,  0.000
  0.014,297.893,  0.000,  0.000
  0.014,297.875,  0.000,  0.000
  0.014,297.865,  0.000,  0.000
  0.014,297.857,  0.000,  0.000
