  0.018,299.312,  0.000,  0.000
  0.018,299.447,  0.000,  0.000
  0.018,299.391,  0.000,  0.000
  0.018,299.122,  0.000,  0.000
  0.018,299.044,  0.000,  0.000
  0.018,299.301,  0.000,  0.000
  0.018,299.591,  0.000,  0.000
  0.018,299.649,  0.000,  0.000
  0.018,299.616,  0.000,  0.000
  0.018,299.542,  0.000,  0.000
  0.018,299.441,  0.000,  0.000
  0.018,299.387,  0.000,  0.000
  0.018,299.424,  0.000,  0.000
  0.018,299.511,  0.000,  0.000
  0.018,299.565,  0.000,  0.000
  0.018,299.563,  0.000,  0.000
  0.018,299.550,  0.000,  0.000
  0.018,299.575,  0.000,  0.000
  0.018,299.653,  0.000,  0.000
  0.018,299.730,  0.000,  0.000
  0.018,299.742,  0.000,  0.000
  0.018,299.710,  0.000,  0.000
  0.018,299.699,  0.000,  0.000
  0.018,299.732,  0.000,  0.000
  0.018,299.763,  0.000,  0.000
  0.018,299.342,  0.000,  0.000
  0.018,299.431,  0.000,  0.000
  0.018,299.283,  0.000,  0.000
  0.018,299.101,  0.000,  0.000
  0.018,299.147,  0.000,  0.000
  0.018,299.341,  0.000,  0.000
  0.018,299.500,  0.000,  0.000
  0.018,299.591,  0.000,  0.000
  0.018,299.639,  0.000,  0.000
  0.018,299.606,  0.000,  0.000
  0.018,299.544,  0.000,  0.000
  0.018,299.523,  0.000,  0.000
  0.018,299.542,  0.000,  0.000
  0.018,299.585,  0.000,  0.000
  0.018,299.611,  0.000,  0.000
  0.018,299.604,  0.000,  0.000
  0.018,299.597,  0.000,  0.000
  0.018,299.640,  0.000,  0.000
  0.018,299.725,  0.000,  0.000
  0.018,299.769,  0.000,  0.000
  0.018,299.739,  0.000,  0.000
  0.018,299.701,  0.000,  0.000
  0.018,299.715,  0.000,  0.000
  0.018,299.751,  0.000,  0.010
  0.018,299.751,  0.000,  0.010
  0.018,299.484,  0.000,  0.000
  0.018,299.442,  0.000,  0.000
  0.018,299.254,  0.000,  0.000
  0.018,299.228,  0.000,  0.000
  0.018,299.367,  0.000,  0.000
  0.018,299.458,  0.000,  0.000
  0.018,299.454,  0.000,  0.000
  0.018,299.528,  0.000,  0.000
  0.018,299.636,  0.000,  0.000
  0.018,299.630,  0.000,  0.000
  0.018,299.586,  0.000,  0.000
  0.018,299.596,  0.000,  0.000
  0.018,299.618,  0.000,  0.000
  0.018,299.637,  0.000,  0.000
  0.018,299.653,  0.000,  0.000
  0.018,299.660,  0.000,  0.000
  0.018,299.683,  0.000,  0.000
  0.018,299.743,  0.000,  0.000
  0.018,299.801,  0.000,  0.000
  0.018,299.798,  0.000,  0.000
  0.018,299.759,  0.000,  0.000
  0.018,299.737,  0.000,  0.000
  0.018,299.749,  0.000,  0.000
  0.018,299.761,  0.000,  0.010
  0.018,299.726,  0.000,  0.010
  0.018,299.607,  0.000,  0.000
  0.018,299.450,  0.000,  0.000
  0.018,299.309,  0.000,  0.000
  0.018,299.378,  0.000,  0.000
  0.018,299.493,  0.000,  0.000
  0.018,299.447,  0.000,  0.000
  0.018,299.357,  0.000,  0.000
  0.018,299.468,  0.000,  0.000
  0.018,299.629,  0.000,  0.000
  0.018,299.670,  0.000,  0.000
  0.018,299.644,  0.000,  0.000
  0.018,299.646,  0.000,  0.000
  0.018,299.667,  0.000,  0.000
  0.018,299.685,  0.000,  0.000
  0.018,299.705,  0.000,  0.000
  0.018,299.729,  0.000,  0.000
  0.018,299.770,  0.000,  0.000
  0.018,299.822,  0.000,  0.000
  0.018,299.847,  0.000,  0.000
  0.018,299.833,  0.000,  0.000
  0.018,299.800,  0.000,  0.000
  0.018,299.779,  0.000,  0.000
  0.018,299.773,  0.000,  0.000
  0.018,299.768,  0.000,  0.010
  0.018,299.729,  0.000,  0.010
  0.018,299.658,  0.000,  0.000
  0.018,299.470,  0.000,  0.000
  0.018,299.451,  0.000,  0.000
  0.018,299.518,  0.000,  0.000
  0.018,299.420,  0.000,  0.000
  0.018,299.258,  0.000,  0.000
  0.018,299.312,  0.000,  0.000
  0.018,299.490,  0.000,  0.000
  0.018,299.607,  0.000,  0.000
  0.018,299.633,  0.000,  0.000
  0.018,299.656,  0.000,  0.000
  0.018,299.704,  0.000,  0.000
  0.018,299.745,  0.000,  0.000
  0.018,299.766,  0.000,  0.000
  0.018,299.788,  0.000,  0.000
  0.018,299.814,  0.000,  0.000
  0.018,299.834,  0.000,  0.000
  0.018,299.849,  0.000,  0.000
  0.018,299.846,  0.000,  0.000
  0.018,299.819,  0.000,  0.000
  0.018,299.788,  0.000,  0.000
  0.018,299.776,  0.000,  0.000
  0.018,299.772,  0.000,  0.000
  0.018,299.774,  0.000,  0.010
  0.018,299.776,  0.000,  0.010
  0.018,299.722,  0.000,  0.000
  0.018,299.596,  0.000,  0.000
  0.018,299.586,  0.000,  0.000
  0.018,299.425,  0.000,  0.000
  0.018,299.187,  0.000,  0.000
  0.018,299.191,  0.000,  0.000
  0.018,299.372,  0.000,  0.000
  0.018,299.546,  0.000,  0.000
  0.018,299.624,  0.000,  0.000
  0.018,299.656,  0.000,  0.000
  0.018,299.714,  0.000,  0.000
  0.018,299.767,  0.000,  0.000
  0.018,299.799,  0.000,  0.000
  0.018,299.833,  0.000,  0.000
  0.018,299.857,  0.000,  0.000
  0.018,299.869,  0.000,  0.000
  0.018,299.867,  0.000,  0.000
  0.018,299.863,  0.000,  0.000
  0.018,299.852,  0.000,  0.000
  0.018,299.820,  0.000,  0.000
  0.018,299.786,  0.000,  0.000
  0.018,299.787,  0.000,  0.000
  0.018,299.815,  0.000,  0.000
  0.018,299.832,  0.000,  0.000
  0.018,299.805,  0.000,  0.000
  0.018,299.758,  0.000,  0.000
  0.018,299.574,  0.000,  0.000
  0.018,299.491,  0.000,  0.000
  0.018,299.310,  0.000,  0.000
  0.018,299.163,  0.000,  0.000
  0.018,299.246,  0.000,  0.000
  0.018,299.467,  0.000,  0.000
  0.018,299.608,  0.000,  0.000
  0.018,299.624,  0.000,  0.000
  0.018,299.597,  0.000,  0.000
  0.018,299.655,  0.000,  0.000
  0.018,299.785,  0.000,  0.000
  0.018,299.854,  0.000,  0.000
  0.018,299.876,  0.000,  0.000
  0.018,299.893,  0.000,  0.000
  0.018,299.897,  0.000,  0.000
  0.018,299.896,  0.000,  0.000
  0.018,299.890,  0.000,  0.000
  0.018,299.870,  0.000,  0.000
  0.018,299.837,  0.000,  0.000
  0.018,299.807,  0.000,  0.000
  0.018,299.808,  0.000,  0.000
  0.018,299.821,  0.000,  0.000
  0.018,299.804,  0.000,  0.000
  0.018,299.753,  0.000,  0.000
  0.018,299.744,  0.000,  0.000
  0.018,299.460,  0.000,  0.000
  0.018,299.287,  0.000,  0.000
  0.018,299.240,  0.000,  0.000
  0.018,299.282,  0.000,  0.000
  0.018,299.388,  0.000,  0.000
  0.018,299.555,  0.000,  0.000
  0.018,299.643,  0.000,  0.000
  0.018,299.593,  0.000,  0.000
  0.018,299.530,  0.000,  0.000
  0.018,299.591,  0.000,  0.000
  0.018,299.790,  0.000,  0.000
  0.018,299.917,  0.000,  0.000
  0.018,299.916,  0.000,  0.000
  0.018,299.904,  0.000,  0.000
  0.018,299.911,  0.000,  0.000
  0.018,299.905,  0.000,  0.000
  0.018,299.890,  0.000,  0.000
  0.018,299.870,  0.000,  0.000
  0.018,299.851,  0.000,  0.000
  0.018,299.833,  0.000,  0.000
  0.018,299.818,  0.000,  0.000
  0.018,299.801,  0.000,  0.000
  0.018,299.788,  0.000,  0.000
  0.018,299.778,  0.000,  0.000
  0.018,299.750,  0.000,  0.000
  0.018,299.523,  0.000,  0.000
  0.018,299.354,  0.000,  0.000
  0.018,299.323,  0.000,  0.000
  0.018,299.427,  0.000,  0.000
  0.018,299.546,  0.000,  0.000
  0.018,299.638,  0.000,  0.000
  0.018,299.660,  0.000,  0.000
  0.018,299.584,  0.000,  0.000
  0.018,299.532,  0.000,  0.000
  0.018,299.623,  0.000,  0.000
  0.018,299.837,  0.000,  0.000
  0.018,299.957,  0.000,  0.000
  0.018,299.915,  0.000,  0.000
  0.018,299.870,  0.000,  0.000
  0.018,299.878,  0.000,  0.000
  0.018,299.884,  0.000,  0.000
  0.019,299.885,  0.000,  0.000
  0.019,299.888,  0.000,  0.000
  0.019,299.882,  0.000,  0.000
  0.018,299.874,  0.000,  0.000
  0.018,299.857,  0.000,  0.000
  0.018,299.829,  0.000,  0.000
  0.018,299.826,  0.000,  0.000
  0.018,299.842,  0.000,  0.000
  0.018,299.787,  0.000,  0.000
  0.018,299.649,  0.000,  0.000
  0.018,299.527,  0.000,  0.000
  0.018,299.506,  0.000,  0.000
  0.018,299.592,  0.000,  0.000
  0.018,299.681,  0.000,  0.000
  0.018,299.716,  0.000,  0.000
  0.019,299.686,  0.000,  0.000
  0.019,299.606,  0.000,  0.000
  0.018,299.568,  0.000,  0.000
  0.018,299.678,  0.000,  0.000
  0.018,299.875,  0.000,  0.000
  0.018,299.972,  0.000,  0.000
  0.018,299.937,  0.000,  0.000
  0.018,299.899,  0.000,  0.000
  0.018,299.920,  0.000,  0.000
  0.018,299.944,  0.000,  0.000
  0.018,299.942,  0.000,  0.000
  0.019,299.940,  0.000,  0.000
  0.019,299.938,  0.000,  0.000
  0.019,299.932,  0.000,  0.000
  0.019,299.911,  0.000,  0.000
  0.019,299.889,  0.000,  0.000
  0.019,299.889,  0.000,  0.000
  0.019,299.904,  0.000,  0.000
  0.018,299.836,  0.000,  0.000
  0.018,299.754,  0.000,  0.000
  0.018,299.667,  0.000,  0.000
  0.018,299.666,  0.000,  0.000
  0.018,299.727,  0.000,  0.000
  0.018,299.774,  0.000,  0.000
  0.018,299.780,  0.000,  0.000
  0.019,299.733,  0.000,  0.000
  0.019,299.654,  0.000,  0.000
  0.018,299.635,  0.000,  0.000
  0.018,299.746,  0.000,  0.000
  0.018,299.907,  0.000,  0.000
  0.018,299.975,  0.000,  0.000
  0.018,299.953,  0.000,  0.000
  0.018,299.928,  0.000,  0.000
  0.018,299.923,  0.000,  0.000
  0.018,299.923,  0.000,  0.000
  0.018,299.944,  0.000,  0.000
  0.019,299.994,  0.000,  0.000
  0.019,300.007,  0.000,  0.000
  0.019,299.975,  0.000,  0.000
  0.019,299.948,  0.000,  0.000
  0.019,299.935,  0.000,  0.000
  0.019,299.928,  0.000,  0.000
  0.019,299.915,  0.000,  0.000
  0.018,299.871,  0.000,  0.000
  0.018,299.816,  0.000,  0.000
  0.018,299.766,  0.000,  0.000
  0.018,299.780,  0.000,  0.000
  0.018,299.812,  0.000,  0.000
  0.018,299.836,  0.000,  0.000
  0.019,299.835,  0.000,  0.000
  0.019,299.786,  0.000,  0.000
  0.019,299.719,  0.000,  0.000
  0.018,299.726,  0.000,  0.000
  0.018,299.833,  0.000,  0.000
  0.018,299.954,  0.000,  0.000
  0.018,299.983,  0.000,  0.000
  0.018,299.943,  0.000,  0.000
  0.018,299.899,  0.000,  0.000
  0.019,299.873,  0.000,  0.000
  0.019,299.881,  0.000,  0.000
  0.019,299.944,  0.000,  0.000
  0.019,300.016,  0.000,  0.000
  0.019,300.033,  0.000,  0.000
  0.019,299.993,  0.000,  0.000
  0.019,299.955,  0.000,  0.000
  0.019,299.938,  0.000,  0.000
  0.019,299.920,  0.000,  0.000
  0.019,299.909,  0.000,  0.000
  0.018,299.914,  0.000,  0.000
  0.018,299.854,  0.000,  0.000
  0.018,299.823,  0.000,  0.000
  0.018,299.841,  0.000,  0.000
  0.018,299.856,  0.000,  0.000
  0.019,299.873,  0.000,  0.000
  0.019,299.872,  0.000,  0.000
  0.019,299.835,  0.000,  0.000
  0.019,299.800,  0.000,  0.000
  0.018,299.825,  0.000,  0.000
  0.018,299.913,  0.000,  0.000
  0.018,299.995,  0.000,  0.000
  0.018,300.004,  0.000,  0.000
  0.018,299.963,  0.000,  0.000
  0.019,299.918,  0.000,  0.000
  0.019,299.900,  0.000,  0.000
  0.019,299.917,  0.000,  0.000
  0.019,299.969,  0.000,  0.000
  0.019,300.018,  0.000,  0.000
  0.019,300.024,  0.000,  0.000
  0.019,299.993,  0.000,  0.000
  0.019,299.958,  0.000,  0.000
  0.019,299.953,  0.000,  0.000
  0.019,299.967,  0.000,  0.000
  0.019,299.974,  0.000,  0.000
  0.018,299.949,  0.000,  0.000
  0.018,299.886,  0.000,  0.000
  0.018,299.870,  0.000,  0.000
  0.018,299.879,  0.000,  0.000
  0.019,299.888,  0.000,  0.000
  0.019,299.906,  0.000,  0.000
  0.019,299.907,  0.000,  0.000
  0.019,299.889,  0.000,  0.000
  0.019,299.877,  0.000,  0.000
  0.018,299.905,  0.000,  0.000
  0.018,299.965,  0.000,  0.000
  0.018,300.016,  0.000,  0.000
  0.018,300.023,  0.000,  0.000
  0.019,299.997,  0.000,  0.000
  0.019,299.969,  0.000,  0.000
  0.019,299.961,  0.000,  0.000
  0.019,299.980,  0.000,  0.000
  0.019,300.011,  0.000,  0.000
  0.019,300.029,  0.000,  0.000
  0.019,300.022,  0.000,  0.000
  0.019,300.004,  0.000,  0.000
  0.019,299.999,  0.000,  0.000
  0.019,300.006,  0.000,  0.000
  0.019,299.994,  0.000,  0.000
  0.019,299.968,  0.000,  0.000
  0.018,299.974,  0.000,  0.000
  0.018,299.916,  0.000,  0.000
  0.018,299.912,  0.000,  0.000
  0.018,299.912,  0.000,  0.000
  0.019,299.923,  0.000,  0.000
  0.019,299.942,  0.000,  0.000
  0.019,299.945,  0.000,  0.000
  0.019,299.934,  0.000,  0.000
  0.019,299.927,  0.000,  0.000
  0.019,299.947,  0.000,  0.000
  0.019,299.986,  0.000,  0.000
  0.019,300.018,  0.000,  0.000
  0.019,300.027,  0.000,  0.000
  0.019,300.016,  0.000,  0.000
  0.019,300.008,  0.000,  0.000
  0.019,300.016,  0.000,  0.000
  0.019,300.033,  0.000,  0.000
  0.019,300.044,  0.000,  0.000
  0.019,300.041,  0.000,  0.000
  0.019,300.040,  0.000,  0.000
  0.019,300.046,  0.000,  0.000
  0.019,300.025,  0.000,  0.000
  0.019,299.963,  0.000,  0.000
  0.019,299.940,  0.000,  0.000
  0.019,299.967,  0.000,  0.000
