  0.017,300.436,  0.000,  0.000
  0.017,300.434,  0.000,  0.000
  0.017,300.434,  0.000,  0.000
  0.017,300.434,  0.000,  0.000
  0.017,300.435,  0.000,  0.000
  0.017,300.437,  0.000,  0.000
  0.017,300.440,  0.000,  0.000
  0.017,300.443,  0.000,  0.000
  0.017,300.448,  0.000,  0.000
  0.018,300.452,  0.000,  0.000
  0.018,300.458,  0.000,  0.000
  0.018,300.463,  0.000,  0.000
  0.018,300.469,  0.000,  0.000
  0.018,300.476,  0.000,  0.000
  0.018,300.483,  0.000,  0.000
  0.018,300.490,  0.000,  0.000
  0.018,300.498,  0.000,  0.000
  0.018,300.506,  0.000,  0.000
  0.018,300.514,  0.000,  0.000
  0.018,300.522,  0.000,  0.000
  0.018,300.531,  0.000,  0.000
  0.018,300.540,  0.000,  0.000
  0.018,300.550,  0.000,  0.000
  0.018,300.589,  0.000,  0.000
  0.018,300.596,  0.000,  0.000
  0.017,300.451,  0.000,  0.000
  0.017,300.450,  0.000,  0.000
  0.017,300.450,  0.000,  0.000
  0.017,300.450,  0.000,  0.000
  0.018,300.450,  0.000,  0.000
  0.018,300.452,  0.000,  0.000
  0.018,300.454,  0.000,  0.000
  0.018,300.458,  0.000,  0.000
  0.018,300.461,  0.000,  0.000
  0.018,300.466,  0.000,  0.000
  0.018,300.470,  0.000,  0.000
  0.018,300.476,  0.000,  0.000
  0.018,300.481,  0.000,  0.000
  0.018,300.487,  0.000,  0.000
  0.018,300.494,  0.000,  0.000
  0.018,300.500,  0.000,  0.000
  0.018,300.508,  0.000,  0.000
  0.018,300.515,  0.000,  0.000
  0.018,300.523,  0.000,  0.000
  0.018,300.531,  0.000,  0.000
  0.018,300.540,  0.000,  0.000
  0.018,300.549,  0.000,  0.000
  0.018,300.558,  0.000,  0.000
  0.018,300.595,  0.000,  0.000
  0.018,300.602,  0.000,  0.000
  0.018,300.467,  0.000,  0.000
  0.018,300.466,  0.000,  0.000
  0.018,300.465,  0.000,  0.000
  0.018,300.465,  0.000,  0.000
  0.018,300.466,  0.000,  0.000
  0.018,300.467,  0.000,  0.000
  0.018,300.469,  0.000,  0.000
  0.018,300.472,  0.000,  0.000
  0.018,300.476,  0.000,  0.000
  0.018,300.479,  0.000,  0.000
  0.018,300.484,  0.000,  0.000
  0.018,300.488,  0.000,  0.000
  0.018,300.493,  0.000,  0.000
  0.018,300.499,  0.000,  0.000
  0.018,300.505,  0.000,  0.000
  0.018,300.511,  0.000,  0.000
  0.018,300.518,  0.000,  0.000
  0.018,300.525,  0.000,  0.000
  0.018,300.532,  0.000,  0.000
  0.018,300.540,  0.000,  0.000
  0.018,300.549,  0.000,  0.000
  0.018,300.557,  0.000,  0.000
  0.018,300.566,  0.000,  0.000
  0.018,300.601,  0.000,  0.000
  0.018,300.608,  0.000,  0.000
  0.018,300.482,  0.000,  0.000
  0.018,300.482,  0.000,  0.000
  0.018,300.481,  0.000,  0.000
  0.018,300.481,  0.000,  0.000
  0.018,300.482,  0.000,  0.000
  0.018,300.483,  0.000,  0.000
  0.018,300.484,  0.000,  0.000
  0.018,300.487,  0.000,  0.000
  0.018,300.490,  0.000,  0.000
  0.018,300.493,  0.000,  0.000
  0.018,300.497,  0.000,  0.000
  0.018,300.501,  0.000,  0.000
  0.018,300.505,  0.000,  0.000
  0.018,300.510,  0.000,  0.000
  0.018,300.516,  0.000,  0.000
  0.018,300.521,  0.000,  0.000
  0.018,300.528,  0.000,  0.000
  0.018,300.534,  0.000,  0.000
  0.018,300.542,  0.000,  0.000
  0.018,300.549,  0.000,  0.000
  0.018,300.557,  0.000,  0.000
  0.018,300.566,  0.000,  0.000
  0.018,300.575,  0.000,  0.000
  0.018,300.607,  0.000,  0.000
  0.018,300.613,  0.000,  0.000
  0.018,300.498,  0.000,  0.000
  0.018,300.498,  0.000,  0.000
  0.018,300.497,  0.000,  0.000
  0.018,300.497,  0.000,  0.000
  0.018,300.498,  0.000,  0.000
  0.018,300.498,  0.000,  0.000
  0.018,300.500,  0.000,  0.000
  0.018,300.502,  0.000,  0.000
  0.018,300.504,  0.000,  0.000
  0.018,300.507,  0.000,  0.000
  0.018,300.510,  0.000,  0.000
  0.018,300.514,  0.000,  0.000
  0.018,300.518,  0.000,  0.000
  0.018,300.522,  0.000,  0.000
  0.018,300.527,  0.000,  0.000
  0.018,300.532,  0.000,  0.000
  0.018,300.538,  0.000,  0.000
  0.018,300.544,  0.000,  0.000
  0.018,300.551,  0.000,  0.000
  0.018,300.559,  0.000,  0.000
  0.018,300.567,  0.000,  0.000
  0.018,300.575,  0.000,  0.000
  0.018,300.583,  0.000,  0.000
  0.018,300.612,  0.000,  0.000
  0.018,300.618,  0.000,  0.000
  0.018,300.514,  0.000,  0.000
  0.018,300.514,  0.000,  0.000
  0.018,300.513,  0.000,  0.000
  0.018,300.513,  0.000,  0.000
  0.018,300.514,  0.000,  0.000
  0.018,300.514,  0.000,  0.000
  0.018,300.515,  0.000,  0.000
  0.018,300.517,  0.000,  0.000
  0.018,300.518,  0.000,  0.000
  0.018,300.521,  0.000,  0.000
  0.018,300.523,  0.000,  0.000
  0.018,300.526,  0.000,  0.000
  0.018,300.530,  0.000,  0.000
  0.018,300.534,  0.000,  0.000
  0.018,300.538,  0.000,  0.000
  0.018,300.543,  0.000,  0.000
  0.018,300.548,  0.000,  0.000
  0.018,300.554,  0.000,  0.000
  0.018,300.561,  0.000,  0.000
  0.018,300.569,  0.000,  0.000
  0.018,300.576,  0.000,  0.000
  0.018,300.583,  0.000,  0.000
  0.018,300.592,  0.000,  0.000
  0.018,300.618,  0.000,  0.000
  0.018,300.623,  0.000,  0.000
  0.018,300.530,  0.000,  0.000
  0.018,300.529,  0.000,  0.000
  0.018,300.529,  0.000,  0.000
  0.018,300.529,  0.000,  0.000
  0.018,300.529,  0.000,  0.000
  0.018,300.529,  0.000,  0.000
  0.018,300.530,  0.000,  0.000
  0.018,300.531,  0.000,  0.000
  0.018,300.533,  0.000,  0.000
  0.018,300.534,  0.000,  0.000
  0.018,300.537,  0.000,  0.000
  0.018,300.539,  0.000,  0.000
  0.018,300.542,  0.000,  0.000
  0.018,300.546,  0.000,  0.000
  0.018,300.549,  0.000,  0.000
  0.018,300.554,  0.000,  0.000
  0.018,300.559,  0.000,  0.000
  0.018,300.565,  0.000,  0.000
  0.018,300.571,  0.000,  0.000
  0.018,300.577,  0.000,  0.000
  0.018,300.585,  0.000,  0.000
  0.018,300.593,  0.000,  0.000
  0.018,300.601,  0.000,  0.000
  0.018,300.623,  0.000,  0.000
  0.018,300.627,  0.000,  0.000
  0.018,300.545,  0.000,  0.000
  0.018,300.545,  0.000,  0.000
  0.018,300.544,  0.000,  0.000
  0.018,300.544,  0.000,  0.000
  0.018,300.544,  0.000,  0.000
  0.018,300.544,  0.000,  0.000
  0.018,300.545,  0.000,  0.000
  0.018,300.546,  0.000,  0.000
  0.018,300.547,  0.000,  0.000
  0.018,300.548,  0.000,  0.000
  0.018,300.550,  0.000,  0.000
  0.018,300.552,  0.000,  0.000
  0.018,300.554,  0.000,  0.000
  0.018,300.557,  0.000,  0.000
  0.018,300.561,  0.000,  0.000
  0.018,300.565,  0.000,  0.000
  0.018,300.570,  0.000,  0.000
  0.018,300.574,  0.000,  0.000
  0.018,300.580,  0.000,  0.000
  0.018,300.589,  0.000,  0.000
  0.017,300.283,  0.000,  0.000
  0.018,300.602,  0.000,  0.000
  0.018,300.609,  0.000,  0.000
  0.018,300.629,  0.000,  0.000
  0.017,300.327,  0.000,  0.000
  0.018,300.560,  0.000,  0.000
  0.018,300.560,  0.000,  0.000
  0.018,300.559,  0.000,  0.000
  0.018,300.559,  0.000,  0.000
  0.018,300.559,  0.000,  0.000
  0.018,300.559,  0.000,  0.000
  0.018,300.559,  0.000,  0.000
  0.018,300.560,  0.000,  0.000
  0.018,300.560,  0.000,  0.000
  0.018,300.561,  0.000,  0.000
  0.018,300.562,  0.000,  0.000
  0.018,300.564,  0.000,  0.000
  0.018,300.566,  0.000,  0.000
  0.018,300.569,  0.000,  0.000
  0.018,300.572,  0.000,  0.000
  0.018,300.576,  0.000,  0.000
  0.018,300.580,  0.000,  0.000
  0.018,300.587,  0.000,  0.000
  0.017,300.275,  0.000,  0.000
  0.018,300.599,  0.000,  0.000
  0.018,300.606,  0.000,  0.000
  0.018,300.613,  0.000,  0.000
  0.017,300.312,  0.000,  0.000
  0.017,300.327,  0.000,  0.000
  0.017,300.338,  0.000,  0.000
  0.018,300.574,  0.000,  0.000
  0.018,300.574,  0.000,  0.000
  0.018,300.574,  0.000,  0.000
  0.018,300.574,  0.000,  0.000
  0.018,300.573,  0.000,  0.000
  0.018,300.573,  0.000,  0.000
  0.018,300.573,  0.000,  0.000
  0.018,300.574,  0.000,  0.000
  0.018,300.574,  0.000,  0.000
  0.018,300.574,  0.000,  0.000
  0.018,300.575,  0.000,  0.000
  0.018,300.577,  0.000,  0.000
  0.018,300.579,  0.000,  0.000
  0.018,300.581,  0.000,  0.000
  0.018,300.583,  0.000,  0.000
  0.018,300.587,  0.000,  0.000
  0.018,300.592,  0.000,  0.000
  0.018,300.598,  0.000,  0.000
  0.018,300.603,  0.000,  0.000
  0.018,300.610,  0.000,  0.000
  0.017,300.303,  0.000,  0.000
  0.017,300.314,  0.000,  0.000
  0.017,300.327,  0.000,  0.000
  0.017,300.338,  0.000,  0.000
  0.017,300.346,  0.000,  0.000
  0.018,300.585,  0.000,  0.000
  0.018,300.585,  0.000,  0.000
  0.018,300.586,  0.000,  0.000
  0.018,300.586,  0.000,  0.000
  0.018,300.586,  0.000,  0.000
  0.018,300.586,  0.000,  0.000
  0.018,300.586,  0.000,  0.000
  0.018,300.586,  0.000,  0.000
  0.018,300.586,  0.000,  0.000
  0.018,300.587,  0.000,  0.000
  0.018,300.589,  0.000,  0.000
  0.018,300.590,  0.000,  0.000
  0.018,300.592,  0.000,  0.000
  0.018,300.595,  0.000,  0.000
  0.018,300.599,  0.000,  0.000
  0.018,300.602,  0.000,  0.000
  0.018,300.608,  0.000,  0.000
  0.018,300.615,  0.000,  0.000
  0.017,300.299,  0.000,  0.000
  0.017,300.309,  0.000,  0.000
  0.017,300.320,  0.000,  0.000
  0.017,300.329,  0.000,  0.000
  0.017,300.338,  0.000,  0.000
  0.017,300.345,  0.000,  0.000
  0.017,300.353,  0.000,  0.000
  0.018,300.593,  0.000,  0.000
  0.018,300.593,  0.000,  0.000
  0.018,300.594,  0.000,  0.000
  0.018,300.594,  0.000,  0.000
  0.018,300.594,  0.000,  0.000
  0.018,300.593,  0.000,  0.000
  0.018,300.593,  0.000,  0.000
  0.018,300.593,  0.000,  0.000
  0.018,300.594,  0.000,  0.000
  0.018,300.595,  0.000,  0.000
  0.018,300.596,  0.000,  0.000
  0.018,300.598,  0.000,  0.000
  0.018,300.600,  0.000,  0.000
  0.018,300.601,  0.000,  0.000
  0.018,300.604,  0.000,  0.000
  0.018,300.611,  0.000,  0.000
  0.017,300.294,  0.000,  0.000
  0.017,300.303,  0.000,  0.000
  0.017,300.312,  0.000,  0.000
  0.017,300.320,  0.000,  0.000
  0.017,300.329,  0.000,  0.000
  0.017,300.337,  0.000,  0.000
  0.017,300.344,  0.000,  0.000
  0.017,300.352,  0.000,  0.000
  0.017,300.360,  0.000,  0.000
  0.018,300.600,  0.000,  0.000
  0.018,300.600,  0.000,  0.000
  0.018,300.600,  0.000,  0.000
  0.018,300.600,  0.000,  0.000
  0.018,300.601,  0.000,  0.000
  0.018,300.600,  0.000,  0.000
  0.018,300.600,  0.000,  0.000
  0.018,300.599,  0.000,  0.000
  0.018,300.599,  0.000,  0.000
  0.018,300.600,  0.000,  0.000
  0.018,300.600,  0.000,  0.000
  0.018,300.601,  0.000,  0.000
  0.018,300.603,  0.000,  0.000
  0.018,300.608,  0.000,  0.000
  0.017,300.290,  0.000,  0.000
  0.017,300.298,  0.000,  0.000
  0.017,300.307,  0.000,  0.000
  0.017,300.313,  0.000,  0.000
  0.017,300.321,  0.000,  0.000
  0.017,300.328,  0.000,  0.000
  0.017,300.336,  0.000,  0.000
  0.017,300.343,  0.000,  0.000
  0.017,300.350,  0.000,  0.000
  0.017,300.358,  0.000,  0.000
  0.017,300.365,  0.000,  0.000
  0.018,300.605,  0.000,  0.000
  0.018,300.605,  0.000,  0.000
  0.018,300.606,  0.000,  0.000
  0.018,300.607,  0.000,  0.000
  0.018,300.607,  0.000,  0.000
  0.018,300.606,  0.000,  0.000
  0.018,300.605,  0.000,  0.000
  0.018,300.605,  0.000,  0.000
  0.018,300.604,  0.000,  0.000
  0.018,300.604,  0.000,  0.000
  0.018,300.605,  0.000,  0.000
  0.018,300.609,  0.000,  0.000
  0.017,300.290,  0.000,  0.000
  0.017,300.297,  0.000,  0.000
  0.017,300.305,  0.000,  0.000
  0.017,300.310,  0.000,  0.000
  0.017,300.315,  0.000,  0.000
  0.017,300.320,  0.000,  0.000
  0.017,300.328,  0.000,  0.000
  0.017,300.335,  0.000,  0.000
  0.017,300.341,  0.000,  0.000
  0.017,300.348,  0.000,  0.000
  0.017,300.355,  0.000,  0.000
  0.017,300.361,  0.000,  0.000
  0.017,300.368,  0.000,  0.000
  0.018,300.609,  0.000,  0.000
  0.018,300.610,  0.000,  0.000
  0.018,300.611,  0.000,  0.000
  0.018,300.611,  0.000,  0.000
  0.018,300.609,  0.000,  0.000
  0.018,300.609,  0.000,  0.000
  0.018,300.609,  0.000,  0.000
  0.018,300.608,  0.000,  0.000
  0.018,300.608,  0.000,  0.000
  0.018,300.611,  0.000,  0.000
  0.017,300.294,  0.000,  0.000
  0.017,300.300,  0.000,  0.000
  0.017,300.307,  0.000,  0.000
  0.017,300.311,  0.000,  0.000
  0.017,300.315,  0.000,  0.000
  0.017,300.318,  0.000,  0.000
  0.017,300.323,  0.000,  0.000
  0.017,300.329,  0.000,  0.000
  0.017,300.335,  0.000,  0.000
  0.017,300.340,  0.000,  0.000
  0.017,300.345,  0.000,  0.000
  0.017,300.351,  0.000,  0.000
  0.017,300.357,  0.000,  0.000
  0.017,300.364,  0.000,  0.000
  0.017,300.371,  0.000,  0.000
