  0.018,300.405,  0.000,  0.000
  0.018,300.401,  0.000,  0.000
  0.018,300.395,  0.000,  0.000
  0.018,300.409,  0.000,  0.000
  0.018,300.429,  0.000,  0.000
  0.018,300.437,  0.000,  0.000
  0.018,300.449,  0.000,  0.000
  0.018,300.503,  0.000,  0.000
  0.018,300.575,  0.000,  0.000
  0.018,300.592,  0.000,  0.000
  0.018,300.552,  0.000,  0.000
  0.018,300.506,  0.000,  0.000
  0.018,300.501,  0.000,  0.000
  0.018,300.525,  0.000,  0.000
  0.018,300.537,  0.000,  0.000
  0.018,300.538,  0.000,  0.000
  0.018,300.550,  0.000,  0.000
  0.018,300.564,  0.000,  0.000
  0.018,300.575,  0.000,  0.000
  0.018,300.589,  0.000,  0.000
  0.018,300.604,  0.000,  0.000
  0.018,300.612,  0.000,  0.000
  0.018,300.620,  0.001,  0.000
  0.018,300.648,  0.003,  0.000
  0.018,300.662,  0.004,  0.000
  0.018,300.409,  0.000,  0.000
  0.018,300.412,  0.000,  0.000
  0.018,300.418,  0.000,  0.000
  0.018,300.425,  0.000,  0.000
  0.018,300.433,  0.000,  0.000
  0.018,300.447,  0.000,  0.000
  0.018,300.488,  0.000,  0.000
  0.018,300.558,  0.000,  0.000
  0.018,300.595,  0.000,  0.000
  0.018,300.564,  0.000,  0.000
  0.018,300.516,  0.000,  0.000
  0.018,300.497,  0.000,  0.000
  0.018,300.518,  0.000,  0.000
  0.018,300.549,  0.000,  0.000
  0.018,300.572,  0.000,  0.000
  0.018,300.585,  0.000,  0.000
  0.018,300.587,  0.000,  0.000
  0.018,300.583,  0.000,  0.000
  0.018,300.592,  0.000,  0.000
  0.018,300.609,  0.000,  0.000
  0.018,300.617,  0.000,  0.000
  0.018,300.620,  0.000,  0.000
  0.018,300.630,  0.002,  0.000
  0.018,300.660,  0.012,  0.000
  0.018,300.668,  0.022,  0.000
  0.018,300.426,  0.000,  0.000
  0.018,300.433,  0.000,  0.000
  0.018,300.434,  0.000,  0.000
  0.018,300.426,  0.000,  0.000
  0.018,300.432,  0.000,  0.000
  0.018,300.478,  0.000,  0.000
  0.018,300.552,  0.000,  0.000
  0.018,300.591,  0.000,  0.000
  0.018,300.565,  0.000,  0.000
  0.018,300.515,  0.000,  0.000
  0.018,300.478,  0.000,  0.000
  0.018,300.489,  0.000,  0.000
  0.018,300.532,  0.000,  0.000
  0.018,300.579,  0.000,  0.000
  0.018,300.608,  0.000,  0.000
  0.018,300.620,  0.000,  0.000
  0.018,300.612,  0.000,  0.000
  0.018,300.602,  0.000,  0.000
  0.018,300.611,  0.000,  0.000
  0.018,300.625,  0.000,  0.000
  0.018,300.630,  0.000,  0.000
  0.018,300.633,  0.000,  0.000
  0.018,300.643,  0.001,  0.000
  0.018,300.674,  0.012,  0.000
  0.018,300.678,  0.034,  0.000
  0.018,300.447,  0.000,  0.000
  0.018,300.451,  0.000,  0.000
  0.018,300.448,  0.000,  0.000
  0.018,300.439,  0.000,  0.000
  0.018,300.461,  0.000,  0.000
  0.018,300.533,  0.000,  0.000
  0.018,300.600,  0.000,  0.000
  0.018,300.587,  0.000,  0.000
  0.018,300.536,  0.000,  0.000
  0.018,300.497,  0.000,  0.000
  0.018,300.483,  0.000,  0.000
  0.018,300.510,  0.000,  0.000
  0.018,300.564,  0.000,  0.000
  0.018,300.618,  0.000,  0.000
  0.018,300.640,  0.000,  0.000
  0.018,300.644,  0.000,  0.000
  0.018,300.634,  0.000,  0.000
  0.018,300.627,  0.000,  0.000
  0.018,300.630,  0.000,  0.000
  0.018,300.636,  0.000,  0.000
  0.018,300.643,  0.000,  0.000
  0.018,300.650,  0.000,  0.000
  0.018,300.659,  0.000,  0.000
  0.018,300.682,  0.001,  0.000
  0.018,300.681,  0.010,  0.000
  0.018,300.456,  0.000,  0.000
  0.018,300.451,  0.000,  0.000
  0.018,300.461,  0.000,  0.000
  0.018,300.486,  0.000,  0.000
  0.018,300.533,  0.000,  0.000
  0.018,300.581,  0.000,  0.000
  0.018,300.588,  0.000,  0.000
  0.018,300.553,  0.000,  0.000
  0.018,300.529,  0.000,  0.000
  0.018,300.530,  0.000,  0.000
  0.018,300.545,  0.000,  0.000
  0.018,300.572,  0.001,  0.000
  0.018,300.607,  0.000,  0.000
  0.018,300.640,  0.000,  0.000
  0.018,300.651,  0.000,  0.000
  0.018,300.650,  0.000,  0.000
  0.018,300.649,  0.000,  0.000
  0.018,300.651,  0.000,  0.000
  0.018,300.646,  0.000,  0.000
  0.018,300.646,  0.000,  0.000
  0.018,300.653,  0.000,  0.000
  0.018,300.662,  0.000,  0.000
  0.018,300.667,  0.000,  0.000
  0.018,300.678,  0.000,  0.000
  0.018,300.671,  0.000,  0.000
  0.018,300.449,  0.000,  0.000
  0.018,300.439,  0.000,  0.000
  0.018,300.477,  0.000,  0.000
  0.018,300.553,  0.000,  0.000
  0.018,300.603,  0.000,  0.000
  0.018,300.582,  0.000,  0.000
  0.018,300.535,  0.000,  0.000
  0.018,300.507,  0.000,  0.000
  0.018,300.529,  0.000,  0.000
  0.018,300.585,  0.000,  0.000
  0.018,300.619,  0.000,  0.000
  0.018,300.624,  0.000,  0.000
  0.018,300.628,  0.000,  0.000
  0.018,300.639,  0.000,  0.000
  0.018,300.643,  0.000,  0.000
  0.018,300.645,  0.000,  0.000
  0.018,300.655,  0.000,  0.000
  0.018,300.660,  0.000,  0.000
  0.018,300.656,  0.000,  0.000
  0.018,300.653,  0.000,  0.000
  0.018,300.659,  0.000,  0.000
  0.018,300.665,  0.000,  0.000
  0.018,300.664,  0.000,  0.000
  0.018,300.665,  0.000,  0.000
  0.018,300.654,  0.000,  0.000
  0.018,300.442,  0.000,  0.000
  0.018,300.448,  0.000,  0.000
  0.018,300.506,  0.000,  0.000
  0.018,300.596,  0.000,  0.000
  0.018,300.622,  0.000,  0.000
  0.018,300.557,  0.000,  0.000
  0.018,300.496,  0.000,  0.000
  0.018,300.482,  0.000,  0.000
  0.018,300.535,  0.000,  0.000
  0.018,300.614,  0.000,  0.000
  0.018,300.648,  0.000,  0.000
  0.018,300.645,  0.000,  0.000
  0.018,300.640,  0.000,  0.000
  0.018,300.639,  0.000,  0.000
  0.018,300.637,  0.000,  0.000
  0.018,300.637,  0.000,  0.000
  0.018,300.645,  0.000,  0.000
  0.018,300.658,  0.000,  0.000
  0.018,300.663,  0.000,  0.000
  0.018,300.659,  0.000,  0.000
  0.018,300.660,  0.000,  0.000
  0.018,300.663,  0.000,  0.000
  0.018,300.658,  0.000,  0.000
  0.018,300.655,  0.001,  0.000
  0.018,300.644,  0.000,  0.000
  0.018,300.433,  0.000,  0.000
  0.019,300.469,  0.000,  0.000
  0.018,300.547,  0.000,  0.000
  0.018,300.610,  0.000,  0.000
  0.018,300.597,  0.000,  0.000
  0.018,300.540,  0.000,  0.000
  0.018,300.496,  0.000,  0.000
  0.018,300.503,  0.000,  0.000
  0.018,300.560,  0.000,  0.000
  0.018,300.617,  0.000,  0.000
  0.018,300.641,  0.000,  0.000
  0.018,300.657,  0.000,  0.000
  0.018,300.664,  0.000,  0.000
  0.018,300.659,  0.000,  0.000
  0.018,300.651,  0.000,  0.000
  0.018,300.640,  0.000,  0.000
  0.018,300.638,  0.000,  0.000
  0.018,300.649,  0.000,  0.000
  0.018,300.666,  0.000,  0.000
  0.018,300.670,  0.001,  0.000
  0.018,300.666,  0.001,  0.000
  0.018,300.662,  0.001,  0.000
  0.018,300.656,  0.000,  0.000
  0.018,300.653,  0.000,  0.000
  0.018,300.647,  0.000,  0.000
  0.018,300.453,  0.000,  0.000
  0.019,300.512,  0.000,  0.000
  0.019,300.589,  0.000,  0.000
  0.018,300.596,  0.000,  0.000
  0.018,300.556,  0.000,  0.000
  0.018,300.529,  0.000,  0.000
  0.018,300.522,  0.000,  0.000
  0.018,300.556,  0.000,  0.000
  0.018,300.596,  0.000,  0.000
  0.018,300.618,  0.000,  0.000
  0.018,300.634,  0.000,  0.000
  0.018,300.663,  0.000,  0.000
  0.018,300.683,  0.000,  0.000
  0.018,300.688,  0.000,  0.000
  0.018,300.678,  0.000,  0.000
  0.018,300.659,  0.000,  0.000
  0.018,300.644,  0.000,  0.000
  0.018,300.646,  0.000,  0.000
  0.018,300.661,  0.000,  0.000
  0.018,300.675,  0.018,  0.000
  0.018,300.676,  0.081,  0.000
  0.018,300.666,  0.076,  0.000
  0.018,300.654,  0.012,  0.000
  0.018,300.653,  0.001,  0.000
  0.018,300.654,  0.001,  0.000
  0.018,300.535,  0.053,  0.000
  0.018,300.576,  0.003,  0.000
  0.018,300.598,  0.001,  0.000
  0.018,300.568,  0.001,  0.000
  0.018,300.527,  0.001,  0.000
  0.018,300.529,  0.000,  0.000
  0.018,300.572,  0.000,  0.000
  0.018,300.608,  0.000,  0.000
  0.018,300.612,  0.000,  0.000
  0.018,300.619,  0.000,  0.000
  0.018,300.637,  0.000,  0.000
  0.018,300.659,  0.000,  0.000
  0.018,300.683,  0.000,  0.000
  0.018,300.704,  0.000,  0.000
  0.018,300.698,  0.000,  0.000
  0.018,300.676,  0.000,  0.000
  0.018,300.660,  0.000,  0.000
  0.018,300.655,  0.000,  0.000
  0.018,300.661,  0.001,  0.000
  0.018,300.675,  0.057,  0.000
  0.018,300.684,  0.304,  0.000
  0.018,300.668,  0.420,  0.000
  0.018,300.649,  0.211,  0.000
  0.018,300.646,  0.060,  0.000
  0.018,300.655,  0.010,  0.000
  0.018,300.618,  0.334,  0.000
  0.018,300.614,  0.125,  0.000
  0.018,300.580,  0.039,  0.000
  0.018,300.546,  0.004,  0.000
  0.018,300.527,  0.002,  0.000
  0.018,300.561,  0.001,  0.000
  0.018,300.623,  0.000,  0.000
  0.018,300.637,  0.000,  0.000
  0.018,300.618,  0.000,  0.000
  0.018,300.618,  0.000,  0.000
  0.018,300.640,  0.000,  0.000
  0.018,300.664,  0.000,  0.000
  0.018,300.689,  0.000,  0.000
  0.018,300.706,  0.000,  0.000
  0.018,300.698,  0.000,  0.000
  0.018,300.677,  0.000,  0.000
  0.018,300.669,  0.000,  0.000
  0.018,300.672,  0.000,  0.000
  0.018,300.677,  0.001,  0.000
  0.018,300.682,  0.024,  0.000
  0.018,300.684,  0.183,  0.000
  0.018,300.669,  0.525,  0.000
  0.018,300.651,  0.658,  0.000
  0.018,300.641,  0.474,  0.000
  0.018,300.647,  0.209,  0.000
  0.018,300.658,  0.554,  0.000
  0.018,300.629,  0.580,  0.000
  0.018,300.578,  0.354,  0.000
  0.018,300.556,  0.059,  0.000
  0.018,300.572,  0.007,  0.000
  0.018,300.610,  0.001,  0.000
  0.018,300.642,  0.001,  0.000
  0.018,300.642,  0.000,  0.000
  0.018,300.634,  0.000,  0.000
  0.018,300.635,  0.000,  0.000
  0.018,300.649,  0.000,  0.000
  0.018,300.674,  0.000,  0.000
  0.018,300.697,  0.000,  0.000
  0.018,300.697,  0.000,  0.000
  0.018,300.677,  0.000,  0.000
  0.018,300.665,  0.000,  0.000
  0.018,300.666,  0.000,  0.000
  0.018,300.679,  0.000,  0.000
  0.018,300.686,  0.000,  0.000
  0.018,300.682,  0.001,  0.000
  0.018,300.671,  0.009,  0.000
  0.018,300.662,  0.094,  0.000
  0.018,300.654,  0.420,  0.000
  0.018,300.642,  0.874,  0.000
  0.018,300.636,  0.870,  0.000
  0.018,300.667,  0.206,  0.000
  0.018,300.636,  0.602,  0.000
  0.018,300.603,  0.707,  0.000
  0.018,300.609,  0.307,  0.000
  0.018,300.645,  0.080,  0.000
  0.018,300.654,  0.016,  0.000
  0.018,300.634,  0.003,  0.000
  0.018,300.631,  0.001,  0.000
  0.018,300.657,  0.000,  0.000
  0.018,300.678,  0.000,  0.000
  0.018,300.679,  0.000,  0.000
  0.018,300.684,  0.000,  0.000
  0.018,300.695,  0.000,  0.000
  0.018,300.681,  0.000,  0.000
  0.018,300.658,  0.000,  0.000
  0.018,300.662,  0.000,  0.000
  0.018,300.674,  0.000,  0.000
  0.018,300.684,  0.000,  0.000
  0.018,300.682,  0.000,  0.000
  0.018,300.668,  0.001,  0.000
  0.018,300.655,  0.022,  0.000
  0.019,300.652,  0.133,  0.000
  0.019,300.650,  0.308,  0.000
  0.019,300.639,  0.452,  0.000
  0.018,300.625,  0.833,  0.000
  0.018,300.666,  0.012,  0.000
  0.018,300.637,  0.114,  0.000
  0.018,300.625,  0.362,  0.000
  0.018,300.656,  0.498,  0.000
  0.018,300.699,  0.341,  0.000
  0.018,300.685,  0.160,  0.000
  0.018,300.628,  0.059,  0.000
  0.018,300.616,  0.018,  0.000
  0.018,300.662,  0.004,  0.000
  0.018,300.707,  0.000,  0.000
  0.018,300.715,  0.000,  0.000
  0.018,300.697,  0.000,  0.000
  0.018,300.683,  0.000,  0.000
  0.018,300.670,  0.000,  0.000
  0.018,300.662,  0.001,  0.000
  0.018,300.678,  0.001,  0.000
  0.018,300.700,  0.001,  0.000
  0.018,300.697,  0.001,  0.000
  0.018,300.673,  0.001,  0.000
  0.018,300.648,  0.001,  0.000
  0.018,300.638,  0.013,  0.000
  0.018,300.643,  0.133,  0.000
  0.019,300.642,  0.451,  0.000
  0.019,300.631,  0.753,  0.000
  0.019,300.619,  0.792,  0.000
  0.018,300.655,  0.002,  0.000
  0.018,300.631,  0.006,  0.000
  0.018,300.624,  0.060,  0.000
  0.018,300.657,  0.246,  0.000
  0.018,300.705,  0.449,  0.000
  0.018,300.696,  0.444,  0.000
  0.018,300.643,  0.288,  0.000
  0.018,300.622,  0.119,  0.000
  0.018,300.649,  0.016,  0.000
  0.018,300.694,  0.001,  0.000
  0.018,300.719,  0.000,  0.000
  0.018,300.702,  0.000,  0.000
  0.018,300.671,  0.000,  0.000
  0.018,300.667,  0.000,  0.000
  0.018,300.678,  0.001,  0.000
  0.018,300.699,  0.000,  0.000
  0.018,300.718,  0.000,  0.000
  0.018,300.707,  0.000,  0.000
  0.018,300.675,  0.000,  0.000
  0.018,300.649,  0.001,  0.000
  0.018,300.637,  0.002,  0.000
  0.018,300.636,  0.019,  0.000
  0.018,300.631,  0.127,  0.000
  0.019,300.618,  0.434,  0.000
  0.019,300.610,  0.919,  0.000
