  0.020,300.451,  0.000,  0.000
  0.020,300.454,  0.000,  0.000
  0.020,300.442,  0.000,  0.000
  0.020,300.436,  0.000,  0.000
  0.020,300.452,  0.000,  0.000
  0.020,300.476,  0.000,  0.000
  0.020,300.494,  0.000,  0.000
  0.020,300.502,  0.000,  0.000
  0.020,300.513,  0.000,  0.000
  0.020,300.529,  0.000,  0.000
  0.020,300.542,  0.000,  0.000
  0.020,300.547,  0.000,  0.000
  0.020,300.553,  0.000,  0.000
  0.020,300.565,  0.000,  0.000
  0.020,300.582,  0.000,  0.000
  0.020,300.594,  0.000,  0.000
  0.020,300.595,  0.000,  0.000
  0.020,300.590,  0.000,  0.000
  0.020,300.590,  0.000,  0.000
  0.020,300.594,  0.000,  0.000
  0.020,300.594,  0.000,  0.000
  0.020,300.588,  0.000,  0.000
  0.020,300.581,  0.000,  0.000
  0.020,300.605,  0.000,  0.000
  0.020,300.599,  0.000,  0.000
  0.020,300.410,  0.000,  0.000
  0.020,300.413,  0.000,  0.000
  0.020,300.414,  0.000,  0.000
  0.020,300.421,  0.000,  0.000
  0.020,300.444,  0.000,  0.000
  0.019,300.475,  0.000,  0.000
  0.020,300.504,  0.000,  0.000
  0.020,300.520,  0.000,  0.000
  0.020,300.530,  0.000,  0.000
  0.020,300.544,  0.000,  0.000
  0.020,300.554,  0.000,  0.000
  0.020,300.553,  0.000,  0.000
  0.020,300.552,  0.000,  0.000
  0.020,300.565,  0.000,  0.000
  0.020,300.588,  0.000,  0.000
  0.020,300.606,  0.000,  0.000
  0.020,300.602,  0.000,  0.000
  0.020,300.587,  0.000,  0.000
  0.020,300.585,  0.000,  0.000
  0.020,300.596,  0.000,  0.000
  0.020,300.602,  0.000,  0.000
  0.020,300.596,  0.000,  0.000
  0.020,300.583,  0.000,  0.000
  0.020,300.602,  0.000,  0.000
  0.020,300.593,  0.000,  0.000
  0.020,300.393,  0.000,  0.000
  0.020,300.398,  0.000,  0.000
  0.020,300.403,  0.000,  0.000
  0.020,300.411,  0.000,  0.000
  0.020,300.427,  0.000,  0.000
  0.020,300.451,  0.000,  0.000
  0.020,300.486,  0.000,  0.000
  0.020,300.520,  0.000,  0.000
  0.020,300.541,  0.000,  0.000
  0.020,300.553,  0.000,  0.000
  0.020,300.565,  0.000,  0.000
  0.020,300.571,  0.000,  0.000
  0.020,300.567,  0.000,  0.000
  0.020,300.571,  0.000,  0.000
  0.020,300.592,  0.000,  0.000
  0.020,300.614,  0.000,  0.000
  0.020,300.616,  0.000,  0.000
  0.020,300.602,  0.000,  0.000
  0.020,300.595,  0.000,  0.000
  0.020,300.600,  0.000,  0.000
  0.020,300.608,  0.000,  0.000
  0.020,300.606,  0.000,  0.000
  0.020,300.592,  0.000,  0.000
  0.020,300.602,  0.000,  0.000
  0.020,300.589,  0.000,  0.000
  0.020,300.412,  0.000,  0.000
  0.020,300.409,  0.000,  0.000
  0.020,300.404,  0.000,  0.000
  0.020,300.404,  0.000,  0.000
  0.020,300.412,  0.000,  0.000
  0.020,300.426,  0.000,  0.000
  0.020,300.449,  0.000,  0.000
  0.020,300.484,  0.000,  0.000
  0.020,300.521,  0.000,  0.000
  0.020,300.549,  0.000,  0.000
  0.020,300.568,  0.000,  0.000
  0.019,300.580,  0.000,  0.000
  0.020,300.585,  0.000,  0.000
  0.020,300.587,  0.000,  0.000
  0.020,300.595,  0.000,  0.000
  0.020,300.614,  0.000,  0.000
  0.020,300.628,  0.000,  0.000
  0.020,300.625,  0.000,  0.000
  0.020,300.612,  0.000,  0.000
  0.020,300.604,  0.000,  0.000
  0.020,300.606,  0.000,  0.000
  0.020,300.608,  0.000,  0.000
  0.020,300.601,  0.000,  0.000
  0.020,300.610,  0.000,  0.000
  0.020,300.596,  0.000,  0.000
  0.020,300.442,  0.000,  0.000
  0.020,300.423,  0.000,  0.000
  0.020,300.407,  0.000,  0.000
  0.020,300.405,  0.000,  0.000
  0.020,300.414,  0.000,  0.000
  0.020,300.426,  0.000,  0.000
  0.020,300.440,  0.000,  0.000
  0.020,300.461,  0.000,  0.000
  0.020,300.493,  0.000,  0.000
  0.020,300.528,  0.000,  0.000
  0.019,300.552,  0.000,  0.000
  0.020,300.562,  0.000,  0.000
  0.020,300.566,  0.000,  0.000
  0.020,300.567,  0.000,  0.000
  0.020,300.578,  0.000,  0.000
  0.020,300.607,  0.000,  0.000
  0.020,300.634,  0.000,  0.000
  0.020,300.639,  0.000,  0.000
  0.020,300.625,  0.000,  0.000
  0.020,300.610,  0.000,  0.000
  0.020,300.601,  0.000,  0.000
  0.020,300.597,  0.000,  0.000
  0.020,300.598,  0.000,  0.000
  0.020,300.614,  0.000,  0.000
  0.020,300.606,  0.000,  0.000
  0.020,300.450,  0.000,  0.000
  0.020,300.425,  0.000,  0.000
  0.020,300.418,  0.000,  0.000
  0.020,300.419,  0.000,  0.000
  0.020,300.425,  0.000,  0.000
  0.020,300.434,  0.000,  0.000
  0.020,300.445,  0.000,  0.000
  0.020,300.460,  0.000,  0.000
  0.020,300.482,  0.000,  0.000
  0.020,300.510,  0.000,  0.000
  0.020,300.530,  0.000,  0.000
  0.020,300.536,  0.000,  0.000
  0.020,300.533,  0.000,  0.000
  0.020,300.536,  0.000,  0.000
  0.020,300.558,  0.000,  0.000
  0.020,300.594,  0.000,  0.000
  0.020,300.626,  0.000,  0.000
  0.020,300.638,  0.000,  0.000
  0.020,300.631,  0.000,  0.000
  0.020,300.614,  0.000,  0.000
  0.020,300.595,  0.000,  0.000
  0.020,300.589,  0.000,  0.000
  0.020,300.589,  0.000,  0.000
  0.020,300.609,  0.000,  0.000
  0.020,300.613,  0.000,  0.000
  0.020,300.440,  0.000,  0.000
  0.020,300.433,  0.000,  0.000
  0.020,300.444,  0.000,  0.000
  0.020,300.450,  0.000,  0.000
  0.020,300.448,  0.000,  0.000
  0.020,300.447,  0.000,  0.000
  0.020,300.452,  0.000,  0.000
  0.020,300.458,  0.000,  0.000
  0.020,300.469,  0.000,  0.000
  0.020,300.487,  0.000,  0.000
  0.020,300.504,  0.000,  0.000
  0.020,300.516,  0.000,  0.000
  0.020,300.531,  0.000,  0.000
  0.020,300.550,  0.000,  0.000
  0.020,300.567,  0.000,  0.000
  0.020,300.588,  0.000,  0.000
  0.020,300.613,  0.000,  0.000
  0.020,300.631,  0.000,  0.000
  0.020,300.630,  0.000,  0.000
  0.020,300.612,  0.000,  0.000
  0.020,300.592,  0.000,  0.000
  0.020,300.581,  0.000,  0.000
  0.020,300.581,  0.000,  0.000
  0.020,300.603,  0.000,  0.000
  0.020,300.617,  0.000,  0.000
  0.020,300.457,  0.000,  0.000
  0.019,300.423,  0.000,  0.000
  0.019,300.446,  0.000,  0.000
  0.020,300.488,  0.000,  0.000
  0.020,300.490,  0.000,  0.000
  0.020,300.474,  0.000,  0.000
  0.020,300.467,  0.000,  0.000
  0.020,300.469,  0.000,  0.000
  0.020,300.472,  0.000,  0.000
  0.020,300.476,  0.000,  0.000
  0.020,300.484,  0.000,  0.000
  0.020,300.504,  0.000,  0.000
  0.020,300.536,  0.000,  0.000
  0.020,300.574,  0.000,  0.000
  0.020,300.600,  0.000,  0.000
  0.020,300.609,  0.000,  0.000
  0.020,300.614,  0.000,  0.000
  0.020,300.622,  0.000,  0.000
  0.020,300.628,  0.000,  0.000
  0.020,300.620,  0.000,  0.000
  0.020,300.597,  0.000,  0.000
  0.020,300.576,  0.000,  0.000
  0.020,300.571,  0.000,  0.000
  0.020,300.596,  0.000,  0.000
  0.020,300.621,  0.000,  0.000
  0.019,300.471,  0.000,  0.000
  0.019,300.450,  0.000,  0.000
  0.020,300.478,  0.000,  0.000
  0.019,300.474,  0.000,  0.000
  0.019,300.484,  0.000,  0.000
  0.020,300.496,  0.000,  0.000
  0.020,300.487,  0.000,  0.000
  0.020,300.489,  0.000,  0.000
  0.020,300.496,  0.000,  0.000
  0.020,300.499,  0.000,  0.000
  0.020,300.496,  0.000,  0.000
  0.020,300.500,  0.000,  0.000
  0.020,300.526,  0.000,  0.000
  0.020,300.571,  0.000,  0.000
  0.020,300.610,  0.000,  0.000
  0.020,300.626,  0.000,  0.000
  0.020,300.621,  0.000,  0.000
  0.020,300.616,  0.000,  0.000
  0.020,300.624,  0.000,  0.000
  0.020,300.624,  0.000,  0.000
  0.020,300.605,  0.000,  0.000
  0.020,300.580,  0.000,  0.000
  0.020,300.572,  0.000,  0.000
  0.020,300.597,  0.000,  0.000
  0.020,300.625,  0.000,  0.000
  0.019,300.512,  0.000,  0.000
  0.019,300.488,  0.000,  0.000
  0.019,300.466,  0.000,  0.000
  0.020,300.484,  0.000,  0.000
  0.019,300.456,  0.000,  0.000
  0.019,300.461,  0.000,  0.000
  0.020,300.499,  0.000,  0.000
  0.020,300.511,  0.000,  0.000
  0.020,300.518,  0.000,  0.000
  0.020,300.519,  0.000,  0.000
  0.020,300.514,  0.000,  0.000
  0.020,300.510,  0.000,  0.000
  0.020,300.518,  0.000,  0.000
  0.020,300.547,  0.000,  0.000
  0.020,300.591,  0.000,  0.000
  0.020,300.623,  0.000,  0.000
  0.020,300.627,  0.000,  0.000
  0.020,300.614,  0.000,  0.000
  0.020,300.609,  0.000,  0.000
  0.020,300.615,  0.000,  0.000
  0.020,300.614,  0.000,  0.000
  0.020,300.606,  0.000,  0.000
  0.020,300.605,  0.000,  0.000
  0.020,300.620,  0.000,  0.000
  0.020,300.637,  0.000,  0.000
  0.020,300.523,  0.000,  0.000
  0.019,300.502,  0.000,  0.000
  0.019,300.469,  0.000,  0.000
  0.019,300.431,  0.000,  0.000
  0.019,300.416,  0.000,  0.000
  0.019,300.439,  0.000,  0.000
  0.020,300.504,  0.000,  0.000
  0.020,300.530,  0.000,  0.000
  0.020,300.535,  0.000,  0.000
  0.020,300.523,  0.000,  0.000
  0.020,300.518,  0.000,  0.000
  0.020,300.529,  0.000,  0.000
  0.020,300.548,  0.000,  0.000
  0.020,300.569,  0.000,  0.000
  0.020,300.596,  0.000,  0.000
  0.020,300.620,  0.000,  0.000
  0.020,300.626,  0.000,  0.000
  0.020,300.616,  0.000,  0.000
  0.020,300.606,  0.000,  0.000
  0.020,300.608,  0.000,  0.000
  0.020,300.620,  0.000,  0.000
  0.020,300.634,  0.000,  0.000
  0.020,300.644,  0.000,  0.000
  0.020,300.652,  0.000,  0.000
  0.020,300.653,  0.000,  0.000
  0.020,300.499,  0.000,  0.000
  0.020,300.515,  0.000,  0.000
  0.020,300.514,  0.000,  0.000
  0.020,300.476,  0.000,  0.000
  0.019,300.433,  0.000,  0.000
  0.019,300.451,  0.000,  0.000
  0.019,300.493,  0.000,  0.000
  0.020,300.533,  0.000,  0.000
  0.020,300.531,  0.000,  0.000
  0.020,300.511,  0.000,  0.000
  0.020,300.499,  0.000,  0.000
  0.020,300.519,  0.000,  0.000
  0.020,300.560,  0.000,  0.000
  0.020,300.592,  0.000,  0.000
  0.020,300.607,  0.000,  0.000
  0.020,300.615,  0.000,  0.000
  0.020,300.617,  0.000,  0.000
  0.020,300.615,  0.000,  0.000
  0.020,300.611,  0.000,  0.000
  0.020,300.609,  0.000,  0.000
  0.020,300.615,  0.000,  0.000
  0.020,300.628,  0.000,  0.000
  0.020,300.640,  0.000,  0.000
  0.020,300.646,  0.000,  0.000
  0.020,300.646,  0.000,  0.000
  0.020,300.500,  0.000,  0.000
  0.020,300.515,  0.000,  0.000
  0.020,300.543,  0.000,  0.000
  0.020,300.539,  0.000,  0.000
  0.020,300.512,  0.000,  0.000
  0.019,300.473,  0.000,  0.000
  0.019,300.474,  0.000,  0.000
  0.019,300.467,  0.000,  0.000
  0.020,300.489,  0.000,  0.000
  0.020,300.484,  0.000,  0.000
  0.020,300.478,  0.000,  0.000
  0.020,300.486,  0.000,  0.000
  0.020,300.521,  0.000,  0.000
  0.020,300.568,  0.000,  0.000
  0.020,300.599,  0.000,  0.000
  0.020,300.613,  0.000,  0.000
  0.020,300.618,  0.000,  0.000
  0.020,300.636,  0.000,  0.000
  0.020,300.641,  0.000,  0.000
  0.020,300.633,  0.000,  0.000
  0.020,300.621,  0.000,  0.000
  0.020,300.616,  0.000,  0.000
  0.020,300.616,  0.000,  0.000
  0.020,300.621,  0.000,  0.000
  0.020,300.625,  0.000,  0.000
  0.019,300.506,  0.000,  0.000
  0.020,300.533,  0.000,  0.000
  0.020,300.562,  0.000,  0.000
  0.020,300.578,  0.000,  0.000
  0.020,300.550,  0.000,  0.000
  0.020,300.505,  0.000,  0.000
  0.019,300.442,  0.000,  0.000
  0.019,300.426,  0.000,  0.000
  0.020,300.470,  0.000,  0.000
  0.020,300.484,  0.000,  0.000
  0.020,300.488,  0.000,  0.000
  0.020,300.483,  0.000,  0.000
  0.020,300.489,  0.000,  0.000
  0.020,300.513,  0.000,  0.000
  0.020,300.552,  0.000,  0.000
  0.020,300.592,  0.000,  0.000
  0.020,300.627,  0.000,  0.000
  0.020,300.664,  0.000,  0.000
  0.020,300.681,  0.000,  0.000
  0.020,300.670,  0.000,  0.000
  0.020,300.645,  0.000,  0.000
  0.020,300.618,  0.000,  0.000
  0.020,300.609,  0.000,  0.000
  0.020,300.611,  0.000,  0.000
  0.020,300.616,  0.000,  0.000
  0.019,300.571,  0.000,  0.000
  0.019,300.534,  0.000,  0.000
  0.020,300.543,  0.000,  0.000
  0.020,300.545,  0.000,  0.000
  0.020,300.541,  0.000,  0.000
  0.020,300.511,  0.000,  0.000
  0.020,300.484,  0.000,  0.000
  0.020,300.483,  0.000,  0.000
  0.020,300.504,  0.000,  0.000
  0.020,300.525,  0.000,  0.000
  0.020,300.529,  0.000,  0.000
  0.020,300.512,  0.000,  0.000
  0.020,300.495,  0.000,  0.000
  0.020,300.496,  0.000,  0.000
  0.020,300.510,  0.000,  0.000
  0.020,300.541,  0.000,  0.000
  0.020,300.594,  0.000,  0.000
  0.020,300.652,  0.000,  0.000
  0.020,300.683,  0.000,  0.000
  0.020,300.675,  0.000,  0.000
  0.020,300.645,  0.000,  0.000
  0.020,300.619,  0.000,  0.000
  0.020,300.615,  0.000,  0.000
  0.020,300.618,  0.000,  0.000
  0.020,300.622,  0.000,  0.000
