  0.018,300.129,  0.017,  0.000
  0.018,300.155,  0.007,  0.000
  0.018,300.175,  0.003,  0.000
  0.018,300.178,  0.000,  0.000
  0.018,300.172,  0.001,  0.000
  0.018,300.143,  0.000,  0.000
  0.018,300.103,  0.000,  0.000
  0.018,300.100,  0.000,  0.000
  0.018,300.132,  0.000,  0.000
  0.018,300.156,  0.000,  0.000
  0.018,300.152,  0.001,  0.000
  0.018,300.114,  0.000,  0.000
  0.019,300.061,  0.000,  0.000
  0.018,300.041,  0.000,  0.000
  0.018,300.062,  0.000,  0.000
  0.018,300.094,  0.000,  0.000
  0.018,300.100,  0.000,  0.000
  0.018,300.088,  0.000,  0.000
  0.018,300.090,  0.000,  0.000
  0.018,300.116,  0.000,  0.000
  0.018,300.143,  0.000,  0.000
  0.018,300.146,  0.000,  0.000
  0.018,300.126,  0.000,  0.000
  0.018,300.102,  0.000,  0.000
  0.018,300.052,  0.000,  0.000
  0.018,300.140,  0.081,  0.000
  0.018,300.123,  0.051,  0.000
  0.018,300.138,  0.015,  0.000
  0.018,300.182,  0.000,  0.000
  0.018,300.217,  0.000,  0.000
  0.018,300.227,  0.000,  0.000
  0.018,300.190,  0.000,  0.000
  0.018,300.124,  0.000,  0.000
  0.018,300.109,  0.000,  0.000
  0.018,300.143,  0.000,  0.000
  0.018,300.184,  0.000,  0.000
  0.018,300.179,  0.000,  0.000
  0.018,300.126,  0.000,  0.000
  0.018,300.069,  0.000,  0.000
  0.018,300.059,  0.000,  0.000
  0.018,300.071,  0.000,  0.000
  0.018,300.087,  0.000,  0.000
  0.018,300.086,  0.000,  0.000
  0.018,300.072,  0.000,  0.000
  0.018,300.063,  0.000,  0.000
  0.018,300.065,  0.000,  0.000
  0.018,300.066,  0.000,  0.000
  0.018,300.063,  0.000,  0.000
  0.018,300.076,  0.000,  0.000
  0.018,300.061,  0.000,  0.000
  0.018,300.218,  0.085,  0.000
  0.018,300.182,  0.009,  0.000
  0.018,300.136,  0.004,  0.000
  0.018,300.134,  0.001,  0.000
  0.018,300.173,  0.000,  0.000
  0.018,300.211,  0.000,  0.000
  0.018,300.220,  0.000,  0.000
  0.018,300.175,  0.000,  0.000
  0.018,300.118,  0.000,  0.000
  0.018,300.104,  0.000,  0.000
  0.018,300.114,  0.000,  0.000
  0.018,300.112,  0.000,  0.000
  0.018,300.107,  0.000,  0.000
  0.018,300.100,  0.000,  0.000
  0.018,300.093,  0.000,  0.000
  0.018,300.096,  0.000,  0.000
  0.018,300.102,  0.000,  0.000
  0.018,300.099,  0.000,  0.000
  0.018,300.085,  0.000,  0.000
  0.018,300.060,  0.000,  0.000
  0.018,300.037,  0.000,  0.000
  0.018,300.025,  0.000,  0.000
  0.018,300.022,  0.000,  0.000
  0.018,300.033,  0.000,  0.000
  0.018,300.015,  0.000,  0.000
  0.018,300.248,  0.020,  0.000
  0.018,300.252,  0.003,  0.000
  0.018,300.213,  0.001,  0.000
  0.018,300.156,  0.001,  0.000
  0.018,300.141,  0.000,  0.000
  0.018,300.162,  0.000,  0.000
  0.018,300.182,  0.000,  0.000
  0.018,300.166,  0.000,  0.000
  0.018,300.129,  0.000,  0.000
  0.018,300.098,  0.000,  0.000
  0.018,300.087,  0.000,  0.000
  0.018,300.080,  0.000,  0.000
  0.018,300.078,  0.000,  0.000
  0.018,300.079,  0.000,  0.000
  0.018,300.077,  0.000,  0.000
  0.018,300.075,  0.000,  0.000
  0.018,300.077,  0.000,  0.000
  0.018,300.088,  0.000,  0.000
  0.018,300.096,  0.000,  0.000
  0.018,300.093,  0.000,  0.000
  0.018,300.073,  0.000,  0.000
  0.018,300.041,  0.000,  0.000
  0.018,300.024,  0.000,  0.000
  0.018,300.028,  0.000,  0.000
  0.018,300.027,  0.000,  0.000
  0.018,300.200,  0.001,  0.000
  0.018,300.215,  0.000,  0.000
  0.018,300.205,  0.000,  0.000
  0.018,300.164,  0.000,  0.000
  0.018,300.133,  0.000,  0.000
  0.018,300.132,  0.000,  0.000
  0.018,300.144,  0.000,  0.000
  0.018,300.144,  0.000,  0.000
  0.018,300.116,  0.000,  0.000
  0.018,300.069,  0.000,  0.000
  0.018,300.044,  0.000,  0.000
  0.018,300.060,  0.000,  0.000
  0.018,300.092,  0.000,  0.000
  0.018,300.124,  0.000,  0.000
  0.018,300.136,  0.000,  0.000
  0.018,300.114,  0.000,  0.000
  0.018,300.085,  0.000,  0.000
  0.018,300.075,  0.000,  0.000
  0.018,300.080,  0.000,  0.000
  0.018,300.089,  0.000,  0.000
  0.018,300.090,  0.000,  0.000
  0.018,300.074,  0.000,  0.000
  0.018,300.051,  0.000,  0.000
  0.018,300.050,  0.000,  0.000
  0.018,300.056,  0.000,  0.000
  0.018,300.166,  0.000,  0.000
  0.018,300.163,  0.000,  0.000
  0.018,300.160,  0.000,  0.000
  0.018,300.150,  0.000,  0.000
  0.018,300.128,  0.000,  0.000
  0.018,300.112,  0.000,  0.000
  0.018,300.113,  0.000,  0.000
  0.018,300.120,  0.000,  0.000
  0.018,300.124,  0.000,  0.000
  0.018,300.101,  0.000,  0.000
  0.018,300.058,  0.000,  0.000
  0.018,300.048,  0.000,  0.000
  0.018,300.080,  0.000,  0.000
  0.018,300.133,  0.000,  0.000
  0.018,300.154,  0.000,  0.000
  0.018,300.127,  0.000,  0.000
  0.018,300.082,  0.000,  0.000
  0.018,300.054,  0.000,  0.000
  0.018,300.040,  0.000,  0.000
  0.018,300.036,  0.000,  0.000
  0.018,300.036,  0.000,  0.000
  0.018,300.033,  0.000,  0.000
  0.018,300.026,  0.000,  0.000
  0.018,300.032,  0.000,  0.000
  0.018,300.045,  0.000,  0.000
  0.018,300.170,  0.000,  0.000
  0.018,300.161,  0.000,  0.000
  0.018,300.149,  0.000,  0.000
  0.018,300.137,  0.000,  0.000
  0.018,300.120,  0.000,  0.000
  0.018,300.098,  0.000,  0.000
  0.018,300.079,  0.000,  0.000
  0.018,300.076,  0.000,  0.000
  0.018,300.091,  0.000,  0.000
  0.018,300.108,  0.000,  0.000
  0.018,300.106,  0.000,  0.000
  0.018,300.097,  0.000,  0.000
  0.018,300.113,  0.000,  0.000
  0.018,300.143,  0.000,  0.000
  0.018,300.136,  0.000,  0.000
  0.018,300.094,  0.000,  0.000
  0.018,300.065,  0.000,  0.000
  0.018,300.065,  0.000,  0.000
  0.018,300.077,  0.000,  0.000
  0.018,300.074,  0.000,  0.000
  0.018,300.051,  0.000,  0.000
  0.018,300.026,  0.000,  0.000
  0.018,300.015,  0.000,  0.000
  0.018,300.022,  0.000,  0.000
  0.019,300.029,  0.000,  0.000
  0.018,300.174,  0.000,  0.000
  0.018,300.198,  0.000,  0.000
  0.018,300.204,  0.000,  0.000
  0.018,300.182,  0.000,  0.000
  0.018,300.148,  0.000,  0.000
  0.018,300.120,  0.000,  0.000
  0.018,300.103,  0.000,  0.000
  0.018,300.099,  0.000,  0.000
  0.018,300.108,  0.000,  0.000
  0.018,300.130,  0.000,  0.000
  0.018,300.149,  0.000,  0.000
  0.018,300.150,  0.000,  0.000
  0.018,300.135,  0.000,  0.000
  0.018,300.118,  0.000,  0.000
  0.018,300.102,  0.000,  0.000
  0.018,300.084,  0.000,  0.000
  0.018,300.072,  0.000,  0.000
  0.018,300.067,  0.000,  0.000
  0.018,300.061,  0.000,  0.000
  0.018,300.050,  0.000,  0.000
  0.018,300.044,  0.000,  0.000
  0.018,300.056,  0.000,  0.000
  0.018,300.087,  0.000,  0.000
  0.018,300.114,  0.000,  0.000
  0.018,300.091,  0.000,  0.000
  0.018,300.188,  0.000,  0.000
  0.018,300.213,  0.000,  0.000
  0.018,300.234,  0.000,  0.000
  0.018,300.231,  0.000,  0.000
  0.018,300.186,  0.000,  0.000
  0.019,300.136,  0.000,  0.000
  0.018,300.114,  0.000,  0.000
  0.018,300.135,  0.000,  0.000
  0.018,300.153,  0.000,  0.000
  0.018,300.164,  0.000,  0.000
  0.018,300.182,  0.000,  0.000
  0.018,300.187,  0.000,  0.000
  0.018,300.180,  0.000,  0.000
  0.018,300.158,  0.000,  0.000
  0.018,300.118,  0.000,  0.000
  0.018,300.068,  0.000,  0.000
  0.018,300.044,  0.000,  0.000
  0.018,300.066,  0.000,  0.000
  0.018,300.100,  0.000,  0.000
  0.018,300.089,  0.000,  0.000
  0.018,300.046,  0.000,  0.000
  0.018,300.030,  0.000,  0.000
  0.018,300.066,  0.000,  0.000
  0.018,300.111,  0.000,  0.000
  0.018,300.117,  0.000,  0.000
  0.019,300.129,  0.000,  0.000
  0.018,300.107,  0.000,  0.000
  0.018,300.161,  0.000,  0.000
  0.018,300.208,  0.000,  0.000
  0.018,300.215,  0.000,  0.000
  0.018,300.188,  0.000,  0.000
  0.018,300.157,  0.000,  0.000
  0.018,300.158,  0.000,  0.000
  0.018,300.164,  0.000,  0.000
  0.018,300.160,  0.000,  0.000
  0.018,300.156,  0.000,  0.000
  0.018,300.164,  0.000,  0.000
  0.018,300.181,  0.000,  0.000
  0.018,300.201,  0.000,  0.000
  0.018,300.199,  0.000,  0.000
  0.018,300.146,  0.000,  0.000
  0.018,300.071,  0.000,  0.000
  0.018,300.044,  0.000,  0.000
  0.018,300.078,  0.000,  0.000
  0.018,300.119,  0.000,  0.000
  0.018,300.120,  0.000,  0.000
  0.018,300.073,  0.000,  0.000
  0.018,300.040,  0.000,  0.000
  0.018,300.053,  0.000,  0.000
  0.018,300.074,  0.000,  0.000
  0.018,300.177,  0.000,  0.000
  0.019,300.120,  0.000,  0.000
  0.018,300.121,  0.000,  0.000
  0.018,300.154,  0.000,  0.000
  0.018,300.176,  0.000,  0.000
  0.018,300.183,  0.000,  0.000
  0.018,300.175,  0.000,  0.000
  0.018,300.166,  0.000,  0.000
  0.018,300.165,  0.000,  0.000
  0.018,300.161,  0.000,  0.000
  0.018,300.152,  0.000,  0.000
  0.018,300.145,  0.000,  0.000
  0.018,300.144,  0.000,  0.000
  0.018,300.147,  0.000,  0.000
  0.018,300.143,  0.000,  0.000
  0.018,300.127,  0.000,  0.000
  0.018,300.094,  0.000,  0.000
  0.018,300.058,  0.000,  0.000
  0.018,300.059,  0.000,  0.000
  0.018,300.099,  0.000,  0.000
  0.018,300.144,  0.000,  0.000
  0.018,300.152,  0.000,  0.000
  0.018,300.112,  0.000,  0.000
  0.018,300.056,  0.000,  0.000
  0.019,300.013,  0.000,  0.000
  0.018,300.280,  0.000,  0.000
  0.019,300.201,  0.000,  0.000
  0.019,300.160,  0.000,  0.000
  0.018,300.190,  0.000,  0.000
  0.018,300.219,  0.000,  0.000
  0.018,300.216,  0.000,  0.000
  0.018,300.199,  0.000,  0.000
  0.018,300.188,  0.000,  0.000
  0.018,300.179,  0.000,  0.000
  0.018,300.164,  0.000,  0.000
  0.018,300.133,  0.000,  0.000
  0.018,300.118,  0.000,  0.000
  0.018,300.137,  0.000,  0.000
  0.018,300.174,  0.000,  0.000
  0.018,300.194,  0.000,  0.000
  0.018,300.174,  0.000,  0.000
  0.018,300.130,  0.000,  0.000
  0.018,300.090,  0.000,  0.000
  0.018,300.075,  0.000,  0.000
  0.018,300.081,  0.000,  0.000
  0.018,300.107,  0.000,  0.000
  0.018,300.135,  0.000,  0.000
  0.018,300.133,  0.000,  0.000
  0.018,300.103,  0.000,  0.000
  0.018,300.055,  0.000,  0.000
  0.018,300.302,  0.000,  0.000
  0.019,300.251,  0.000,  0.000
  0.019,300.217,  0.000,  0.000
  0.018,300.226,  0.000,  0.000
  0.018,300.225,  0.000,  0.000
  0.018,300.202,  0.000,  0.000
  0.018,300.180,  0.000,  0.000
  0.018,300.169,  0.000,  0.000
  0.018,300.167,  0.000,  0.000
  0.018,300.160,  0.000,  0.000
  0.018,300.136,  0.000,  0.000
  0.018,300.109,  0.000,  0.000
  0.018,300.125,  0.000,  0.000
  0.018,300.174,  0.000,  0.000
  0.018,300.209,  0.000,  0.000
  0.018,300.210,  0.000,  0.000
  0.018,300.168,  0.000,  0.000
  0.018,300.099,  0.000,  0.000
  0.018,300.070,  0.000,  0.000
  0.018,300.078,  0.000,  0.000
  0.018,300.098,  0.000,  0.000
  0.018,300.098,  0.000,  0.000
  0.018,300.093,  0.000,  0.000
  0.018,300.105,  0.000,  0.000
  0.018,300.112,  0.000,  0.000
  0.018,300.283,  0.000,  0.000
  0.018,300.239,  0.000,  0.000
  0.019,300.203,  0.000,  0.000
  0.018,300.203,  0.000,  0.000
  0.018,300.218,  0.000,  0.000
  0.018,300.213,  0.000,  0.000
  0.018,300.191,  0.000,  0.000
  0.018,300.181,  0.000,  0.000
  0.018,300.177,  0.000,  0.000
  0.018,300.176,  0.000,  0.000
  0.018,300.170,  0.000,  0.000
  0.018,300.153,  0.000,  0.000
  0.018,300.142,  0.000,  0.000
  0.018,300.146,  0.000,  0.000
  0.018,300.157,  0.000,  0.000
  0.018,300.154,  0.000,  0.000
  0.018,300.146,  0.000,  0.000
  0.018,300.118,  0.000,  0.000
  0.018,300.082,  0.000,  0.000
  0.018,300.077,  0.000,  0.000
  0.018,300.080,  0.000,  0.000
  0.018,300.070,  0.000,  0.000
  0.019,300.058,  0.000,  0.000
  0.018,300.066,  0.000,  0.000
  0.018,300.089,  0.000,  0.000
  0.018,300.274,  0.000,  0.000
  0.018,300.246,  0.000,  0.000
  0.019,300.209,  0.000,  0.000
  0.018,300.197,  0.000,  0.000
  0.018,300.231,  0.000,  0.000
  0.018,300.259,  0.000,  0.000
  0.018,300.225,  0.000,  0.000
  0.018,300.158,  0.000,  0.000
  0.018,300.151,  0.000,  0.000
  0.018,300.185,  0.000,  0.000
  0.018,300.230,  0.000,  0.000
  0.018,300.225,  0.000,  0.000
  0.018,300.179,  0.000,  0.000
  0.018,300.139,  0.000,  0.000
  0.018,300.136,  0.000,  0.000
  0.018,300.136,  0.000,  0.000
  0.018,300.145,  0.000,  0.000
  0.018,300.145,  0.000,  0.000
  0.018,300.116,  0.000,  0.000
  0.019,300.076,  0.000,  0.000
  0.018,300.070,  0.000,  0.000
  0.018,300.078,  0.000,  0.000
  0.018,300.081,  0.000,  0.000
  0.018,300.077,  0.000,  0.000
  0.018,300.077,  0.000,  0.000
