  0.016,298.920,  0.011,  0.000
  0.016,298.915,  0.055,  0.000
  0.016,298.916,  0.102,  0.000
  0.017,299.153,  0.073,  0.000
  0.017,299.158,  0.001,  0.000
  0.016,298.924,  0.003,  0.000
  0.016,298.916,  0.002,  0.000
  0.016,298.913,  0.001,  0.000
  0.017,299.142,  0.002,  0.000
  0.017,299.139,  0.003,  0.000
  0.017,299.138,  0.002,  0.000
  0.017,299.148,  0.001,  0.000
  0.017,299.166,  0.001,  0.000
  0.017,299.178,  0.003,  0.000
  0.017,299.174,  0.007,  0.000
  0.017,299.160,  0.005,  0.000
  0.017,299.143,  0.001,  0.000
  0.017,299.129,  0.001,  0.000
  0.017,299.126,  0.000,  0.000
  0.017,299.135,  0.000,  0.000
  0.017,299.158,  0.000,  0.000
  0.017,299.187,  0.000,  0.000
  0.017,299.191,  0.000,  0.000
  0.017,299.195,  0.000,  0.000
  0.017,299.175,  0.000,  0.000
  0.016,298.936,  0.135,  0.000
  0.016,298.931,  0.091,  0.000
  0.016,298.936,  0.078,  0.010
  0.017,299.179,  0.023,  0.010
  0.017,299.188,  0.002,  0.010
  0.017,299.184,  0.003,  0.010
  0.017,299.173,  0.001,  0.010
  0.017,299.162,  0.000,  0.010
  0.017,299.155,  0.000,  0.010
  0.017,299.153,  0.001,  0.000
  0.017,299.157,  0.000,  0.000
  0.017,299.175,  0.000,  0.000
  0.017,299.198,  0.006,  0.000
  0.017,299.218,  0.052,  0.000
  0.017,299.226,  0.121,  0.000
  0.017,299.209,  0.066,  0.000
  0.017,299.180,  0.019,  0.000
  0.017,299.162,  0.006,  0.000
  0.017,299.159,  0.000,  0.000
  0.017,299.162,  0.000,  0.000
  0.017,299.170,  0.000,  0.000
  0.017,299.183,  0.000,  0.000
  0.017,299.196,  0.000,  0.000
  0.017,299.221,  0.000,  0.000
  0.017,299.198,  0.000,  0.000
  0.017,299.212,  0.375,  0.000
  0.016,298.981,  0.037,  0.000
  0.016,298.975,  0.011,  0.010
  0.016,298.978,  0.002,  0.010
  0.016,298.991,  0.000,  0.010
  0.017,299.222,  0.000,  0.010
  0.017,299.218,  0.000,  0.010
  0.017,299.199,  0.000,  0.010
  0.017,299.178,  0.000,  0.010
  0.017,299.170,  0.000,  0.000
  0.017,299.180,  0.001,  0.000
  0.017,299.196,  0.006,  0.000
  0.017,299.214,  0.061,  0.000
  0.017,299.234,  0.321,  0.000
  0.017,299.247,  0.748,  0.000
  0.017,299.239,  0.480,  0.000
  0.017,299.209,  0.108,  0.000
  0.017,299.181,  0.011,  0.000
  0.017,299.163,  0.000,  0.000
  0.017,299.160,  0.000,  0.000
  0.017,299.180,  0.000,  0.000
  0.017,299.206,  0.000,  0.000
  0.017,299.218,  0.000,  0.000
  0.017,299.234,  0.000,  0.000
  0.017,299.210,  0.000,  0.000
  0.016,299.049,  0.218,  0.000
  0.016,299.046,  0.029,  0.000
  0.016,299.036,  0.002,  0.010
  0.016,299.032,  0.000,  0.010
  0.016,299.044,  0.000,  0.010
  0.016,299.056,  0.000,  0.010
  0.017,299.265,  0.000,  0.010
  0.017,299.248,  0.000,  0.010
  0.017,299.226,  0.000,  0.010
  0.017,299.217,  0.000,  0.000
  0.017,299.224,  0.000,  0.000
  0.017,299.238,  0.018,  0.000
  0.017,299.242,  0.134,  0.000
  0.017,299.244,  0.325,  0.000
  0.017,299.260,  0.225,  0.000
  0.017,299.273,  0.052,  0.000
  0.017,299.257,  0.009,  0.000
  0.017,299.220,  0.001,  0.000
  0.017,299.189,  0.000,  0.000
  0.017,299.182,  0.000,  0.000
  0.017,299.208,  0.000,  0.000
  0.017,299.244,  0.000,  0.000
  0.017,299.254,  0.000,  0.000
  0.017,299.249,  0.000,  0.000
  0.017,299.218,  0.000,  0.000
  0.016,299.079,  0.002,  0.000
  0.016,299.092,  0.002,  0.000
  0.016,299.104,  0.005,  0.010
  0.016,299.102,  0.002,  0.010
  0.016,299.092,  0.001,  0.010
  0.016,299.087,  0.000,  0.010
  0.017,299.301,  0.000,  0.010
  0.017,299.304,  0.000,  0.010
  0.017,299.298,  0.000,  0.010
  0.017,299.290,  0.000,  0.000
  0.017,299.286,  0.001,  0.000
  0.017,299.285,  0.007,  0.000
  0.017,299.283,  0.010,  0.000
  0.017,299.280,  0.002,  0.000
  0.017,299.286,  0.003,  0.000
  0.017,299.296,  0.001,  0.000
  0.017,299.293,  0.001,  0.000
  0.017,299.276,  0.000,  0.000
  0.017,299.257,  0.000,  0.000
  0.016,299.043,  0.000,  0.000
  0.016,299.032,  0.000,  0.000
  0.016,299.038,  0.000,  0.000
  0.016,299.022,  0.000,  0.000
  0.016,299.087,  0.000,  0.000
  0.017,299.248,  0.000,  0.000
  0.016,299.085,  0.004,  0.000
  0.016,299.107,  0.008,  0.000
  0.016,299.135,  0.010,  0.000
  0.016,299.138,  0.009,  0.000
  0.016,299.128,  0.005,  0.000
  0.016,299.135,  0.001,  0.000
  0.017,299.356,  0.000,  0.000
  0.017,299.365,  0.000,  0.000
  0.017,299.352,  0.000,  0.000
  0.017,299.335,  0.000,  0.020
  0.017,299.327,  0.000,  0.020
  0.017,299.333,  0.000,  0.020
  0.017,299.343,  0.001,  0.020
  0.017,299.349,  0.002,  0.010
  0.017,299.339,  0.001,  0.010
  0.017,299.316,  0.000,  0.010
  0.017,299.302,  0.001,  0.000
  0.017,299.304,  0.000,  0.000
  0.017,299.303,  0.000,  0.000
  0.017,299.287,  0.000,  0.000
  0.017,299.279,  0.000,  0.000
  0.016,299.045,  0.000,  0.000
  0.016,299.038,  0.000,  0.000
  0.016,299.054,  0.000,  0.000
  0.016,299.065,  0.000,  0.000
  0.016,299.121,  0.002,  0.000
  0.016,299.145,  0.005,  0.000
  0.016,299.168,  0.009,  0.000
  0.016,299.174,  0.015,  0.000
  0.016,299.191,  0.013,  0.000
  0.016,299.217,  0.003,  0.000
  0.015,299.227,  0.000,  0.000
  0.015,299.208,  0.001,  0.000
  0.015,299.179,  0.000,  0.000
  0.017,299.360,  0.000,  0.020
  0.016,299.155,  0.000,  0.020
  0.017,299.376,  0.000,  0.020
  0.017,299.405,  0.000,  0.020
  0.017,299.420,  0.000,  0.010
  0.017,299.412,  0.000,  0.010
  0.016,299.240,  0.000,  0.010
  0.016,299.154,  0.000,  0.000
  0.016,299.110,  0.000,  0.000
  0.016,299.126,  0.000,  0.000
  0.017,299.248,  0.000,  0.000
  0.016,299.085,  0.000,  0.000
  0.016,299.101,  0.000,  0.000
  0.016,299.117,  0.000,  0.000
  0.016,299.121,  0.000,  0.000
  0.016,299.110,  0.000,  0.000
  0.016,299.178,  0.000,  0.000
  0.016,299.196,  0.000,  0.000
  0.016,299.209,  0.000,  0.000
  0.016,299.216,  0.000,  0.000
  0.016,299.226,  0.000,  0.000
  0.016,299.231,  0.000,  0.000
  0.016,299.223,  0.000,  0.000
  0.016,299.204,  0.001,  0.000
  0.016,299.194,  0.001,  0.000
  0.016,299.202,  0.000,  0.020
  0.016,299.227,  0.000,  0.020
  0.016,299.258,  0.000,  0.020
  0.015,299.284,  0.000,  0.020
  0.017,299.474,  0.000,  0.010
  0.015,299.293,  0.000,  0.010
  0.016,299.328,  0.000,  0.010
  0.016,299.266,  0.000,  0.000
  0.016,299.123,  0.000,  0.000
  0.016,299.087,  0.000,  0.000
  0.016,299.100,  0.000,  0.000
  0.016,299.156,  0.000,  0.000
  0.016,299.217,  0.000,  0.000
  0.015,299.236,  0.000,  0.000
  0.016,299.270,  0.000,  0.000
  0.016,299.162,  0.000,  0.000
  0.016,299.209,  0.000,  0.000
  0.016,299.210,  0.000,  0.000
  0.016,299.220,  0.000,  0.000
  0.016,299.224,  0.001,  0.000
  0.016,299.214,  0.001,  0.000
  0.016,299.205,  0.000,  0.000
  0.017,299.402,  0.001,  0.000
  0.017,299.405,  0.000,  0.000
  0.017,299.408,  0.000,  0.000
  0.017,299.417,  0.000,  0.020
  0.017,299.435,  0.000,  0.020
  0.017,299.459,  0.000,  0.020
  0.017,299.482,  0.000,  0.020
  0.017,299.490,  0.000,  0.010
  0.016,299.483,  0.000,  0.010
  0.016,299.458,  0.000,  0.010
  0.017,299.409,  0.000,  0.000
  0.016,299.173,  0.000,  0.000
  0.017,299.329,  0.000,  0.000
  0.016,299.160,  0.000,  0.000
  0.016,299.245,  0.000,  0.000
  0.015,299.304,  0.000,  0.000
  0.015,299.308,  0.000,  0.000
  0.016,299.452,  0.000,  0.000
  0.017,299.388,  0.000,  0.000
  0.016,299.173,  0.000,  0.000
  0.017,299.326,  0.000,  0.000
  0.017,299.298,  0.000,  0.000
  0.017,299.397,  0.000,  0.000
  0.017,299.407,  0.000,  0.000
  0.017,299.410,  0.000,  0.000
  0.017,299.413,  0.000,  0.000
  0.017,299.418,  0.000,  0.000
  0.017,299.431,  0.000,  0.000
  0.017,299.446,  0.000,  0.000
  0.017,299.456,  0.000,  0.000
  0.016,299.272,  0.000,  0.000
  0.016,299.273,  0.000,  0.000
  0.016,299.282,  0.000,  0.000
  0.015,299.291,  0.000,  0.000
  0.015,299.268,  0.000,  0.000
  0.016,299.371,  0.000,  0.000
  0.017,299.375,  0.000,  0.000
  0.017,299.364,  0.000,  0.000
  0.017,299.400,  0.000,  0.000
  0.017,299.452,  0.000,  0.000
  0.015,299.295,  0.000,  0.000
  0.015,299.320,  0.000,  0.000
  0.016,299.315,  0.000,  0.000
  0.015,299.178,  0.000,  0.000
  0.016,299.153,  0.000,  0.000
  0.016,299.135,  0.000,  0.000
  0.016,299.174,  0.000,  0.000
  0.016,299.201,  0.000,  0.000
  0.016,299.195,  0.000,  0.000
  0.016,299.210,  0.000,  0.000
  0.016,299.211,  0.000,  0.000
  0.016,299.212,  0.000,  0.000
  0.016,299.230,  0.000,  0.000
  0.016,299.267,  0.000,  0.000
  0.017,299.471,  0.000,  0.000
  0.017,299.461,  0.000,  0.000
  0.017,299.444,  0.000,  0.000
  0.017,299.446,  0.000,  0.000
  0.017,299.461,  0.000,  0.000
  0.017,299.474,  0.000,  0.000
  0.015,299.272,  0.000,  0.000
  0.016,299.391,  0.000,  0.000
  0.016,299.258,  0.000,  0.000
  0.016,299.225,  0.000,  0.000
  0.016,299.239,  0.000,  0.000
  0.015,299.247,  0.000,  0.000
  0.016,299.306,  0.000,  0.000
  0.017,299.426,  0.000,  0.000
  0.017,299.405,  0.000,  0.000
  0.016,299.233,  0.000,  0.000
  0.016,299.183,  0.000,  0.000
  0.016,299.164,  0.000,  0.000
  0.016,299.166,  0.000,  0.000
  0.017,299.340,  0.000,  0.000
  0.016,299.195,  0.000,  0.000
  0.016,299.207,  0.000,  0.000
  0.017,299.421,  0.000,  0.000
  0.016,299.232,  0.000,  0.000
  0.016,299.232,  0.000,  0.000
  0.016,299.233,  0.000,  0.000
  0.016,299.236,  0.000,  0.000
  0.017,299.436,  0.000,  0.000
  0.017,299.431,  0.000,  0.000
  0.017,299.433,  0.000,  0.000
  0.016,299.258,  0.000,  0.000
  0.015,299.283,  0.000,  0.000
  0.016,299.481,  0.000,  0.000
  0.016,299.480,  0.000,  0.000
  0.017,299.470,  0.000,  0.000
  0.017,299.452,  0.000,  0.000
  0.016,299.238,  0.000,  0.000
  0.017,299.428,  0.000,  0.000
  0.016,299.226,  0.000,  0.000
  0.016,299.223,  0.000,  0.000
  0.016,299.347,  0.000,  0.000
  0.016,299.279,  0.000,  0.000
  0.016,299.216,  0.000,  0.000
  0.016,299.177,  0.000,  0.000
  0.016,299.170,  0.000,  0.000
  0.016,299.190,  0.000,  0.000
  0.016,299.218,  0.000,  0.000
  0.016,299.224,  0.000,  0.000
  0.016,299.204,  0.000,  0.000
  0.016,299.172,  0.000,  0.000
  0.016,299.165,  0.000,  0.000
  0.016,299.157,  0.000,  0.000
  0.017,299.404,  0.000,  0.000
  0.016,299.226,  0.000,  0.000
  0.017,299.431,  0.000,  0.000
  0.017,299.435,  0.000,  0.000
  0.017,299.452,  0.000,  0.000
  0.017,299.475,  0.000,  0.000
  0.017,299.486,  0.000,  0.000
  0.015,299.293,  0.000,  0.000
  0.015,299.266,  0.000,  0.000
  0.016,299.236,  0.000,  0.000
  0.016,299.221,  0.000,  0.000
  0.016,299.220,  0.000,  0.000
  0.016,299.224,  0.000,  0.000
  0.015,299.399,  0.000,  0.000
  0.015,299.362,  0.000,  0.000
  0.016,299.310,  0.000,  0.000
  0.016,299.254,  0.000,  0.000
  0.016,299.215,  0.000,  0.000
  0.016,299.210,  0.000,  0.000
  0.016,299.231,  0.000,  0.000
  0.016,299.237,  0.000,  0.000
  0.016,299.218,  0.000,  0.000
  0.016,299.176,  0.000,  0.000
  0.016,299.140,  0.000,  0.000
  0.017,299.184,  0.000,  0.000
  0.016,299.150,  0.000,  0.000
  0.016,299.196,  0.000,  0.000
  0.017,299.445,  0.000,  0.000
  0.017,299.465,  0.000,  0.000
  0.017,299.475,  0.000,  0.000
  0.017,299.479,  0.000,  0.000
  0.015,299.277,  0.000,  0.000
  0.015,299.253,  0.000,  0.000
  0.016,299.231,  0.000,  0.000
  0.016,299.218,  0.000,  0.000
  0.016,299.213,  0.000,  0.000
  0.016,299.220,  0.000,  0.000
  0.016,299.242,  0.000,  0.000
  0.015,299.370,  0.000,  0.000
  0.015,299.396,  0.000,  0.000
  0.015,299.387,  0.000,  0.000
  0.015,299.353,  0.000,  0.000
  0.016,299.300,  0.000,  0.000
  0.016,299.262,  0.000,  0.000
  0.016,299.263,  0.000,  0.000
  0.016,299.284,  0.000,  0.000
  0.016,299.288,  0.000,  0.000
  0.016,299.249,  0.000,  0.000
  0.016,299.190,  0.000,  0.000
  0.016,299.139,  0.000,  0.000
  0.016,299.154,  0.000,  0.000
  0.017,299.366,  0.000,  0.000
  0.016,299.214,  0.000,  0.000
  0.016,299.275,  0.000,  0.000
  0.017,299.486,  0.000,  0.000
  0.016,299.288,  0.000,  0.000
  0.016,299.262,  0.000,  0.000
  0.016,299.240,  0.000,  0.000
  0.016,299.229,  0.000,  0.000
  0.016,299.231,  0.000,  0.000
  0.016,299.242,  0.000,  0.000
  0.016,299.260,  0.000,  0.000
  0.016,299.286,  0.000,  0.000
