  0.015,298.202,  0.000,  0.000
  0.015,298.192,  0.000,  0.000
  0.015,298.183,  0.000,  0.000
  0.015,298.175,  0.000,  0.000
  0.015,298.168,  0.000,  0.000
  0.014,298.161,  0.000,  0.000
  0.014,298.157,  0.000,  0.000
  0.014,298.153,  0.000,  0.000
  0.014,298.150,  0.000,  0.000
  0.014,298.147,  0.000,  0.000
  0.014,298.145,  0.000,  0.000
  0.014,298.143,  0.000,  0.000
  0.014,298.142,  0.000,  0.000
  0.014,298.141,  0.000,  0.000
  0.014,298.145,  0.000,  0.000
  0.014,298.151,  0.000,  0.000
  0.014,298.156,  0.000,  0.000
  0.014,298.160,  0.000,  0.000
  0.014,298.162,  0.000,  0.000
  0.014,298.167,  0.000,  0.000
  0.014,298.178,  0.000,  0.000
  0.014,298.188,  0.000,  0.000
  0.014,298.201,  0.000,  0.000
  0.014,298.237,  0.000,  0.000
  0.014,298.254,  0.000,  0.000
  0.015,298.230,  0.000,  0.000
  0.015,298.221,  0.000,  0.000
  0.015,298.212,  0.000,  0.000
  0.015,298.204,  0.000,  0.000
  0.015,298.197,  0.000,  0.000
  0.015,298.190,  0.000,  0.000
  0.015,298.185,  0.000,  0.000
  0.014,298.182,  0.000,  0.000
  0.014,298.178,  0.000,  0.000
  0.014,298.175,  0.000,  0.000
  0.014,298.172,  0.000,  0.000
  0.014,298.169,  0.000,  0.000
  0.014,298.169,  0.000,  0.000
  0.014,298.172,  0.000,  0.000
  0.014,298.176,  0.000,  0.000
  0.014,298.178,  0.000,  0.000
  0.014,298.179,  0.000,  0.000
  0.014,298.180,  0.000,  0.000
  0.014,298.181,  0.000,  0.000
  0.014,298.189,  0.000,  0.000
  0.014,298.196,  0.000,  0.000
  0.014,298.205,  0.000,  0.000
  0.014,298.219,  0.000,  0.000
  0.014,298.252,  0.000,  0.000
  0.014,298.268,  0.000,  0.000
  0.015,298.258,  0.000,  0.000
  0.015,298.249,  0.000,  0.000
  0.015,298.241,  0.000,  0.000
  0.015,298.233,  0.000,  0.000
  0.015,298.226,  0.000,  0.000
  0.015,298.219,  0.000,  0.000
  0.015,298.214,  0.000,  0.000
  0.015,298.210,  0.000,  0.000
  0.015,298.206,  0.000,  0.000
  0.015,298.202,  0.000,  0.000
  0.014,298.201,  0.000,  0.000
  0.014,298.201,  0.000,  0.000
  0.014,298.202,  0.000,  0.000
  0.014,298.203,  0.000,  0.000
  0.014,298.202,  0.000,  0.000
  0.014,298.200,  0.000,  0.000
  0.014,298.199,  0.000,  0.000
  0.014,298.198,  0.000,  0.000
  0.014,298.203,  0.000,  0.000
  0.014,298.207,  0.000,  0.000
  0.014,298.214,  0.000,  0.000
  0.014,298.223,  0.000,  0.000
  0.014,298.236,  0.000,  0.000
  0.014,298.267,  0.000,  0.000
  0.014,298.282,  0.000,  0.000
  0.015,298.290,  0.000,  0.000
  0.015,298.281,  0.000,  0.000
  0.015,298.272,  0.000,  0.000
  0.015,298.265,  0.000,  0.000
  0.015,298.258,  0.000,  0.000
  0.015,298.250,  0.000,  0.000
  0.015,298.245,  0.000,  0.000
  0.015,298.241,  0.000,  0.000
  0.015,298.238,  0.000,  0.000
  0.014,298.236,  0.000,  0.000
  0.014,298.235,  0.000,  0.000
  0.014,298.233,  0.000,  0.000
  0.014,298.230,  0.000,  0.000
  0.014,298.227,  0.000,  0.000
  0.014,298.223,  0.000,  0.000
  0.014,298.220,  0.000,  0.000
  0.014,298.218,  0.000,  0.000
  0.014,298.221,  0.000,  0.000
  0.014,298.222,  0.000,  0.000
  0.014,298.226,  0.000,  0.000
  0.014,298.232,  0.000,  0.000
  0.014,298.241,  0.000,  0.000
  0.014,298.253,  0.000,  0.000
  0.014,298.281,  0.000,  0.000
  0.014,298.296,  0.000,  0.000
  0.015,298.325,  0.000,  0.000
  0.015,298.315,  0.000,  0.000
  0.015,298.308,  0.000,  0.000
  0.015,298.300,  0.000,  0.000
  0.015,298.293,  0.000,  0.000
  0.015,298.286,  0.000,  0.000
  0.015,298.281,  0.000,  0.000
  0.015,298.277,  0.000,  0.000
  0.015,298.272,  0.000,  0.000
  0.014,298.268,  0.000,  0.000
  0.014,298.264,  0.000,  0.000
  0.014,298.258,  0.000,  0.000
  0.014,298.253,  0.000,  0.000
  0.014,298.247,  0.000,  0.000
  0.014,298.242,  0.000,  0.000
  0.014,298.242,  0.000,  0.000
  0.014,298.240,  0.000,  0.000
  0.014,298.239,  0.000,  0.000
  0.014,298.241,  0.000,  0.000
  0.014,298.244,  0.000,  0.000
  0.014,298.250,  0.000,  0.000
  0.014,298.259,  0.000,  0.000
  0.014,298.270,  0.000,  0.000
  0.014,298.295,  0.000,  0.000
  0.014,298.309,  0.000,  0.000
  0.015,298.351,  0.000,  0.000
  0.015,298.345,  0.000,  0.000
  0.015,298.338,  0.000,  0.000
  0.015,298.332,  0.000,  0.000
  0.015,298.325,  0.000,  0.000
  0.015,298.318,  0.000,  0.000
  0.015,298.309,  0.000,  0.000
  0.015,298.304,  0.000,  0.000
  0.015,298.298,  0.000,  0.000
  0.015,298.291,  0.000,  0.000
  0.014,298.285,  0.000,  0.000
  0.014,298.278,  0.000,  0.000
  0.014,298.275,  0.000,  0.000
  0.014,298.269,  0.000,  0.000
  0.014,298.264,  0.000,  0.000
  0.014,298.261,  0.000,  0.000
  0.014,298.259,  0.000,  0.000
  0.014,298.258,  0.000,  0.000
  0.014,298.259,  0.000,  0.000
  0.014,298.262,  0.000,  0.000
  0.014,298.268,  0.000,  0.000
  0.014,298.276,  0.000,  0.000
  0.014,298.287,  0.000,  0.000
  0.014,298.308,  0.000,  0.000
  0.014,298.321,  0.000,  0.000
  0.015,298.370,  0.000,  0.000
  0.015,298.365,  0.000,  0.000
  0.015,298.360,  0.000,  0.000
  0.015,298.353,  0.000,  0.000
  0.015,298.347,  0.000,  0.000
  0.015,298.339,  0.000,  0.000
  0.015,298.333,  0.000,  0.000
  0.015,298.327,  0.000,  0.000
  0.015,298.321,  0.000,  0.000
  0.015,298.314,  0.000,  0.000
  0.015,298.307,  0.000,  0.000
  0.015,298.300,  0.000,  0.000
  0.015,298.294,  0.000,  0.000
  0.015,298.288,  0.000,  0.000
  0.015,298.283,  0.000,  0.000
  0.014,298.279,  0.000,  0.000
  0.014,298.277,  0.000,  0.000
  0.014,298.276,  0.000,  0.000
  0.014,298.277,  0.000,  0.000
  0.014,298.280,  0.000,  0.000
  0.014,298.285,  0.000,  0.000
  0.014,298.293,  0.000,  0.000
  0.014,298.303,  0.000,  0.000
  0.014,298.321,  0.000,  0.000
  0.014,298.333,  0.000,  0.000
  0.015,298.388,  0.000,  0.000
  0.015,298.384,  0.000,  0.000
  0.015,298.378,  0.000,  0.000
  0.015,298.372,  0.000,  0.000
  0.015,298.366,  0.000,  0.000
  0.015,298.358,  0.000,  0.000
  0.015,298.352,  0.000,  0.000
  0.015,298.346,  0.000,  0.000
  0.015,298.340,  0.000,  0.000
  0.015,298.333,  0.000,  0.000
  0.015,298.326,  0.000,  0.000
  0.015,298.319,  0.000,  0.000
  0.015,298.313,  0.000,  0.000
  0.015,298.307,  0.000,  0.000
  0.015,298.302,  0.000,  0.000
  0.015,298.298,  0.000,  0.000
  0.015,298.296,  0.000,  0.000
  0.015,298.295,  0.000,  0.000
  0.015,298.295,  0.000,  0.000
  0.014,298.298,  0.000,  0.000
  0.014,298.303,  0.000,  0.000
  0.014,298.310,  0.000,  0.000
  0.014,298.319,  0.000,  0.000
  0.014,298.334,  0.000,  0.000
  0.014,298.346,  0.000,  0.000
  0.015,298.406,  0.000,  0.000
  0.015,298.401,  0.000,  0.000
  0.015,298.396,  0.000,  0.000
  0.015,298.390,  0.000,  0.000
  0.015,298.384,  0.000,  0.000
  0.015,298.377,  0.000,  0.000
  0.015,298.370,  0.000,  0.000
  0.015,298.364,  0.000,  0.000
  0.015,298.358,  0.000,  0.000
  0.015,298.351,  0.000,  0.000
  0.015,298.344,  0.000,  0.000
  0.015,298.337,  0.000,  0.000
  0.015,298.331,  0.000,  0.000
  0.015,298.325,  0.000,  0.000
  0.015,298.320,  0.000,  0.000
  0.015,298.317,  0.000,  0.000
  0.015,298.314,  0.000,  0.000
  0.015,298.313,  0.000,  0.000
  0.015,298.313,  0.000,  0.000
  0.015,298.316,  0.000,  0.000
  0.015,298.320,  0.000,  0.000
  0.014,298.327,  0.000,  0.000
  0.014,298.335,  0.000,  0.000
  0.014,298.347,  0.000,  0.000
  0.014,298.358,  0.000,  0.000
  0.015,298.424,  0.000,  0.000
  0.015,298.419,  0.000,  0.000
  0.015,298.414,  0.000,  0.000
  0.015,298.408,  0.000,  0.000
  0.015,298.402,  0.000,  0.000
  0.015,298.395,  0.000,  0.000
  0.015,298.388,  0.000,  0.000
  0.015,298.382,  0.000,  0.000
  0.015,298.376,  0.000,  0.000
  0.015,298.369,  0.000,  0.000
  0.015,298.362,  0.000,  0.000
  0.015,298.356,  0.000,  0.000
  0.015,298.349,  0.000,  0.000
  0.015,298.344,  0.000,  0.000
  0.015,298.339,  0.000,  0.000
  0.015,298.335,  0.000,  0.000
  0.015,298.333,  0.000,  0.000
  0.015,298.331,  0.000,  0.000
  0.015,298.331,  0.000,  0.000
  0.015,298.334,  0.000,  0.000
  0.015,298.338,  0.000,  0.000
  0.015,298.344,  0.000,  0.000
  0.015,298.352,  0.000,  0.000
  0.015,298.361,  0.000,  0.000
  0.014,298.371,  0.000,  0.000
  0.015,298.437,  0.000,  0.000
  0.015,298.433,  0.000,  0.000
  0.015,298.428,  0.000,  0.000
  0.015,298.423,  0.000,  0.000
  0.015,298.417,  0.000,  0.000
  0.015,298.411,  0.000,  0.000
  0.015,298.404,  0.000,  0.000
  0.015,298.397,  0.000,  0.000
  0.015,298.390,  0.000,  0.000
  0.015,298.383,  0.000,  0.000
  0.015,298.376,  0.000,  0.000
  0.015,298.369,  0.000,  0.000
  0.015,298.363,  0.000,  0.000
  0.015,298.358,  0.000,  0.000
  0.015,298.354,  0.000,  0.000
  0.015,298.351,  0.000,  0.000
  0.015,298.348,  0.000,  0.000
  0.015,298.347,  0.000,  0.000
  0.015,298.347,  0.000,  0.000
  0.015,298.350,  0.000,  0.000
  0.015,298.354,  0.000,  0.000
  0.015,298.360,  0.000,  0.000
  0.015,298.367,  0.000,  0.000
  0.015,298.375,  0.000,  0.000
  0.015,298.384,  0.000,  0.000
  0.015,298.452,  0.000,  0.000
  0.015,298.448,  0.000,  0.000
  0.015,298.441,  0.000,  0.000
  0.015,298.436,  0.000,  0.000
  0.015,298.430,  0.000,  0.000
  0.015,298.424,  0.000,  0.000
  0.015,298.417,  0.000,  0.000
  0.015,298.410,  0.000,  0.000
  0.015,298.403,  0.000,  0.000
  0.015,298.396,  0.000,  0.000
  0.015,298.389,  0.000,  0.000
  0.015,298.383,  0.000,  0.000
  0.015,298.377,  0.000,  0.000
  0.015,298.373,  0.000,  0.000
  0.015,298.369,  0.000,  0.000
  0.015,298.365,  0.000,  0.000
  0.015,298.363,  0.000,  0.000
  0.015,298.362,  0.000,  0.000
  0.015,298.363,  0.000,  0.000
  0.015,298.365,  0.000,  0.000
  0.015,298.369,  0.000,  0.000
  0.015,298.374,  0.000,  0.000
  0.015,298.381,  0.000,  0.000
  0.015,298.389,  0.000,  0.000
  0.015,298.398,  0.000,  0.000
  0.015,298.465,  0.000,  0.000
  0.015,298.461,  0.000,  0.000
  0.015,298.456,  0.000,  0.000
  0.015,298.451,  0.000,  0.000
  0.015,298.445,  0.000,  0.000
  0.015,298.439,  0.000,  0.000
  0.015,298.432,  0.000,  0.000
  0.015,298.425,  0.000,  0.000
  0.015,298.416,  0.000,  0.000
  0.015,298.409,  0.000,  0.000
  0.015,298.403,  0.000,  0.000
  0.015,298.397,  0.000,  0.000
  0.015,298.392,  0.000,  0.000
  0.015,298.388,  0.000,  0.000
  0.015,298.384,  0.000,  0.000
  0.015,298.381,  0.000,  0.000
  0.015,298.379,  0.000,  0.000
  0.015,298.378,  0.000,  0.000
  0.015,298.379,  0.000,  0.000
  0.015,298.381,  0.000,  0.000
  0.015,298.385,  0.000,  0.000
  0.015,298.389,  0.000,  0.000
  0.015,298.395,  0.000,  0.000
  0.015,298.403,  0.000,  0.000
  0.015,298.411,  0.000,  0.000
  0.015,298.475,  0.000,  0.000
  0.015,298.472,  0.000,  0.000
  0.015,298.467,  0.000,  0.000
  0.015,298.462,  0.000,  0.000
  0.015,298.456,  0.000,  0.000
  0.015,298.450,  0.000,  0.000
  0.015,298.443,  0.000,  0.000
  0.015,298.437,  0.000,  0.000
  0.015,298.430,  0.000,  0.000
  0.015,298.422,  0.000,  0.000
  0.015,298.416,  0.000,  0.000
  0.015,298.410,  0.000,  0.000
  0.015,298.405,  0.000,  0.000
  0.015,298.401,  0.000,  0.000
  0.015,298.398,  0.000,  0.000
  0.015,298.395,  0.000,  0.000
  0.015,298.393,  0.000,  0.000
  0.015,298.393,  0.000,  0.000
  0.015,298.394,  0.000,  0.000
  0.015,298.397,  0.000,  0.000
  0.015,298.401,  0.000,  0.000
  0.015,298.405,  0.000,  0.000
  0.015,298.410,  0.000,  0.000
  0.015,298.417,  0.000,  0.000
  0.015,298.425,  0.000,  0.000
  0.015,298.480,  0.000,  0.000
  0.015,298.476,  0.000,  0.000
  0.015,298.472,  0.000,  0.000
  0.015,298.467,  0.000,  0.000
  0.015,298.462,  0.000,  0.000
  0.015,298.456,  0.000,  0.000
  0.015,298.450,  0.000,  0.000
  0.015,298.444,  0.000,  0.000
  0.015,298.438,  0.000,  0.000
  0.015,298.432,  0.000,  0.000
  0.015,298.426,  0.000,  0.000
  0.015,298.419,  0.000,  0.000
  0.015,298.415,  0.000,  0.000
  0.015,298.411,  0.000,  0.000
  0.015,298.408,  0.000,  0.000
  0.015,298.406,  0.000,  0.000
  0.015,298.405,  0.000,  0.000
  0.015,298.405,  0.000,  0.000
  0.015,298.407,  0.000,  0.000
  0.015,298.410,  0.000,  0.000
  0.015,298.415,  0.000,  0.000
  0.015,298.420,  0.000,  0.000
  0.015,298.426,  0.000,  0.000
  0.015,298.432,  0.000,  0.000
  0.015,298.439,  0.000,  0.000
