  0.021,302.840,  0.000,  0.000
  0.021,302.886,  0.000,  0.000
  0.022,302.879,  0.000,  0.000
  0.022,302.831,  0.000,  0.000
  0.022,302.807,  0.000,  0.000
  0.021,302.808,  0.000,  0.000
  0.021,302.817,  0.000,  0.000
  0.021,302.818,  0.000,  0.000
  0.022,302.797,  0.000,  0.000
  0.022,302.778,  0.000,  0.000
  0.021,302.770,  0.000,  0.000
  0.021,302.747,  0.000,  0.000
  0.021,302.709,  0.000,  0.000
  0.022,302.674,  0.000,  0.000
  0.022,302.666,  0.000,  0.000
  0.022,302.675,  0.000,  0.000
  0.021,302.690,  0.000,  0.000
  0.021,302.686,  0.000,  0.000
  0.021,302.656,  0.000,  0.000
  0.022,302.618,  0.000,  0.000
  0.021,302.599,  0.000,  0.000
  0.021,302.658,  0.000,  0.000
  0.021,302.737,  0.000,  0.000
  0.021,302.762,  0.000,  0.000
  0.021,302.716,  0.000,  0.000
  0.021,302.823,  0.000,  0.000
  0.021,302.893,  0.000,  0.000
  0.021,302.922,  0.000,  0.000
  0.022,302.854,  0.000,  0.000
  0.022,302.740,  0.000,  0.000
  0.022,302.701,  0.000,  0.000
  0.022,302.741,  0.000,  0.000
  0.022,302.789,  0.000,  0.000
  0.022,302.793,  0.000,  0.000
  0.022,302.754,  0.000,  0.000
  0.021,302.725,  0.000,  0.000
  0.021,302.705,  0.000,  0.000
  0.021,302.673,  0.000,  0.000
  0.021,302.648,  0.000,  0.000
  0.021,302.666,  0.000,  0.000
  0.021,302.715,  0.000,  0.000
  0.021,302.722,  0.000,  0.000
  0.021,302.670,  0.000,  0.000
  0.021,302.624,  0.000,  0.000
  0.021,302.618,  0.000,  0.000
  0.021,302.627,  0.000,  0.000
  0.021,302.647,  0.000,  0.000
  0.021,302.687,  0.000,  0.000
  0.021,302.708,  0.000,  0.000
  0.021,302.662,  0.000,  0.000
  0.021,302.838,  0.000,  0.000
  0.021,302.888,  0.000,  0.000
  0.021,302.915,  0.000,  0.000
  0.021,302.865,  0.000,  0.000
  0.022,302.770,  0.000,  0.000
  0.022,302.738,  0.000,  0.000
  0.021,302.787,  0.000,  0.000
  0.021,302.829,  0.000,  0.000
  0.022,302.804,  0.000,  0.000
  0.022,302.751,  0.000,  0.000
  0.021,302.745,  0.000,  0.000
  0.021,302.767,  0.000,  0.000
  0.021,302.748,  0.000,  0.000
  0.022,302.689,  0.000,  0.000
  0.022,302.650,  0.000,  0.000
  0.021,302.658,  0.000,  0.000
  0.021,302.682,  0.000,  0.000
  0.022,302.680,  0.000,  0.000
  0.022,302.665,  0.000,  0.000
  0.021,302.661,  0.000,  0.000
  0.021,302.635,  0.000,  0.000
  0.021,302.600,  0.000,  0.000
  0.021,302.596,  0.000,  0.000
  0.021,302.641,  0.000,  0.000
  0.021,302.696,  0.000,  0.000
  0.021,302.893,  0.000,  0.000
  0.021,302.922,  0.000,  0.000
  0.021,302.916,  0.000,  0.000
  0.022,302.826,  0.000,  0.000
  0.022,302.740,  0.000,  0.000
  0.021,302.765,  0.000,  0.000
  0.021,302.849,  0.000,  0.000
  0.021,302.878,  0.000,  0.000
  0.022,302.808,  0.000,  0.000
  0.022,302.716,  0.000,  0.000
  0.022,302.698,  0.000,  0.000
  0.021,302.724,  0.000,  0.000
  0.021,302.729,  0.000,  0.000
  0.022,302.688,  0.000,  0.000
  0.022,302.635,  0.000,  0.000
  0.021,302.616,  0.000,  0.000
  0.022,302.629,  0.000,  0.000
  0.022,302.653,  0.000,  0.000
  0.021,302.688,  0.000,  0.000
  0.021,302.703,  0.000,  0.000
  0.021,302.652,  0.000,  0.000
  0.021,302.558,  0.000,  0.000
  0.022,302.509,  0.000,  0.000
  0.021,302.563,  0.000,  0.000
  0.021,302.659,  0.000,  0.000
  0.021,302.852,  0.000,  0.000
  0.021,302.886,  0.000,  0.000
  0.021,302.891,  0.000,  0.000
  0.022,302.816,  0.000,  0.000
  0.022,302.729,  0.000,  0.000
  0.022,302.733,  0.000,  0.000
  0.021,302.790,  0.000,  0.000
  0.021,302.824,  0.000,  0.000
  0.022,302.801,  0.000,  0.000
  0.022,302.728,  0.000,  0.000
  0.022,302.661,  0.000,  0.000
  0.022,302.658,  0.000,  0.000
  0.021,302.698,  0.000,  0.000
  0.021,302.720,  0.000,  0.000
  0.021,302.690,  0.000,  0.000
  0.022,302.630,  0.000,  0.000
  0.022,302.596,  0.000,  0.000
  0.022,302.609,  0.000,  0.000
  0.021,302.640,  0.000,  0.000
  0.021,302.675,  0.000,  0.000
  0.021,302.679,  0.000,  0.000
  0.021,302.629,  0.000,  0.000
  0.022,302.543,  0.000,  0.000
  0.022,302.523,  0.000,  0.000
  0.021,302.589,  0.000,  0.000
  0.022,302.776,  0.000,  0.000
  0.021,302.803,  0.000,  0.000
  0.021,302.834,  0.000,  0.000
  0.022,302.828,  0.000,  0.000
  0.022,302.776,  0.000,  0.000
  0.022,302.728,  0.000,  0.000
  0.022,302.725,  0.000,  0.000
  0.021,302.754,  0.000,  0.000
  0.021,302.795,  0.000,  0.000
  0.021,302.799,  0.000,  0.000
  0.022,302.724,  0.000,  0.000
  0.022,302.643,  0.000,  0.000
  0.022,302.635,  0.000,  0.000
  0.021,302.666,  0.000,  0.000
  0.021,302.681,  0.000,  0.000
  0.022,302.674,  0.000,  0.000
  0.022,302.664,  0.000,  0.000
  0.022,302.656,  0.000,  0.000
  0.022,302.629,  0.000,  0.000
  0.022,302.610,  0.000,  0.000
  0.021,302.621,  0.000,  0.000
  0.021,302.635,  0.000,  0.000
  0.021,302.613,  0.000,  0.000
  0.022,302.575,  0.000,  0.000
  0.022,302.545,  0.000,  0.000
  0.021,302.798,  0.000,  0.000
  0.021,302.802,  0.000,  0.000
  0.021,302.850,  0.000,  0.000
  0.021,302.891,  0.000,  0.000
  0.021,302.854,  0.000,  0.000
  0.022,302.751,  0.000,  0.000
  0.022,302.694,  0.000,  0.000
  0.021,302.742,  0.000,  0.000
  0.021,302.836,  0.000,  0.000
  0.021,302.884,  0.000,  0.000
  0.021,302.832,  0.000,  0.000
  0.022,302.741,  0.000,  0.000
  0.022,302.692,  0.000,  0.000
  0.021,302.680,  0.000,  0.000
  0.021,302.678,  0.000,  0.000
  0.022,302.684,  0.000,  0.000
  0.021,302.711,  0.000,  0.000
  0.021,302.747,  0.000,  0.000
  0.021,302.741,  0.000,  0.000
  0.022,302.662,  0.000,  0.000
  0.022,302.576,  0.000,  0.000
  0.022,302.561,  0.000,  0.000
  0.021,302.590,  0.000,  0.000
  0.021,302.633,  0.000,  0.000
  0.022,302.636,  0.000,  0.000
  0.021,302.881,  0.000,  0.000
  0.021,302.834,  0.000,  0.000
  0.021,302.866,  0.000,  0.000
  0.021,302.934,  0.000,  0.000
  0.021,302.915,  0.000,  0.000
  0.022,302.774,  0.000,  0.000
  0.022,302.676,  0.000,  0.000
  0.021,302.721,  0.000,  0.000
  0.021,302.805,  0.000,  0.000
  0.021,302.833,  0.000,  0.000
  0.022,302.789,  0.000,  0.000
  0.022,302.732,  0.000,  0.000
  0.021,302.721,  0.000,  0.000
  0.021,302.718,  0.000,  0.000
  0.021,302.673,  0.000,  0.000
  0.022,302.606,  0.000,  0.000
  0.022,302.608,  0.000,  0.000
  0.021,302.695,  0.000,  0.000
  0.021,302.756,  0.000,  0.000
  0.021,302.732,  0.000,  0.000
  0.022,302.633,  0.000,  0.000
  0.022,302.560,  0.000,  0.000
  0.021,302.600,  0.000,  0.000
  0.021,302.720,  0.000,  0.000
  0.021,302.806,  0.000,  0.000
  0.021,302.906,  0.000,  0.000
  0.021,302.830,  0.000,  0.000
  0.021,302.846,  0.000,  0.000
  0.021,302.893,  0.000,  0.000
  0.021,302.888,  0.000,  0.000
  0.022,302.800,  0.000,  0.000
  0.022,302.710,  0.000,  0.000
  0.022,302.710,  0.000,  0.000
  0.021,302.754,  0.000,  0.000
  0.021,302.780,  0.000,  0.000
  0.021,302.776,  0.000,  0.000
  0.021,302.756,  0.000,  0.000
  0.021,302.730,  0.000,  0.000
  0.021,302.714,  0.000,  0.000
  0.021,302.699,  0.000,  0.000
  0.022,302.652,  0.000,  0.000
  0.022,302.606,  0.000,  0.000
  0.021,302.648,  0.000,  0.000
  0.021,302.757,  0.000,  0.000
  0.021,302.817,  0.000,  0.000
  0.021,302.779,  0.000,  0.000
  0.021,302.666,  0.000,  0.000
  0.021,302.608,  0.000,  0.000
  0.021,302.696,  0.000,  0.000
  0.021,302.808,  0.000,  0.000
  0.022,302.835,  0.000,  0.000
  0.022,302.816,  0.000,  0.000
  0.022,302.798,  0.000,  0.000
  0.021,302.804,  0.000,  0.000
  0.021,302.815,  0.000,  0.000
  0.021,302.807,  0.000,  0.000
  0.022,302.770,  0.000,  0.000
  0.022,302.729,  0.000,  0.000
  0.022,302.731,  0.000,  0.000
  0.021,302.770,  0.000,  0.000
  0.021,302.807,  0.000,  0.000
  0.021,302.799,  0.000,  0.000
  0.021,302.744,  0.000,  0.000
  0.021,302.723,  0.000,  0.000
  0.021,302.785,  0.000,  0.000
  0.021,302.825,  0.000,  0.000
  0.021,302.747,  0.000,  0.000
  0.022,302.640,  0.000,  0.000
  0.021,302.655,  0.000,  0.000
  0.021,302.737,  0.000,  0.000
  0.021,302.784,  0.000,  0.000
  0.021,302.727,  0.000,  0.000
  0.022,302.621,  0.000,  0.000
  0.022,302.591,  0.000,  0.000
  0.021,302.661,  0.000,  0.000
  0.022,302.700,  0.000,  0.000
  0.022,302.753,  0.000,  0.000
  0.022,302.782,  0.000,  0.000
  0.022,302.775,  0.000,  0.000
  0.022,302.779,  0.000,  0.000
  0.021,302.810,  0.000,  0.000
  0.021,302.846,  0.000,  0.000
  0.021,302.835,  0.000,  0.000
  0.022,302.776,  0.000,  0.000
  0.021,302.753,  0.000,  0.000
  0.021,302.770,  0.000,  0.000
  0.021,302.764,  0.000,  0.000
  0.022,302.712,  0.000,  0.000
  0.022,302.686,  0.000,  0.000
  0.021,302.752,  0.000,  0.000
  0.021,302.830,  0.000,  0.000
  0.021,302.822,  0.000,  0.000
  0.022,302.704,  0.000,  0.000
  0.022,302.600,  0.000,  0.000
  0.021,302.621,  0.000,  0.000
  0.021,302.697,  0.000,  0.000
  0.021,302.747,  0.000,  0.000
  0.021,302.740,  0.000,  0.000
  0.022,302.693,  0.000,  0.000
  0.022,302.651,  0.000,  0.000
  0.021,302.651,  0.000,  0.000
  0.021,302.725,  0.000,  0.000
  0.021,302.784,  0.000,  0.000
  0.022,302.792,  0.000,  0.000
  0.022,302.781,  0.000,  0.000
  0.021,302.821,  0.000,  0.000
  0.021,302.918,  0.000,  0.000
  0.021,302.964,  0.000,  0.000
  0.021,302.905,  0.000,  0.000
  0.021,302.781,  0.000,  0.000
  0.021,302.700,  0.000,  0.000
  0.021,302.672,  0.000,  0.000
  0.021,302.677,  0.000,  0.000
  0.021,302.701,  0.000,  0.000
  0.021,302.730,  0.000,  0.000
  0.021,302.768,  0.000,  0.000
  0.021,302.797,  0.000,  0.000
  0.021,302.785,  0.000,  0.000
  0.021,302.718,  0.000,  0.000
  0.022,302.635,  0.000,  0.000
  0.022,302.619,  0.000,  0.000
  0.021,302.684,  0.000,  0.000
  0.021,302.780,  0.000,  0.000
  0.021,302.840,  0.000,  0.000
  0.021,302.786,  0.000,  0.000
  0.021,302.698,  0.000,  0.000
  0.021,302.754,  0.000,  0.000
  0.021,302.805,  0.000,  0.000
  0.021,302.809,  0.000,  0.000
  0.022,302.785,  0.000,  0.000
  0.021,302.805,  0.000,  0.000
  0.021,302.868,  0.000,  0.000
  0.021,302.905,  0.000,  0.000
  0.021,302.885,  0.000,  0.000
  0.021,302.804,  0.000,  0.000
  0.022,302.699,  0.000,  0.000
  0.022,302.643,  0.000,  0.000
  0.022,302.673,  0.000,  0.000
  0.021,302.712,  0.000,  0.000
  0.021,302.720,  0.000,  0.000
  0.021,302.720,  0.000,  0.000
  0.021,302.761,  0.000,  0.000
  0.021,302.829,  0.000,  0.000
  0.021,302.859,  0.000,  0.000
  0.021,302.774,  0.000,  0.000
  0.022,302.629,  0.000,  0.000
  0.022,302.582,  0.000,  0.000
  0.021,302.695,  0.000,  0.000
  0.021,302.826,  0.000,  0.000
  0.021,302.876,  0.000,  0.000
  0.021,302.758,  0.000,  0.000
  0.021,302.780,  0.000,  0.000
  0.021,302.813,  0.000,  0.000
  0.021,302.826,  0.000,  0.000
  0.022,302.799,  0.000,  0.000
  0.022,302.764,  0.000,  0.000
  0.021,302.762,  0.000,  0.000
  0.021,302.769,  0.000,  0.000
  0.021,302.750,  0.000,  0.000
  0.021,302.710,  0.000,  0.000
  0.021,302.696,  0.000,  0.000
  0.021,302.739,  0.000,  0.000
  0.021,302.788,  0.000,  0.000
  0.021,302.774,  0.000,  0.000
  0.021,302.712,  0.000,  0.000
  0.022,302.638,  0.000,  0.000
  0.022,302.637,  0.000,  0.000
  0.021,302.749,  0.000,  0.000
  0.021,302.848,  0.000,  0.000
  0.021,302.843,  0.000,  0.000
  0.021,302.711,  0.000,  0.000
  0.022,302.579,  0.000,  0.000
  0.021,302.586,  0.000,  0.000
  0.021,302.710,  0.000,  0.000
  0.021,302.830,  0.000,  0.000
  0.021,302.789,  0.000,  0.000
  0.021,302.766,  0.000,  0.000
  0.021,302.770,  0.000,  0.000
  0.021,302.801,  0.000,  0.000
  0.021,302.815,  0.000,  0.000
  0.022,302.781,  0.000,  0.000
  0.022,302.727,  0.000,  0.000
  0.022,302.687,  0.000,  0.000
  0.022,302.656,  0.000,  0.000
  0.022,302.642,  0.000,  0.000
  0.021,302.681,  0.000,  0.000
  0.021,302.773,  0.000,  0.000
  0.021,302.852,  0.000,  0.000
  0.021,302.847,  0.000,  0.000
  0.021,302.762,  0.000,  0.000
  0.022,302.647,  0.000,  0.000
  0.022,302.580,  0.000,  0.000
  0.022,302.623,  0.000,  0.000
  0.021,302.736,  0.000,  0.000
  0.021,302.816,  0.000,  0.000
  0.021,302.821,  0.000,  0.000
  0.021,302.753,  0.000,  0.000
  0.021,302.663,  0.000,  0.000
  0.021,302.672,  0.000,  0.000
  0.021,302.781,  0.000,  0.000
