  0.018,300.676,  0.000,  0.380
  0.018,300.676,  0.000,  0.380
  0.018,300.675,  0.000,  0.630
  0.018,300.675,  0.000,  0.630
  0.018,300.674,  0.000,  0.630
  0.018,300.673,  0.000,  0.630
  0.018,300.675,  0.000,  1.300
  0.018,300.677,  0.000,  1.300
  0.018,300.680,  0.000,  1.300
  0.018,300.683,  0.000,  2.310
  0.018,300.685,  0.000,  2.310
  0.018,300.687,  0.000,  2.310
  0.018,300.689,  0.000,  2.310
  0.018,300.691,  0.000,  1.620
  0.018,300.693,  0.000,  1.620
  0.018,300.695,  0.000,  1.620
  0.018,300.698,  0.000,  0.130
  0.018,300.700,  0.000,  0.130
  0.018,300.703,  0.000,  0.130
  0.018,300.705,  0.000,  0.130
  0.018,300.707,  0.000,  0.190
  0.018,300.710,  0.000,  0.190
  0.018,300.712,  0.000,  0.190
  0.018,300.740,  0.000,  0.090
  0.018,300.739,  0.000,  0.090
  0.018,300.689,  0.000,  3.110
  0.018,300.688,  0.000,  3.110
  0.018,300.687,  0.000,  3.140
  0.018,300.686,  0.000,  3.140
  0.018,300.685,  0.000,  3.140
  0.018,300.684,  0.000,  3.140
  0.018,300.685,  0.000,  5.310
  0.018,300.686,  0.000,  5.310
  0.018,300.688,  0.000,  5.310
  0.018,300.690,  0.000,  8.350
  0.018,300.692,  0.000,  8.350
  0.018,300.693,  0.000,  8.350
  0.018,300.693,  0.000,  8.350
  0.018,300.695,  0.000,  4.990
  0.018,300.696,  0.000,  4.990
  0.018,300.698,  0.000,  4.990
  0.018,300.699,  0.000,  0.800
  0.018,300.701,  0.000,  0.800
  0.018,300.703,  0.000,  0.800
  0.018,300.705,  0.000,  0.800
  0.018,300.707,  0.000,  0.310
  0.018,300.709,  0.000,  0.310
  0.018,300.711,  0.000,  0.310
  0.018,300.736,  0.000,  0.080
  0.018,300.736,  0.000,  0.080
  0.018,300.701,  0.000,  3.110
  0.018,300.700,  0.000,  3.110
  0.018,300.699,  0.000,  3.140
  0.018,300.697,  0.000,  3.140
  0.018,300.696,  0.000,  3.140
  0.018,300.695,  0.000,  3.140
  0.018,300.695,  0.000,  5.310
  0.018,300.696,  0.000,  5.310
  0.018,300.696,  0.000,  5.310
  0.018,300.697,  0.000,  8.350
  0.018,300.698,  0.000,  8.350
  0.018,300.698,  0.000,  8.350
  0.018,300.698,  0.000,  8.350
  0.018,300.699,  0.000,  4.990
  0.018,300.699,  0.000,  4.990
  0.018,300.700,  0.000,  4.990
  0.018,300.701,  0.000,  0.800
  0.018,300.702,  0.000,  0.800
  0.018,300.704,  0.000,  0.800
  0.018,300.705,  0.000,  0.800
  0.018,300.706,  0.000,  0.310
  0.018,300.708,  0.000,  0.310
  0.018,300.710,  0.000,  0.310
  0.018,300.733,  0.000,  0.080
  0.018,300.732,  0.000,  0.080
  0.018,300.713,  0.000,  3.110
  0.018,300.711,  0.000,  3.110
  0.018,300.709,  0.000,  3.140
  0.018,300.708,  0.000,  3.140
  0.018,300.706,  0.000,  3.140
  0.018,300.705,  0.000,  3.140
  0.018,300.704,  0.000,  5.310
  0.018,300.704,  0.000,  5.310
  0.018,300.704,  0.000,  5.310
  0.018,300.704,  0.000,  8.350
  0.018,300.704,  0.000,  8.350
  0.018,300.703,  0.000,  8.350
  0.018,300.702,  0.000,  8.350
  0.018,300.702,  0.000,  4.990
  0.018,300.702,  0.000,  4.990
  0.018,300.702,  0.000,  4.990
  0.018,300.703,  0.000,  0.800
  0.018,300.703,  0.000,  0.800
  0.018,300.704,  0.000,  0.800
  0.018,300.705,  0.000,  0.800
  0.018,300.706,  0.000,  0.310
  0.018,300.707,  0.000,  0.310
  0.018,300.709,  0.000,  0.310
  0.018,300.729,  0.000,  0.080
  0.018,300.728,  0.000,  0.080
  0.018,300.725,  0.000,  3.110
  0.018,300.723,  0.000,  3.110
  0.018,300.720,  0.000,  3.140
  0.018,300.718,  0.000,  3.140
  0.018,300.717,  0.000,  3.140
  0.018,300.715,  0.000,  3.140
  0.018,300.714,  0.000,  5.310
  0.018,300.712,  0.000,  5.310
  0.018,300.712,  0.000,  5.310
  0.018,300.711,  0.000,  8.350
  0.018,300.710,  0.000,  8.350
  0.018,300.708,  0.000,  8.350
  0.018,300.707,  0.000,  8.350
  0.018,300.706,  0.000,  4.990
  0.018,300.705,  0.000,  4.990
  0.018,300.705,  0.000,  4.990
  0.018,300.704,  0.000,  0.800
  0.018,300.705,  0.000,  0.800
  0.018,300.705,  0.000,  0.800
  0.018,300.705,  0.000,  0.800
  0.018,300.706,  0.000,  0.310
  0.018,300.707,  0.000,  0.310
  0.018,300.708,  0.000,  0.310
  0.018,300.724,  0.000,  0.080
  0.018,300.723,  0.000,  0.080
  0.018,300.735,  0.000,  1.760
  0.018,300.733,  0.000,  1.760
  0.018,300.731,  0.000,  4.180
  0.018,300.728,  0.000,  4.180
  0.018,300.726,  0.000,  4.180
  0.018,300.724,  0.000,  4.180
  0.018,300.722,  0.000,  6.370
  0.018,300.720,  0.000,  6.370
  0.018,300.719,  0.000,  6.370
  0.018,300.717,  0.000,  8.660
  0.018,300.716,  0.000,  8.660
  0.018,300.713,  0.000,  8.660
  0.018,300.712,  0.000,  8.660
  0.018,300.710,  0.000,  7.360
  0.018,300.709,  0.000,  7.360
  0.018,300.707,  0.000,  7.360
  0.018,300.706,  0.000,  5.510
  0.018,300.706,  0.000,  5.510
  0.018,300.706,  0.000,  5.510
  0.018,300.706,  0.000,  5.510
  0.018,300.706,  0.000,  2.410
  0.018,300.707,  0.000,  2.410
  0.018,300.708,  0.000,  2.410
  0.018,300.721,  0.000,  0.230
  0.018,300.720,  0.000,  0.230
  0.018,300.745,  0.000,  1.760
  0.018,300.742,  0.000,  1.760
  0.018,300.740,  0.000,  4.180
  0.018,300.738,  0.000,  4.180
  0.018,300.735,  0.000,  4.180
  0.018,300.732,  0.000,  4.180
  0.018,300.730,  0.000,  6.370
  0.018,300.728,  0.000,  6.370
  0.018,300.726,  0.000,  6.370
  0.018,300.724,  0.000,  8.660
  0.018,300.721,  0.000,  8.660
  0.018,300.719,  0.000,  8.660
  0.018,300.716,  0.000,  8.660
  0.018,300.714,  0.000,  7.360
  0.018,300.712,  0.000,  7.360
  0.018,300.711,  0.000,  7.360
  0.018,300.709,  0.000,  5.510
  0.018,300.708,  0.000,  5.510
  0.018,300.708,  0.000,  5.510
  0.018,300.708,  0.000,  5.510
  0.018,300.708,  0.000,  2.410
  0.018,300.708,  0.000,  2.410
  0.018,300.709,  0.000,  2.410
  0.018,300.718,  0.000,  0.230
  0.018,300.717,  0.000,  0.230
  0.018,300.753,  0.000,  1.760
  0.018,300.751,  0.000,  1.760
  0.018,300.748,  0.000,  4.180
  0.018,300.746,  0.000,  4.180
  0.018,300.743,  0.000,  4.180
  0.018,300.741,  0.000,  4.180
  0.018,300.738,  0.000,  6.370
  0.018,300.735,  0.000,  6.370
  0.018,300.733,  0.000,  6.370
  0.018,300.730,  0.000,  8.660
  0.018,300.727,  0.000,  8.660
  0.018,300.724,  0.000,  8.660
  0.018,300.721,  0.000,  8.660
  0.018,300.719,  0.000,  7.360
  0.018,300.716,  0.000,  7.360
  0.018,300.714,  0.000,  7.360
  0.018,300.712,  0.000,  5.510
  0.018,300.711,  0.000,  5.510
  0.018,300.710,  0.000,  5.510
  0.018,300.710,  0.000,  5.510
  0.018,300.709,  0.000,  2.410
  0.018,300.709,  0.000,  2.410
  0.018,300.710,  0.000,  2.410
  0.018,300.717,  0.000,  0.230
  0.018,300.715,  0.000,  0.230
  0.018,300.761,  0.000,  1.760
  0.018,300.758,  0.000,  1.760
  0.018,300.756,  0.000,  4.180
  0.018,300.754,  0.000,  4.180
  0.018,300.751,  0.000,  4.180
  0.018,300.748,  0.000,  4.180
  0.018,300.746,  0.000,  6.370
  0.018,300.743,  0.000,  6.370
  0.018,300.739,  0.000,  6.370
  0.018,300.736,  0.000,  8.660
  0.018,300.733,  0.000,  8.660
  0.018,300.729,  0.000,  8.660
  0.018,300.726,  0.000,  8.660
  0.018,300.723,  0.000,  7.360
  0.018,300.720,  0.000,  7.360
  0.018,300.718,  0.000,  7.360
  0.018,300.716,  0.000,  5.510
  0.018,300.714,  0.000,  5.510
  0.018,300.713,  0.000,  5.510
  0.018,300.712,  0.000,  5.510
  0.018,300.711,  0.000,  2.410
  0.018,300.712,  0.000,  2.410
  0.018,300.712,  0.000,  2.410
  0.018,300.716,  0.000,  0.230
  0.018,300.714,  0.000,  0.230
  0.018,300.768,  0.000,  1.810
  0.018,300.766,  0.000,  1.810
  0.018,300.764,  0.000,  2.210
  0.018,300.762,  0.000,  2.210
  0.018,300.759,  0.000,  2.210
  0.018,300.756,  0.000,  2.210
  0.018,300.753,  0.000,  2.450
  0.018,300.750,  0.000,  2.450
  0.018,300.746,  0.000,  2.450
  0.018,300.742,  0.000,  6.550
  0.018,300.738,  0.000,  6.550
  0.018,300.735,  0.000,  6.550
  0.018,300.731,  0.000,  6.550
  0.018,300.728,  0.000, 11.010
  0.018,300.725,  0.000, 11.010
  0.018,300.722,  0.000, 11.010
  0.018,300.720,  0.000,  8.470
  0.018,300.718,  0.000,  8.470
  0.018,300.716,  0.000,  8.470
  0.018,300.715,  0.000,  8.470
  0.018,300.714,  0.000, 10.080
  0.018,300.714,  0.000, 10.080
  0.018,300.714,  0.000, 10.080
  0.018,300.716,  0.000,  4.930
  0.018,300.714,  0.000,  4.930
  0.018,300.773,  0.000,  1.810
  0.018,300.771,  0.000,  1.810
  0.018,300.770,  0.000,  2.210
  0.018,300.768,  0.000,  2.210
  0.018,300.766,  0.000,  2.210
  0.018,300.763,  0.000,  2.210
  0.018,300.759,  0.000,  2.450
  0.018,300.756,  0.000,  2.450
  0.018,300.752,  0.000,  2.450
  0.018,300.748,  0.000,  6.550
  0.018,300.745,  0.000,  6.550
  0.018,300.741,  0.000,  6.550
  0.018,300.738,  0.000,  6.550
  0.018,300.734,  0.000, 11.010
  0.018,300.731,  0.000, 11.010
  0.018,300.728,  0.000, 11.010
  0.018,300.726,  0.000,  8.470
  0.018,300.724,  0.000,  8.470
  0.018,300.722,  0.000,  8.470
  0.018,300.716,  0.000,  8.470
  0.018,300.714,  0.000, 10.080
  0.018,300.713,  0.000, 10.080
  0.018,300.712,  0.000, 10.080
  0.018,300.710,  0.000,  4.930
  0.018,300.709,  0.000,  4.930
  0.018,300.777,  0.000,  1.810
  0.018,300.775,  0.000,  1.810
  0.018,300.774,  0.000,  2.210
  0.018,300.772,  0.000,  2.210
  0.018,300.769,  0.000,  2.210
  0.018,300.766,  0.000,  2.210
  0.018,300.763,  0.000,  2.450
  0.018,300.759,  0.000,  2.450
  0.018,300.756,  0.000,  2.450
  0.018,300.752,  0.000,  6.550
  0.018,300.747,  0.000,  6.550
  0.018,300.744,  0.000,  6.550
  0.018,300.740,  0.000,  6.550
  0.018,300.737,  0.000, 11.010
  0.018,300.733,  0.000, 11.010
  0.018,300.730,  0.000, 11.010
  0.018,300.724,  0.000,  8.470
  0.018,300.721,  0.000,  8.470
  0.018,300.719,  0.000,  8.470
  0.018,300.717,  0.000,  8.470
  0.018,300.716,  0.000, 10.080
  0.018,300.714,  0.000, 10.080
  0.018,300.713,  0.000, 10.080
  0.018,300.711,  0.000,  4.930
  0.018,300.710,  0.000,  4.930
  0.018,300.780,  0.000,  1.810
  0.018,300.779,  0.000,  1.810
  0.018,300.777,  0.000,  2.210
  0.018,300.775,  0.000,  2.210
  0.018,300.772,  0.000,  2.210
  0.018,300.769,  0.000,  2.210
  0.018,300.766,  0.000,  2.450
  0.018,300.762,  0.000,  2.450
  0.018,300.758,  0.000,  2.450
  0.018,300.754,  0.000,  6.550
  0.018,300.750,  0.000,  6.550
  0.018,300.746,  0.000,  6.550
  0.018,300.742,  0.000,  6.550
  0.018,300.738,  0.000, 11.010
  0.018,300.731,  0.000, 11.010
  0.018,300.728,  0.000, 11.010
  0.018,300.725,  0.000,  8.470
  0.018,300.723,  0.000,  8.470
  0.018,300.720,  0.000,  8.470
  0.018,300.718,  0.000,  8.470
  0.018,300.717,  0.000, 10.080
  0.018,300.715,  0.000, 10.080
  0.018,300.714,  0.000, 10.080
  0.018,300.712,  0.000,  4.930
  0.018,300.710,  0.000,  4.930
  0.018,300.783,  0.000,  0.420
  0.018,300.781,  0.000,  0.420
  0.018,300.780,  0.000,  0.520
  0.018,300.778,  0.000,  0.520
  0.018,300.775,  0.000,  0.520
  0.018,300.772,  0.000,  0.520
  0.018,300.768,  0.000,  2.310
  0.018,300.765,  0.000,  2.310
  0.018,300.761,  0.000,  2.310
  0.018,300.756,  0.000,  6.830
  0.018,300.752,  0.000,  6.830
  0.018,300.748,  0.000,  6.830
  0.018,300.741,  0.000,  6.830
  0.018,300.737,  0.000,  9.660
  0.018,300.734,  0.000,  9.660
  0.018,300.730,  0.000,  9.660
  0.018,300.727,  0.000, 10.400
  0.018,300.724,  0.000, 10.400
  0.018,300.722,  0.000, 10.400
  0.018,300.720,  0.000, 10.400
  0.018,300.718,  0.000,  6.420
  0.018,300.716,  0.000,  6.420
  0.018,300.715,  0.000,  6.420
  0.018,300.713,  0.000,  4.710
  0.018,300.711,  0.000,  4.710
  0.018,300.785,  0.000,  0.420
  0.018,300.784,  0.000,  0.420
  0.018,300.782,  0.000,  0.520
  0.018,300.780,  0.000,  0.520
  0.018,300.777,  0.000,  0.520
  0.018,300.774,  0.000,  0.520
  0.018,300.770,  0.000,  2.310
  0.018,300.767,  0.000,  2.310
  0.018,300.763,  0.000,  2.310
  0.018,300.758,  0.000,  6.830
  0.018,300.754,  0.000,  6.830
  0.018,300.747,  0.000,  6.830
  0.018,300.743,  0.000,  6.830
  0.018,300.739,  0.000,  9.660
  0.018,300.735,  0.000,  9.660
  0.018,300.732,  0.000,  9.660
  0.018,300.728,  0.000, 10.400
  0.018,300.726,  0.000, 10.400
  0.018,300.723,  0.000, 10.400
  0.018,300.721,  0.000, 10.400
  0.018,300.719,  0.000,  6.420
  0.018,300.718,  0.000,  6.420
  0.018,300.716,  0.000,  6.420
  0.018,300.714,  0.000,  4.710
  0.018,300.712,  0.000,  4.710
