  0.020,301.498,  0.000,  0.000
  0.021,301.452,  0.000,  0.000
  0.020,301.500,  0.000,  0.000
  0.020,301.447,  0.000,  0.000
  0.020,301.456,  0.000,  0.000
  0.020,301.467,  0.002,  0.000
  0.020,301.478,  0.005,  0.000
  0.021,301.479,  0.007,  0.000
  0.021,301.483,  0.001,  0.000
  0.021,301.494,  0.000,  0.010
  0.021,301.496,  0.000,  0.010
  0.020,301.510,  0.000,  0.010
  0.021,301.515,  0.000,  0.010
  0.021,301.514,  0.000,  0.000
  0.021,301.514,  0.000,  0.000
  0.021,301.526,  0.000,  0.000
  0.021,301.519,  0.000,  0.000
  0.021,301.535,  0.000,  0.000
  0.021,301.550,  0.000,  0.000
  0.021,301.537,  0.000,  0.000
  0.021,301.522,  0.000,  0.000
  0.021,301.538,  0.000,  0.000
  0.021,301.598,  0.000,  0.000
  0.021,301.634,  0.000,  0.000
  0.021,301.610,  0.000,  0.000
  0.020,301.477,  0.000,  0.000
  0.020,301.442,  0.000,  0.000
  0.020,301.468,  0.000,  0.000
  0.020,301.454,  0.000,  0.000
  0.020,301.443,  0.000,  0.000
  0.020,301.476,  0.000,  0.000
  0.020,301.490,  0.006,  0.000
  0.020,301.484,  0.004,  0.000
  0.021,301.477,  0.002,  0.000
  0.021,301.491,  0.001,  0.000
  0.021,301.483,  0.000,  0.000
  0.021,301.493,  0.000,  0.000
  0.021,301.505,  0.000,  0.000
  0.021,301.502,  0.000,  0.000
  0.020,301.505,  0.000,  0.000
  0.021,301.497,  0.000,  0.000
  0.021,301.506,  0.000,  0.000
  0.021,301.526,  0.000,  0.000
  0.021,301.533,  0.000,  0.000
  0.021,301.524,  0.000,  0.000
  0.020,301.545,  0.000,  0.000
  0.020,301.537,  0.000,  0.000
  0.021,301.577,  0.000,  0.000
  0.021,301.620,  0.000,  0.000
  0.021,301.619,  0.000,  0.000
  0.020,301.438,  0.000,  0.000
  0.020,301.463,  0.000,  0.000
  0.020,301.424,  0.000,  0.000
  0.020,301.466,  0.000,  0.000
  0.020,301.425,  0.000,  0.000
  0.020,301.466,  0.000,  0.000
  0.020,301.477,  0.002,  0.000
  0.020,301.484,  0.000,  0.000
  0.020,301.480,  0.000,  0.000
  0.020,301.473,  0.002,  0.000
  0.021,301.470,  0.002,  0.000
  0.020,301.488,  0.000,  0.000
  0.020,301.502,  0.000,  0.000
  0.021,301.491,  0.000,  0.000
  0.020,301.495,  0.000,  0.000
  0.021,301.471,  0.000,  0.000
  0.020,301.494,  0.000,  0.000
  0.021,301.506,  0.000,  0.000
  0.020,301.535,  0.000,  0.000
  0.020,301.517,  0.000,  0.000
  0.020,301.565,  0.000,  0.000
  0.020,301.532,  0.000,  0.000
  0.021,301.549,  0.000,  0.000
  0.021,301.604,  0.000,  0.000
  0.021,301.623,  0.000,  0.000
  0.020,301.408,  0.000,  0.000
  0.020,301.454,  0.000,  0.000
  0.020,301.405,  0.000,  0.000
  0.020,301.442,  0.000,  0.000
  0.020,301.426,  0.000,  0.000
  0.020,301.443,  0.000,  0.000
  0.020,301.449,  0.000,  0.000
  0.020,301.452,  0.000,  0.000
  0.020,301.457,  0.000,  0.000
  0.020,301.450,  0.000,  0.000
  0.020,301.444,  0.001,  0.000
  0.020,301.469,  0.000,  0.000
  0.020,301.485,  0.000,  0.000
  0.020,301.480,  0.000,  0.000
  0.020,301.476,  0.000,  0.000
  0.020,301.458,  0.000,  0.000
  0.021,301.472,  0.000,  0.000
  0.020,301.496,  0.000,  0.000
  0.020,301.536,  0.000,  0.000
  0.020,301.506,  0.000,  0.000
  0.020,301.551,  0.000,  0.000
  0.020,301.510,  0.000,  0.000
  0.021,301.514,  0.000,  0.000
  0.021,301.580,  0.000,  0.000
  0.021,301.604,  0.000,  0.000
  0.020,301.392,  0.000,  0.000
  0.020,301.406,  0.000,  0.000
  0.020,301.412,  0.000,  0.000
  0.020,301.399,  0.000,  0.000
  0.020,301.438,  0.000,  0.000
  0.020,301.430,  0.000,  0.000
  0.020,301.422,  0.000,  0.000
  0.020,301.417,  0.000,  0.000
  0.020,301.422,  0.000,  0.000
  0.020,301.429,  0.000,  0.000
  0.020,301.425,  0.000,  0.000
  0.020,301.452,  0.000,  0.000
  0.020,301.461,  0.000,  0.000
  0.020,301.458,  0.000,  0.000
  0.020,301.446,  0.000,  0.000
  0.020,301.458,  0.000,  0.000
  0.021,301.444,  0.000,  0.000
  0.020,301.489,  0.000,  0.000
  0.020,301.505,  0.000,  0.000
  0.020,301.494,  0.000,  0.000
  0.020,301.517,  0.000,  0.000
  0.021,301.470,  0.000,  0.000
  0.021,301.489,  0.000,  0.000
  0.021,301.550,  0.000,  0.000
  0.021,301.573,  0.000,  0.000
  0.020,301.378,  0.000,  0.000
  0.020,301.383,  0.000,  0.000
  0.020,301.417,  0.000,  0.000
  0.020,301.388,  0.000,  0.000
  0.020,301.427,  0.000,  0.000
  0.020,301.427,  0.000,  0.000
  0.020,301.408,  0.000,  0.000
  0.020,301.410,  0.000,  0.000
  0.020,301.404,  0.000,  0.000
  0.020,301.409,  0.000,  0.000
  0.020,301.412,  0.000,  0.000
  0.020,301.437,  0.000,  0.000
  0.020,301.441,  0.000,  0.000
  0.020,301.435,  0.000,  0.000
  0.020,301.416,  0.000,  0.000
  0.020,301.450,  0.000,  0.000
  0.020,301.429,  0.000,  0.000
  0.020,301.472,  0.000,  0.000
  0.020,301.463,  0.000,  0.000
  0.020,301.497,  0.000,  0.000
  0.020,301.485,  0.000,  0.000
  0.021,301.429,  0.000,  0.000
  0.020,301.478,  0.000,  0.000
  0.021,301.530,  0.000,  0.000
  0.021,301.550,  0.000,  0.000
  0.020,301.371,  0.000,  0.000
  0.020,301.377,  0.000,  0.000
  0.020,301.391,  0.000,  0.000
  0.020,301.398,  0.000,  0.000
  0.020,301.385,  0.000,  0.000
  0.020,301.416,  0.000,  0.000
  0.020,301.401,  0.000,  0.000
  0.020,301.398,  0.000,  0.000
  0.020,301.403,  0.000,  0.000
  0.020,301.400,  0.000,  0.000
  0.020,301.403,  0.000,  0.000
  0.020,301.416,  0.000,  0.000
  0.020,301.419,  0.000,  0.000
  0.020,301.414,  0.000,  0.000
  0.020,301.398,  0.000,  0.000
  0.020,301.425,  0.000,  0.000
  0.020,301.437,  0.000,  0.000
  0.020,301.442,  0.000,  0.000
  0.020,301.451,  0.000,  0.000
  0.020,301.493,  0.000,  0.000
  0.020,301.451,  0.000,  0.000
  0.021,301.408,  0.000,  0.000
  0.020,301.476,  0.000,  0.000
  0.020,301.525,  0.000,  0.000
  0.021,301.537,  0.000,  0.000
  0.020,301.382,  0.000,  0.000
  0.020,301.361,  0.000,  0.000
  0.020,301.357,  0.000,  0.000
  0.020,301.385,  0.000,  0.000
  0.020,301.368,  0.000,  0.000
  0.020,301.388,  0.000,  0.000
  0.020,301.390,  0.000,  0.000
  0.020,301.393,  0.000,  0.000
  0.020,301.405,  0.000,  0.000
  0.020,301.400,  0.000,  0.000
  0.020,301.401,  0.000,  0.000
  0.020,301.405,  0.000,  0.000
  0.020,301.405,  0.000,  0.000
  0.020,301.398,  0.000,  0.000
  0.020,301.411,  0.000,  0.000
  0.020,301.397,  0.000,  0.000
  0.020,301.442,  0.000,  0.000
  0.020,301.420,  0.000,  0.000
  0.020,301.463,  0.000,  0.000
  0.020,301.461,  0.000,  0.000
  0.020,301.412,  0.000,  0.000
  0.020,301.424,  0.000,  0.000
  0.020,301.466,  0.000,  0.000
  0.020,301.512,  0.000,  0.000
  0.021,301.517,  0.000,  0.000
  0.020,301.372,  0.000,  0.000
  0.020,301.346,  0.000,  0.000
  0.020,301.334,  0.000,  0.000
  0.020,301.349,  0.000,  0.000
  0.020,301.373,  0.000,  0.000
  0.020,301.361,  0.000,  0.000
  0.020,301.383,  0.000,  0.000
  0.020,301.389,  0.000,  0.000
  0.020,301.404,  0.000,  0.000
  0.020,301.404,  0.000,  0.000
  0.020,301.406,  0.000,  0.000
  0.020,301.405,  0.000,  0.000
  0.020,301.412,  0.000,  0.000
  0.020,301.387,  0.000,  0.000
  0.020,301.435,  0.000,  0.000
  0.020,301.382,  0.000,  0.000
  0.020,301.417,  0.000,  0.000
  0.020,301.417,  0.000,  0.000
  0.020,301.451,  0.000,  0.000
  0.020,301.427,  0.000,  0.000
  0.020,301.398,  0.000,  0.000
  0.020,301.467,  0.000,  0.000
  0.020,301.442,  0.000,  0.000
  0.020,301.478,  0.000,  0.000
  0.021,301.486,  0.000,  0.000
  0.020,301.331,  0.000,  0.000
  0.020,301.332,  0.000,  0.000
  0.020,301.316,  0.000,  0.000
  0.020,301.330,  0.000,  0.000
  0.020,301.353,  0.000,  0.000
  0.020,301.351,  0.000,  0.000
  0.020,301.373,  0.000,  0.000
  0.020,301.372,  0.000,  0.000
  0.020,301.387,  0.000,  0.000
  0.020,301.401,  0.000,  0.000
  0.020,301.408,  0.000,  0.000
  0.020,301.402,  0.000,  0.000
  0.020,301.422,  0.000,  0.000
  0.020,301.389,  0.000,  0.000
  0.020,301.416,  0.000,  0.000
  0.020,301.389,  0.000,  0.000
  0.020,301.387,  0.000,  0.000
  0.020,301.427,  0.000,  0.000
  0.020,301.415,  0.000,  0.000
  0.020,301.416,  0.000,  0.000
  0.020,301.400,  0.000,  0.000
  0.020,301.491,  0.000,  0.000
  0.020,301.408,  0.000,  0.000
  0.021,301.442,  0.000,  0.000
  0.020,301.467,  0.000,  0.000
  0.020,301.304,  0.000,  0.000
  0.020,301.310,  0.000,  0.000
  0.020,301.303,  0.000,  0.000
  0.020,301.309,  0.000,  0.000
  0.020,301.320,  0.000,  0.000
  0.020,301.344,  0.000,  0.000
  0.020,301.335,  0.000,  0.000
  0.020,301.350,  0.000,  0.000
  0.020,301.356,  0.000,  0.000
  0.020,301.370,  0.000,  0.000
  0.020,301.387,  0.000,  0.000
  0.020,301.390,  0.000,  0.000
  0.020,301.408,  0.000,  0.000
  0.020,301.399,  0.000,  0.000
  0.020,301.365,  0.000,  0.000
  0.020,301.396,  0.000,  0.000
  0.020,301.377,  0.000,  0.000
  0.020,301.417,  0.000,  0.000
  0.020,301.385,  0.000,  0.000
  0.020,301.415,  0.000,  0.000
  0.020,301.398,  0.000,  0.000
  0.020,301.465,  0.000,  0.000
  0.020,301.376,  0.000,  0.000
  0.020,301.428,  0.000,  0.000
  0.020,301.463,  0.000,  0.000
  0.020,301.295,  0.000,  0.000
  0.020,301.285,  0.000,  0.000
  0.020,301.291,  0.000,  0.000
  0.020,301.283,  0.000,  0.000
  0.020,301.300,  0.000,  0.000
  0.020,301.312,  0.000,  0.000
  0.020,301.295,  0.000,  0.000
  0.020,301.320,  0.000,  0.000
  0.020,301.318,  0.000,  0.000
  0.020,301.323,  0.000,  0.000
  0.020,301.347,  0.000,  0.000
  0.020,301.361,  0.000,  0.000
  0.020,301.371,  0.000,  0.000
  0.020,301.381,  0.000,  0.000
  0.020,301.347,  0.000,  0.000
  0.020,301.373,  0.000,  0.000
  0.020,301.386,  0.000,  0.000
  0.020,301.385,  0.000,  0.000
  0.020,301.379,  0.000,  0.000
  0.020,301.396,  0.000,  0.000
  0.020,301.386,  0.000,  0.000
  0.020,301.417,  0.000,  0.000
  0.020,301.352,  0.000,  0.000
  0.020,301.419,  0.000,  0.000
  0.020,301.458,  0.000,  0.000
  0.020,301.277,  0.000,  0.000
  0.020,301.267,  0.000,  0.000
  0.020,301.261,  0.000,  0.000
  0.020,301.268,  0.000,  0.000
  0.020,301.271,  0.000,  0.000
  0.021,301.266,  0.000,  0.000
  0.020,301.268,  0.000,  0.000
  0.021,301.285,  0.000,  0.000
  0.020,301.281,  0.000,  0.000
  0.020,301.290,  0.000,  0.000
  0.020,301.315,  0.000,  0.000
  0.020,301.319,  0.000,  0.000
  0.020,301.332,  0.000,  0.000
  0.020,301.341,  0.000,  0.000
  0.020,301.358,  0.000,  0.000
  0.020,301.342,  0.000,  0.000
  0.020,301.380,  0.000,  0.000
  0.020,301.360,  0.000,  0.000
  0.020,301.376,  0.000,  0.000
  0.020,301.374,  0.000,  0.000
  0.020,301.381,  0.000,  0.000
  0.020,301.390,  0.000,  0.000
  0.020,301.353,  0.000,  0.000
  0.020,301.394,  0.000,  0.000
  0.020,301.428,  0.000,  0.000
  0.020,301.247,  0.000,  0.000
  0.020,301.248,  0.000,  0.000
  0.020,301.233,  0.000,  0.000
  0.020,301.244,  0.000,  0.000
  0.020,301.237,  0.000,  0.000
  0.021,301.239,  0.000,  0.000
  0.021,301.246,  0.000,  0.000
  0.020,301.258,  0.000,  0.000
  0.020,301.252,  0.000,  0.000
  0.020,301.275,  0.000,  0.000
  0.020,301.296,  0.000,  0.000
  0.020,301.282,  0.000,  0.000
  0.020,301.302,  0.000,  0.000
  0.020,301.309,  0.000,  0.000
  0.020,301.343,  0.000,  0.000
  0.020,301.333,  0.000,  0.000
  0.020,301.350,  0.000,  0.000
  0.020,301.350,  0.000,  0.000
  0.020,301.359,  0.000,  0.000
  0.020,301.361,  0.000,  0.000
  0.020,301.384,  0.000,  0.000
  0.020,301.387,  0.000,  0.000
  0.020,301.370,  0.000,  0.000
  0.020,301.360,  0.000,  0.000
  0.020,301.387,  0.000,  0.000
  0.020,301.230,  0.000,  0.000
  0.020,301.214,  0.000,  0.000
  0.020,301.221,  0.000,  0.000
  0.020,301.210,  0.000,  0.000
  0.020,301.219,  0.000,  0.000
  0.020,301.220,  0.000,  0.000
  0.021,301.227,  0.000,  0.000
  0.020,301.228,  0.000,  0.000
  0.020,301.230,  0.000,  0.000
  0.020,301.249,  0.000,  0.000
  0.020,301.260,  0.000,  0.000
  0.020,301.263,  0.000,  0.000
  0.020,301.270,  0.000,  0.000
  0.020,301.289,  0.000,  0.000
  0.020,301.295,  0.000,  0.000
  0.020,301.321,  0.000,  0.000
  0.020,301.314,  0.000,  0.000
  0.020,301.323,  0.000,  0.000
  0.020,301.335,  0.000,  0.000
  0.020,301.361,  0.000,  0.000
  0.020,301.384,  0.000,  0.000
  0.020,301.383,  0.000,  0.000
  0.020,301.367,  0.000,  0.000
  0.020,301.343,  0.000,  0.000
  0.020,301.358,  0.000,  0.000
