  0.017,299.147,  0.000,  0.000
  0.017,299.145,  0.000,  0.000
  0.017,299.141,  0.000,  0.000
  0.017,299.137,  0.000,  0.000
  0.017,299.133,  0.000,  0.000
  0.017,299.129,  0.000,  0.000
  0.017,299.126,  0.000,  0.000
  0.017,299.125,  0.000,  0.000
  0.017,299.124,  0.000,  0.000
  0.017,299.124,  0.000,  0.000
  0.017,299.124,  0.000,  0.000
  0.017,299.124,  0.000,  0.000
  0.017,299.124,  0.000,  0.000
  0.017,299.125,  0.000,  0.000
  0.017,299.125,  0.000,  0.000
  0.017,299.126,  0.000,  0.000
  0.017,299.127,  0.000,  0.000
  0.017,299.128,  0.000,  0.000
  0.017,299.129,  0.000,  0.000
  0.017,299.131,  0.000,  0.000
  0.017,299.131,  0.000,  0.000
  0.017,299.133,  0.000,  0.000
  0.017,299.134,  0.000,  0.000
  0.017,299.156,  0.000,  0.000
  0.017,299.158,  0.000,  0.000
  0.017,299.160,  0.000,  0.000
  0.017,299.159,  0.000,  0.000
  0.017,299.157,  0.000,  0.000
  0.017,299.154,  0.000,  0.000
  0.017,299.150,  0.000,  0.000
  0.017,299.146,  0.000,  0.000
  0.017,299.144,  0.000,  0.000
  0.017,299.144,  0.000,  0.000
  0.017,299.143,  0.000,  0.000
  0.017,299.143,  0.000,  0.000
  0.017,299.143,  0.000,  0.000
  0.017,299.143,  0.000,  0.000
  0.017,299.144,  0.000,  0.000
  0.017,299.144,  0.000,  0.000
  0.017,299.145,  0.000,  0.000
  0.017,299.146,  0.000,  0.000
  0.017,299.147,  0.000,  0.000
  0.017,299.148,  0.000,  0.000
  0.017,299.149,  0.000,  0.000
  0.017,299.150,  0.000,  0.000
  0.017,299.151,  0.000,  0.000
  0.017,299.152,  0.000,  0.000
  0.017,299.153,  0.000,  0.000
  0.017,299.174,  0.000,  0.000
  0.017,299.175,  0.000,  0.000
  0.017,299.177,  0.000,  0.000
  0.017,299.176,  0.000,  0.000
  0.017,299.174,  0.000,  0.000
  0.017,299.171,  0.000,  0.000
  0.017,299.168,  0.000,  0.000
  0.017,299.165,  0.000,  0.000
  0.017,299.163,  0.000,  0.000
  0.017,299.163,  0.000,  0.000
  0.017,299.163,  0.000,  0.000
  0.017,299.163,  0.000,  0.000
  0.017,299.164,  0.000,  0.000
  0.017,299.164,  0.000,  0.000
  0.017,299.164,  0.000,  0.000
  0.017,299.165,  0.000,  0.000
  0.017,299.166,  0.000,  0.000
  0.017,299.167,  0.000,  0.000
  0.017,299.168,  0.000,  0.000
  0.017,299.169,  0.000,  0.000
  0.017,299.169,  0.000,  0.000
  0.017,299.170,  0.000,  0.000
  0.017,299.170,  0.000,  0.000
  0.017,299.171,  0.000,  0.000
  0.017,299.170,  0.000,  0.000
  0.017,299.190,  0.000,  0.000
  0.017,299.190,  0.000,  0.000
  0.017,299.196,  0.000,  0.000
  0.017,299.194,  0.000,  0.000
  0.017,299.191,  0.000,  0.000
  0.017,299.189,  0.000,  0.000
  0.017,299.187,  0.000,  0.000
  0.017,299.184,  0.000,  0.000
  0.017,299.183,  0.000,  0.000
  0.017,299.183,  0.000,  0.000
  0.017,299.184,  0.000,  0.000
  0.017,299.184,  0.000,  0.000
  0.017,299.184,  0.000,  0.000
  0.017,299.185,  0.000,  0.000
  0.017,299.185,  0.000,  0.000
  0.017,299.186,  0.000,  0.000
  0.017,299.187,  0.000,  0.000
  0.017,299.188,  0.000,  0.000
  0.017,299.189,  0.000,  0.000
  0.017,299.189,  0.000,  0.000
  0.017,299.189,  0.000,  0.000
  0.017,299.190,  0.000,  0.000
  0.017,299.190,  0.000,  0.000
  0.017,299.189,  0.000,  0.000
  0.017,299.187,  0.000,  0.000
  0.017,299.206,  0.000,  0.000
  0.017,299.206,  0.000,  0.000
  0.017,299.213,  0.000,  0.000
  0.017,299.212,  0.000,  0.000
  0.017,299.210,  0.000,  0.000
  0.017,299.208,  0.000,  0.000
  0.017,299.206,  0.000,  0.000
  0.017,299.204,  0.000,  0.000
  0.017,299.204,  0.000,  0.000
  0.017,299.204,  0.000,  0.000
  0.017,299.204,  0.000,  0.000
  0.017,299.205,  0.000,  0.000
  0.017,299.205,  0.000,  0.000
  0.017,299.206,  0.000,  0.000
  0.017,299.207,  0.000,  0.000
  0.017,299.207,  0.000,  0.000
  0.017,299.208,  0.000,  0.000
  0.017,299.209,  0.000,  0.000
  0.017,299.209,  0.000,  0.000
  0.017,299.209,  0.000,  0.000
  0.017,299.208,  0.000,  0.000
  0.017,299.208,  0.000,  0.000
  0.017,299.207,  0.000,  0.000
  0.017,299.206,  0.000,  0.000
  0.017,299.206,  0.000,  0.000
  0.017,299.221,  0.000,  0.000
  0.017,299.219,  0.000,  0.000
  0.017,299.230,  0.000,  0.000
  0.017,299.229,  0.000,  0.000
  0.017,299.228,  0.000,  0.000
  0.017,299.226,  0.000,  0.000
  0.017,299.225,  0.000,  0.000
  0.017,299.224,  0.000,  0.000
  0.017,299.224,  0.000,  0.000
  0.017,299.224,  0.000,  0.000
  0.017,299.225,  0.000,  0.000
  0.017,299.225,  0.000,  0.000
  0.017,299.225,  0.000,  0.000
  0.017,299.226,  0.000,  0.000
  0.017,299.227,  0.000,  0.000
  0.017,299.227,  0.000,  0.000
  0.017,299.227,  0.000,  0.000
  0.017,299.227,  0.000,  0.000
  0.017,299.227,  0.000,  0.000
  0.017,299.227,  0.000,  0.000
  0.017,299.226,  0.000,  0.000
  0.017,299.224,  0.000,  0.000
  0.017,299.224,  0.000,  0.000
  0.017,299.222,  0.000,  0.000
  0.017,299.220,  0.000,  0.000
  0.017,299.235,  0.000,  0.000
  0.017,299.233,  0.000,  0.000
  0.017,299.247,  0.000,  0.000
  0.017,299.246,  0.000,  0.000
  0.017,299.245,  0.000,  0.000
  0.017,299.245,  0.000,  0.000
  0.017,299.244,  0.000,  0.000
  0.017,299.243,  0.000,  0.000
  0.017,299.243,  0.000,  0.000
  0.017,299.243,  0.000,  0.000
  0.017,299.244,  0.000,  0.000
  0.017,299.244,  0.000,  0.000
  0.017,299.244,  0.000,  0.000
  0.017,299.245,  0.000,  0.000
  0.017,299.245,  0.000,  0.000
  0.017,299.246,  0.000,  0.000
  0.017,299.245,  0.000,  0.000
  0.017,299.245,  0.000,  0.000
  0.017,299.244,  0.000,  0.000
  0.017,299.243,  0.000,  0.000
  0.017,299.243,  0.000,  0.000
  0.017,299.241,  0.000,  0.000
  0.017,299.238,  0.000,  0.000
  0.017,299.239,  0.000,  0.000
  0.017,299.238,  0.000,  0.000
  0.017,299.247,  0.000,  0.000
  0.017,299.240,  0.000,  0.000
  0.017,299.263,  0.000,  0.000
  0.017,299.262,  0.000,  0.000
  0.017,299.262,  0.000,  0.000
  0.017,299.262,  0.000,  0.000
  0.017,299.261,  0.000,  0.000
  0.017,299.261,  0.000,  0.000
  0.017,299.261,  0.000,  0.000
  0.017,299.261,  0.000,  0.000
  0.017,299.261,  0.000,  0.000
  0.017,299.262,  0.000,  0.000
  0.017,299.262,  0.000,  0.000
  0.017,299.262,  0.000,  0.000
  0.017,299.262,  0.000,  0.000
  0.017,299.262,  0.000,  0.000
  0.017,299.261,  0.000,  0.000
  0.017,299.260,  0.000,  0.000
  0.017,299.259,  0.000,  0.000
  0.017,299.258,  0.000,  0.000
  0.017,299.254,  0.000,  0.000
  0.017,299.252,  0.000,  0.000
  0.017,299.253,  0.000,  0.000
  0.017,299.251,  0.000,  0.000
  0.017,299.246,  0.000,  0.000
  0.017,299.248,  0.000,  0.000
  0.017,299.242,  0.000,  0.000
  0.017,299.277,  0.000,  0.000
  0.017,299.277,  0.000,  0.000
  0.017,299.277,  0.000,  0.000
  0.017,299.277,  0.000,  0.000
  0.017,299.277,  0.000,  0.000
  0.017,299.277,  0.000,  0.000
  0.017,299.277,  0.000,  0.000
  0.017,299.277,  0.000,  0.000
  0.017,299.277, -0.000,  0.000
  0.017,299.277,  0.000,  0.000
  0.017,299.277,  0.000,  0.000
  0.017,299.277,  0.000,  0.000
  0.017,299.277,  0.000,  0.000
  0.017,299.276,  0.000,  0.000
  0.017,299.275,  0.000,  0.000
  0.017,299.274,  0.000,  0.000
  0.017,299.272,  0.000,  0.000
  0.017,299.273,  0.000,  0.000
  0.017,299.270,  0.000,  0.000
  0.017,299.270,  0.000,  0.000
  0.017,299.266,  0.000,  0.000
  0.017,299.259,  0.000,  0.000
  0.017,299.253,  0.000,  0.000
  0.017,299.253,  0.000,  0.000
  0.017,299.247,  0.000,  0.000
  0.017,299.290,  0.000,  0.000
  0.017,299.290,  0.000,  0.000
  0.017,299.291,  0.000,  0.000
  0.017,299.291,  0.000,  0.000
  0.017,299.291,  0.000,  0.000
  0.017,299.291, -0.000,  0.000
  0.017,299.291,  0.000,  0.000
  0.017,299.290,  0.000,  0.000
  0.017,299.290,  0.000,  0.000
  0.017,299.290,  0.000,  0.000
  0.017,299.289,  0.000,  0.000
  0.017,299.289,  0.000,  0.000
  0.017,299.288,  0.000,  0.000
  0.017,299.288,  0.000,  0.000
  0.017,299.287,  0.000,  0.000
  0.017,299.285,  0.000,  0.000
  0.017,299.285,  0.000,  0.000
  0.017,299.282,  0.000,  0.000
  0.017,299.276,  0.000,  0.000
  0.017,299.274,  0.000,  0.000
  0.017,299.268,  0.000,  0.000
  0.017,299.263,  0.000,  0.000
  0.017,299.260,  0.000,  0.000
  0.017,299.259,  0.000,  0.000
  0.017,299.255,  0.000,  0.000
  0.017,299.298,  0.000,  0.000
  0.017,299.299,  0.000,  0.000
  0.017,299.300, -0.000,  0.000
  0.017,299.302,  0.000,  0.000
  0.017,299.302,  0.000,  0.000
  0.017,299.302, -0.000,  0.000
  0.017,299.302,  0.000,  0.000
  0.017,299.303,  0.000,  0.000
  0.017,299.302, -0.000,  0.000
  0.017,299.302,  0.000,  0.000
  0.017,299.302,  0.000,  0.000
  0.017,299.302,  0.000,  0.000
  0.017,299.302,  0.000,  0.000
  0.017,299.302,  0.000,  0.000
  0.017,299.299,  0.000,  0.000
  0.017,299.301,  0.000,  0.000
  0.017,299.298,  0.000,  0.000
  0.017,299.290,  0.000,  0.000
  0.017,299.284,  0.000,  0.000
  0.017,299.280,  0.000,  0.000
  0.017,299.276,  0.000,  0.000
  0.017,299.272,  0.000,  0.000
  0.017,299.270,  0.000,  0.000
  0.017,299.266,  0.000,  0.000
  0.017,299.262,  0.000,  0.000
  0.017,299.304,  0.000,  0.000
  0.017,299.305, -0.000,  0.000
  0.017,299.306,  0.000,  0.000
  0.017,299.307,  0.000,  0.000
  0.017,299.307, -0.000,  0.000
  0.017,299.308,  0.000,  0.000
  0.017,299.308,  0.000,  0.000
  0.017,299.308,  0.000,  0.000
  0.017,299.307, -0.000,  0.000
  0.017,299.307, -0.000,  0.000
  0.017,299.306,  0.000,  0.000
  0.017,299.307,  0.000,  0.000
  0.017,299.305,  0.000,  0.000
  0.017,299.306,  0.000,  0.000
  0.017,299.305,  0.000,  0.000
  0.017,299.304,  0.000,  0.000
  0.017,299.298,  0.000,  0.000
  0.017,299.294,  0.000,  0.000
  0.017,299.291,  0.000,  0.000
  0.017,299.287,  0.000,  0.000
  0.017,299.283,  0.000,  0.000
  0.017,299.280,  0.000,  0.000
  0.017,299.276,  0.000,  0.000
  0.017,299.271,  0.000,  0.000
  0.017,299.267,  0.000,  0.000
  0.017,299.306,  0.000,  0.000
  0.017,299.308,  0.000,  0.000
  0.017,299.309,  0.000,  0.000
  0.017,299.310, -0.000,  0.000
  0.017,299.311, -0.000,  0.000
  0.017,299.310,  0.000,  0.000
  0.017,299.309,  0.000,  0.000
  0.017,299.308,  0.000,  0.000
  0.017,299.309,  0.000,  0.000
  0.017,299.308,  0.000,  0.000
  0.017,299.309,  0.000,  0.000
  0.017,299.308,  0.000,  0.000
  0.017,299.307, -0.000,  0.000
  0.017,299.309,  0.000,  0.000
  0.017,299.306,  0.000,  0.000
  0.017,299.301,  0.000,  0.000
  0.017,299.295,  0.000,  0.000
  0.017,299.293, -0.000,  0.000
  0.017,299.292,  0.000,  0.000
  0.017,299.290,  0.000,  0.000
  0.017,299.288,  0.000,  0.000
  0.017,299.283,  0.000,  0.000
  0.017,299.279,  0.000,  0.000
  0.017,299.276,  0.000,  0.000
  0.017,299.271, -0.000,  0.000
  0.017,299.309,  0.000,  0.000
  0.017,299.310,  0.000,  0.000
  0.017,299.310,  0.000,  0.000
  0.017,299.312,  0.000,  0.000
  0.017,299.311,  0.000,  0.000
  0.017,299.310,  0.000,  0.000
  0.017,299.310,  0.000,  0.000
  0.017,299.309,  0.000,  0.000
  0.017,299.308,  0.000,  0.000
  0.017,299.308,  0.000,  0.000
  0.017,299.307,  0.000,  0.000
  0.017,299.308,  0.000,  0.000
  0.017,299.311,  0.000,  0.000
  0.017,299.307,  0.000,  0.000
  0.017,299.302,  0.000,  0.000
  0.017,299.297,  0.000,  0.000
  0.017,299.295,  0.000,  0.000
  0.017,299.295,  0.000,  0.000
  0.017,299.294,  0.000,  0.000
  0.017,299.292,  0.000,  0.000
  0.017,299.288,  0.000,  0.000
  0.017,299.284,  0.000,  0.000
  0.017,299.279,  0.000,  0.000
  0.017,299.274,  0.000,  0.000
  0.017,299.271, -0.000,  0.000
  0.017,299.309,  0.000,  0.000
  0.017,299.310,  0.000,  0.000
  0.017,299.310,  0.000,  0.000
  0.017,299.309,  0.000,  0.000
  0.017,299.308,  0.000,  0.000
  0.017,299.308,  0.000,  0.000
  0.017,299.307,  0.000,  0.000
  0.017,299.308,  0.000,  0.000
  0.017,299.310,  0.000,  0.000
  0.017,299.310,  0.000,  0.000
  0.017,299.310,  0.000,  0.000
  0.017,299.312,  0.000,  0.000
  0.017,299.308,  0.000,  0.000
  0.017,299.301,  0.000,  0.000
  0.017,299.297,  0.000,  0.000
  0.017,299.294,  0.000,  0.000
  0.017,299.296,  0.000,  0.000
  0.017,299.296, -0.000,  0.000
  0.017,299.293,  0.000,  0.000
  0.017,299.289,  0.000,  0.000
  0.017,299.285,  0.000,  0.000
  0.017,299.281,  0.000,  0.000
  0.017,299.277, -0.000,  0.000
  0.017,299.276, -0.000,  0.000
  0.017,299.271,  0.000,  0.000
