  0.015,298.442,  0.000,  0.000
  0.015,298.443,  0.000,  0.000
  0.015,298.445,  0.000,  0.000
  0.015,298.444,  0.000,  0.000
  0.015,298.444,  0.000,  0.000
  0.015,298.445,  0.000,  0.000
  0.015,298.445,  0.000,  0.000
  0.015,298.447,  0.000,  0.000
  0.015,298.447,  0.000,  0.000
  0.015,298.448,  0.000,  0.000
  0.015,298.450,  0.000,  0.000
  0.015,298.453,  0.000,  0.000
  0.015,298.455,  0.000,  0.000
  0.015,298.456,  0.000,  0.000
  0.015,298.458,  0.000,  0.000
  0.015,298.461,  0.000,  0.000
  0.015,298.464,  0.000,  0.000
  0.015,298.468,  0.000,  0.000
  0.015,298.471,  0.000,  0.000
  0.015,298.475,  0.000,  0.000
  0.015,298.481,  0.000,  0.000
  0.015,298.489,  0.000,  0.000
  0.015,298.498,  0.000,  0.000
  0.015,298.527,  0.000,  0.000
  0.015,298.534,  0.000,  0.000
  0.015,298.440,  0.000,  0.000
  0.015,298.441,  0.000,  0.000
  0.015,298.442,  0.000,  0.000
  0.015,298.448,  0.000,  0.000
  0.015,298.447,  0.000,  0.000
  0.015,298.448,  0.000,  0.000
  0.015,298.449,  0.000,  0.000
  0.015,298.450,  0.000,  0.000
  0.015,298.451,  0.000,  0.000
  0.015,298.451,  0.000,  0.000
  0.015,298.453,  0.000,  0.000
  0.015,298.455,  0.000,  0.000
  0.015,298.456,  0.000,  0.000
  0.015,298.457,  0.000,  0.000
  0.015,298.459,  0.000,  0.000
  0.015,298.462,  0.000,  0.000
  0.015,298.466,  0.000,  0.000
  0.015,298.471,  0.000,  0.000
  0.015,298.476,  0.000,  0.000
  0.015,298.482,  0.000,  0.000
  0.015,298.489,  0.000,  0.000
  0.015,298.498,  0.000,  0.000
  0.015,298.508,  0.000,  0.000
  0.015,298.538,  0.000,  0.000
  0.015,298.547,  0.000,  0.000
  0.015,298.440,  0.000,  0.000
  0.015,298.445,  0.000,  0.000
  0.015,298.445,  0.000,  0.000
  0.015,298.446,  0.000,  0.000
  0.015,298.450,  0.000,  0.000
  0.015,298.449,  0.000,  0.000
  0.015,298.451,  0.000,  0.000
  0.015,298.452,  0.000,  0.000
  0.015,298.452,  0.000,  0.000
  0.015,298.454,  0.000,  0.000
  0.015,298.454,  0.000,  0.000
  0.015,298.457,  0.000,  0.000
  0.015,298.458,  0.000,  0.000
  0.015,298.460,  0.000,  0.000
  0.015,298.463,  0.000,  0.000
  0.015,298.466,  0.000,  0.000
  0.015,298.470,  0.000,  0.000
  0.015,298.475,  0.000,  0.000
  0.015,298.480,  0.000,  0.000
  0.015,298.486,  0.000,  0.000
  0.015,298.493,  0.000,  0.000
  0.015,298.502,  0.000,  0.000
  0.015,298.512,  0.000,  0.000
  0.015,298.539,  0.000,  0.000
  0.015,298.549,  0.000,  0.000
  0.015,298.440,  0.000,  0.000
  0.015,298.444,  0.000,  0.000
  0.015,298.449,  0.000,  0.000
  0.015,298.447,  0.000,  0.000
  0.015,298.450,  0.000,  0.000
  0.015,298.453,  0.000,  0.000
  0.015,298.453,  0.000,  0.000
  0.015,298.456,  0.000,  0.000
  0.015,298.457,  0.000,  0.000
  0.015,298.459,  0.000,  0.000
  0.015,298.461,  0.000,  0.000
  0.015,298.462,  0.000,  0.000
  0.015,298.466,  0.000,  0.000
  0.015,298.468,  0.000,  0.000
  0.015,298.474,  0.000,  0.000
  0.015,298.477,  0.000,  0.000
  0.015,298.482,  0.000,  0.000
  0.015,298.486,  0.000,  0.000
  0.015,298.491,  0.000,  0.000
  0.015,298.497,  0.000,  0.000
  0.015,298.504,  0.000,  0.000
  0.015,298.512,  0.000,  0.000
  0.015,298.521,  0.000,  0.000
  0.015,298.545,  0.000,  0.000
  0.015,298.552,  0.000,  0.000
  0.015,298.442,  0.000,  0.000
  0.015,298.440,  0.000,  0.000
  0.015,298.447,  0.000,  0.000
  0.015,298.450,  0.000,  0.000
  0.015,298.449,  0.000,  0.000
  0.015,298.454,  0.000,  0.000
  0.015,298.456,  0.000,  0.000
  0.015,298.458,  0.000,  0.000
  0.015,298.462,  0.000,  0.000
  0.015,298.463,  0.000,  0.000
  0.015,298.468,  0.000,  0.000
  0.015,298.471,  0.000,  0.000
  0.015,298.475,  0.000,  0.000
  0.015,298.480,  0.000,  0.000
  0.015,298.485,  0.000,  0.000
  0.015,298.492,  0.000,  0.000
  0.015,298.497,  0.000,  0.000
  0.015,298.503,  0.000,  0.000
  0.015,298.509,  0.000,  0.000
  0.015,298.517,  0.000,  0.000
  0.015,298.525,  0.000,  0.000
  0.015,298.535,  0.000,  0.000
  0.015,298.544,  0.000,  0.000
  0.015,298.565,  0.000,  0.000
  0.015,298.571,  0.000,  0.000
  0.015,298.441,  0.000,  0.000
  0.015,298.441,  0.000,  0.000
  0.015,298.441,  0.000,  0.000
  0.015,298.448,  0.000,  0.000
  0.015,298.450,  0.000,  0.000
  0.015,298.451,  0.000,  0.000
  0.015,298.456,  0.000,  0.000
  0.015,298.458,  0.000,  0.000
  0.015,298.462,  0.000,  0.000
  0.015,298.467,  0.000,  0.000
  0.015,298.469,  0.000,  0.000
  0.015,298.477,  0.000,  0.000
  0.015,298.481,  0.000,  0.000
  0.015,298.488,  0.000,  0.000
  0.015,298.494,  0.000,  0.000
  0.015,298.500,  0.000,  0.000
  0.015,298.508,  0.000,  0.000
  0.015,298.516,  0.000,  0.000
  0.015,298.524,  0.000,  0.000
  0.015,298.533,  0.000,  0.000
  0.015,298.544,  0.000,  0.000
  0.015,298.556,  0.000,  0.000
  0.015,298.568,  0.000,  0.000
  0.015,298.589,  0.000,  0.000
  0.015,298.597,  0.000,  0.000
  0.015,298.441,  0.000,  0.000
  0.015,298.446,  0.000,  0.000
  0.015,298.444,  0.000,  0.000
  0.015,298.445,  0.000,  0.000
  0.015,298.451,  0.000,  0.000
  0.015,298.451,  0.000,  0.000
  0.015,298.453,  0.000,  0.000
  0.015,298.458,  0.000,  0.000
  0.015,298.460,  0.000,  0.000
  0.015,298.466,  0.000,  0.000
  0.015,298.469,  0.000,  0.000
  0.015,298.475,  0.000,  0.000
  0.015,298.482,  0.000,  0.000
  0.015,298.488,  0.000,  0.000
  0.015,298.495,  0.000,  0.000
  0.015,298.501,  0.000,  0.000
  0.015,298.509,  0.000,  0.000
  0.015,298.517,  0.000,  0.000
  0.015,298.526,  0.000,  0.000
  0.015,298.536,  0.000,  0.000
  0.015,298.548,  0.000,  0.000
  0.015,298.562,  0.000,  0.000
  0.015,298.576,  0.000,  0.000
  0.015,298.597,  0.000,  0.000
  0.015,298.609,  0.000,  0.000
  0.015,298.445,  0.000,  0.000
  0.015,298.449,  0.000,  0.000
  0.015,298.450,  0.000,  0.000
  0.015,298.448,  0.000,  0.000
  0.015,298.452,  0.000,  0.000
  0.015,298.454,  0.000,  0.000
  0.015,298.451,  0.000,  0.000
  0.015,298.455,  0.000,  0.000
  0.015,298.457,  0.000,  0.000
  0.015,298.460,  0.000,  0.000
  0.015,298.466,  0.000,  0.000
  0.015,298.469,  0.000,  0.000
  0.015,298.476,  0.000,  0.000
  0.015,298.480,  0.000,  0.000
  0.015,298.488,  0.000,  0.000
  0.015,298.494,  0.000,  0.000
  0.015,298.502,  0.000,  0.000
  0.015,298.510,  0.000,  0.000
  0.015,298.519,  0.000,  0.000
  0.015,298.530,  0.000,  0.000
  0.015,298.542,  0.000,  0.000
  0.015,298.556,  0.000,  0.000
  0.015,298.570,  0.000,  0.000
  0.015,298.589,  0.000,  0.000
  0.015,298.601,  0.000,  0.000
  0.015,298.447,  0.000,  0.000
  0.015,298.447,  0.000,  0.000
  0.015,298.449,  0.000,  0.000
  0.015,298.448,  0.000,  0.000
  0.015,298.448,  0.000,  0.000
  0.015,298.449,  0.000,  0.000
  0.015,298.447,  0.000,  0.000
  0.015,298.448,  0.000,  0.000
  0.015,298.452,  0.000,  0.000
  0.015,298.453,  0.000,  0.000
  0.015,298.458,  0.000,  0.000
  0.015,298.461,  0.000,  0.000
  0.015,298.466,  0.000,  0.000
  0.015,298.472,  0.000,  0.000
  0.015,298.477,  0.000,  0.000
  0.015,298.485,  0.000,  0.000
  0.015,298.493,  0.000,  0.000
  0.015,298.502,  0.000,  0.000
  0.015,298.511,  0.000,  0.000
  0.015,298.522,  0.000,  0.000
  0.015,298.534,  0.000,  0.000
  0.015,298.548,  0.000,  0.000
  0.015,298.561,  0.000,  0.000
  0.015,298.577,  0.000,  0.000
  0.015,298.588,  0.000,  0.000
  0.015,298.443,  0.000,  0.000
  0.015,298.441,  0.000,  0.000
  0.015,298.440,  0.000,  0.000
  0.015,298.440,  0.000,  0.000
  0.015,298.439,  0.000,  0.000
  0.015,298.439,  0.000,  0.000
  0.015,298.439,  0.000,  0.000
  0.015,298.439,  0.000,  0.000
  0.015,298.443,  0.000,  0.000
  0.015,298.445,  0.000,  0.000
  0.015,298.449,  0.000,  0.000
  0.015,298.454,  0.000,  0.000
  0.015,298.459,  0.000,  0.000
  0.015,298.465,  0.000,  0.000
  0.015,298.470,  0.000,  0.000
  0.015,298.477,  0.000,  0.000
  0.015,298.486,  0.000,  0.000
  0.015,298.496,  0.000,  0.000
  0.015,298.506,  0.000,  0.000
  0.015,298.518,  0.000,  0.000
  0.015,298.531,  0.000,  0.000
  0.015,298.545,  0.000,  0.000
  0.015,298.558,  0.000,  0.000
  0.015,298.570,  0.000,  0.000
  0.015,298.581,  0.000,  0.000
  0.015,298.434,  0.000,  0.000
  0.015,298.432,  0.000,  0.000
  0.015,298.430,  0.000,  0.000
  0.015,298.429,  0.000,  0.000
  0.015,298.428,  0.000,  0.000
  0.015,298.428,  0.000,  0.000
  0.015,298.429,  0.000,  0.000
  0.015,298.430,  0.000,  0.000
  0.015,298.433,  0.000,  0.000
  0.015,298.437,  0.000,  0.000
  0.015,298.442,  0.000,  0.000
  0.015,298.448,  0.000,  0.000
  0.015,298.454,  0.000,  0.000
  0.015,298.461,  0.000,  0.000
  0.015,298.468,  0.000,  0.000
  0.015,298.475,  0.000,  0.000
  0.015,298.484,  0.000,  0.000
  0.015,298.494,  0.000,  0.000
  0.015,298.506,  0.000,  0.000
  0.015,298.518,  0.000,  0.000
  0.015,298.532,  0.000,  0.000
  0.015,298.546,  0.000,  0.000
  0.015,298.560,  0.000,  0.000
  0.015,298.571,  0.000,  0.000
  0.015,298.582,  0.000,  0.000
  0.015,298.426,  0.000,  0.000
  0.015,298.423,  0.000,  0.000
  0.015,298.421,  0.000,  0.000
  0.015,298.419,  0.000,  0.000
  0.015,298.418,  0.000,  0.000
  0.015,298.418,  0.000,  0.000
  0.015,298.419,  0.000,  0.000
  0.015,298.421,  0.000,  0.000
  0.015,298.424,  0.000,  0.000
  0.015,298.429,  0.000,  0.000
  0.015,298.435,  0.000,  0.000
  0.015,298.441,  0.000,  0.000
  0.015,298.448,  0.000,  0.000
  0.015,298.456,  0.000,  0.000
  0.015,298.466,  0.000,  0.000
  0.015,298.476,  0.000,  0.000
  0.015,298.486,  0.000,  0.000
  0.015,298.496,  0.000,  0.000
  0.015,298.507,  0.000,  0.000
  0.015,298.520,  0.000,  0.000
  0.015,298.535,  0.000,  0.000
  0.015,298.550,  0.000,  0.000
  0.015,298.565,  0.000,  0.000
  0.015,298.578,  0.000,  0.000
  0.015,298.589,  0.000,  0.000
  0.015,298.416,  0.000,  0.000
  0.015,298.414,  0.000,  0.000
  0.015,298.411,  0.000,  0.000
  0.015,298.409,  0.000,  0.000
  0.015,298.409,  0.000,  0.000
  0.015,298.410,  0.000,  0.000
  0.015,298.411,  0.000,  0.000
  0.015,298.413,  0.000,  0.000
  0.015,298.418,  0.000,  0.000
  0.015,298.423,  0.000,  0.000
  0.015,298.428,  0.000,  0.000
  0.015,298.435,  0.000,  0.000
  0.015,298.442,  0.000,  0.000
  0.015,298.452,  0.000,  0.000
  0.015,298.463,  0.000,  0.000
  0.015,298.475,  0.000,  0.000
  0.015,298.487,  0.000,  0.000
  0.015,298.499,  0.000,  0.000
  0.015,298.511,  0.000,  0.000
  0.015,298.524,  0.000,  0.000
  0.015,298.539,  0.000,  0.000
  0.015,298.556,  0.000,  0.000
  0.015,298.572,  0.000,  0.000
  0.015,298.586,  0.000,  0.000
  0.015,298.596,  0.000,  0.000
  0.015,298.405,  0.000,  0.000
  0.015,298.402,  0.000,  0.000
  0.015,298.400,  0.000,  0.000
  0.015,298.400,  0.000,  0.000
  0.015,298.401,  0.000,  0.000
  0.015,298.402,  0.000,  0.000
  0.015,298.404,  0.000,  0.000
  0.015,298.407,  0.000,  0.000
  0.015,298.411,  0.000,  0.000
  0.015,298.416,  0.000,  0.000
  0.015,298.423,  0.000,  0.000
  0.015,298.429,  0.000,  0.000
  0.015,298.438,  0.000,  0.000
  0.015,298.448,  0.000,  0.000
  0.015,298.459,  0.000,  0.000
  0.015,298.471,  0.000,  0.000
  0.015,298.484,  0.000,  0.000
  0.015,298.498,  0.000,  0.000
  0.015,298.513,  0.000,  0.000
  0.015,298.527,  0.000,  0.000
  0.015,298.544,  0.000,  0.000
  0.015,298.562,  0.000,  0.000
  0.015,298.579,  0.000,  0.000
  0.015,298.593,  0.000,  0.000
  0.015,298.602,  0.000,  0.000
  0.015,298.394,  0.000,  0.000
  0.015,298.391,  0.000,  0.000
  0.015,298.390,  0.000,  0.000
  0.015,298.390,  0.000,  0.000
  0.015,298.393,  0.000,  0.000
  0.015,298.395,  0.000,  0.000
  0.015,298.396,  0.000,  0.000
  0.015,298.400,  0.000,  0.000
  0.015,298.405,  0.000,  0.000
  0.015,298.410,  0.000,  0.000
  0.015,298.417,  0.000,  0.000
  0.015,298.426,  0.000,  0.000
  0.015,298.434,  0.000,  0.000
  0.015,298.444,  0.000,  0.000
  0.015,298.455,  0.000,  0.000
  0.015,298.466,  0.000,  0.000
  0.015,298.479,  0.000,  0.000
  0.015,298.494,  0.000,  0.000
  0.015,298.511,  0.000,  0.000
  0.015,298.528,  0.000,  0.000
  0.015,298.547,  0.000,  0.000
  0.015,298.567,  0.000,  0.000
  0.015,298.586,  0.000,  0.000
  0.015,298.599,  0.000,  0.000
  0.015,298.608,  0.000,  0.000
