  0.022,303.290,  0.000,  0.000
  0.022,303.309,  0.000,  0.000
  0.022,303.326,  0.000,  0.000
  0.022,303.339,  0.000,  0.000
  0.022,303.349,  0.000,  0.000
  0.022,303.363,  0.000,  0.000
  0.022,303.384,  0.000,  0.000
  0.022,303.406,  0.000,  0.000
  0.022,303.423,  0.000,  0.000
  0.022,303.430,  0.000,  0.000
  0.022,303.437,  0.000,  0.000
  0.022,303.445,  0.000,  0.000
  0.022,303.451,  0.000,  0.000
  0.022,303.448,  0.000,  0.000
  0.022,303.443,  0.000,  0.000
  0.022,303.445,  0.000,  0.000
  0.022,303.452,  0.000,  0.000
  0.022,303.456,  0.000,  0.000
  0.022,303.435,  0.000,  0.000
  0.022,303.385,  0.000,  0.000
  0.022,303.333,  0.000,  0.000
  0.022,303.313,  0.000,  0.000
  0.023,303.367,  0.000,  0.000
  0.023,303.406,  0.000,  0.000
  0.023,303.409,  0.000,  0.000
  0.022,303.271,  0.000,  0.000
  0.022,303.290,  0.000,  0.000
  0.022,303.309,  0.000,  0.000
  0.022,303.326,  0.000,  0.000
  0.022,303.339,  0.000,  0.000
  0.022,303.352,  0.000,  0.000
  0.022,303.372,  0.000,  0.000
  0.022,303.396,  0.000,  0.000
  0.022,303.414,  0.000,  0.000
  0.022,303.423,  0.000,  0.000
  0.022,303.429,  0.000,  0.000
  0.022,303.438,  0.000,  0.000
  0.022,303.448,  0.000,  0.000
  0.022,303.449,  0.000,  0.000
  0.022,303.443,  0.000,  0.000
  0.022,303.440,  0.000,  0.000
  0.022,303.442,  0.000,  0.000
  0.022,303.452,  0.000,  0.000
  0.022,303.438,  0.000,  0.000
  0.023,303.218,  0.000,  0.000
  0.022,302.879,  0.000,  0.000
  0.022,302.861,  0.000,  0.000
  0.023,303.154,  0.000,  0.000
  0.023,303.436,  0.000,  0.000
  0.023,303.395,  0.000,  0.000
  0.022,303.253,  0.000,  0.000
  0.022,303.272,  0.000,  0.000
  0.022,303.290,  0.000,  0.000
  0.022,303.309,  0.000,  0.000
  0.022,303.327,  0.000,  0.000
  0.022,303.343,  0.000,  0.000
  0.022,303.362,  0.000,  0.000
  0.022,303.384,  0.000,  0.000
  0.022,303.403,  0.000,  0.000
  0.022,303.415,  0.000,  0.000
  0.022,303.422,  0.000,  0.000
  0.022,303.432,  0.000,  0.000
  0.022,303.443,  0.000,  0.000
  0.022,303.449,  0.000,  0.000
  0.022,303.442,  0.000,  0.000
  0.022,303.433,  0.000,  0.000
  0.022,303.445,  0.000,  0.000
  0.022,303.463,  0.000,  0.000
  0.022,303.275,  0.000,  0.000
  0.022,302.777,  0.000,  0.000
  0.022,302.502,  0.000,  0.000
  0.021,302.504,  0.000,  0.000
  0.021,302.567,  0.000,  0.000
  0.023,303.166,  0.000,  0.000
  0.023,303.445,  0.000,  0.000
  0.022,303.235,  0.000,  0.000
  0.022,303.254,  0.000,  0.000
  0.022,303.273,  0.000,  0.000
  0.022,303.292,  0.000,  0.000
  0.022,303.311,  0.000,  0.000
  0.022,303.331,  0.000,  0.000
  0.022,303.352,  0.000,  0.000
  0.022,303.373,  0.000,  0.000
  0.022,303.391,  0.000,  0.000
  0.022,303.404,  0.000,  0.000
  0.022,303.414,  0.000,  0.000
  0.022,303.425,  0.000,  0.000
  0.022,303.437,  0.000,  0.000
  0.022,303.445,  0.000,  0.000
  0.022,303.442,  0.000,  0.000
  0.022,303.436,  0.000,  0.000
  0.022,303.449,  0.000,  0.000
  0.022,303.400,  0.000,  0.000
  0.022,303.073,  0.000,  0.000
  0.021,302.468,  0.000,  0.000
  0.019,302.335,  0.000,  0.000
  0.020,302.522,  0.000,  0.000
  0.020,302.538,  0.000,  0.000
  0.022,302.880,  0.000,  0.000
  0.023,303.396,  0.000,  0.000
  0.022,303.222,  0.000,  0.000
  0.022,303.239,  0.000,  0.000
  0.022,303.258,  0.000,  0.000
  0.022,303.276,  0.000,  0.000
  0.022,303.295,  0.000,  0.000
  0.022,303.316,  0.000,  0.000
  0.022,303.338,  0.000,  0.000
  0.022,303.360,  0.000,  0.000
  0.022,303.379,  0.000,  0.000
  0.022,303.393,  0.000,  0.000
  0.022,303.405,  0.000,  0.000
  0.022,303.417,  0.000,  0.000
  0.022,303.430,  0.000,  0.000
  0.022,303.439,  0.000,  0.000
  0.022,303.442,  0.000,  0.000
  0.022,303.447,  0.000,  0.000
  0.022,303.447,  0.000,  0.000
  0.022,303.325,  0.000,  0.000
  0.022,302.999,  0.000,  0.000
  0.021,302.512,  0.000,  0.000
  0.021,302.698,  0.000,  0.000
  0.021,302.607,  0.000,  0.000
  0.021,302.645,  0.000,  0.000
  0.022,302.952,  0.000,  0.000
  0.023,303.332,  0.000,  0.000
  0.022,303.212,  0.000,  0.000
  0.022,303.227,  0.000,  0.000
  0.022,303.243,  0.000,  0.000
  0.022,303.261,  0.000,  0.000
  0.022,303.280,  0.000,  0.000
  0.022,303.301,  0.000,  0.000
  0.022,303.324,  0.000,  0.000
  0.022,303.347,  0.000,  0.000
  0.022,303.365,  0.000,  0.000
  0.022,303.380,  0.000,  0.000
  0.022,303.394,  0.000,  0.000
  0.022,303.408,  0.000,  0.000
  0.022,303.422,  0.000,  0.000
  0.022,303.434,  0.000,  0.000
  0.022,303.441,  0.000,  0.000
  0.022,303.451,  0.000,  0.000
  0.022,303.455,  0.000,  0.000
  0.022,303.323,  0.000,  0.000
  0.023,303.002,  0.000,  0.000
  0.021,302.580,  0.000,  0.000
  0.021,302.718,  0.000,  0.000
  0.021,302.890,  0.000,  0.000
  0.021,302.886,  0.000,  0.000
  0.022,303.013,  0.000,  0.000
  0.023,303.298,  0.000,  0.000
  0.022,303.202,  0.000,  0.000
  0.022,303.216,  0.000,  0.000
  0.022,303.230,  0.000,  0.000
  0.022,303.248,  0.000,  0.000
  0.022,303.268,  0.000,  0.000
  0.022,303.291,  0.000,  0.000
  0.022,303.313,  0.000,  0.000
  0.022,303.333,  0.000,  0.000
  0.022,303.351,  0.000,  0.000
  0.022,303.367,  0.000,  0.000
  0.022,303.383,  0.000,  0.000
  0.022,303.399,  0.000,  0.000
  0.022,303.414,  0.000,  0.000
  0.022,303.428,  0.000,  0.000
  0.022,303.437,  0.000,  0.000
  0.022,303.446,  0.000,  0.000
  0.022,303.461,  0.000,  0.000
  0.022,303.405,  0.000,  0.000
  0.023,303.139,  0.000,  0.000
  0.022,302.660,  0.000,  0.000
  0.021,302.619,  0.000,  0.000
  0.022,302.881,  0.000,  0.000
  0.022,302.882,  0.000,  0.000
  0.022,303.071,  0.000,  0.000
  0.023,303.362,  0.000,  0.000
  0.022,303.192,  0.000,  0.000
  0.022,303.206,  0.000,  0.000
  0.022,303.219,  0.000,  0.000
  0.022,303.236,  0.000,  0.000
  0.022,303.258,  0.000,  0.000
  0.022,303.281,  0.000,  0.000
  0.022,303.302,  0.000,  0.000
  0.022,303.321,  0.000,  0.000
  0.022,303.338,  0.000,  0.000
  0.022,303.354,  0.000,  0.000
  0.022,303.371,  0.000,  0.000
  0.022,303.388,  0.000,  0.000
  0.022,303.405,  0.000,  0.000
  0.022,303.420,  0.000,  0.000
  0.022,303.432,  0.000,  0.000
  0.022,303.440,  0.000,  0.000
  0.022,303.452,  0.000,  0.000
  0.022,303.455,  0.000,  0.000
  0.022,303.356,  0.000,  0.000
  0.023,303.105,  0.000,  0.000
  0.023,302.908,  0.000,  0.000
  0.022,302.884,  0.000,  0.000
  0.023,303.008,  0.000,  0.000
  0.023,303.318,  0.000,  0.000
  0.023,303.398,  0.000,  0.000
  0.022,303.184,  0.000,  0.000
  0.022,303.197,  0.000,  0.000
  0.022,303.210,  0.000,  0.000
  0.022,303.226,  0.000,  0.000
  0.022,303.248,  0.000,  0.000
  0.022,303.270,  0.000,  0.000
  0.022,303.290,  0.000,  0.000
  0.022,303.309,  0.000,  0.000
  0.022,303.325,  0.000,  0.000
  0.022,303.341,  0.000,  0.000
  0.022,303.359,  0.000,  0.000
  0.022,303.377,  0.000,  0.000
  0.022,303.395,  0.000,  0.000
  0.022,303.411,  0.000,  0.000
  0.022,303.424,  0.000,  0.000
  0.022,303.434,  0.000,  0.000
  0.022,303.442,  0.000,  0.000
  0.022,303.449,  0.000,  0.000
  0.022,303.439,  0.000,  0.000
  0.022,303.367,  0.000,  0.000
  0.022,303.239,  0.000,  0.000
  0.023,303.200,  0.000,  0.000
  0.023,303.333,  0.000,  0.000
  0.023,303.469,  0.000,  0.000
  0.023,303.406,  0.000,  0.000
  0.022,303.175,  0.000,  0.000
  0.022,303.188,  0.001,  0.000
  0.022,303.203,  0.001,  0.000
  0.022,303.218,  0.000,  0.000
  0.022,303.237,  0.000,  0.000
  0.022,303.257,  0.000,  0.000
  0.022,303.278,  0.000,  0.000
  0.022,303.296,  0.000,  0.000
  0.022,303.312,  0.000,  0.000
  0.022,303.328,  0.000,  0.000
  0.022,303.345,  0.000,  0.000
  0.022,303.364,  0.000,  0.000
  0.022,303.382,  0.000,  0.000
  0.022,303.400,  0.000,  0.000
  0.022,303.415,  0.000,  0.000
  0.022,303.424,  0.000,  0.000
  0.022,303.432,  0.000,  0.000
  0.022,303.437,  0.000,  0.000
  0.022,303.433,  0.000,  0.000
  0.022,303.420,  0.000,  0.000
  0.022,303.403,  0.000,  0.000
  0.022,303.407,  0.000,  0.000
  0.022,303.454,  0.000,  0.000
  0.023,303.479,  0.000,  0.000
  0.023,303.420,  0.000,  0.000
  0.022,303.165,  0.000,  0.000
  0.022,303.179,  0.000,  0.000
  0.022,303.194,  0.000,  0.000
  0.022,303.208,  0.001,  0.000
  0.022,303.224,  0.001,  0.000
  0.022,303.243,  0.000,  0.000
  0.022,303.264,  0.000,  0.000
  0.022,303.282,  0.000,  0.000
  0.022,303.298,  0.000,  0.000
  0.022,303.313,  0.000,  0.000
  0.022,303.330,  0.000,  0.000
  0.022,303.349,  0.000,  0.000
  0.022,303.368,  0.000,  0.000
  0.022,303.387,  0.000,  0.000
  0.022,303.404,  0.000,  0.000
  0.022,303.417,  0.000,  0.000
  0.022,303.425,  0.000,  0.000
  0.022,303.432,  0.000,  0.000
  0.022,303.430,  0.000,  0.000
  0.022,303.417,  0.000,  0.000
  0.022,303.405,  0.000,  0.000
  0.022,303.409,  0.000,  0.000
  0.022,303.436,  0.000,  0.000
  0.022,303.471,  0.000,  0.000
  0.023,303.453,  0.000,  0.000
  0.022,303.153,  0.000,  0.000
  0.022,303.166,  0.000,  0.000
  0.022,303.180,  0.001,  0.000
  0.022,303.194,  0.001,  0.000
  0.022,303.208,  0.001,  0.000
  0.022,303.225,  0.000,  0.000
  0.022,303.246,  0.000,  0.000
  0.022,303.265,  0.000,  0.000
  0.022,303.280,  0.000,  0.000
  0.022,303.293,  0.000,  0.000
  0.022,303.308,  0.000,  0.000
  0.022,303.326,  0.000,  0.000
  0.022,303.346,  0.000,  0.000
  0.022,303.366,  0.000,  0.000
  0.022,303.385,  0.000,  0.000
  0.022,303.402,  0.000,  0.000
  0.022,303.413,  0.000,  0.000
  0.022,303.420,  0.000,  0.000
  0.022,303.423,  0.000,  0.000
  0.022,303.417,  0.000,  0.000
  0.022,303.400,  0.000,  0.000
  0.022,303.391,  0.000,  0.000
  0.022,303.417,  0.000,  0.000
  0.022,303.463,  0.000,  0.000
  0.022,303.484,  0.000,  0.000
  0.022,303.137,  0.000,  0.000
  0.022,303.150,  0.000,  0.000
  0.022,303.163,  0.000,  0.000
  0.022,303.177,  0.002,  0.000
  0.022,303.191,  0.003,  0.000
  0.022,303.206,  0.002,  0.000
  0.022,303.224,  0.000,  0.000
  0.022,303.243,  0.000,  0.000
  0.022,303.260,  0.000,  0.000
  0.022,303.273,  0.000,  0.000
  0.022,303.285,  0.000,  0.000
  0.022,303.301,  0.000,  0.000
  0.022,303.320,  0.000,  0.000
  0.022,303.340,  0.000,  0.000
  0.022,303.360,  0.000,  0.000
  0.022,303.380,  0.000,  0.000
  0.022,303.396,  0.000,  0.000
  0.022,303.406,  0.000,  0.000
  0.022,303.412,  0.000,  0.000
  0.022,303.414,  0.000,  0.000
  0.022,303.406,  0.000,  0.000
  0.022,303.392,  0.000,  0.000
  0.022,303.398,  0.000,  0.000
  0.022,303.435,  0.000,  0.000
  0.022,303.468,  0.000,  0.000
  0.022,303.118,  0.000,  0.000
  0.022,303.133,  0.000,  0.000
  0.022,303.144,  0.000,  0.000
  0.022,303.158,  0.001,  0.000
  0.022,303.173,  0.002,  0.000
  0.022,303.186,  0.002,  0.000
  0.022,303.200,  0.001,  0.000
  0.022,303.218,  0.000,  0.000
  0.022,303.237,  0.000,  0.000
  0.022,303.251,  0.000,  0.000
  0.022,303.262,  0.000,  0.000
  0.022,303.275,  0.000,  0.000
  0.022,303.292,  0.000,  0.000
  0.022,303.310,  0.000,  0.000
  0.022,303.331,  0.000,  0.000
  0.022,303.353,  0.000,  0.000
  0.022,303.374,  0.000,  0.000
  0.022,303.390,  0.000,  0.000
  0.022,303.399,  0.000,  0.000
  0.022,303.406,  0.000,  0.000
  0.022,303.409,  0.000,  0.000
  0.022,303.402,  0.000,  0.000
  0.022,303.390,  0.000,  0.000
  0.022,303.392,  0.000,  0.000
  0.022,303.419,  0.000,  0.000
  0.022,303.096,  0.000,  0.000
  0.022,303.114,  0.000,  0.000
  0.022,303.126,  0.000,  0.000
  0.022,303.137,  0.000,  0.000
  0.022,303.151,  0.001,  0.000
  0.022,303.166,  0.001,  0.000
  0.022,303.178,  0.000,  0.000
  0.022,303.193,  0.000,  0.000
  0.022,303.211,  0.000,  0.000
  0.022,303.227,  0.000,  0.000
  0.022,303.239,  0.000,  0.000
  0.022,303.250,  0.000,  0.000
  0.022,303.264,  0.000,  0.000
  0.022,303.281,  0.000,  0.000
  0.022,303.300,  0.000,  0.000
  0.022,303.322,  0.000,  0.000
  0.022,303.346,  0.000,  0.000
  0.022,303.368,  0.000,  0.000
  0.022,303.384,  0.000,  0.000
  0.022,303.395,  0.000,  0.000
  0.022,303.402,  0.000,  0.000
  0.022,303.405,  0.000,  0.000
  0.022,303.397,  0.000,  0.000
  0.022,303.384,  0.000,  0.000
  0.022,303.388,  0.000,  0.000
