  0.015,296.848,  0.000,  0.000
  0.015,296.838,  0.000,  0.000
  0.015,296.817,  0.000,  0.000
  0.015,296.797,  0.000,  0.000
  0.015,296.800,  0.000,  0.000
  0.015,296.782,  0.000,  0.000
  0.015,296.737,  0.000,  0.000
  0.014,296.692,  0.000,  0.000
  0.014,296.676,  0.000,  0.000
  0.015,296.676,  0.000,  0.000
  0.015,296.639,  0.000,  0.000
  0.015,296.594,  0.000,  0.000
  0.015,296.600,  0.000,  0.000
  0.015,296.649,  0.000,  0.000
  0.015,296.704,  0.000,  0.000
  0.015,296.712,  0.000,  0.000
  0.015,296.707,  0.000,  0.000
  0.015,296.721,  0.000,  0.000
  0.015,296.760,  0.000,  0.000
  0.015,296.813,  0.000,  0.000
  0.015,296.842,  0.000,  0.000
  0.015,296.839,  0.000,  0.000
  0.015,296.832,  0.000,  0.000
  0.015,296.849,  0.000,  0.000
  0.015,296.874,  0.000,  0.000
  0.015,296.809,  0.000,  0.000
  0.015,296.817,  0.000,  0.000
  0.015,296.828,  0.000,  0.000
  0.015,296.822,  0.000,  0.000
  0.015,296.818,  0.000,  0.000
  0.015,296.801,  0.000,  0.000
  0.014,296.758,  0.000,  0.000
  0.014,296.711,  0.000,  0.000
  0.015,296.708,  0.000,  0.000
  0.015,296.703,  0.000,  0.000
  0.015,296.666,  0.000,  0.000
  0.015,296.659,  0.000,  0.000
  0.015,296.681,  0.000,  0.000
  0.015,296.729,  0.000,  0.000
  0.015,296.764,  0.000,  0.000
  0.015,296.751,  0.000,  0.000
  0.015,296.746,  0.000,  0.000
  0.015,296.776,  0.000,  0.000
  0.015,296.833,  0.000,  0.000
  0.015,296.888,  0.000,  0.000
  0.015,296.888,  0.000,  0.000
  0.015,296.877,  0.000,  0.000
  0.015,296.896,  0.000,  0.000
  0.015,296.930,  0.000,  0.000
  0.015,296.928,  0.000,  0.000
  0.015,296.805,  0.000,  0.000
  0.015,296.800,  0.000,  0.000
  0.015,296.817,  0.000,  0.000
  0.015,296.823,  0.000,  0.000
  0.015,296.827,  0.000,  0.000
  0.015,296.810,  0.000,  0.000
  0.015,296.766,  0.000,  0.000
  0.015,296.727,  0.000,  0.000
  0.015,296.725,  0.000,  0.000
  0.015,296.708,  0.000,  0.000
  0.015,296.695,  0.000,  0.000
  0.015,296.721,  0.000,  0.000
  0.015,296.754,  0.000,  0.000
  0.015,296.791,  0.000,  0.000
  0.015,296.798,  0.000,  0.000
  0.015,296.779,  0.000,  0.000
  0.015,296.788,  0.000,  0.000
  0.015,296.826,  0.000,  0.000
  0.015,296.857,  0.000,  0.000
  0.015,296.867,  0.000,  0.000
  0.015,296.884,  0.000,  0.000
  0.015,296.913,  0.000,  0.000
  0.015,296.931,  0.000,  0.000
  0.015,296.966,  0.000,  0.000
  0.015,296.959,  0.000,  0.000
  0.015,296.825,  0.000,  0.000
  0.015,296.802,  0.000,  0.000
  0.015,296.815,  0.000,  0.000
  0.015,296.843,  0.000,  0.000
  0.015,296.846,  0.000,  0.000
  0.015,296.801,  0.000,  0.000
  0.015,296.767,  0.000,  0.000
  0.015,296.748,  0.000,  0.000
  0.015,296.741,  0.000,  0.000
  0.015,296.726,  0.000,  0.000
  0.015,296.734,  0.000,  0.000
  0.015,296.773,  0.000,  0.000
  0.015,296.813,  0.000,  0.000
  0.015,296.841,  0.000,  0.000
  0.015,296.828,  0.000,  0.000
  0.015,296.818,  0.000,  0.000
  0.015,296.839,  0.000,  0.000
  0.015,296.862,  0.000,  0.000
  0.015,296.850,  0.000,  0.000
  0.015,296.829,  0.000,  0.000
  0.015,296.884,  0.000,  0.000
  0.015,296.954,  0.000,  0.000
  0.015,296.954,  0.000,  0.000
  0.015,296.970,  0.000,  0.000
  0.015,296.986,  0.000,  0.000
  0.015,296.848,  0.000,  0.000
  0.014,296.834,  0.000,  0.000
  0.015,296.853,  0.000,  0.000
  0.015,296.893,  0.000,  0.000
  0.015,296.856,  0.000,  0.000
  0.015,296.796,  0.000,  0.000
  0.015,296.786,  0.000,  0.000
  0.015,296.788,  0.000,  0.000
  0.015,296.779,  0.000,  0.000
  0.015,296.776,  0.000,  0.000
  0.015,296.796,  0.000,  0.000
  0.015,296.830,  0.000,  0.000
  0.015,296.874,  0.000,  0.000
  0.015,296.898,  0.000,  0.000
  0.015,296.887,  0.000,  0.000
  0.015,296.884,  0.000,  0.000
  0.015,296.900,  0.000,  0.000
  0.015,296.901,  0.000,  0.000
  0.015,296.863,  0.000,  0.000
  0.015,296.843,  0.000,  0.000
  0.015,296.917,  0.000,  0.000
  0.015,297.003,  0.000,  0.000
  0.015,296.986,  0.000,  0.000
  0.015,296.979,  0.000,  0.000
  0.015,297.010,  0.000,  0.000
  0.015,296.892,  0.000,  0.000
  0.015,296.914,  0.000,  0.000
  0.015,296.947,  0.000,  0.000
  0.015,296.954,  0.000,  0.000
  0.015,296.867,  0.000,  0.000
  0.015,296.808,  0.000,  0.000
  0.015,296.822,  0.000,  0.000
  0.015,296.848,  0.000,  0.000
  0.015,296.845,  0.000,  0.000
  0.015,296.847,  0.000,  0.000
  0.015,296.871,  0.000,  0.000
  0.015,296.898,  0.000,  0.000
  0.015,296.922,  0.000,  0.000
  0.015,296.949,  0.000,  0.000
  0.015,296.960,  0.000,  0.000
  0.015,296.959,  0.000,  0.000
  0.015,296.963,  0.000,  0.000
  0.015,296.958,  0.000,  0.000
  0.015,296.919,  0.000,  0.000
  0.015,296.911,  0.000,  0.000
  0.015,296.989,  0.000,  0.000
  0.015,297.056,  0.000,  0.000
  0.015,297.021,  0.000,  0.000
  0.015,297.002,  0.000,  0.000
  0.015,297.010,  0.000,  0.000
  0.015,296.942,  0.000,  0.000
  0.015,296.994,  0.000,  0.000
  0.015,297.007,  0.000,  0.000
  0.015,296.971,  0.000,  0.000
  0.015,296.897,  0.000,  0.000
  0.015,296.841,  0.000,  0.000
  0.015,296.863,  0.000,  0.000
  0.015,296.912,  0.000,  0.000
  0.015,296.919,  0.000,  0.000
  0.015,296.918,  0.000,  0.000
  0.015,296.939,  0.000,  0.000
  0.015,296.964,  0.000,  0.000
  0.015,296.962,  0.000,  0.000
  0.015,296.980,  0.000,  0.000
  0.015,297.016,  0.000,  0.000
  0.015,297.027,  0.000,  0.000
  0.015,297.027,  0.000,  0.000
  0.015,297.018,  0.000,  0.000
  0.015,297.003,  0.000,  0.000
  0.015,297.026,  0.000,  0.000
  0.015,297.083,  0.000,  0.000
  0.015,297.097,  0.000,  0.000
  0.015,297.044,  0.000,  0.000
  0.015,297.026,  0.000,  0.000
  0.015,296.987,  0.000,  0.000
  0.015,296.966,  0.000,  0.000
  0.015,296.989,  0.000,  0.000
  0.015,296.966,  0.000,  0.000
  0.015,296.979,  0.000,  0.000
  0.015,296.948,  0.000,  0.000
  0.015,296.882,  0.000,  0.000
  0.015,296.897,  0.000,  0.000
  0.015,296.956,  0.000,  0.000
  0.015,296.981,  0.000,  0.000
  0.015,296.983,  0.000,  0.000
  0.015,296.991,  0.000,  0.000
  0.015,297.010,  0.000,  0.000
  0.015,296.993,  0.000,  0.000
  0.015,296.997,  0.000,  0.000
  0.015,297.038,  0.000,  0.000
  0.015,297.062,  0.000,  0.000
  0.015,297.067,  0.000,  0.000
  0.015,297.073,  0.000,  0.000
  0.015,297.079,  0.000,  0.000
  0.015,297.097,  0.000,  0.000
  0.015,297.130,  0.000,  0.000
  0.015,297.127,  0.000,  0.000
  0.015,297.085,  0.000,  0.000
  0.015,297.052,  0.000,  0.000
  0.015,296.962,  0.000,  0.000
  0.015,296.967,  0.000,  0.000
  0.015,296.897,  0.000,  0.000
  0.015,296.901,  0.000,  0.000
  0.015,297.009,  0.000,  0.000
  0.015,296.999,  0.000,  0.000
  0.015,296.933,  0.000,  0.000
  0.015,296.938,  0.000,  0.000
  0.015,296.989,  0.000,  0.000
  0.015,297.033,  0.000,  0.000
  0.015,297.048,  0.000,  0.000
  0.015,297.036,  0.000,  0.000
  0.015,297.026,  0.000,  0.000
  0.015,297.018,  0.000,  0.000
  0.015,297.021,  0.000,  0.000
  0.015,297.037,  0.000,  0.000
  0.015,297.061,  0.000,  0.000
  0.015,297.090,  0.000,  0.000
  0.015,297.098,  0.000,  0.000
  0.015,297.055,  0.000,  0.000
  0.015,297.041,  0.000,  0.000
  0.015,297.093,  0.000,  0.000
  0.015,297.136,  0.000,  0.000
  0.015,297.122,  0.000,  0.000
  0.015,297.064,  0.000,  0.000
  0.015,296.935,  0.000,  0.000
  0.015,296.966,  0.000,  0.000
  0.015,296.901,  0.000,  0.000
  0.015,296.921,  0.000,  0.000
  0.015,297.021,  0.000,  0.000
  0.015,297.018,  0.000,  0.000
  0.015,296.988,  0.000,  0.000
  0.015,297.001,  0.000,  0.000
  0.015,297.050,  0.000,  0.000
  0.015,297.106,  0.000,  0.000
  0.015,297.128,  0.000,  0.000
  0.015,297.081,  0.000,  0.000
  0.015,297.030,  0.000,  0.000
  0.015,297.036,  0.000,  0.000
  0.015,297.051,  0.000,  0.000
  0.015,297.050,  0.000,  0.000
  0.015,297.076,  0.000,  0.000
  0.015,297.088,  0.000,  0.000
  0.015,297.007,  0.000,  0.000
  0.015,296.929,  0.000,  0.000
  0.015,296.946,  0.000,  0.000
  0.015,297.040,  0.000,  0.000
  0.015,297.127,  0.000,  0.000
  0.015,297.122,  0.000,  0.000
  0.015,297.028,  0.000,  0.000
  0.015,296.896,  0.000,  0.000
  0.015,296.987,  0.000,  0.000
  0.015,296.995,  0.000,  0.000
  0.015,297.011,  0.000,  0.000
  0.015,297.024,  0.000,  0.000
  0.015,297.020,  0.000,  0.000
  0.015,297.037,  0.000,  0.000
  0.015,297.084,  0.000,  0.000
  0.015,297.144,  0.000,  0.000
  0.015,297.203,  0.000,  0.000
  0.015,297.200,  0.000,  0.000
  0.015,297.120,  0.000,  0.000
  0.015,297.049,  0.000,  0.000
  0.015,297.052,  0.000,  0.000
  0.015,297.087,  0.000,  0.000
  0.015,297.115,  0.000,  0.000
  0.015,297.107,  0.000,  0.000
  0.015,296.977,  0.000,  0.000
  0.015,296.855,  0.000,  0.000
  0.015,296.867,  0.000,  0.000
  0.015,296.926,  0.000,  0.000
  0.015,297.043,  0.000,  0.000
  0.015,297.161,  0.000,  0.000
  0.015,297.124,  0.000,  0.000
  0.015,296.951,  0.000,  0.000
  0.016,296.870,  0.000,  0.000
  0.015,297.085,  0.000,  0.000
  0.015,297.114,  0.000,  0.000
  0.015,297.086,  0.000,  0.000
  0.015,297.035,  0.000,  0.000
  0.015,297.028,  0.000,  0.000
  0.015,297.079,  0.000,  0.000
  0.015,297.154,  0.000,  0.000
  0.015,297.218,  0.000,  0.000
  0.015,297.251,  0.000,  0.000
  0.015,297.236,  0.000,  0.000
  0.015,297.163,  0.000,  0.000
  0.015,297.089,  0.000,  0.000
  0.015,297.088,  0.000,  0.000
  0.015,297.147,  0.000,  0.000
  0.015,297.157,  0.000,  0.000
  0.015,296.994,  0.000,  0.000
  0.015,296.794,  0.000,  0.000
  0.015,296.803,  0.000,  0.000
  0.015,296.897,  0.000,  0.000
  0.016,296.979,  0.000,  0.000
  0.015,297.105,  0.000,  0.000
  0.015,297.198,  0.000,  0.000
  0.015,297.094,  0.000,  0.000
  0.015,296.896,  0.000,  0.000
  0.016,296.902,  0.000,  0.000
  0.015,297.194,  0.000,  0.000
  0.015,297.188,  0.000,  0.000
  0.015,297.131,  0.000,  0.000
  0.015,297.070,  0.000,  0.000
  0.015,297.063,  0.000,  0.000
  0.015,297.116,  0.000,  0.000
  0.015,297.190,  0.000,  0.000
  0.015,297.214,  0.000,  0.000
  0.015,297.230,  0.000,  0.000
  0.015,297.258,  0.000,  0.000
  0.015,297.214,  0.000,  0.000
  0.015,297.155,  0.000,  0.000
  0.015,297.161,  0.000,  0.000
  0.015,297.184,  0.000,  0.000
  0.015,297.050,  0.000,  0.000
  0.016,296.785,  0.000,  0.000
  0.016,296.721,  0.000,  0.000
  0.016,296.838,  0.000,  0.000
  0.016,296.945,  0.000,  0.000
  0.016,297.054,  0.000,  0.000
  0.015,297.162,  0.000,  0.000
  0.015,297.133,  0.000,  0.000
  0.015,296.947,  0.000,  0.000
  0.016,296.886,  0.000,  0.000
  0.016,297.001,  0.000,  0.000
  0.015,297.215,  0.000,  0.000
  0.015,297.207,  0.000,  0.000
  0.015,297.169,  0.000,  0.000
  0.015,297.117,  0.000,  0.000
  0.015,297.113,  0.000,  0.000
  0.015,297.144,  0.000,  0.000
  0.015,297.150,  0.000,  0.000
  0.015,297.134,  0.000,  0.000
  0.015,297.203,  0.000,  0.000
  0.015,297.264,  0.000,  0.000
  0.015,297.256,  0.000,  0.000
  0.015,297.238,  0.000,  0.000
  0.015,297.235,  0.000,  0.000
  0.015,297.143,  0.000,  0.000
  0.016,296.880,  0.000,  0.000
  0.016,296.691,  0.000,  0.000
  0.016,296.754,  0.000,  0.000
  0.016,296.887,  0.000,  0.000
  0.016,297.011,  0.000,  0.000
  0.016,297.155,  0.000,  0.000
  0.016,297.207,  0.000,  0.000
  0.015,297.033,  0.000,  0.000
  0.016,296.834,  0.000,  0.000
  0.016,296.896,  0.000,  0.000
  0.016,297.105,  0.000,  0.000
  0.015,297.158,  0.000,  0.000
  0.015,297.229,  0.000,  0.000
  0.015,297.213,  0.000,  0.000
  0.015,297.173,  0.000,  0.000
  0.015,297.176,  0.000,  0.000
  0.015,297.151,  0.000,  0.000
  0.015,297.073,  0.000,  0.000
  0.015,297.090,  0.000,  0.000
  0.015,297.198,  0.000,  0.000
  0.015,297.245,  0.000,  0.000
  0.015,297.263,  0.000,  0.000
  0.015,297.296,  0.000,  0.000
  0.015,297.262,  0.000,  0.000
  0.015,297.064,  0.000,  0.000
  0.016,296.799,  0.000,  0.000
  0.016,296.728,  0.000,  0.000
  0.016,296.824,  0.000,  0.000
  0.016,296.954,  0.000,  0.000
  0.016,297.111,  0.000,  0.000
  0.016,297.270,  0.000,  0.000
  0.016,297.271,  0.000,  0.000
  0.016,297.061,  0.000,  0.000
  0.016,296.905,  0.000,  0.000
  0.016,296.979,  0.000,  0.000
  0.016,297.198,  0.000,  0.000
