  0.020,301.690,  0.001,  0.000
  0.020,301.694,  0.000,  0.000
  0.020,301.756,  0.000,  0.000
  0.020,301.842,  0.000,  0.000
  0.019,301.891,  0.000,  0.000
  0.020,301.862,  0.000,  0.000
  0.020,301.789,  0.000,  0.000
  0.020,301.732,  0.000,  0.000
  0.020,301.745,  0.000,  0.000
  0.019,301.798,  0.000,  0.000
  0.019,301.825,  0.000,  0.000
  0.019,301.817,  0.000,  0.000
  0.019,301.798,  0.000,  0.000
  0.020,301.774,  0.000,  0.000
  0.020,301.729,  0.000,  0.000
  0.020,301.679,  0.001,  0.000
  0.020,301.668,  0.001,  0.000
  0.020,301.711,  0.000,  0.000
  0.019,301.769,  0.000,  0.000
  0.019,301.798,  0.000,  0.000
  0.020,301.772,  0.000,  0.000
  0.020,301.722,  0.000,  0.000
  0.020,301.708,  0.000,  0.000
  0.019,301.763,  0.000,  0.000
  0.019,301.814,  0.000,  0.000
  0.020,301.740,  0.001,  0.000
  0.020,301.710,  0.000,  0.000
  0.020,301.735,  0.000,  0.000
  0.020,301.810,  0.000,  0.000
  0.020,301.874,  0.000,  0.000
  0.019,301.877,  0.000,  0.000
  0.020,301.831,  0.000,  0.000
  0.020,301.778,  0.000,  0.000
  0.020,301.759,  0.000,  0.000
  0.020,301.796,  0.000,  0.000
  0.019,301.847,  0.000,  0.000
  0.019,301.870,  0.000,  0.000
  0.019,301.867,  0.000,  0.000
  0.019,301.844,  0.000,  0.000
  0.019,301.803,  0.000,  0.000
  0.020,301.749,  0.001,  0.000
  0.020,301.709,  0.005,  0.000
  0.020,301.711,  0.006,  0.000
  0.019,301.753,  0.000,  0.000
  0.019,301.801,  0.000,  0.000
  0.019,301.816,  0.000,  0.000
  0.020,301.775,  0.000,  0.000
  0.020,301.720,  0.000,  0.000
  0.020,301.731,  0.000,  0.000
  0.020,301.764,  0.000,  0.000
  0.020,301.799,  0.001,  0.000
  0.020,301.762,  0.001,  0.000
  0.020,301.763,  0.000,  0.000
  0.020,301.802,  0.001,  0.000
  0.020,301.837,  0.000,  0.000
  0.020,301.839,  0.000,  0.000
  0.020,301.818,  0.000,  0.000
  0.020,301.784,  0.000,  0.000
  0.020,301.755,  0.000,  0.000
  0.020,301.775,  0.000,  0.000
  0.019,301.834,  0.000,  0.000
  0.019,301.884,  0.000,  0.000
  0.019,301.905,  0.000,  0.000
  0.019,301.900,  0.000,  0.000
  0.019,301.863,  0.000,  0.000
  0.019,301.804,  0.002,  0.000
  0.020,301.748,  0.011,  0.000
  0.020,301.720,  0.015,  0.000
  0.020,301.737,  0.005,  0.000
  0.019,301.784,  0.001,  0.000
  0.019,301.827,  0.000,  0.000
  0.019,301.834,  0.000,  0.000
  0.020,301.789,  0.000,  0.000
  0.020,301.752,  0.000,  0.000
  0.020,301.730,  0.001,  0.000
  0.020,301.866,  0.009,  0.000
  0.020,301.848,  0.003,  0.000
  0.020,301.838,  0.001,  0.000
  0.020,301.836,  0.001,  0.000
  0.020,301.828,  0.000,  0.000
  0.020,301.810,  0.000,  0.000
  0.020,301.788,  0.000,  0.000
  0.020,301.763,  0.000,  0.000
  0.020,301.747,  0.000,  0.000
  0.020,301.757,  0.000,  0.000
  0.020,301.798,  0.000,  0.000
  0.020,301.836,  0.000,  0.000
  0.020,301.857,  0.000,  0.000
  0.020,301.870,  0.000,  0.000
  0.019,301.868,  0.000,  0.000
  0.019,301.830,  0.000,  0.000
  0.020,301.772,  0.005,  0.000
  0.020,301.727,  0.014,  0.000
  0.020,301.723,  0.011,  0.000
  0.020,301.759,  0.002,  0.000
  0.019,301.807,  0.001,  0.000
  0.019,301.841,  0.000,  0.000
  0.019,301.843,  0.000,  0.000
  0.019,301.827,  0.000,  0.000
  0.020,301.778,  0.000,  0.000
  0.020,301.910,  0.074,  0.000
  0.020,301.900,  0.030,  0.000
  0.020,301.894,  0.010,  0.000
  0.020,301.881,  0.001,  0.000
  0.020,301.856,  0.000,  0.000
  0.020,301.826,  0.000,  0.000
  0.020,301.804,  0.000,  0.000
  0.020,301.796,  0.000,  0.000
  0.020,301.791,  0.000,  0.000
  0.020,301.790,  0.000,  0.000
  0.020,301.791,  0.000,  0.000
  0.020,301.785,  0.000,  0.000
  0.020,301.774,  0.000,  0.000
  0.020,301.779,  0.000,  0.000
  0.020,301.802,  0.000,  0.000
  0.020,301.817,  0.000,  0.000
  0.020,301.794,  0.000,  0.000
  0.020,301.747,  0.003,  0.000
  0.020,301.722,  0.008,  0.000
  0.020,301.734,  0.004,  0.000
  0.020,301.772,  0.000,  0.000
  0.019,301.809,  0.000,  0.000
  0.019,301.836,  0.000,  0.000
  0.019,301.862,  0.000,  0.000
  0.019,301.855,  0.000,  0.000
  0.020,301.911,  0.326,  0.000
  0.020,301.918,  0.212,  0.000
  0.020,301.904,  0.074,  0.000
  0.019,301.894,  0.006,  0.000
  0.020,301.889,  0.002,  0.000
  0.020,301.874,  0.001,  0.000
  0.020,301.857,  0.000,  0.000
  0.020,301.850,  0.000,  0.000
  0.020,301.860,  0.000,  0.000
  0.020,301.864,  0.000,  0.000
  0.020,301.851,  0.000,  0.000
  0.020,301.816,  0.000,  0.000
  0.020,301.769,  0.000,  0.000
  0.020,301.748,  0.000,  0.000
  0.020,301.759,  0.000,  0.000
  0.020,301.786,  0.000,  0.000
  0.020,301.802,  0.000,  0.000
  0.020,301.790,  0.001,  0.000
  0.020,301.769,  0.002,  0.000
  0.020,301.760,  0.003,  0.000
  0.020,301.766,  0.001,  0.000
  0.020,301.785,  0.000,  0.000
  0.019,301.803,  0.000,  0.000
  0.019,301.835,  0.000,  0.000
  0.019,301.862,  0.000,  0.000
  0.020,301.882,  0.682,  0.000
  0.020,301.906,  0.809,  0.000
  0.020,301.911,  0.532,  0.000
  0.020,301.899,  0.099,  0.000
  0.020,301.884,  0.005,  0.000
  0.020,301.884,  0.003,  0.000
  0.020,301.896,  0.000,  0.000
  0.020,301.913,  0.000,  0.000
  0.019,301.928,  0.000,  0.000
  0.019,301.928,  0.000,  0.000
  0.019,301.912,  0.000,  0.000
  0.020,301.871,  0.000,  0.000
  0.020,301.819,  0.000,  0.000
  0.020,301.783,  0.000,  0.000
  0.020,301.777,  0.000,  0.000
  0.020,301.800,  0.000,  0.000
  0.019,301.818,  0.000,  0.000
  0.019,301.813,  0.000,  0.000
  0.020,301.807,  0.000,  0.000
  0.020,301.802,  0.000,  0.000
  0.020,301.810,  0.001,  0.000
  0.019,301.821,  0.000,  0.000
  0.019,301.820,  0.000,  0.000
  0.020,301.822,  0.000,  0.000
  0.019,301.828,  0.000,  0.000
  0.020,301.860,  0.542,  0.000
  0.020,301.884,  1.352,  0.000
  0.020,301.911,  1.506,  0.000
  0.020,301.917,  0.524,  0.000
  0.020,301.896,  0.035,  0.000
  0.020,301.868,  0.012,  0.000
  0.020,301.869,  0.002,  0.000
  0.020,301.905,  0.000,  0.000
  0.020,301.950,  0.000,  0.000
  0.019,301.975,  0.000,  0.000
  0.019,301.960,  0.000,  0.000
  0.019,301.912,  0.000,  0.000
  0.020,301.855,  0.000,  0.000
  0.020,301.813,  0.000,  0.000
  0.020,301.807,  0.000,  0.000
  0.020,301.833,  0.000,  0.000
  0.020,301.853,  0.000,  0.000
  0.019,301.843,  0.000,  0.000
  0.019,301.822,  0.000,  0.000
  0.020,301.813,  0.000,  0.000
  0.020,301.821,  0.000,  0.000
  0.019,301.842,  0.000,  0.000
  0.019,301.866,  0.000,  0.000
  0.019,301.865,  0.000,  0.000
  0.019,301.834,  0.000,  0.000
  0.019,301.887,  0.068,  0.000
  0.019,301.874,  0.617,  0.000
  0.020,301.896,  1.484,  0.000
  0.020,301.927,  0.881,  0.000
  0.020,301.925,  0.110,  0.000
  0.020,301.893,  0.056,  0.000
  0.020,301.858,  0.027,  0.000
  0.020,301.852,  0.007,  0.000
  0.020,301.882,  0.001,  0.000
  0.020,301.920,  0.000,  0.000
  0.020,301.946,  0.000,  0.000
  0.020,301.939,  0.000,  0.000
  0.020,301.886,  0.000,  0.000
  0.020,301.832,  0.000,  0.000
  0.020,301.807,  0.000,  0.000
  0.020,301.825,  0.000,  0.000
  0.020,301.854,  0.000,  0.000
  0.020,301.867,  0.000,  0.000
  0.019,301.842,  0.000,  0.000
  0.019,301.814,  0.000,  0.000
  0.020,301.810,  0.000,  0.000
  0.020,301.834,  0.000,  0.000
  0.019,301.870,  0.000,  0.000
  0.019,301.894,  0.000,  0.000
  0.019,301.879,  0.000,  0.000
  0.020,301.920,  0.003,  0.050
  0.019,301.894,  0.002,  0.050
  0.019,301.892,  0.061,  0.040
  0.020,301.914,  0.244,  0.040
  0.020,301.934,  0.148,  0.040
  0.020,301.924,  0.154,  0.040
  0.020,301.890,  0.126,  0.000
  0.020,301.856,  0.039,  0.000
  0.020,301.842,  0.002,  0.000
  0.020,301.853,  0.001,  0.050
  0.020,301.882,  0.000,  0.050
  0.020,301.912,  0.000,  0.050
  0.020,301.914,  0.000,  0.050
  0.020,301.876,  0.000,  0.100
  0.019,301.829,  0.000,  0.100
  0.020,301.811,  0.000,  0.100
  0.020,301.822,  0.000,  0.000
  0.020,301.835,  0.000,  0.000
  0.020,301.837,  0.000,  0.000
  0.020,301.831,  0.000,  0.000
  0.019,301.817,  0.000,  0.060
  0.019,301.818,  0.000,  0.060
  0.019,301.840,  0.000,  0.060
  0.019,301.869,  0.000,  0.000
  0.019,301.884,  0.000,  0.000
  0.020,301.936,  0.003,  0.050
  0.020,301.919,  0.009,  0.050
  0.019,301.912,  0.010,  0.040
  0.019,301.910,  0.007,  0.040
  0.019,301.918,  0.053,  0.040
  0.020,301.924,  0.157,  0.040
  0.020,301.915,  0.187,  0.000
  0.020,301.897,  0.062,  0.000
  0.019,301.879,  0.001,  0.000
  0.019,301.867,  0.002,  0.050
  0.020,301.867,  0.000,  0.050
  0.020,301.879,  0.000,  0.050
  0.020,301.897,  0.000,  0.050
  0.020,301.902,  0.000,  0.100
  0.020,301.883,  0.000,  0.100
  0.019,301.850,  0.000,  0.100
  0.019,301.822,  0.000,  0.000
  0.020,301.808,  0.000,  0.000
  0.020,301.810,  0.000,  0.000
  0.020,301.826,  0.000,  0.000
  0.020,301.840,  0.000,  0.060
  0.019,301.836,  0.000,  0.060
  0.019,301.823,  0.000,  0.060
  0.019,301.821,  0.000,  0.000
  0.020,301.832,  0.000,  0.000
  0.020,301.940,  0.001,  0.050
  0.020,301.923,  0.001,  0.050
  0.020,301.916,  0.001,  0.040
  0.020,301.915,  0.001,  0.040
  0.019,301.914,  0.003,  0.040
  0.019,301.912,  0.017,  0.040
  0.020,301.916,  0.036,  0.000
  0.020,301.915,  0.020,  0.000
  0.020,301.914,  0.000,  0.000
  0.019,301.910,  0.001,  0.050
  0.019,301.897,  0.000,  0.050
  0.019,301.881,  0.000,  0.050
  0.020,301.876,  0.000,  0.050
  0.020,301.884,  0.000,  0.100
  0.020,301.891,  0.000,  0.100
  0.020,301.883,  0.000,  0.100
  0.020,301.855,  0.000,  0.000
  0.020,301.817,  0.000,  0.000
  0.020,301.793,  0.000,  0.000
  0.020,301.796,  0.000,  0.000
  0.020,301.823,  0.000,  0.060
  0.020,301.841,  0.000,  0.060
  0.020,301.834,  0.000,  0.060
  0.020,301.808,  0.000,  0.000
  0.020,301.782,  0.000,  0.000
  0.019,301.949,  0.001,  0.050
  0.020,301.931,  0.000,  0.050
  0.020,301.915,  0.000,  0.040
  0.020,301.905,  0.000,  0.040
  0.020,301.904,  0.001,  0.040
  0.019,301.914,  0.001,  0.040
  0.019,301.922,  0.001,  0.000
  0.020,301.921,  0.000,  0.000
  0.020,301.918,  0.000,  0.000
  0.020,301.915,  0.000,  0.050
  0.020,301.910,  0.000,  0.050
  0.019,301.898,  0.000,  0.050
  0.019,301.882,  0.000,  0.050
  0.019,301.870,  0.000,  0.100
  0.020,301.868,  0.000,  0.100
  0.020,301.867,  0.000,  0.100
  0.020,301.855,  0.000,  0.000
  0.020,301.825,  0.000,  0.000
  0.020,301.796,  0.000,  0.000
  0.020,301.789,  0.000,  0.000
  0.020,301.804,  0.000,  0.060
  0.020,301.825,  0.000,  0.060
  0.020,301.833,  0.000,  0.060
  0.020,301.816,  0.000,  0.000
  0.020,301.772,  0.000,  0.000
  0.020,301.958,  0.000,  0.000
  0.019,301.964,  0.000,  0.000
  0.019,301.954,  0.000,  0.210
  0.020,301.935,  0.000,  0.210
  0.020,301.916,  0.000,  0.210
  0.020,301.914,  0.000,  0.210
  0.019,301.930,  0.000,  0.050
  0.019,301.938,  0.000,  0.050
  0.020,301.934,  0.000,  0.050
  0.020,301.921,  0.000,  0.180
  0.020,301.908,  0.000,  0.180
  0.020,301.898,  0.000,  0.180
  0.019,301.891,  0.000,  0.180
  0.019,301.881,  0.000,  0.180
  0.019,301.864,  0.000,  0.180
  0.020,301.846,  0.000,  0.180
  0.020,301.835,  0.000,  0.090
  0.020,301.822,  0.000,  0.090
  0.020,301.807,  0.000,  0.090
  0.020,301.810,  0.000,  0.090
  0.020,301.833,  0.000,  0.040
  0.020,301.844,  0.000,  0.040
  0.019,301.834,  0.000,  0.040
  0.020,301.821,  0.000,  0.000
  0.020,301.798,  0.000,  0.000
  0.020,301.966,  0.000,  0.000
  0.020,301.999,  0.000,  0.000
  0.019,302.020,  0.000,  0.210
  0.019,302.006,  0.000,  0.210
  0.019,301.969,  0.000,  0.210
  0.020,301.932,  0.000,  0.210
  0.020,301.920,  0.000,  0.050
  0.020,301.937,  0.000,  0.050
  0.019,301.955,  0.000,  0.050
  0.019,301.955,  0.000,  0.180
  0.019,301.941,  0.000,  0.180
  0.020,301.917,  0.000,  0.180
  0.020,301.896,  0.000,  0.180
  0.020,301.887,  0.000,  0.180
  0.019,301.885,  0.000,  0.180
  0.019,301.878,  0.000,  0.180
  0.019,301.870,  0.000,  0.090
  0.020,301.860,  0.000,  0.090
  0.020,301.841,  0.000,  0.090
  0.020,301.826,  0.000,  0.090
  0.020,301.838,  0.000,  0.040
  0.020,301.864,  0.000,  0.040
  0.019,301.880,  0.000,  0.040
  0.019,301.873,  0.000,  0.000
  0.019,301.850,  0.000,  0.000
