  0.016,299.150, 11.725,  0.810
  0.016,299.151, 14.662,  0.810
  0.016,299.127, 19.019,  1.160
  0.017,299.089, 21.146,  1.160
  0.017,299.069, 19.389,  1.160
  0.017,299.071, 10.106,  1.160
  0.017,299.074,  3.404,  2.420
  0.016,299.075,  2.652,  2.420
  0.016,299.082,  1.852,  2.420
  0.016,299.079,  1.462,  0.890
  0.016,299.062,  0.958,  0.890
  0.016,299.050,  0.782,  0.890
  0.016,299.031,  0.904,  0.890
  0.016,299.010,  0.410,  0.000
  0.016,298.993,  0.014,  0.000
  0.016,298.975,  0.023,  0.000
  0.017,299.033,  0.023,  0.000
  0.017,299.046,  0.006,  0.000
  0.016,299.002,  0.002,  0.000
  0.016,299.017,  0.002,  0.000
  0.017,299.138,  0.002,  0.000
  0.017,299.217,  0.001,  0.000
  0.017,299.233,  0.001,  0.000
  0.017,299.232,  0.001,  0.000
  0.017,299.187,  0.001,  0.000
  0.017,299.123,  5.200,  0.000
  0.016,299.129,  6.562,  0.000
  0.017,299.122,  8.192,  0.000
  0.016,299.114,  9.442,  0.000
  0.016,299.109, 10.230,  0.000
  0.017,299.093,  8.094,  0.000
  0.017,299.072,  3.005,  0.000
  0.017,299.071,  0.207,  0.000
  0.016,299.093,  0.107,  0.000
  0.017,299.275,  0.062,  0.000
  0.017,299.279,  0.059,  0.000
  0.017,299.253,  0.039,  0.000
  0.016,299.038,  0.030,  0.000
  0.016,299.013,  0.020,  0.000
  0.017,299.132,  0.005,  0.000
  0.017,299.235,  0.003,  0.000
  0.017,299.184,  0.003,  0.000
  0.016,299.064,  0.002,  0.000
  0.016,299.011,  0.000,  0.000
  0.016,298.989,  0.000,  0.000
  0.016,298.998,  0.000,  0.000
  0.017,299.173,  0.000,  0.000
  0.017,299.245,  0.000,  0.000
  0.017,299.277,  0.000,  0.000
  0.017,299.255,  0.000,  0.000
  0.017,299.092,  0.700,  0.000
  0.017,299.099,  0.582,  0.000
  0.017,299.125,  0.934,  0.000
  0.016,299.168,  1.306,  0.000
  0.016,299.196,  1.428,  0.000
  0.016,299.191,  0.979,  0.000
  0.016,299.131,  0.158,  0.000
  0.017,299.062,  0.025,  0.000
  0.016,299.069,  0.019,  0.000
  0.016,299.118,  0.011,  0.000
  0.016,299.218,  0.007,  0.000
  0.016,299.169,  0.008,  0.000
  0.016,299.115,  0.009,  0.000
  0.017,299.049,  0.003,  0.000
  0.016,299.025,  0.000,  0.000
  0.016,299.038,  0.000,  0.000
  0.016,299.100,  0.001,  0.000
  0.016,299.100,  0.000,  0.000
  0.016,299.096,  0.000,  0.000
  0.016,299.050,  0.000,  0.000
  0.016,299.012,  0.000,  0.000
  0.016,299.011,  0.000,  0.000
  0.016,299.036,  0.000,  0.000
  0.016,299.084,  0.000,  0.000
  0.016,299.116,  0.000,  0.000
  0.017,299.081,  0.127,  0.000
  0.017,299.094,  0.090,  0.000
  0.017,299.158,  0.072,  0.000
  0.016,299.196,  0.065,  0.000
  0.016,299.222,  0.068,  0.000
  0.016,299.217,  0.052,  0.000
  0.016,299.154,  0.020,  0.000
  0.016,299.083,  0.006,  0.000
  0.017,299.060,  0.006,  0.000
  0.016,299.108,  0.002,  0.000
  0.016,299.175,  0.001,  0.000
  0.016,299.201,  0.000,  0.000
  0.016,299.175,  0.000,  0.000
  0.016,299.087,  0.000,  0.000
  0.017,299.001,  0.000,  0.000
  0.017,298.973,  0.000,  0.000
  0.016,299.002,  0.000,  0.000
  0.017,299.168,  0.000,  0.000
  0.016,299.095,  0.000,  0.000
  0.016,299.112,  0.000,  0.000
  0.016,299.091,  0.000,  0.000
  0.016,299.049,  0.000,  0.000
  0.016,299.029,  0.000,  0.000
  0.016,299.065,  0.000,  0.000
  0.016,299.100,  0.000,  0.000
  0.017,299.100,  0.147,  0.000
  0.017,299.124,  0.097,  0.000
  0.017,299.153,  0.066,  0.000
  0.016,299.166,  0.036,  0.000
  0.016,299.162,  0.024,  0.000
  0.016,299.153,  0.014,  0.000
  0.016,299.113,  0.007,  0.000
  0.016,299.060,  0.003,  0.000
  0.017,299.030,  0.004,  0.000
  0.017,299.047,  0.002,  0.000
  0.016,299.108,  0.001,  0.000
  0.016,299.161,  0.001,  0.000
  0.016,299.172,  0.000,  0.000
  0.016,299.138,  0.000,  0.000
  0.017,299.059,  0.000,  0.000
  0.017,298.987,  0.000,  0.000
  0.017,298.956,  0.000,  0.000
  0.017,299.032,  0.000,  0.000
  0.017,299.072,  0.000,  0.000
  0.016,299.060,  0.000,  0.000
  0.016,299.111,  0.000,  0.000
  0.016,299.132,  0.000,  0.000
  0.016,299.106,  0.000,  0.000
  0.016,299.068,  0.000,  0.000
  0.016,299.033,  0.000,  0.000
  0.016,299.150,  0.050,  0.000
  0.017,299.159,  0.030,  0.000
  0.017,299.170,  0.014,  0.000
  0.016,299.171,  0.009,  0.000
  0.016,299.156,  0.007,  0.000
  0.016,299.133,  0.004,  0.000
  0.016,299.098,  0.002,  0.000
  0.017,299.052,  0.000,  0.000
  0.017,299.015,  0.001,  0.000
  0.017,299.006,  0.001,  0.000
  0.017,299.034,  0.000,  0.000
  0.017,299.070,  0.000,  0.000
  0.016,299.085,  0.000,  0.000
  0.016,299.103,  0.000,  0.000
  0.016,299.113,  0.000,  0.000
  0.016,299.064,  0.000,  0.000
  0.016,298.975,  0.000,  0.000
  0.017,298.926,  0.000,  0.000
  0.017,299.039,  0.000,  0.000
  0.017,298.953,  0.000,  0.000
  0.016,299.021,  0.000,  0.000
  0.016,299.106,  0.000,  0.000
  0.016,299.173,  0.000,  0.000
  0.016,299.167,  0.000,  0.000
  0.016,299.094,  0.000,  0.000
  0.016,299.183,  0.000,  0.000
  0.016,299.178,  0.001,  0.000
  0.016,299.177,  0.002,  0.000
  0.016,299.184,  0.000,  0.000
  0.016,299.164,  0.000,  0.000
  0.016,299.111,  0.000,  0.000
  0.017,299.068,  0.000,  0.000
  0.017,299.047,  0.000,  0.000
  0.017,299.028,  0.000,  0.000
  0.017,299.016,  0.000,  0.000
  0.017,299.026,  0.000,  0.000
  0.017,299.052,  0.000,  0.000
  0.017,299.094,  0.000,  0.000
  0.016,299.144,  0.000,  0.000
  0.016,299.170,  0.000,  0.000
  0.016,299.141,  0.000,  0.000
  0.016,299.056,  0.000,  0.000
  0.017,298.970,  0.000,  0.000
  0.017,298.935,  0.000,  0.000
  0.017,298.940,  0.000,  0.000
  0.017,298.975,  0.000,  0.000
  0.016,299.038,  0.000,  0.000
  0.016,299.102,  0.000,  0.000
  0.016,299.140,  0.000,  0.000
  0.016,299.128,  0.000,  0.000
  0.016,299.216,  0.000,  0.000
  0.016,299.208,  0.000,  0.000
  0.016,299.190,  0.000,  0.000
  0.017,299.167,  0.000,  0.000
  0.016,299.131,  0.000,  0.000
  0.016,299.089,  0.000,  0.000
  0.016,299.063,  0.000,  0.000
  0.016,299.056,  0.000,  0.000
  0.016,299.059,  0.000,  0.000
  0.017,299.058,  0.000,  0.000
  0.017,299.054,  0.000,  0.000
  0.017,299.064,  0.000,  0.000
  0.016,299.104,  0.000,  0.000
  0.016,299.160,  0.000,  0.000
  0.016,299.208,  0.000,  0.000
  0.016,299.217,  0.000,  0.000
  0.016,299.156,  0.000,  0.000
  0.017,299.050,  0.000,  0.000
  0.017,298.984,  0.000,  0.000
  0.016,298.971,  0.000,  0.000
  0.017,298.981,  0.000,  0.000
  0.017,298.996,  0.000,  0.000
  0.017,299.009,  0.000,  0.000
  0.017,299.028,  0.000,  0.000
  0.016,299.052,  0.000,  0.000
  0.016,299.225,  0.000,  0.000
  0.016,299.212,  0.000,  0.000
  0.016,299.191,  0.000,  0.000
  0.017,299.159,  0.000,  0.000
  0.017,299.115,  0.000,  0.000
  0.017,299.077,  0.000,  0.000
  0.017,299.063,  0.000,  0.000
  0.017,299.078,  0.000,  0.000
  0.016,299.114,  0.000,  0.000
  0.016,299.142,  0.000,  0.000
  0.017,299.136,  0.000,  0.000
  0.017,299.107,  0.000,  0.000
  0.017,299.106,  0.000,  0.000
  0.016,299.147,  0.000,  0.000
  0.016,299.194,  0.000,  0.000
  0.016,299.207,  0.000,  0.000
  0.016,299.183,  0.000,  0.000
  0.016,299.127,  0.000,  0.000
  0.016,299.056,  0.000,  0.000
  0.016,299.004,  0.000,  0.000
  0.017,298.982,  0.000,  0.000
  0.017,298.967,  0.000,  0.000
  0.017,298.948,  0.000,  0.000
  0.017,298.939,  0.000,  0.000
  0.018,299.157,  0.000,  0.000
  0.016,299.226,  0.000,  0.050
  0.016,299.218,  0.000,  0.050
  0.017,299.186,  0.000,  0.040
  0.017,299.161,  0.000,  0.040
  0.017,299.150,  0.000,  0.040
  0.017,299.150,  0.000,  0.040
  0.017,299.146,  0.000,  0.110
  0.017,299.148,  0.000,  0.110
  0.016,299.157,  0.000,  0.110
  0.016,299.160,  0.000,  0.220
  0.016,299.153,  0.000,  0.220
  0.016,299.133,  0.000,  0.220
  0.017,299.114,  0.000,  0.220
  0.017,299.116,  0.000,  0.100
  0.017,299.146,  0.000,  0.100
  0.016,299.182,  0.000,  0.100
  0.016,299.217,  0.000,  0.040
  0.016,299.230,  0.000,  0.040
  0.016,299.191,  0.000,  0.040
  0.016,299.122,  0.000,  0.040
  0.017,299.044,  0.000,  0.060
  0.017,298.976,  0.000,  0.060
  0.017,298.938,  0.000,  0.060
  0.017,298.935,  0.000,  0.000
  0.017,298.945,  0.000,  0.000
  0.016,299.208,  0.000,  0.050
  0.016,299.230,  0.000,  0.050
  0.016,299.218,  0.000,  0.040
  0.017,299.196,  0.000,  0.040
  0.017,299.192,  0.000,  0.040
  0.017,299.197,  0.000,  0.040
  0.017,299.198,  0.000,  0.110
  0.017,299.194,  0.000,  0.110
  0.017,299.195,  0.000,  0.110
  0.016,299.195,  0.000,  0.220
  0.016,299.187,  0.000,  0.220
  0.016,299.164,  0.000,  0.220
  0.016,299.131,  0.000,  0.220
  0.017,299.105,  0.000,  0.100
  0.017,299.097,  0.000,  0.100
  0.017,299.121,  0.000,  0.100
  0.016,299.181,  0.000,  0.040
  0.016,299.236,  0.000,  0.040
  0.016,299.234,  0.000,  0.040
  0.016,299.176,  0.000,  0.040
  0.016,299.098,  0.000,  0.060
  0.017,299.014,  0.000,  0.060
  0.017,298.970,  0.000,  0.060
  0.017,298.966,  0.000,  0.000
  0.017,298.976,  0.000,  0.000
  0.017,299.173,  0.000,  0.050
  0.016,299.190,  0.000,  0.050
  0.016,299.195,  0.000,  0.040
  0.017,299.183,  0.000,  0.040
  0.017,299.173,  0.000,  0.040
  0.017,299.169,  0.000,  0.040
  0.017,299.173,  0.000,  0.110
  0.017,299.186,  0.000,  0.110
  0.017,299.209,  0.000,  0.110
  0.017,299.219,  0.000,  0.220
  0.016,299.192,  0.000,  0.220
  0.016,299.156,  0.000,  0.220
  0.016,299.134,  0.000,  0.220
  0.016,299.107,  0.000,  0.100
  0.017,299.078,  0.000,  0.100
  0.017,299.062,  0.000,  0.100
  0.017,299.076,  0.000,  0.040
  0.017,299.109,  0.000,  0.040
  0.016,299.130,  0.000,  0.040
  0.016,299.123,  0.000,  0.040
  0.016,299.093,  0.000,  0.060
  0.017,299.046,  0.000,  0.060
  0.016,299.023,  0.000,  0.060
  0.016,299.029,  0.000,  0.000
  0.016,299.051,  0.000,  0.000
  0.017,299.182,  0.000,  0.050
  0.016,299.190,  0.000,  0.050
  0.017,299.194,  0.000,  0.040
  0.017,299.176,  0.000,  0.040
  0.017,299.150,  0.000,  0.040
  0.017,299.136,  0.000,  0.040
  0.017,299.139,  0.000,  0.110
  0.017,299.156,  0.000,  0.110
  0.017,299.188,  0.000,  0.110
  0.017,299.212,  0.000,  0.220
  0.016,299.201,  0.000,  0.220
  0.016,299.171,  0.000,  0.220
  0.016,299.141,  0.000,  0.220
  0.017,299.103,  0.000,  0.100
  0.017,299.068,  0.000,  0.100
  0.017,299.056,  0.000,  0.100
  0.017,299.067,  0.000,  0.040
  0.017,299.079,  0.000,  0.040
  0.017,299.083,  0.000,  0.040
  0.017,299.078,  0.000,  0.040
  0.017,299.058,  0.000,  0.060
  0.017,299.045,  0.000,  0.060
  0.017,299.058,  0.000,  0.060
  0.017,299.085,  0.000,  0.000
  0.016,299.110,  0.000,  0.000
  0.016,299.218,  0.000,  0.000
  0.016,299.261,  0.000,  0.000
  0.016,299.293,  0.000,  0.000
  0.016,299.291,  0.000,  0.000
  0.016,299.245,  0.000,  0.000
  0.017,299.197,  0.000,  0.000
  0.017,299.163,  0.000,  0.000
  0.017,299.150,  0.000,  0.000
  0.017,299.156,  0.000,  0.000
  0.017,299.183,  0.000,  0.000
  0.017,299.205,  0.000,  0.000
  0.016,299.203,  0.000,  0.000
  0.016,299.184,  0.000,  0.000
  0.017,299.159,  0.000,  0.000
  0.017,299.132,  0.000,  0.000
  0.016,299.121,  0.000,  0.000
  0.016,299.121,  0.000,  0.000
  0.016,299.109,  0.000,  0.000
  0.017,299.084,  0.000,  0.000
  0.017,299.058,  0.000,  0.000
  0.017,299.048,  0.000,  0.070
  0.017,299.055,  0.000,  0.070
  0.017,299.062,  0.000,  0.070
  0.017,299.061,  0.000,  0.050
  0.017,299.069,  0.000,  0.050
  0.017,299.218,  0.000,  0.000
  0.016,299.278,  0.000,  0.000
  0.016,299.321,  0.000,  0.000
  0.016,299.337,  0.000,  0.000
  0.016,299.319,  0.000,  0.000
  0.016,299.267,  0.000,  0.000
  0.017,299.211,  0.000,  0.000
  0.017,299.169,  0.000,  0.000
  0.017,299.141,  0.000,  0.000
  0.017,299.131,  0.000,  0.000
  0.017,299.150,  0.000,  0.000
  0.017,299.184,  0.000,  0.000
  0.016,299.206,  0.000,  0.000
  0.016,299.209,  0.000,  0.000
  0.016,299.192,  0.000,  0.000
  0.016,299.163,  0.000,  0.000
  0.016,299.131,  0.000,  0.000
  0.016,299.092,  0.000,  0.000
  0.016,299.075,  0.000,  0.000
  0.016,299.102,  0.000,  0.000
  0.017,299.128,  0.000,  0.070
  0.017,299.109,  0.000,  0.070
  0.017,299.054,  0.000,  0.070
  0.017,298.998,  0.000,  0.050
  0.017,298.995,  0.000,  0.050
