  0.018,299.007,  0.000,  0.000
  0.018,299.066,  0.000,  0.000
  0.018,299.133,  0.000,  0.000
  0.018,299.149,  0.000,  0.000
  0.018,299.187,  0.000,  0.000
  0.018,299.189,  0.000,  0.000
  0.018,299.135,  0.000,  0.000
  0.018,299.109,  0.000,  0.000
  0.018,299.108,  0.000,  0.000
  0.019,299.326,  0.000,  0.000
  0.019,299.331,  0.000,  0.000
  0.019,299.381,  0.000,  0.000
  0.019,299.374,  0.000,  0.000
  0.018,299.034,  0.000,  0.000
  0.019,299.079,  0.000,  0.000
  0.019,299.350,  0.000,  0.000
  0.019,299.262,  0.000,  0.000
  0.019,299.264,  0.000,  0.000
  0.019,299.343,  0.000,  0.000
  0.019,299.353,  0.000,  0.000
  0.019,299.282,  0.000,  0.000
  0.019,299.255,  0.000,  0.000
  0.019,299.221,  0.000,  0.000
  0.019,299.293,  0.000,  0.000
  0.019,299.432,  0.000,  0.000
  0.018,299.061,  0.000,  0.000
  0.018,299.055,  0.000,  0.000
  0.019,299.304,  0.000,  0.000
  0.018,299.089,  0.000,  0.000
  0.018,299.095,  0.000,  0.000
  0.018,299.109,  0.000,  0.000
  0.018,299.103,  0.000,  0.000
  0.019,299.109,  0.000,  0.000
  0.019,299.321,  0.000,  0.000
  0.019,299.338,  0.000,  0.000
  0.019,299.342,  0.000,  0.000
  0.019,299.385,  0.000,  0.000
  0.019,299.339,  0.000,  0.000
  0.019,299.263,  0.000,  0.000
  0.019,299.171,  0.000,  0.000
  0.019,299.289,  0.000,  0.000
  0.019,299.261,  0.000,  0.000
  0.019,299.306,  0.000,  0.000
  0.018,299.323,  0.000,  0.000
  0.019,299.351,  0.000,  0.000
  0.019,299.290,  0.000,  0.000
  0.019,299.280,  0.000,  0.000
  0.019,299.303,  0.000,  0.000
  0.019,299.345,  0.000,  0.000
  0.019,299.408,  0.000,  0.000
  0.018,299.075,  0.000,  0.000
  0.018,299.051,  0.000,  0.000
  0.018,299.030,  0.000,  0.000
  0.018,299.039,  0.000,  0.000
  0.019,299.272,  0.000,  0.000
  0.019,299.263,  0.000,  0.000
  0.019,299.283,  0.000,  0.000
  0.019,299.311,  0.000,  0.000
  0.019,299.315,  0.000,  0.000
  0.019,299.347,  0.000,  0.000
  0.019,299.352,  0.000,  0.000
  0.019,299.354,  0.000,  0.000
  0.019,299.312,  0.000,  0.000
  0.019,299.268,  0.000,  0.000
  0.019,299.258,  0.000,  0.000
  0.019,299.262,  0.000,  0.000
  0.019,299.270,  0.000,  0.000
  0.019,299.330,  0.000,  0.000
  0.018,299.437,  0.000,  0.000
  0.019,299.332,  0.000,  0.000
  0.019,299.307,  0.000,  0.000
  0.019,299.314,  0.000,  0.000
  0.019,299.349,  0.000,  0.000
  0.019,299.366,  0.000,  0.000
  0.019,299.386,  0.000,  0.000
  0.018,299.054,  0.000,  0.000
  0.018,299.041,  0.000,  0.000
  0.019,299.264,  0.000,  0.000
  0.019,299.266,  0.000,  0.000
  0.019,299.271,  0.000,  0.000
  0.019,299.256,  0.000,  0.000
  0.019,299.264,  0.000,  0.000
  0.019,299.298,  0.000,  0.000
  0.019,299.313,  0.000,  0.000
  0.019,299.332,  0.000,  0.000
  0.019,299.341,  0.000,  0.000
  0.019,299.312,  0.000,  0.000
  0.019,299.311,  0.000,  0.000
  0.019,299.282,  0.000,  0.000
  0.019,299.300,  0.000,  0.000
  0.019,299.275,  0.000,  0.000
  0.019,299.303,  0.000,  0.000
  0.019,299.331,  0.000,  0.000
  0.019,299.361,  0.000,  0.000
  0.019,299.332,  0.000,  0.000
  0.019,299.325,  0.000,  0.000
  0.019,299.338,  0.000,  0.000
  0.019,299.362,  0.000,  0.000
  0.018,299.168,  0.000,  0.000
  0.019,299.373,  0.000,  0.000
  0.018,299.035,  0.000,  0.000
  0.018,299.033,  0.000,  0.000
  0.019,299.263,  0.000,  0.000
  0.019,299.272,  0.000,  0.000
  0.019,299.289,  0.000,  0.000
  0.019,299.287,  0.000,  0.000
  0.019,299.291,  0.000,  0.000
  0.019,299.293,  0.000,  0.000
  0.019,299.313,  0.000,  0.000
  0.019,299.341,  0.000,  0.000
  0.019,299.334,  0.000,  0.000
  0.019,299.324,  0.000,  0.000
  0.019,299.334,  0.000,  0.000
  0.019,299.284,  0.000,  0.000
  0.019,299.322,  0.000,  0.000
  0.019,299.308,  0.000,  0.000
  0.019,299.350,  0.000,  0.000
  0.018,299.106,  0.000,  0.000
  0.019,299.299,  0.000,  0.000
  0.019,299.353,  0.000,  0.000
  0.019,299.344,  0.000,  0.000
  0.019,299.352,  0.000,  0.000
  0.018,299.134,  0.000,  0.000
  0.019,299.367,  0.000,  0.000
  0.019,299.380,  0.000,  0.000
  0.018,299.040,  0.000,  0.000
  0.018,299.037,  0.000,  0.000
  0.019,299.274,  0.000,  0.000
  0.019,299.284,  0.000,  0.000
  0.019,299.299,  0.000,  0.000
  0.019,299.310,  0.000,  0.000
  0.019,299.318,  0.000,  0.000
  0.019,299.303,  0.000,  0.000
  0.019,299.329,  0.000,  0.000
  0.019,299.356,  0.000,  0.000
  0.019,299.345,  0.000,  0.000
  0.018,299.133,  0.000,  0.000
  0.019,299.346,  0.000,  0.000
  0.019,299.302,  0.000,  0.000
  0.019,299.340,  0.000,  0.000
  0.018,299.121,  0.000,  0.000
  0.018,299.143,  0.000,  0.000
  0.019,299.268,  0.000,  0.000
  0.019,299.336,  0.000,  0.000
  0.019,299.378,  0.000,  0.000
  0.019,299.295,  0.000,  0.000
  0.019,299.359,  0.000,  0.000
  0.018,299.128,  0.000,  0.000
  0.019,299.384,  0.000,  0.000
  0.019,299.400,  0.000,  0.000
  0.018,299.064,  0.000,  0.000
  0.018,299.051,  0.000,  0.000
  0.019,299.291,  0.000,  0.000
  0.019,299.300,  0.000,  0.000
  0.019,299.304,  0.000,  0.000
  0.019,299.321,  0.000,  0.000
  0.018,299.110,  0.000,  0.000
  0.019,299.358,  0.000,  0.000
  0.019,299.351,  0.000,  0.000
  0.019,299.354,  0.000,  0.000
  0.018,299.127,  0.000,  0.000
  0.018,299.136,  0.000,  0.000
  0.019,299.339,  0.000,  0.000
  0.019,299.357,  0.000,  0.000
  0.019,299.390,  0.000,  0.000
  0.018,299.167,  0.000,  0.000
  0.018,299.135,  0.000,  0.000
  0.019,299.307,  0.000,  0.000
  0.019,299.393,  0.000,  0.000
  0.018,299.167,  0.000,  0.000
  0.018,299.134,  0.000,  0.000
  0.018,299.136,  0.000,  0.000
  0.018,299.151,  0.000,  0.000
  0.019,299.416,  0.000,  0.000
  0.019,299.420,  0.000,  0.000
  0.018,299.087,  0.000,  0.000
  0.018,299.064,  0.000,  0.000
  0.018,299.056,  0.000,  0.000
  0.019,299.313,  0.000,  0.000
  0.019,299.313,  0.000,  0.000
  0.019,299.329,  0.000,  0.000
  0.018,299.120,  0.000,  0.000
  0.018,299.149,  0.000,  0.000
  0.018,299.105,  0.000,  0.000
  0.019,299.334,  0.000,  0.000
  0.018,299.125,  0.000,  0.000
  0.018,299.116,  0.001,  0.000
  0.018,299.131,  0.000,  0.000
  0.019,299.399,  0.000,  0.000
  0.018,299.212,  0.000,  0.000
  0.018,299.183,  0.000,  0.000
  0.018,299.168,  0.000,  0.000
  0.019,299.221,  0.000,  0.000
  0.018,299.202,  0.000,  0.000
  0.018,299.181,  0.000,  0.000
  0.018,299.178,  0.000,  0.000
  0.018,299.168,  0.000,  0.000
  0.018,299.191,  0.000,  0.000
  0.019,299.456,  0.000,  0.000
  0.019,299.436,  0.000,  0.000
  0.018,299.093,  0.000,  0.000
  0.018,299.070,  0.000,  0.000
  0.018,299.062,  0.000,  0.000
  0.018,299.089,  0.000,  0.000
  0.018,299.096,  0.000,  0.000
  0.018,299.098,  0.000,  0.000
  0.018,299.119,  0.000,  0.000
  0.018,299.088,  0.000,  0.000
  0.018,299.083,  0.000,  0.000
  0.018,299.111,  0.000,  0.000
  0.018,299.121,  0.000,  0.000
  0.018,299.147,  0.000,  0.000
  0.019,299.440,  0.000,  0.000
  0.019,299.418,  0.000,  0.000
  0.018,299.180,  0.000,  0.000
  0.019,299.409,  0.000,  0.000
  0.019,299.270,  0.000,  0.000
  0.018,299.183,  0.000,  0.000
  0.018,299.215,  0.000,  0.000
  0.018,299.206,  0.000,  0.000
  0.019,299.450,  0.000,  0.000
  0.018,299.226,  0.000,  0.000
  0.019,299.451,  0.000,  0.000
  0.019,299.476,  0.000,  0.000
  0.019,299.458,  0.000,  0.000
  0.018,299.095,  0.000,  0.000
  0.018,299.082,  0.000,  0.000
  0.018,299.079,  0.000,  0.000
  0.018,299.098,  0.000,  0.000
  0.018,299.113,  0.000,  0.000
  0.018,299.106,  0.000,  0.000
  0.018,299.151,  0.000,  0.000
  0.018,299.092,  0.000,  0.000
  0.018,299.113,  0.000,  0.000
  0.018,299.166,  0.000,  0.000
  0.018,299.137,  0.000,  0.000
  0.018,299.193,  0.000,  0.000
  0.019,299.497,  0.000,  0.000
  0.019,299.441,  0.000,  0.000
  0.019,299.441,  0.000,  0.000
  0.018,299.227,  0.000,  0.000
  0.018,299.226,  0.000,  0.000
  0.018,299.223,  0.000,  0.000
  0.018,299.235,  0.000,  0.000
  0.018,299.233,  0.000,  0.000
  0.019,299.481,  0.000,  0.000
  0.018,299.262,  0.000,  0.000
  0.018,299.269,  0.000,  0.000
  0.019,299.489,  0.000,  0.000
  0.019,299.478,  0.000,  0.000
  0.018,299.120,  0.000,  0.000
  0.018,299.108,  0.000,  0.000
  0.018,299.113,  0.000,  0.000
  0.018,299.141,  0.000,  0.000
  0.018,299.155,  0.000,  0.000
  0.018,299.152,  0.000,  0.000
  0.018,299.212,  0.000,  0.000
  0.018,299.188,  0.000,  0.000
  0.018,299.183,  0.000,  0.000
  0.018,299.204,  0.000,  0.000
  0.018,299.156,  0.000,  0.000
  0.018,299.215,  0.000,  0.000
  0.019,299.479,  0.000,  0.000
  0.019,299.472,  0.000,  0.000
  0.018,299.364,  0.000,  0.000
  0.018,299.283,  0.000,  0.000
  0.018,299.254,  0.000,  0.000
  0.018,299.253,  0.000,  0.000
  0.018,299.270,  0.000,  0.000
  0.019,299.467,  0.000,  0.000
  0.019,299.492,  0.000,  0.000
  0.018,299.289,  0.000,  0.000
  0.018,299.314,  0.000,  0.000
  0.019,299.526,  0.000,  0.000
  0.019,299.519,  0.000,  0.000
  0.018,299.157,  0.000,  0.000
  0.018,299.142,  0.000,  0.000
  0.018,299.160,  0.000,  0.000
  0.018,299.189,  0.000,  0.000
  0.018,299.218,  0.000,  0.000
  0.018,299.220,  0.000,  0.000
  0.018,299.267,  0.000,  0.000
  0.018,299.272,  0.000,  0.000
  0.018,299.231,  0.000,  0.000
  0.018,299.196,  0.000,  0.000
  0.018,299.188,  0.000,  0.000
  0.018,299.272,  0.000,  0.000
  0.018,299.267,  0.000,  0.000
  0.018,299.308,  0.000,  0.000
  0.018,299.421,  0.000,  0.000
  0.018,299.310,  0.000,  0.000
  0.018,299.284,  0.000,  0.000
  0.018,299.271,  0.000,  0.000
  0.018,299.286,  0.000,  0.000
  0.019,299.485,  0.000,  0.000
  0.018,299.304,  0.000,  0.000
  0.018,299.308,  0.000,  0.000
  0.018,299.360,  0.000,  0.000
  0.018,299.374,  0.000,  0.000
  0.019,299.568,  0.000,  0.000
  0.018,299.214,  0.000,  0.000
  0.018,299.194,  0.000,  0.000
  0.018,299.195,  0.000,  0.000
  0.018,299.221,  0.000,  0.000
  0.018,299.260,  0.000,  0.000
  0.018,299.264,  0.000,  0.000
  0.018,299.313,  0.000,  0.000
  0.018,299.311,  0.000,  0.000
  0.018,299.235,  0.000,  0.000
  0.018,299.200,  0.000,  0.000
  0.018,299.239,  0.000,  0.000
  0.018,299.295,  0.000,  0.000
  0.018,299.311,  0.000,  0.000
  0.018,299.335,  0.000,  0.000
  0.019,299.531,  0.000,  0.000
  0.019,299.475,  0.000,  0.000
  0.018,299.326,  0.000,  0.000
  0.018,299.305,  0.000,  0.000
  0.018,299.293,  0.000,  0.000
  0.018,299.305,  0.000,  0.000
  0.018,299.332,  0.000,  0.000
  0.018,299.349,  0.000,  0.000
  0.019,299.536,  0.000,  0.000
  0.018,299.520,  0.000,  0.000
  0.019,299.566,  0.000,  0.000
  0.018,299.289,  0.000,  0.000
  0.018,299.267,  0.000,  0.000
  0.018,299.232,  0.000,  0.000
  0.018,299.233,  0.000,  0.000
  0.018,299.279,  0.000,  0.000
  0.018,299.302,  0.000,  0.000
  0.018,299.348,  0.000,  0.000
  0.018,299.338,  0.000,  0.000
  0.018,299.270,  0.000,  0.000
  0.018,299.263,  0.000,  0.000
  0.018,299.288,  0.000,  0.000
  0.018,299.287,  0.000,  0.000
  0.018,299.342,  0.000,  0.000
  0.018,299.334,  0.000,  0.000
  0.019,299.499,  0.000,  0.000
  0.019,299.538,  0.000,  0.000
  0.018,299.422,  0.000,  0.000
  0.018,299.370,  0.000,  0.000
  0.018,299.345,  0.000,  0.000
  0.018,299.351,  0.000,  0.000
  0.018,299.351,  0.000,  0.000
  0.019,299.573,  0.000,  0.000
  0.019,299.541,  0.000,  0.000
  0.018,299.492,  0.000,  0.000
  0.018,299.369,  0.000,  0.000
  0.018,299.365,  0.000,  0.000
  0.018,299.346,  0.000,  0.000
  0.018,299.303,  0.000,  0.000
  0.018,299.288,  0.000,  0.000
  0.018,299.315,  0.000,  0.000
  0.018,299.353,  0.000,  0.000
  0.018,299.403,  0.000,  0.000
  0.018,299.406,  0.000,  0.000
  0.018,299.348,  0.000,  0.000
  0.018,299.339,  0.000,  0.000
  0.018,299.328,  0.000,  0.000
  0.018,299.348,  0.000,  0.000
  0.018,299.358,  0.000,  0.000
  0.018,299.335,  0.000,  0.000
  0.019,299.536,  0.000,  0.000
  0.019,299.568,  0.000,  0.000
  0.018,299.465,  0.000,  0.000
  0.018,299.406,  0.000,  0.000
  0.018,299.393,  0.000,  0.000
  0.019,299.569,  0.000,  0.000
  0.018,299.376,  0.000,  0.000
  0.019,299.596,  0.000,  0.000
  0.019,299.581,  0.000,  0.000
  0.019,299.533,  0.000,  0.000
  0.018,299.401,  0.000,  0.000
