  0.016,299.446,  0.000,  0.000
  0.016,299.404,  0.000,  0.000
  0.017,299.503,  0.000,  0.000
  0.016,299.379,  0.000,  0.000
  0.016,299.358,  0.000,  0.000
  0.016,299.367,  0.000,  0.000
  0.016,299.339,  0.000,  0.000
  0.016,299.313,  0.000,  0.000
  0.016,299.319,  0.000,  0.000
  0.016,299.290,  0.000,  0.000
  0.016,299.281,  0.000,  0.000
  0.016,299.266,  0.000,  0.000
  0.017,299.383,  0.000,  0.000
  0.017,299.391,  0.000,  0.000
  0.016,299.248,  0.000,  0.000
  0.016,299.231,  0.000,  0.000
  0.016,299.191,  0.000,  0.000
  0.017,299.321,  0.000,  0.000
  0.016,299.147,  0.000,  0.000
  0.017,299.300,  0.000,  0.000
  0.017,299.291,  0.000,  0.000
  0.017,299.269,  0.000,  0.000
  0.017,299.258,  0.000,  0.000
  0.017,299.274,  0.000,  0.000
  0.017,299.276,  0.000,  0.000
  0.016,299.466,  0.000,  0.000
  0.017,299.535,  0.000,  0.000
  0.017,299.518,  0.000,  0.000
  0.017,299.507,  0.000,  0.000
  0.016,299.369,  0.000,  0.000
  0.016,299.385,  0.000,  0.000
  0.016,299.340,  0.000,  0.000
  0.016,299.341,  0.000,  0.000
  0.017,299.471,  0.000,  0.000
  0.016,299.317,  0.000,  0.000
  0.016,299.299,  0.000,  0.000
  0.016,299.288,  0.000,  0.000
  0.017,299.403,  0.000,  0.000
  0.017,299.399,  0.000,  0.000
  0.016,299.249,  0.000,  0.000
  0.016,299.240,  0.000,  0.000
  0.016,299.198,  0.000,  0.000
  0.017,299.346,  0.000,  0.000
  0.017,299.338,  0.000,  0.000
  0.017,299.303,  0.000,  0.000
  0.017,299.292,  0.000,  0.000
  0.017,299.268,  0.000,  0.000
  0.017,299.244,  0.000,  0.000
  0.017,299.273,  0.000,  0.000
  0.017,299.268,  0.000,  0.000
  0.017,299.593,  0.000,  0.000
  0.017,299.548,  0.000,  0.000
  0.017,299.529,  0.000,  0.000
  0.017,299.515,  0.000,  0.000
  0.016,299.386,  0.000,  0.000
  0.016,299.390,  0.000,  0.000
  0.016,299.346,  0.000,  0.000
  0.016,299.360,  0.000,  0.000
  0.017,299.484,  0.000,  0.000
  0.016,299.331,  0.000,  0.000
  0.016,299.306,  0.000,  0.000
  0.016,299.288,  0.000,  0.000
  0.017,299.407,  0.000,  0.000
  0.017,299.412,  0.000,  0.000
  0.016,299.246,  0.000,  0.000
  0.016,299.247,  0.000,  0.000
  0.017,299.376,  0.000,  0.000
  0.017,299.362,  0.000,  0.000
  0.017,299.349,  0.000,  0.000
  0.017,299.313,  0.000,  0.000
  0.017,299.285,  0.000,  0.000
  0.017,299.270,  0.000,  0.000
  0.017,299.227,  0.000,  0.000
  0.017,299.277,  0.000,  0.000
  0.017,299.255,  0.000,  0.000
  0.017,299.601,  0.000,  0.000
  0.017,299.562,  0.000,  0.000
  0.017,299.541,  0.000,  0.000
  0.017,299.530,  0.000,  0.000
  0.016,299.399,  0.000,  0.000
  0.016,299.391,  0.000,  0.000
  0.017,299.497,  0.000,  0.000
  0.017,299.498,  0.000,  0.000
  0.017,299.491,  0.000,  0.000
  0.017,299.468,  0.000,  0.000
  0.016,299.319,  0.000,  0.000
  0.016,299.288,  0.000,  0.000
  0.017,299.417,  0.000,  0.000
  0.017,299.421,  0.000,  0.000
  0.017,299.411,  0.000,  0.000
  0.017,299.405,  0.000,  0.000
  0.017,299.381,  0.000,  0.000
  0.017,299.357,  0.000,  0.000
  0.017,299.348,  0.000,  0.000
  0.017,299.320,  0.000,  0.000
  0.017,299.284,  0.000,  0.000
  0.017,299.274,  0.000,  0.000
  0.017,299.239,  0.000,  0.000
  0.017,299.276,  0.000,  0.000
  0.017,299.246,  0.000,  0.000
  0.016,299.494,  0.000,  0.000
  0.017,299.581,  0.000,  0.000
  0.017,299.565,  0.000,  0.000
  0.017,299.545,  0.000,  0.000
  0.016,299.412,  0.000,  0.000
  0.017,299.531,  0.000,  0.000
  0.017,299.520,  0.000,  0.000
  0.017,299.504,  0.000,  0.000
  0.017,299.499,  0.000,  0.000
  0.017,299.472,  0.000,  0.000
  0.017,299.477,  0.000,  0.000
  0.017,299.457,  0.000,  0.000
  0.017,299.444,  0.000,  0.000
  0.017,299.426,  0.000,  0.000
  0.017,299.425,  0.000,  0.000
  0.017,299.406,  0.000,  0.000
  0.017,299.381,  0.000,  0.000
  0.017,299.357,  0.000,  0.000
  0.017,299.352,  0.000,  0.000
  0.017,299.328,  0.000,  0.000
  0.017,299.299,  0.000,  0.000
  0.017,299.280,  0.000,  0.000
  0.017,299.268,  0.000,  0.000
  0.017,299.278,  0.000,  0.000
  0.017,299.256,  0.000,  0.000
  0.017,299.630,  0.000,  0.000
  0.017,299.609,  0.000,  0.000
  0.017,299.589,  0.000,  0.000
  0.017,299.557,  0.000,  0.000
  0.017,299.551,  0.000,  0.000
  0.017,299.541,  0.000,  0.000
  0.017,299.542,  0.000,  0.000
  0.017,299.516,  0.000,  0.000
  0.017,299.510,  0.000,  0.000
  0.017,299.486,  0.000,  0.000
  0.017,299.490,  0.000,  0.000
  0.017,299.481,  0.000,  0.000
  0.017,299.465,  0.000,  0.000
  0.017,299.430,  0.000,  0.000
  0.017,299.426,  0.000,  0.000
  0.017,299.409,  0.000,  0.000
  0.017,299.394,  0.000,  0.000
  0.017,299.375,  0.000,  0.000
  0.017,299.360,  0.000,  0.000
  0.017,299.336,  0.000,  0.000
  0.017,299.314,  0.000,  0.000
  0.017,299.294,  0.000,  0.000
  0.017,299.284,  0.000,  0.000
  0.017,299.289,  0.000,  0.000
  0.017,299.266,  0.000,  0.000
  0.016,299.542,  0.000,  0.000
  0.016,299.515,  0.000,  0.000
  0.017,299.601,  0.000,  0.000
  0.017,299.570,  0.000,  0.000
  0.017,299.557,  0.000,  0.000
  0.017,299.551,  0.000,  0.000
  0.017,299.558,  0.000,  0.000
  0.017,299.531,  0.000,  0.000
  0.017,299.519,  0.000,  0.000
  0.017,299.504,  0.000,  0.000
  0.017,299.503,  0.000,  0.000
  0.017,299.496,  0.000,  0.000
  0.017,299.472,  0.000,  0.000
  0.017,299.442,  0.000,  0.000
  0.017,299.430,  0.000,  0.000
  0.017,299.423,  0.000,  0.000
  0.017,299.410,  0.000,  0.000
  0.017,299.386,  0.000,  0.000
  0.017,299.363,  0.000,  0.000
  0.017,299.348,  0.000,  0.000
  0.017,299.326,  0.000,  0.000
  0.017,299.309,  0.000,  0.000
  0.017,299.292,  0.000,  0.000
  0.017,299.288,  0.000,  0.000
  0.017,299.260,  0.000,  0.000
  0.017,299.668,  0.000,  0.000
  0.016,299.523,  0.000,  0.000
  0.017,299.611,  0.000,  0.000
  0.017,299.590,  0.000,  0.000
  0.017,299.563,  0.000,  0.000
  0.017,299.558,  0.000,  0.000
  0.017,299.565,  0.000,  0.000
  0.017,299.551,  0.000,  0.000
  0.017,299.537,  0.000,  0.000
  0.017,299.527,  0.000,  0.000
  0.017,299.522,  0.000,  0.000
  0.017,299.507,  0.000,  0.000
  0.017,299.484,  0.000,  0.000
  0.017,299.467,  0.000,  0.000
  0.017,299.447,  0.000,  0.000
  0.017,299.435,  0.000,  0.000
  0.017,299.412,  0.000,  0.000
  0.017,299.391,  0.000,  0.000
  0.017,299.369,  0.000,  0.000
  0.017,299.356,  0.000,  0.000
  0.017,299.327,  0.000,  0.000
  0.017,299.309,  0.000,  0.000
  0.017,299.300,  0.000,  0.000
  0.017,299.277,  0.000,  0.000
  0.017,299.265,  0.000,  0.000
  0.016,299.567,  0.000,  0.000
  0.016,299.531,  0.000,  0.000
  0.017,299.623,  0.000,  0.000
  0.017,299.608,  0.000,  0.000
  0.017,299.576,  0.000,  0.000
  0.017,299.560,  0.000,  0.000
  0.017,299.563,  0.000,  0.000
  0.017,299.569,  0.000,  0.000
  0.017,299.556,  0.000,  0.000
  0.017,299.544,  0.000,  0.000
  0.017,299.538,  0.000,  0.000
  0.017,299.520,  0.000,  0.000
  0.017,299.507,  0.000,  0.000
  0.017,299.485,  0.000,  0.000
  0.017,299.460,  0.000,  0.000
  0.017,299.440,  0.000,  0.000
  0.017,299.417,  0.000,  0.000
  0.017,299.406,  0.000,  0.000
  0.017,299.378,  0.000,  0.000
  0.017,299.362,  0.000,  0.000
  0.017,299.336,  0.000,  0.000
  0.017,299.305,  0.000,  0.000
  0.017,299.304,  0.000,  0.000
  0.017,299.284,  0.000,  0.000
  0.017,299.278,  0.000,  0.000
  0.016,299.577,  0.000,  0.000
  0.016,299.540,  0.000,  0.000
  0.016,299.512,  0.000,  0.000
  0.016,299.498,  0.000,  0.000
  0.016,299.467,  0.000,  0.000
  0.016,299.425,  0.000,  0.000
  0.017,299.557,  0.000,  0.000
  0.017,299.579,  0.000,  0.000
  0.017,299.575,  0.000,  0.000
  0.017,299.562,  0.000,  0.000
  0.017,299.549,  0.000,  0.000
  0.017,299.539,  0.000,  0.000
  0.017,299.526,  0.000,  0.000
  0.017,299.492,  0.000,  0.000
  0.017,299.471,  0.000,  0.000
  0.017,299.451,  0.000,  0.000
  0.017,299.438,  0.000,  0.000
  0.017,299.418,  0.000,  0.000
  0.017,299.392,  0.000,  0.000
  0.017,299.371,  0.000,  0.000
  0.017,299.352,  0.000,  0.000
  0.017,299.314,  0.000,  0.000
  0.017,299.301,  0.000,  0.000
  0.017,299.297,  0.000,  0.000
  0.017,299.278,  0.000,  0.000
  0.016,299.588,  0.000,  0.000
  0.016,299.549,  0.000,  0.000
  0.016,299.520,  0.000,  0.000
  0.016,299.510,  0.000,  0.000
  0.017,299.609,  0.000,  0.000
  0.016,299.437,  0.000,  0.000
  0.016,299.422,  0.000,  0.000
  0.017,299.579,  0.000,  0.000
  0.017,299.587,  0.000,  0.000
  0.017,299.573,  0.000,  0.000
  0.017,299.561,  0.000,  0.000
  0.017,299.559,  0.000,  0.000
  0.017,299.538,  0.000,  0.000
  0.017,299.511,  0.000,  0.000
  0.017,299.492,  0.000,  0.000
  0.017,299.474,  0.000,  0.000
  0.017,299.455,  0.000,  0.000
  0.017,299.429,  0.000,  0.000
  0.017,299.411,  0.000,  0.000
  0.017,299.389,  0.000,  0.000
  0.017,299.366,  0.000,  0.000
  0.017,299.331,  0.000,  0.000
  0.017,299.314,  0.000,  0.000
  0.017,299.303,  0.000,  0.000
  0.017,299.280,  0.000,  0.000
  0.016,299.600,  0.000,  0.000
  0.016,299.560,  0.000,  0.000
  0.016,299.530,  0.000,  0.000
  0.016,299.519,  0.000,  0.000
  0.016,299.496,  0.000,  0.000
  0.016,299.458,  0.000,  0.000
  0.017,299.568,  0.000,  0.000
  0.017,299.572,  0.000,  0.000
  0.017,299.591,  0.000,  0.000
  0.017,299.589,  0.000,  0.000
  0.017,299.575,  0.000,  0.000
  0.017,299.573,  0.000,  0.000
  0.017,299.555,  0.000,  0.000
  0.017,299.542,  0.000,  0.000
  0.017,299.519,  0.000,  0.000
  0.017,299.490,  0.000,  0.000
  0.017,299.463,  0.000,  0.000
  0.017,299.446,  0.000,  0.000
  0.017,299.431,  0.000,  0.000
  0.017,299.403,  0.000,  0.000
  0.017,299.371,  0.000,  0.000
  0.017,299.352,  0.000,  0.000
  0.017,299.333,  0.000,  0.000
  0.017,299.309,  0.000,  0.000
  0.017,299.299,  0.000,  0.000
  0.016,299.614,  0.000,  0.000
  0.016,299.578,  0.000,  0.000
  0.016,299.543,  0.000,  0.000
  0.016,299.520,  0.000,  0.000
  0.016,299.507,  0.000,  0.000
  0.016,299.479,  0.000,  0.000
  0.016,299.445,  0.000,  0.000
  0.017,299.567,  0.000,  0.000
  0.017,299.588,  0.000,  0.000
  0.016,299.465,  0.000,  0.000
  0.017,299.587,  0.000,  0.000
  0.017,299.582,  0.000,  0.000
  0.017,299.572,  0.000,  0.000
  0.017,299.559,  0.000,  0.000
  0.017,299.535,  0.000,  0.000
  0.017,299.506,  0.000,  0.000
  0.017,299.480,  0.000,  0.000
  0.017,299.466,  0.000,  0.000
  0.017,299.444,  0.000,  0.000
  0.017,299.416,  0.000,  0.000
  0.017,299.395,  0.000,  0.000
  0.017,299.373,  0.000,  0.000
  0.017,299.348,  0.000,  0.000
  0.017,299.329,  0.000,  0.000
  0.017,299.316,  0.000,  0.000
  0.016,299.630,  0.000,  0.000
  0.016,299.602,  0.000,  0.000
  0.016,299.560,  0.000,  0.000
  0.016,299.530,  0.000,  0.000
  0.016,299.513,  0.000,  0.000
  0.016,299.492,  0.000,  0.000
  0.016,299.458,  0.000,  0.000
  0.017,299.573,  0.000,  0.000
  0.016,299.447,  0.000,  0.000
  0.016,299.463,  0.000,  0.000
  0.017,299.596,  0.000,  0.000
  0.017,299.590,  0.000,  0.000
  0.017,299.584,  0.000,  0.000
  0.017,299.569,  0.000,  0.000
  0.017,299.548,  0.000,  0.000
  0.017,299.526,  0.000,  0.000
  0.017,299.503,  0.000,  0.000
  0.017,299.479,  0.000,  0.000
  0.017,299.457,  0.000,  0.000
  0.017,299.435,  0.000,  0.000
  0.017,299.418,  0.000,  0.000
  0.017,299.386,  0.000,  0.000
  0.017,299.361,  0.000,  0.000
  0.017,299.347,  0.000,  0.000
  0.017,299.321,  0.000,  0.000
  0.016,299.646,  0.000,  0.000
  0.016,299.624,  0.000,  0.000
  0.016,299.583,  0.000,  0.000
  0.016,299.545,  0.000,  0.000
  0.016,299.514,  0.000,  0.000
  0.016,299.499,  0.000,  0.000
  0.016,299.478,  0.000,  0.000
  0.016,299.453,  0.000,  0.000
  0.016,299.442,  0.000,  0.000
  0.016,299.453,  0.000,  0.000
  0.017,299.599,  0.000,  0.000
  0.017,299.601,  0.000,  0.000
  0.017,299.595,  0.000,  0.000
  0.017,299.584,  0.000,  0.000
  0.017,299.564,  0.000,  0.000
  0.017,299.541,  0.000,  0.000
  0.017,299.517,  0.000,  0.000
  0.017,299.491,  0.000,  0.000
  0.017,299.474,  0.000,  0.000
  0.017,299.453,  0.000,  0.000
  0.017,299.428,  0.000,  0.000
  0.017,299.401,  0.000,  0.000
  0.017,299.381,  0.000,  0.000
  0.017,299.358,  0.000,  0.000
  0.017,299.333,  0.000,  0.000
