  0.014,297.023,  0.000,  0.000
  0.014,297.038,  0.000,  0.000
  0.014,297.064,  0.000,  0.000
  0.014,297.088,  0.000,  0.000
  0.014,297.089,  0.000,  0.000
  0.014,297.077,  0.000,  0.000
  0.014,297.070,  0.000,  0.000
  0.014,297.092,  0.000,  0.000
  0.014,297.142,  0.000,  0.000
  0.014,297.177,  0.000,  0.000
  0.014,297.178,  0.000,  0.000
  0.014,297.161,  0.000,  0.000
  0.014,297.156,  0.000,  0.000
  0.014,297.162,  0.000,  0.000
  0.014,297.166,  0.000,  0.000
  0.014,297.162,  0.000,  0.000
  0.014,297.166,  0.000,  0.000
  0.014,297.172,  0.000,  0.000
  0.014,297.176,  0.000,  0.000
  0.014,297.179,  0.000,  0.000
  0.014,297.181,  0.000,  0.000
  0.014,297.170,  0.000,  0.000
  0.014,297.140,  0.000,  0.000
  0.014,297.114,  0.000,  0.000
  0.014,297.110,  0.000,  0.000
  0.014,297.062,  0.000,  0.000
  0.014,297.066,  0.000,  0.000
  0.013,297.091,  0.000,  0.000
  0.014,297.112,  0.000,  0.000
  0.014,297.107,  0.000,  0.000
  0.014,297.085,  0.000,  0.000
  0.014,297.091,  0.000,  0.000
  0.014,297.136,  0.000,  0.000
  0.014,297.193,  0.000,  0.000
  0.014,297.226,  0.000,  0.000
  0.014,297.221,  0.000,  0.000
  0.014,297.207,  0.000,  0.000
  0.014,297.204,  0.000,  0.000
  0.014,297.207,  0.000,  0.000
  0.014,297.205,  0.000,  0.000
  0.014,297.202,  0.000,  0.000
  0.014,297.201,  0.000,  0.000
  0.014,297.209,  0.000,  0.000
  0.014,297.216,  0.000,  0.000
  0.014,297.219,  0.000,  0.000
  0.014,297.214,  0.000,  0.000
  0.014,297.185,  0.000,  0.000
  0.014,297.153,  0.000,  0.000
  0.014,297.178,  0.000,  0.000
  0.014,297.195,  0.000,  0.000
  0.014,297.107,  0.000,  0.000
  0.014,297.113,  0.000,  0.000
  0.014,297.130,  0.000,  0.000
  0.014,297.132,  0.000,  0.000
  0.014,297.115,  0.000,  0.000
  0.014,297.100,  0.000,  0.000
  0.014,297.123,  0.000,  0.000
  0.014,297.177,  0.000,  0.000
  0.014,297.231,  0.000,  0.000
  0.014,297.251,  0.000,  0.000
  0.014,297.247,  0.000,  0.000
  0.014,297.247,  0.000,  0.000
  0.014,297.251,  0.000,  0.000
  0.014,297.250,  0.000,  0.000
  0.014,297.245,  0.000,  0.000
  0.014,297.243,  0.000,  0.000
  0.014,297.244,  0.000,  0.000
  0.014,297.252,  0.000,  0.000
  0.014,297.249,  0.000,  0.000
  0.014,297.243,  0.000,  0.000
  0.014,297.227,  0.000,  0.000
  0.014,297.218,  0.000,  0.000
  0.014,297.235,  0.000,  0.000
  0.014,297.201,  0.000,  0.000
  0.014,296.985,  0.000,  0.000
  0.014,297.142,  0.000,  0.000
  0.014,297.162,  0.000,  0.000
  0.014,297.164,  0.000,  0.000
  0.014,297.140,  0.000,  0.000
  0.014,297.117,  0.000,  0.000
  0.014,297.124,  0.000,  0.000
  0.014,297.162,  0.000,  0.000
  0.014,297.217,  0.000,  0.000
  0.014,297.263,  0.000,  0.000
  0.014,297.280,  0.000,  0.000
  0.014,297.277,  0.000,  0.000
  0.014,297.283,  0.000,  0.000
  0.014,297.290,  0.000,  0.000
  0.014,297.288,  0.000,  0.000
  0.014,297.280,  0.000,  0.000
  0.014,297.272,  0.000,  0.000
  0.014,297.270,  0.000,  0.000
  0.014,297.268,  0.000,  0.000
  0.014,297.265,  0.000,  0.000
  0.014,297.262,  0.000,  0.000
  0.014,297.280,  0.000,  0.000
  0.014,297.285,  0.000,  0.000
  0.014,297.183,  0.000,  0.000
  0.014,296.955,  0.000,  0.000
  0.014,296.710,  0.000,  0.000
  0.014,297.168,  0.000,  0.000
  0.014,297.205,  0.000,  0.000
  0.014,297.208,  0.000,  0.000
  0.014,297.173,  0.000,  0.000
  0.014,297.137,  0.000,  0.000
  0.014,297.148,  0.000,  0.000
  0.014,297.208,  0.000,  0.000
  0.014,297.262,  0.000,  0.000
  0.014,297.293,  0.000,  0.000
  0.014,297.291,  0.000,  0.000
  0.014,297.292,  0.000,  0.000
  0.014,297.305,  0.000,  0.000
  0.014,297.312,  0.000,  0.000
  0.014,297.316,  0.000,  0.000
  0.014,297.310,  0.000,  0.000
  0.014,297.298,  0.000,  0.000
  0.014,297.292,  0.000,  0.000
  0.014,297.295,  0.000,  0.000
  0.014,297.308,  0.000,  0.000
  0.014,297.316,  0.000,  0.000
  0.014,297.295,  0.000,  0.000
  0.014,297.186,  0.000,  0.000
  0.014,296.989,  0.000,  0.000
  0.014,296.807,  0.000,  0.000
  0.015,296.700,  0.000,  0.000
  0.014,297.200,  0.001,  0.000
  0.014,297.254,  0.000,  0.000
  0.014,297.244,  0.000,  0.000
  0.014,297.180,  0.000,  0.000
  0.014,297.146,  0.000,  0.000
  0.014,297.184,  0.000,  0.000
  0.014,297.257,  0.000,  0.000
  0.014,297.304,  0.000,  0.000
  0.014,297.303,  0.000,  0.000
  0.014,297.295,  0.001,  0.000
  0.014,297.307,  0.001,  0.000
  0.014,297.325,  0.000,  0.000
  0.014,297.339,  0.000,  0.000
  0.014,297.347,  0.000,  0.000
  0.014,297.341,  0.000,  0.000
  0.014,297.300,  0.000,  0.000
  0.014,297.244,  0.000,  0.000
  0.014,297.232,  0.000,  0.000
  0.014,297.279,  0.000,  0.000
  0.014,297.278,  0.000,  0.000
  0.014,297.162,  0.000,  0.000
  0.015,296.992,  0.000,  0.000
  0.015,296.852,  0.000,  0.000
  0.015,296.801,  0.000,  0.000
  0.015,296.779,  0.000,  0.000
  0.014,297.237,  0.023,  0.000
  0.014,297.286,  0.003,  0.000
  0.014,297.228,  0.000,  0.000
  0.014,297.139,  0.000,  0.000
  0.014,297.151,  0.000,  0.000
  0.014,297.225,  0.000,  0.000
  0.014,297.283,  0.000,  0.000
  0.014,297.315,  0.001,  0.000
  0.014,297.334,  0.002,  0.000
  0.014,297.355,  0.007,  0.000
  0.014,297.368,  0.015,  0.000
  0.014,297.366,  0.015,  0.000
  0.014,297.364,  0.008,  0.000
  0.014,297.370,  0.004,  0.000
  0.014,297.365,  0.001,  0.000
  0.014,297.294,  0.000,  0.000
  0.014,297.158,  0.000,  0.000
  0.014,297.087,  0.000,  0.000
  0.014,297.115,  0.000,  0.000
  0.014,297.076,  0.000,  0.000
  0.015,296.926,  0.000,  0.000
  0.015,296.822,  0.000,  0.000
  0.015,296.786,  0.000,  0.000
  0.015,296.781,  0.000,  0.000
  0.015,296.789,  0.000,  0.000
  0.014,297.261,  0.094,  0.000
  0.014,297.265,  0.018,  0.000
  0.014,297.183,  0.001,  0.000
  0.014,297.132,  0.000,  0.000
  0.014,297.192,  0.000,  0.000
  0.014,297.280,  0.000,  0.000
  0.014,297.308,  0.000,  0.000
  0.014,297.320,  0.001,  0.000
  0.014,297.357,  0.002,  0.000
  0.014,297.396,  0.015,  0.000
  0.014,297.411,  0.053,  0.000
  0.014,297.406,  0.091,  0.000
  0.014,297.392,  0.076,  0.000
  0.014,297.385,  0.040,  0.000
  0.014,297.374,  0.022,  0.000
  0.014,297.292,  0.006,  0.000
  0.015,297.148,  0.000,  0.000
  0.015,297.075,  0.000,  0.000
  0.014,297.067,  0.000,  0.000
  0.015,296.960,  0.000,  0.000
  0.015,296.791,  0.000,  0.000
  0.015,296.733,  0.000,  0.000
  0.015,296.732,  0.000,  0.000
  0.015,296.729,  0.001,  0.000
  0.015,296.795,  0.002,  0.000
  0.014,297.248,  0.045,  0.000
  0.014,297.239,  0.014,  0.000
  0.014,297.170,  0.004,  0.000
  0.014,297.153,  0.001,  0.000
  0.014,297.233,  0.000,  0.000
  0.014,297.314,  0.000,  0.000
  0.014,297.329,  0.000,  0.000
  0.014,297.336,  0.000,  0.000
  0.014,297.384,  0.001,  0.000
  0.014,297.436,  0.008,  0.000
  0.014,297.450,  0.044,  0.000
  0.014,297.438,  0.125,  0.000
  0.014,297.418,  0.166,  0.000
  0.014,297.403,  0.106,  0.000
  0.014,297.368,  0.061,  0.000
  0.015,297.302,  0.028,  0.000
  0.015,297.216,  0.004,  0.000
  0.015,297.167,  0.000,  0.000
  0.015,297.103,  0.000,  0.000
  0.015,296.926,  0.000,  0.000
  0.015,296.759,  0.001,  0.000
  0.015,296.722,  0.002,  0.000
  0.015,296.734,  0.001,  0.000
  0.015,296.752,  0.000,  0.000
  0.015,296.904,  0.003,  0.000
  0.014,297.241,  0.015,  0.000
  0.014,297.244,  0.000,  0.000
  0.014,297.203,  0.000,  0.000
  0.014,297.204,  0.000,  0.000
  0.014,297.273,  0.000,  0.000
  0.014,297.341,  0.001,  0.000
  0.014,297.360,  0.000,  0.000
  0.014,297.363,  0.000,  0.000
  0.014,297.397,  0.000,  0.000
  0.014,297.442,  0.000,  0.000
  0.014,297.466,  0.001,  0.000
  0.014,297.459,  0.007,  0.000
  0.014,297.431,  0.030,  0.000
  0.014,297.407,  0.048,  0.000
  0.015,297.376,  0.033,  0.000
  0.015,297.309,  0.027,  0.000
  0.015,297.218,  0.020,  0.000
  0.015,297.137,  0.004,  0.000
  0.015,297.013,  0.000,  0.000
  0.015,296.837,  0.000,  0.000
  0.015,296.733,  0.004,  0.000
  0.015,296.744,  0.019,  0.000
  0.015,296.774,  0.019,  0.000
  0.015,296.859,  0.003,  0.000
  0.015,297.110,  0.001,  0.000
  0.014,297.296,  0.000,  0.000
  0.014,297.287,  0.000,  0.000
  0.014,297.257,  0.000,  0.000
  0.014,297.264,  0.000,  0.000
  0.014,297.308,  0.000,  0.000
  0.014,297.363,  0.000,  0.000
  0.014,297.405,  0.001,  0.000
  0.014,297.419,  0.001,  0.000
  0.014,297.420,  0.000,  0.000
  0.014,297.416,  0.000,  0.000
  0.014,297.405,  0.000,  0.000
  0.014,297.421,  0.001,  0.000
  0.015,297.423,  0.001,  0.000
  0.015,297.409,  0.001,  0.000
  0.015,297.347,  0.005,  0.000
  0.015,297.209,  0.039,  0.000
  0.015,297.074,  0.087,  0.000
  0.015,296.990,  0.040,  0.000
  0.015,296.907,  0.003,  0.000
  0.015,296.801,  0.000,  0.000
  0.015,296.749,  0.005,  0.000
  0.015,296.778,  0.026,  0.000
  0.015,296.832,  0.038,  0.000
  0.015,296.997,  0.016,  0.000
  0.015,297.347,  0.004,  0.000
  0.015,297.362,  0.000,  0.000
  0.014,297.328,  0.000,  0.000
  0.014,297.293,  0.000,  0.000
  0.014,297.298,  0.000,  0.000
  0.014,297.329,  0.001,  0.000
  0.014,297.369,  0.000,  0.000
  0.014,297.437,  0.000,  0.000
  0.015,297.455,  0.000,  0.000
  0.014,297.391,  0.000,  0.000
  0.014,297.367,  0.000,  0.000
  0.014,297.419,  0.000,  0.000
  0.015,297.471,  0.001,  0.000
  0.015,297.510,  0.001,  0.000
  0.015,297.452,  0.001,  0.000
  0.015,297.290,  0.003,  0.000
  0.015,297.126,  0.031,  0.000
  0.015,297.001,  0.080,  0.000
  0.015,296.938,  0.062,  0.000
  0.015,296.895,  0.013,  0.000
  0.015,296.853,  0.002,  0.000
  0.015,296.808,  0.000,  0.000
  0.015,296.785,  0.001,  0.000
  0.015,296.863,  0.007,  0.000
  0.015,297.160,  0.016,  0.000
  0.015,297.508,  0.012,  0.000
  0.015,297.402,  0.000,  0.000
  0.015,297.337,  0.000,  0.000
  0.015,297.281,  0.000,  0.000
  0.014,297.280,  0.000,  0.000
  0.014,297.329,  0.000,  0.000
  0.014,297.378,  0.000,  0.000
  0.015,297.445,  0.000,  0.000
  0.015,297.428,  0.000,  0.000
  0.015,297.305,  0.000,  0.000
  0.015,297.246,  0.000,  0.000
  0.014,297.337,  0.000,  0.000
  0.015,297.424,  0.000,  0.000
  0.015,297.367,  0.000,  0.000
  0.015,297.303,  0.000,  0.000
  0.015,297.234,  0.000,  0.000
  0.015,297.091,  0.000,  0.000
  0.015,296.998,  0.002,  0.000
  0.015,296.960,  0.005,  0.000
  0.015,296.928,  0.005,  0.000
  0.015,296.895,  0.002,  0.000
  0.015,296.867,  0.000,  0.000
  0.015,296.847,  0.000,  0.000
  0.015,296.946,  0.000,  0.000
  0.015,297.309,  0.001,  0.000
  0.015,297.607,  0.007,  0.000
  0.015,297.399,  0.000,  0.000
  0.015,297.320,  0.000,  0.000
  0.015,297.281,  0.000,  0.000
  0.015,297.303,  0.000,  0.000
  0.014,297.365,  0.000,  0.000
  0.015,297.415,  0.000,  0.000
  0.015,297.449,  0.000,  0.000
  0.015,297.374,  0.000,  0.000
  0.015,297.234,  0.000,  0.000
  0.015,297.194,  0.000,  0.000
  0.015,297.213,  0.000,  0.000
  0.015,297.190,  0.000,  0.000
  0.015,297.159,  0.002,  0.000
  0.015,297.180,  0.001,  0.000
  0.015,297.189,  0.000,  0.000
  0.015,297.098,  0.000,  0.000
  0.015,297.024,  0.001,  0.000
  0.015,296.993,  0.001,  0.000
  0.015,296.960,  0.000,  0.000
  0.015,296.936,  0.000,  0.000
  0.015,296.932,  0.000,  0.000
  0.015,296.963,  0.000,  0.000
  0.015,297.156,  0.001,  0.000
  0.015,297.486,  0.002,  0.000
  0.015,297.556,  0.002,  0.000
  0.015,297.382,  0.000,  0.000
  0.015,297.333,  0.000,  0.000
  0.015,297.330,  0.000,  0.000
  0.015,297.372,  0.000,  0.000
  0.015,297.422,  0.000,  0.000
  0.015,297.459,  0.000,  0.000
  0.015,297.462,  0.000,  0.000
  0.015,297.363,  0.000,  0.000
  0.015,297.232,  0.000,  0.000
  0.015,297.208,  0.000,  0.000
  0.015,297.215,  0.000,  0.000
  0.015,297.177,  0.003,  0.000
  0.015,297.167,  0.015,  0.000
  0.015,297.188,  0.018,  0.000
  0.015,297.157,  0.004,  0.000
  0.015,297.043,  0.000,  0.000
  0.015,296.964,  0.000,  0.000
  0.015,296.971,  0.000,  0.000
  0.015,296.987,  0.000,  0.000
  0.015,296.976,  0.000,  0.000
  0.015,297.002,  0.000,  0.000
  0.015,297.148,  0.000,  0.000
  0.015,297.415,  0.000,  0.000
  0.015,297.499,  0.000,  0.000
  0.015,297.351,  0.001,  0.000
