  0.022,302.764,  0.000,  0.000
  0.022,302.769,  0.000,  0.000
  0.022,302.775,  0.000,  0.000
  0.022,302.780,  0.000,  0.000
  0.022,302.786,  0.000,  0.000
  0.022,302.791,  0.000,  0.000
  0.022,302.796,  0.000,  0.000
  0.022,302.802,  0.000,  0.000
  0.022,302.806,  0.000,  0.000
  0.022,302.812,  0.000,  0.000
  0.022,302.818,  0.000,  0.000
  0.022,302.824,  0.000,  0.000
  0.022,302.830,  0.000,  0.000
  0.022,302.836,  0.000,  0.000
  0.022,302.841,  0.000,  0.000
  0.022,302.847,  0.001,  0.000
  0.022,302.852,  0.000,  0.000
  0.022,302.859,  0.000,  0.000
  0.022,302.864,  0.001,  0.000
  0.022,302.870,  0.000,  0.000
  0.022,302.875,  0.001,  0.000
  0.022,302.881,  0.000,  0.000
  0.022,302.886,  0.000,  0.000
  0.022,302.910,  0.000,  0.000
  0.022,302.914,  0.000,  0.000
  0.022,302.754,  0.000,  0.070
  0.022,302.759,  0.000,  0.070
  0.022,302.764,  0.000,  0.350
  0.022,302.769,  0.000,  0.350
  0.022,302.775,  0.000,  0.350
  0.022,302.780,  0.000,  0.350
  0.022,302.785,  0.000,  0.250
  0.022,302.790,  0.000,  0.250
  0.022,302.795,  0.000,  0.250
  0.022,302.800,  0.000,  0.000
  0.022,302.806,  0.000,  0.000
  0.022,302.812,  0.000,  0.000
  0.022,302.818,  0.000,  0.000
  0.022,302.824,  0.000,  0.000
  0.022,302.830,  0.000,  0.000
  0.022,302.835,  0.001,  0.000
  0.022,302.840,  0.000,  0.000
  0.022,302.846,  0.001,  0.000
  0.022,302.852,  0.000,  0.000
  0.022,302.858,  0.000,  0.000
  0.022,302.863,  0.001,  0.000
  0.022,302.868,  0.000,  0.000
  0.022,302.873,  0.001,  0.000
  0.022,302.896,  0.001,  0.000
  0.022,302.900,  0.001,  0.000
  0.022,302.744,  0.000,  0.070
  0.022,302.749,  0.000,  0.070
  0.022,302.754,  0.000,  0.350
  0.022,302.758,  0.001,  0.350
  0.022,302.764,  0.000,  0.350
  0.022,302.768,  0.000,  0.350
  0.022,302.774,  0.000,  0.250
  0.022,302.779,  0.000,  0.250
  0.022,302.784,  0.000,  0.250
  0.022,302.790,  0.001,  0.000
  0.022,302.795,  0.000,  0.000
  0.022,302.802,  0.000,  0.000
  0.022,302.808,  0.000,  0.000
  0.022,302.813,  0.000,  0.000
  0.022,302.818,  0.000,  0.000
  0.022,302.823,  0.001,  0.000
  0.022,302.828,  0.000,  0.000
  0.022,302.834,  0.000,  0.000
  0.022,302.840,  0.000,  0.000
  0.022,302.846,  0.000,  0.000
  0.022,302.851,  0.000,  0.000
  0.022,302.856,  0.000,  0.000
  0.022,302.861,  0.001,  0.000
  0.022,302.882,  0.000,  0.000
  0.022,302.886,  0.001,  0.000
  0.022,302.734,  0.000,  0.070
  0.022,302.739,  0.000,  0.070
  0.022,302.743,  0.000,  0.350
  0.022,302.748,  0.001,  0.350
  0.022,302.753,  0.000,  0.350
  0.022,302.758,  0.000,  0.350
  0.022,302.763,  0.000,  0.250
  0.022,302.769,  0.000,  0.250
  0.022,302.775,  0.000,  0.250
  0.022,302.781,  0.000,  0.000
  0.022,302.786,  0.000,  0.000
  0.022,302.792,  0.000,  0.000
  0.022,302.798,  0.001,  0.000
  0.022,302.803,  0.000,  0.000
  0.022,302.809,  0.001,  0.000
  0.022,302.813,  0.000,  0.000
  0.022,302.818,  0.001,  0.000
  0.022,302.823,  0.000,  0.000
  0.022,302.828,  0.000,  0.000
  0.022,302.834,  0.000,  0.000
  0.022,302.839,  0.000,  0.000
  0.022,302.844,  0.000,  0.000
  0.022,302.849,  0.001,  0.000
  0.022,302.869,  0.000,  0.000
  0.022,302.872,  0.001,  0.000
  0.022,302.725,  0.000,  0.070
  0.022,302.730,  0.000,  0.070
  0.022,302.734,  0.000,  0.350
  0.022,302.739,  0.000,  0.350
  0.022,302.744,  0.000,  0.350
  0.022,302.749,  0.001,  0.350
  0.022,302.754,  0.000,  0.250
  0.022,302.760,  0.000,  0.250
  0.022,302.766,  0.000,  0.250
  0.022,302.772,  0.000,  0.000
  0.022,302.778,  0.000,  0.000
  0.022,302.783,  0.000,  0.000
  0.022,302.789,  0.000,  0.000
  0.022,302.794,  0.000,  0.000
  0.022,302.800,  0.001,  0.000
  0.022,302.804,  0.000,  0.000
  0.022,302.809,  0.000,  0.000
  0.022,302.813,  0.000,  0.000
  0.022,302.818,  0.001,  0.000
  0.022,302.823,  0.001,  0.000
  0.022,302.828,  0.000,  0.000
  0.022,302.833,  0.000,  0.000
  0.022,302.838,  0.001,  0.000
  0.022,302.855,  0.001,  0.000
  0.022,302.858,  0.000,  0.000
  0.022,302.717,  0.000,  0.350
  0.022,302.721,  0.000,  0.350
  0.022,302.726,  0.000,  0.350
  0.022,302.730,  0.000,  0.350
  0.022,302.735,  0.000,  0.350
  0.022,302.740,  0.000,  0.350
  0.022,302.746,  0.000,  0.320
  0.022,302.751,  0.001,  0.320
  0.022,302.757,  0.000,  0.320
  0.022,302.764,  0.000,  0.070
  0.022,302.769,  0.001,  0.070
  0.022,302.775,  0.001,  0.070
  0.022,302.780,  0.000,  0.070
  0.022,302.785,  0.000,  0.310
  0.022,302.791,  0.000,  0.310
  0.022,302.796,  0.001,  0.310
  0.022,302.800,  0.001,  0.250
  0.022,302.805,  0.001,  0.250
  0.022,302.809,  0.000,  0.250
  0.022,302.813,  0.001,  0.250
  0.022,302.818,  0.001,  0.250
  0.022,302.822,  0.001,  0.250
  0.022,302.827,  0.000,  0.250
  0.022,302.842,  0.000,  0.000
  0.022,302.846,  0.000,  0.000
  0.022,302.709,  0.000,  0.350
  0.022,302.714,  0.000,  0.350
  0.022,302.718,  0.000,  0.350
  0.022,302.723,  0.000,  0.350
  0.022,302.727,  0.000,  0.350
  0.022,302.732,  0.000,  0.350
  0.022,302.738,  0.000,  0.320
  0.022,302.744,  0.000,  0.320
  0.022,302.749,  0.000,  0.320
  0.022,302.755,  0.000,  0.070
  0.022,302.761,  0.000,  0.070
  0.022,302.767,  0.000,  0.070
  0.022,302.772,  0.000,  0.070
  0.022,302.777,  0.000,  0.310
  0.022,302.782,  0.000,  0.310
  0.022,302.787,  0.000,  0.310
  0.022,302.791,  0.000,  0.250
  0.022,302.795,  0.000,  0.250
  0.022,302.800,  0.000,  0.250
  0.022,302.804,  0.001,  0.250
  0.022,302.808,  0.001,  0.250
  0.022,302.812,  0.000,  0.250
  0.022,302.817,  0.000,  0.250
  0.022,302.830,  0.000,  0.000
  0.022,302.833,  0.000,  0.000
  0.022,302.702,  0.000,  0.350
  0.022,302.706,  0.000,  0.350
  0.022,302.711,  0.000,  0.350
  0.022,302.715,  0.000,  0.350
  0.022,302.720,  0.000,  0.350
  0.022,302.725,  0.000,  0.350
  0.022,302.730,  0.000,  0.320
  0.022,302.736,  0.000,  0.320
  0.022,302.741,  0.000,  0.320
  0.022,302.747,  0.000,  0.070
  0.022,302.753,  0.000,  0.070
  0.022,302.758,  0.000,  0.070
  0.022,302.763,  0.000,  0.070
  0.022,302.768,  0.000,  0.310
  0.022,302.773,  0.000,  0.310
  0.022,302.777,  0.000,  0.310
  0.022,302.782,  0.000,  0.250
  0.022,302.786,  0.000,  0.250
  0.022,302.790,  0.000,  0.250
  0.022,302.794,  0.000,  0.250
  0.022,302.798,  0.000,  0.250
  0.022,302.803,  0.000,  0.250
  0.022,302.807,  0.001,  0.250
  0.022,302.817,  0.000,  0.000
  0.022,302.820,  0.000,  0.000
  0.022,302.696,  0.000,  0.350
  0.022,302.699,  0.000,  0.350
  0.022,302.704,  0.000,  0.350
  0.022,302.708,  0.000,  0.350
  0.022,302.713,  0.000,  0.350
  0.022,302.718,  0.000,  0.350
  0.022,302.723,  0.000,  0.320
  0.022,302.728,  0.000,  0.320
  0.022,302.734,  0.000,  0.320
  0.022,302.739,  0.000,  0.070
  0.022,302.744,  0.000,  0.070
  0.022,302.750,  0.000,  0.070
  0.022,302.755,  0.000,  0.070
  0.022,302.760,  0.001,  0.310
  0.022,302.764,  0.000,  0.310
  0.022,302.768,  0.000,  0.310
  0.022,302.772,  0.000,  0.250
  0.022,302.777,  0.000,  0.250
  0.022,302.780,  0.001,  0.250
  0.022,302.785,  0.000,  0.250
  0.022,302.789,  0.001,  0.250
  0.022,302.793,  0.000,  0.250
  0.022,302.797,  0.000,  0.250
  0.022,302.804,  0.000,  0.000
  0.022,302.807,  0.000,  0.000
  0.022,302.691,  0.000,  0.750
  0.022,302.694,  0.000,  0.750
  0.022,302.697,  0.000,  0.920
  0.022,302.701,  0.000,  0.920
  0.022,302.706,  0.000,  0.920
  0.022,302.711,  0.000,  0.920
  0.022,302.716,  0.000,  0.840
  0.022,302.721,  0.000,  0.840
  0.022,302.726,  0.000,  0.840
  0.022,302.731,  0.000,  0.810
  0.022,302.736,  0.000,  0.810
  0.022,302.741,  0.000,  0.810
  0.022,302.746,  0.000,  0.810
  0.022,302.751,  0.000,  0.300
  0.022,302.755,  0.001,  0.300
  0.022,302.760,  0.000,  0.300
  0.022,302.764,  0.000,  0.260
  0.022,302.768,  0.001,  0.260
  0.022,302.772,  0.001,  0.260
  0.022,302.776,  0.000,  0.260
  0.022,302.779,  0.000,  0.530
  0.022,302.783,  0.000,  0.530
  0.022,302.787,  0.000,  0.530
  0.022,302.792,  0.000,  0.050
  0.022,302.794,  0.000,  0.050
  0.022,302.686,  0.000,  0.750
  0.022,302.689,  0.000,  0.750
  0.022,302.692,  0.000,  0.920
  0.022,302.695,  0.000,  0.920
  0.022,302.699,  0.000,  0.920
  0.022,302.704,  0.000,  0.920
  0.022,302.708,  0.000,  0.840
  0.022,302.713,  0.000,  0.840
  0.022,302.718,  0.000,  0.840
  0.022,302.724,  0.000,  0.810
  0.022,302.729,  0.000,  0.810
  0.022,302.734,  0.000,  0.810
  0.022,302.739,  0.000,  0.810
  0.022,302.744,  0.000,  0.300
  0.022,302.748,  0.000,  0.300
  0.022,302.753,  0.000,  0.300
  0.022,302.757,  0.001,  0.260
  0.022,302.761,  0.000,  0.260
  0.022,302.765,  0.000,  0.260
  0.022,302.768,  0.000,  0.260
  0.022,302.771,  0.000,  0.530
  0.022,302.774,  0.000,  0.530
  0.022,302.777,  0.000,  0.530
  0.022,302.780,  0.000,  0.050
  0.022,302.782,  0.000,  0.050
  0.022,302.681,  0.000,  0.750
  0.022,302.684,  0.000,  0.750
  0.022,302.687,  0.000,  0.920
  0.022,302.690,  0.000,  0.920
  0.022,302.693,  0.000,  0.920
  0.022,302.697,  0.000,  0.920
  0.022,302.701,  0.000,  0.840
  0.022,302.705,  0.000,  0.840
  0.022,302.710,  0.000,  0.840
  0.022,302.714,  0.000,  0.810
  0.022,302.719,  0.000,  0.810
  0.022,302.724,  0.000,  0.810
  0.022,302.729,  0.000,  0.810
  0.022,302.733,  0.000,  0.300
  0.022,302.738,  0.000,  0.300
  0.022,302.742,  0.000,  0.300
  0.022,302.746,  0.000,  0.260
  0.022,302.750,  0.000,  0.260
  0.022,302.754,  0.000,  0.260
  0.022,302.757,  0.000,  0.260
  0.022,302.760,  0.000,  0.530
  0.022,302.762,  0.000,  0.530
  0.022,302.765,  0.000,  0.530
  0.022,302.768,  0.000,  0.050
  0.022,302.770,  0.000,  0.050
  0.022,302.673,  0.000,  0.750
  0.022,302.676,  0.000,  0.750
  0.022,302.679,  0.000,  0.920
  0.022,302.683,  0.000,  0.920
  0.022,302.686,  0.000,  0.920
  0.022,302.690,  0.000,  0.920
  0.022,302.693,  0.000,  0.840
  0.022,302.697,  0.000,  0.840
  0.022,302.701,  0.000,  0.840
  0.022,302.706,  0.000,  0.810
  0.022,302.710,  0.000,  0.810
  0.022,302.715,  0.000,  0.810
  0.022,302.719,  0.000,  0.810
  0.022,302.724,  0.000,  0.300
  0.022,302.728,  0.000,  0.300
  0.022,302.731,  0.000,  0.300
  0.022,302.735,  0.000,  0.260
  0.022,302.738,  0.000,  0.260
  0.022,302.742,  0.000,  0.260
  0.022,302.745,  0.000,  0.260
  0.022,302.748,  0.000,  0.530
  0.022,302.751,  0.000,  0.530
  0.022,302.753,  0.000,  0.530
  0.022,302.755,  0.000,  0.050
  0.022,302.758,  0.000,  0.050
  0.022,302.663,  0.000,  0.860
  0.022,302.666,  0.000,  0.860
  0.022,302.668,  0.000,  0.910
  0.022,302.672,  0.000,  0.910
  0.022,302.675,  0.000,  0.910
  0.022,302.679,  0.000,  0.910
  0.022,302.683,  0.000,  0.780
  0.022,302.687,  0.000,  0.780
  0.022,302.691,  0.000,  0.780
  0.022,302.695,  0.000,  0.690
  0.022,302.700,  0.000,  0.690
  0.022,302.705,  0.000,  0.690
  0.022,302.709,  0.000,  0.690
  0.022,302.713,  0.000,  1.150
  0.022,302.717,  0.000,  1.150
  0.022,302.721,  0.000,  1.150
  0.022,302.724,  0.000,  1.170
  0.022,302.727,  0.000,  1.170
  0.022,302.730,  0.000,  1.170
  0.022,302.733,  0.001,  1.170
  0.022,302.736,  0.000,  1.190
  0.022,302.739,  0.000,  1.190
  0.022,302.741,  0.000,  1.190
  0.022,302.744,  0.000,  0.550
  0.022,302.746,  0.000,  0.550
  0.022,302.653,  0.000,  0.860
  0.022,302.656,  0.000,  0.860
  0.022,302.658,  0.000,  0.910
  0.022,302.661,  0.000,  0.910
  0.022,302.664,  0.000,  0.910
  0.022,302.667,  0.000,  0.910
  0.022,302.671,  0.000,  0.780
  0.022,302.675,  0.000,  0.780
  0.022,302.680,  0.000,  0.780
  0.022,302.684,  0.000,  0.690
  0.022,302.688,  0.000,  0.690
  0.022,302.693,  0.000,  0.690
  0.022,302.698,  0.000,  0.690
  0.022,302.702,  0.000,  1.150
  0.022,302.706,  0.000,  1.150
  0.022,302.709,  0.000,  1.150
  0.022,302.713,  0.000,  1.170
  0.022,302.716,  0.000,  1.170
  0.022,302.719,  0.000,  1.170
  0.022,302.722,  0.000,  1.170
  0.022,302.725,  0.000,  1.190
  0.022,302.727,  0.000,  1.190
  0.022,302.730,  0.000,  1.190
  0.022,302.732,  0.000,  0.550
  0.022,302.735,  0.000,  0.550
