  0.017,299.528,  0.000,  0.000
  0.017,299.539,  0.000,  0.000
  0.017,299.550,  0.000,  0.000
  0.017,299.562,  0.000,  0.000
  0.017,299.574,  0.000,  0.000
  0.017,299.587,  0.000,  0.000
  0.017,299.599,  0.000,  0.000
  0.017,299.612,  0.000,  0.000
  0.017,299.625,  0.000,  0.000
  0.017,299.638,  0.000,  0.000
  0.017,299.652,  0.000,  0.000
  0.017,299.665,  0.000,  0.000
  0.017,299.678,  0.000,  0.000
  0.017,299.692,  0.000,  0.000
  0.017,299.705,  0.000,  0.000
  0.017,299.718,  0.000,  0.000
  0.017,299.730,  0.000,  0.000
  0.017,299.743,  0.000,  0.000
  0.017,299.756,  0.000,  0.000
  0.017,299.769,  0.000,  0.000
  0.017,299.783,  0.000,  0.000
  0.017,299.797,  0.000,  0.000
  0.017,299.811,  0.000,  0.000
  0.017,299.846,  0.000,  0.000
  0.017,299.860,  0.000,  0.000
  0.017,299.538,  0.000,  0.000
  0.017,299.548,  0.000,  0.000
  0.017,299.559,  0.000,  0.000
  0.017,299.570,  0.000,  0.000
  0.017,299.582,  0.000,  0.000
  0.017,299.593,  0.000,  0.000
  0.017,299.605,  0.000,  0.000
  0.017,299.617,  0.000,  0.000
  0.017,299.629,  0.000,  0.000
  0.017,299.641,  0.000,  0.000
  0.017,299.654,  0.000,  0.000
  0.017,299.666,  0.000,  0.000
  0.017,299.679,  0.000,  0.000
  0.017,299.691,  0.000,  0.000
  0.017,299.704,  0.000,  0.000
  0.017,299.716,  0.000,  0.000
  0.017,299.728,  0.000,  0.000
  0.017,299.741,  0.000,  0.000
  0.017,299.754,  0.000,  0.000
  0.017,299.767,  0.000,  0.000
  0.017,299.781,  0.000,  0.000
  0.017,299.794,  0.000,  0.000
  0.017,299.808,  0.000,  0.000
  0.017,299.844,  0.000,  0.000
  0.017,299.857,  0.000,  0.000
  0.017,299.548,  0.000,  0.000
  0.017,299.558,  0.000,  0.000
  0.017,299.568,  0.000,  0.000
  0.017,299.579,  0.000,  0.000
  0.017,299.589,  0.000,  0.000
  0.017,299.600,  0.000,  0.000
  0.017,299.611,  0.000,  0.000
  0.017,299.622,  0.000,  0.000
  0.017,299.633,  0.000,  0.000
  0.017,299.644,  0.000,  0.000
  0.017,299.656,  0.000,  0.000
  0.017,299.667,  0.000,  0.000
  0.017,299.679,  0.000,  0.000
  0.017,299.691,  0.000,  0.000
  0.017,299.703,  0.000,  0.000
  0.017,299.715,  0.000,  0.000
  0.017,299.727,  0.000,  0.000
  0.017,299.739,  0.000,  0.000
  0.017,299.752,  0.000,  0.000
  0.017,299.765,  0.000,  0.000
  0.017,299.779,  0.000,  0.000
  0.017,299.792,  0.000,  0.000
  0.017,299.807,  0.000,  0.000
  0.017,299.841,  0.000,  0.000
  0.017,299.854,  0.000,  0.000
  0.017,299.558,  0.000,  0.000
  0.017,299.568,  0.000,  0.000
  0.017,299.577,  0.000,  0.000
  0.017,299.587,  0.000,  0.000
  0.017,299.597,  0.000,  0.000
  0.017,299.606,  0.000,  0.000
  0.017,299.616,  0.000,  0.000
  0.017,299.626,  0.000,  0.000
  0.017,299.637,  0.000,  0.000
  0.017,299.647,  0.000,  0.000
  0.017,299.658,  0.000,  0.000
  0.017,299.668,  0.000,  0.000
  0.017,299.679,  0.000,  0.000
  0.017,299.691,  0.000,  0.000
  0.017,299.702,  0.000,  0.000
  0.017,299.714,  0.000,  0.000
  0.017,299.726,  0.000,  0.000
  0.017,299.738,  0.000,  0.000
  0.017,299.750,  0.000,  0.000
  0.017,299.764,  0.000,  0.000
  0.017,299.777,  0.000,  0.000
  0.017,299.791,  0.000,  0.000
  0.017,299.805,  0.000,  0.000
  0.017,299.838,  0.000,  0.000
  0.017,299.851,  0.000,  0.000
  0.017,299.568,  0.000,  0.000
  0.017,299.577,  0.000,  0.000
  0.017,299.586,  0.000,  0.000
  0.017,299.595,  0.000,  0.000
  0.017,299.604,  0.000,  0.000
  0.017,299.613,  0.000,  0.000
  0.017,299.622,  0.000,  0.000
  0.017,299.631,  0.000,  0.000
  0.017,299.640,  0.000,  0.000
  0.017,299.650,  0.000,  0.000
  0.017,299.660,  0.000,  0.000
  0.017,299.670,  0.000,  0.000
  0.017,299.680,  0.000,  0.000
  0.017,299.691,  0.000,  0.000
  0.017,299.702,  0.000,  0.000
  0.017,299.713,  0.000,  0.000
  0.017,299.725,  0.000,  0.000
  0.017,299.737,  0.000,  0.000
  0.017,299.749,  0.000,  0.000
  0.017,299.762,  0.000,  0.000
  0.017,299.776,  0.000,  0.000
  0.017,299.790,  0.000,  0.000
  0.017,299.804,  0.000,  0.000
  0.017,299.834,  0.000,  0.000
  0.017,299.848,  0.000,  0.000
  0.017,299.578,  0.000,  0.000
  0.017,299.586,  0.000,  0.000
  0.017,299.595,  0.000,  0.000
  0.017,299.603,  0.000,  0.000
  0.017,299.611,  0.000,  0.000
  0.017,299.619,  0.000,  0.000
  0.017,299.627,  0.000,  0.000
  0.017,299.636,  0.000,  0.000
  0.017,299.644,  0.000,  0.000
  0.017,299.653,  0.000,  0.000
  0.017,299.662,  0.000,  0.000
  0.017,299.672,  0.000,  0.000
  0.017,299.681,  0.000,  0.000
  0.017,299.692,  0.000,  0.000
  0.017,299.702,  0.000,  0.000
  0.017,299.713,  0.000,  0.000
  0.017,299.725,  0.000,  0.000
  0.017,299.736,  0.000,  0.000
  0.017,299.749,  0.000,  0.000
  0.017,299.762,  0.000,  0.000
  0.017,299.775,  0.000,  0.000
  0.017,299.789,  0.000,  0.000
  0.017,299.803,  0.000,  0.000
  0.017,299.832,  0.000,  0.000
  0.017,299.845,  0.000,  0.000
  0.017,299.588,  0.000,  0.000
  0.017,299.596,  0.000,  0.000
  0.017,299.603,  0.000,  0.000
  0.017,299.611,  0.000,  0.000
  0.017,299.618,  0.000,  0.000
  0.017,299.626,  0.000,  0.000
  0.017,299.633,  0.000,  0.000
  0.017,299.641,  0.000,  0.000
  0.017,299.648,  0.000,  0.000
  0.017,299.657,  0.000,  0.000
  0.017,299.665,  0.000,  0.000
  0.017,299.674,  0.000,  0.000
  0.017,299.683,  0.000,  0.000
  0.017,299.693,  0.000,  0.000
  0.017,299.703,  0.000,  0.000
  0.017,299.714,  0.000,  0.000
  0.017,299.725,  0.000,  0.000
  0.017,299.737,  0.000,  0.000
  0.017,299.749,  0.000,  0.000
  0.017,299.762,  0.000,  0.000
  0.017,299.775,  0.000,  0.000
  0.017,299.789,  0.000,  0.000
  0.017,299.803,  0.000,  0.000
  0.017,299.829,  0.000,  0.000
  0.017,299.843,  0.000,  0.000
  0.017,299.598,  0.000,  0.000
  0.017,299.605,  0.000,  0.000
  0.017,299.612,  0.000,  0.000
  0.017,299.618,  0.000,  0.000
  0.017,299.625,  0.000,  0.000
  0.017,299.632,  0.000,  0.000
  0.017,299.639,  0.000,  0.000
  0.017,299.646,  0.000,  0.000
  0.017,299.653,  0.000,  0.000
  0.017,299.660,  0.000,  0.000
  0.017,299.668,  0.000,  0.000
  0.017,299.676,  0.000,  0.000
  0.017,299.685,  0.000,  0.000
  0.017,299.695,  0.000,  0.000
  0.017,299.705,  0.000,  0.000
  0.017,299.715,  0.000,  0.000
  0.017,299.726,  0.000,  0.000
  0.017,299.738,  0.000,  0.000
  0.017,299.750,  0.000,  0.000
  0.017,299.763,  0.000,  0.000
  0.017,299.776,  0.000,  0.000
  0.017,299.790,  0.000,  0.000
  0.017,299.804,  0.000,  0.000
  0.017,299.827,  0.000,  0.000
  0.017,299.840,  0.000,  0.000
  0.017,299.608,  0.000,  0.000
  0.017,299.615,  0.000,  0.000
  0.017,299.621,  0.000,  0.000
  0.017,299.627,  0.000,  0.000
  0.017,299.633,  0.000,  0.000
  0.017,299.639,  0.000,  0.000
  0.017,299.645,  0.000,  0.000
  0.017,299.652,  0.000,  0.000
  0.017,299.658,  0.000,  0.000
  0.017,299.665,  0.000,  0.000
  0.017,299.673,  0.000,  0.000
  0.017,299.680,  0.000,  0.000
  0.017,299.689,  0.000,  0.000
  0.017,299.698,  0.000,  0.000
  0.017,299.707,  0.000,  0.000
  0.017,299.717,  0.000,  0.000
  0.017,299.728,  0.000,  0.000
  0.017,299.740,  0.000,  0.000
  0.017,299.752,  0.000,  0.000
  0.017,299.765,  0.000,  0.000
  0.017,299.778,  0.000,  0.000
  0.017,299.792,  0.000,  0.000
  0.017,299.806,  0.000,  0.000
  0.017,299.825,  0.000,  0.000
  0.017,299.839,  0.000,  0.000
  0.017,299.621,  0.000,  0.000
  0.017,299.627,  0.000,  0.000
  0.017,299.632,  0.000,  0.000
  0.017,299.637,  0.000,  0.000
  0.017,299.643,  0.000,  0.000
  0.017,299.648,  0.000,  0.000
  0.017,299.654,  0.000,  0.000
  0.017,299.659,  0.000,  0.000
  0.017,299.666,  0.000,  0.000
  0.017,299.672,  0.000,  0.000
  0.017,299.679,  0.000,  0.000
  0.017,299.686,  0.000,  0.000
  0.017,299.694,  0.000,  0.000
  0.017,299.703,  0.000,  0.000
  0.017,299.712,  0.000,  0.000
  0.017,299.722,  0.000,  0.000
  0.017,299.732,  0.000,  0.000
  0.017,299.744,  0.000,  0.000
  0.017,299.756,  0.000,  0.000
  0.017,299.769,  0.000,  0.000
  0.017,299.782,  0.000,  0.000
  0.017,299.795,  0.000,  0.000
  0.017,299.809,  0.000,  0.000
  0.017,299.826,  0.000,  0.000
  0.017,299.840,  0.000,  0.000
  0.017,299.628,  0.000,  0.000
  0.017,299.634,  0.000,  0.000
  0.017,299.639,  0.000,  0.000
  0.017,299.644,  0.000,  0.000
  0.017,299.649,  0.000,  0.000
  0.017,299.654,  0.000,  0.000
  0.017,299.659,  0.000,  0.000
  0.017,299.665,  0.000,  0.000
  0.017,299.670,  0.000,  0.000
  0.017,299.676,  0.000,  0.000
  0.017,299.683,  0.000,  0.000
  0.017,299.690,  0.000,  0.000
  0.017,299.698,  0.000,  0.000
  0.017,299.706,  0.000,  0.000
  0.017,299.715,  0.000,  0.000
  0.017,299.725,  0.000,  0.000
  0.017,299.736,  0.000,  0.000
  0.017,299.748,  0.000,  0.000
  0.017,299.760,  0.000,  0.000
  0.017,299.773,  0.000,  0.000
  0.017,299.786,  0.000,  0.000
  0.017,299.800,  0.000,  0.000
  0.017,299.813,  0.000,  0.000
  0.017,299.827,  0.000,  0.000
  0.017,299.841,  0.000,  0.000
  0.017,299.639,  0.000,  0.000
  0.017,299.644,  0.000,  0.000
  0.017,299.649,  0.000,  0.000
  0.017,299.653,  0.000,  0.000
  0.017,299.657,  0.000,  0.000
  0.017,299.661,  0.000,  0.000
  0.017,299.666,  0.000,  0.000
  0.017,299.670,  0.000,  0.000
  0.017,299.675,  0.000,  0.000
  0.017,299.681,  0.000,  0.000
  0.017,299.687,  0.000,  0.000
  0.017,299.694,  0.000,  0.000
  0.017,299.701,  0.000,  0.000
  0.017,299.709,  0.000,  0.000
  0.017,299.718,  0.000,  0.000
  0.017,299.728,  0.000,  0.000
  0.017,299.739,  0.000,  0.000
  0.017,299.750,  0.000,  0.000
  0.017,299.762,  0.000,  0.000
  0.017,299.775,  0.000,  0.000
  0.017,299.787,  0.000,  0.000
  0.017,299.801,  0.000,  0.000
  0.017,299.815,  0.000,  0.000
  0.017,299.829,  0.000,  0.000
  0.017,299.843,  0.000,  0.000
  0.017,299.645,  0.000,  0.000
  0.017,299.634,  0.000,  0.000
  0.017,299.639,  0.000,  0.000
  0.016,299.609,  0.000,  0.000
  0.017,299.647,  0.000,  0.000
  0.017,299.651,  0.000,  0.000
  0.016,299.622,  0.000,  0.000
  0.017,299.683,  0.000,  0.000
  0.017,299.688,  0.000,  0.000
  0.017,299.689,  0.000,  0.000
  0.017,299.693,  0.000,  0.000
  0.017,299.699,  0.000,  0.000
  0.017,299.706,  0.000,  0.000
  0.017,299.714,  0.000,  0.000
  0.017,299.723,  0.000,  0.000
  0.017,299.733,  0.000,  0.000
  0.017,299.744,  0.000,  0.000
  0.017,299.758,  0.000,  0.000
  0.017,299.768,  0.000,  0.000
  0.017,299.765,  0.000,  0.000
  0.016,299.758,  0.000,  0.000
  0.016,299.773,  0.000,  0.000
  0.016,299.789,  0.000,  0.000
  0.017,299.835,  0.000,  0.000
  0.017,299.847,  0.000,  0.000
  0.016,299.596,  0.000,  0.000
  0.016,299.604,  0.000,  0.000
  0.017,299.645,  0.000,  0.000
  0.016,299.615,  0.000,  0.000
  0.016,299.620,  0.000,  0.000
  0.016,299.625,  0.000,  0.000
  0.017,299.661,  0.000,  0.000
  0.016,299.633,  0.000,  0.000
  0.016,299.638,  0.000,  0.000
  0.016,299.643,  0.000,  0.000
  0.017,299.680,  0.000,  0.000
  0.017,299.687,  0.000,  0.000
  0.017,299.694,  0.000,  0.000
  0.016,299.674,  0.000,  0.000
  0.017,299.711,  0.000,  0.000
  0.017,299.721,  0.000,  0.000
  0.017,299.732,  0.000,  0.000
  0.017,299.744,  0.000,  0.000
  0.016,299.734,  0.000,  0.000
  0.016,299.748,  0.000,  0.000
  0.016,299.764,  0.000,  0.000
  0.016,299.780,  0.000,  0.000
  0.016,299.796,  0.000,  0.000
  0.016,299.812,  0.000,  0.000
  0.017,299.843,  0.000,  0.000
  0.016,299.568,  0.000,  0.000
  0.016,299.577,  0.000,  0.000
  0.016,299.584,  0.000,  0.000
  0.016,299.590,  0.000,  0.000
  0.016,299.595,  0.000,  0.000
  0.016,299.600,  0.000,  0.000
  0.016,299.616,  0.000,  0.000
  0.016,299.630,  0.000,  0.000
  0.016,299.636,  0.000,  0.000
  0.016,299.627,  0.000,  0.000
  0.017,299.673,  0.000,  0.000
  0.016,299.656,  0.000,  0.000
  0.016,299.656,  0.000,  0.000
  0.016,299.666,  0.000,  0.000
  0.017,299.709,  0.000,  0.000
  0.017,299.719,  0.000,  0.000
  0.016,299.701,  0.000,  0.000
  0.016,299.715,  0.000,  0.000
  0.016,299.738,  0.000,  0.000
  0.017,299.771,  0.000,  0.000
  0.016,299.768,  0.000,  0.000
  0.016,299.784,  0.000,  0.000
  0.017,299.814,  0.000,  0.000
  0.016,299.812,  0.000,  0.000
  0.016,299.829,  0.000,  0.000
