  0.016,298.548,  0.000,  0.000
  0.016,298.551,  0.000,  0.000
  0.016,298.555,  0.000,  0.000
  0.016,298.577,  0.000,  0.000
  0.016,298.625,  0.000,  0.000
  0.016,298.678,  0.000,  0.000
  0.017,298.684,  0.000,  0.000
  0.017,298.641,  0.000,  0.000
  0.017,298.622,  0.000,  0.000
  0.017,298.666,  0.000,  0.000
  0.016,298.727,  0.000,  0.000
  0.016,298.756,  0.000,  0.000
  0.016,298.754,  0.000,  0.000
  0.017,298.739,  0.000,  0.000
  0.016,298.730,  0.000,  0.000
  0.016,298.715,  0.000,  0.000
  0.017,298.689,  0.000,  0.000
  0.017,298.653,  0.000,  0.000
  0.017,298.630,  0.000,  0.000
  0.017,298.624,  0.000,  0.000
  0.017,298.620,  0.000,  0.000
  0.017,298.601,  0.000,  0.000
  0.017,298.579,  0.000,  0.000
  0.017,298.568,  0.000,  0.000
  0.017,298.532,  0.000,  0.000
  0.016,298.570,  0.000,  0.000
  0.016,298.568,  0.000,  0.000
  0.016,298.564,  0.000,  0.000
  0.016,298.584,  0.000,  0.000
  0.016,298.634,  0.000,  0.000
  0.016,298.686,  0.000,  0.000
  0.017,298.700,  0.000,  0.000
  0.017,298.679,  0.000,  0.000
  0.017,298.681,  0.000,  0.000
  0.017,298.714,  0.000,  0.000
  0.017,298.739,  0.000,  0.000
  0.017,298.745,  0.000,  0.000
  0.017,298.754,  0.000,  0.000
  0.016,298.767,  0.000,  0.000
  0.016,298.774,  0.000,  0.000
  0.017,298.756,  0.000,  0.000
  0.017,298.718,  0.000,  0.000
  0.017,298.680,  0.000,  0.000
  0.017,298.653,  0.000,  0.000
  0.017,298.639,  0.000,  0.000
  0.017,298.618,  0.000,  0.000
  0.017,298.596,  0.000,  0.000
  0.017,298.579,  0.000,  0.000
  0.017,298.575,  0.000,  0.000
  0.017,298.547,  0.000,  0.000
  0.016,298.596,  0.000,  0.000
  0.016,298.591,  0.000,  0.000
  0.016,298.580,  0.000,  0.000
  0.016,298.595,  0.000,  0.000
  0.016,298.645,  0.000,  0.000
  0.016,298.700,  0.000,  0.000
  0.017,298.729,  0.000,  0.000
  0.017,298.726,  0.000,  0.000
  0.017,298.723,  0.000,  0.000
  0.017,298.728,  0.000,  0.000
  0.017,298.721,  0.000,  0.000
  0.017,298.718,  0.000,  0.000
  0.017,298.745,  0.000,  0.000
  0.017,298.785,  0.000,  0.000
  0.016,298.792,  0.000,  0.000
  0.017,298.773,  0.000,  0.000
  0.017,298.742,  0.000,  0.000
  0.017,298.712,  0.000,  0.000
  0.017,298.680,  0.000,  0.000
  0.017,298.650,  0.000,  0.000
  0.017,298.624,  0.000,  0.000
  0.017,298.606,  0.000,  0.000
  0.017,298.594,  0.000,  0.000
  0.017,298.590,  0.000,  0.000
  0.017,298.573,  0.000,  0.000
  0.016,298.624,  0.000,  0.000
  0.016,298.624,  0.000,  0.000
  0.016,298.612,  0.000,  0.000
  0.016,298.619,  0.000,  0.000
  0.016,298.662,  0.000,  0.000
  0.016,298.717,  0.000,  0.000
  0.017,298.763,  0.000,  0.000
  0.017,298.779,  0.000,  0.000
  0.017,298.761,  0.000,  0.000
  0.016,298.735,  0.000,  0.000
  0.017,298.727,  0.000,  0.000
  0.017,298.739,  0.000,  0.000
  0.017,298.771,  0.000,  0.000
  0.017,298.806,  0.000,  0.000
  0.016,298.797,  0.000,  0.000
  0.017,298.771,  0.000,  0.000
  0.017,298.737,  0.000,  0.000
  0.017,298.711,  0.000,  0.000
  0.017,298.697,  0.000,  0.000
  0.017,298.666,  0.000,  0.000
  0.017,298.623,  0.000,  0.000
  0.017,298.594,  0.000,  0.000
  0.017,298.593,  0.000,  0.000
  0.017,298.607,  0.000,  0.000
  0.017,298.603,  0.000,  0.000
  0.016,298.646,  0.000,  0.000
  0.016,298.655,  0.000,  0.000
  0.016,298.653,  0.000,  0.000
  0.016,298.658,  0.000,  0.000
  0.016,298.683,  0.000,  0.000
  0.016,298.734,  0.000,  0.000
  0.017,298.798,  0.000,  0.000
  0.017,298.835,  0.000,  0.000
  0.016,298.811,  0.000,  0.000
  0.016,298.760,  0.000,  0.000
  0.016,298.740,  0.000,  0.000
  0.017,298.767,  0.000,  0.000
  0.017,298.820,  0.000,  0.000
  0.017,298.833,  0.000,  0.000
  0.017,298.805,  0.000,  0.000
  0.017,298.777,  0.000,  0.000
  0.017,298.753,  0.000,  0.000
  0.017,298.738,  0.000,  0.000
  0.017,298.730,  0.000,  0.000
  0.017,298.705,  0.000,  0.000
  0.017,298.652,  0.000,  0.000
  0.017,298.609,  0.000,  0.000
  0.017,298.596,  0.000,  0.000
  0.017,298.617,  0.000,  0.000
  0.017,298.628,  0.000,  0.000
  0.016,298.666,  0.000,  0.000
  0.016,298.681,  0.000,  0.000
  0.016,298.692,  0.000,  0.000
  0.016,298.703,  0.000,  0.000
  0.016,298.725,  0.000,  0.000
  0.017,298.775,  0.000,  0.000
  0.017,298.842,  0.000,  0.000
  0.017,298.878,  0.000,  0.000
  0.016,298.852,  0.000,  0.000
  0.017,298.778,  0.000,  0.000
  0.017,298.652,  0.000,  0.000
  0.017,298.499,  0.000,  0.000
  0.016,298.525,  0.000,  0.000
  0.016,298.743,  0.000,  0.000
  0.017,298.830,  0.000,  0.000
  0.017,298.796,  0.000,  0.000
  0.017,298.790,  0.000,  0.000
  0.017,298.779,  0.000,  0.000
  0.017,298.754,  0.000,  0.000
  0.017,298.728,  0.000,  0.000
  0.017,298.688,  0.000,  0.000
  0.017,298.642,  0.000,  0.000
  0.017,298.617,  0.000,  0.000
  0.017,298.630,  0.000,  0.000
  0.017,298.640,  0.000,  0.000
  0.016,298.686,  0.000,  0.000
  0.016,298.714,  0.000,  0.000
  0.016,298.742,  0.000,  0.000
  0.016,298.768,  0.000,  0.000
  0.016,298.798,  0.000,  0.000
  0.017,298.839,  0.000,  0.000
  0.017,298.885,  0.000,  0.000
  0.017,298.902,  0.000,  0.000
  0.017,298.869,  0.000,  0.000
  0.017,298.780,  0.000,  0.000
  0.017,298.626,  0.000,  0.000
  0.017,298.475,  0.000,  0.000
  0.017,298.507,  0.000,  0.000
  0.017,298.733,  0.000,  0.000
  0.017,298.860,  0.000,  0.000
  0.017,298.830,  0.000,  0.000
  0.017,298.814,  0.000,  0.000
  0.017,298.788,  0.000,  0.000
  0.017,298.742,  0.000,  0.000
  0.017,298.732,  0.000,  0.000
  0.017,298.729,  0.000,  0.000
  0.017,298.695,  0.000,  0.000
  0.017,298.666,  0.000,  0.000
  0.017,298.661,  0.000,  0.000
  0.017,298.651,  0.000,  0.000
  0.016,298.706,  0.000,  0.000
  0.016,298.733,  0.000,  0.000
  0.016,298.775,  0.000,  0.000
  0.016,298.828,  0.000,  0.000
  0.016,298.872,  0.000,  0.000
  0.016,298.902,  0.000,  0.000
  0.017,298.920,  0.000,  0.000
  0.017,298.917,  0.000,  0.000
  0.017,298.880,  0.000,  0.000
  0.017,298.810,  0.000,  0.000
  0.017,298.716,  0.000,  0.000
  0.017,298.647,  0.000,  0.000
  0.017,298.679,  0.000,  0.000
  0.017,298.795,  0.000,  0.000
  0.017,298.873,  0.000,  0.000
  0.017,298.845,  0.000,  0.000
  0.017,298.799,  0.000,  0.000
  0.017,298.753,  0.000,  0.000
  0.017,298.714,  0.000,  0.000
  0.017,298.725,  0.000,  0.000
  0.017,298.751,  0.000,  0.000
  0.017,298.731,  0.000,  0.000
  0.017,298.691,  0.000,  0.000
  0.017,298.668,  0.000,  0.000
  0.017,298.649,  0.001,  0.000
  0.017,298.717,  0.000,  0.000
  0.016,298.744,  0.000,  0.000
  0.016,298.798,  0.000,  0.000
  0.016,298.866,  0.000,  0.000
  0.016,298.921,  0.000,  0.000
  0.016,298.957,  0.000,  0.000
  0.016,298.966,  0.000,  0.000
  0.017,298.948,  0.000,  0.000
  0.017,298.910,  0.000,  0.000
  0.017,298.868,  0.000,  0.000
  0.017,298.811,  0.003,  0.000
  0.017,298.755,  0.005,  0.000
  0.017,298.755,  0.005,  0.000
  0.016,298.802,  0.003,  0.000
  0.017,298.840,  0.005,  0.000
  0.017,298.843,  0.009,  0.000
  0.017,298.814,  0.011,  0.000
  0.017,298.772,  0.006,  0.000
  0.017,298.748,  0.002,  0.000
  0.017,298.756,  0.001,  0.000
  0.017,298.762,  0.001,  0.000
  0.017,298.748,  0.003,  0.000
  0.017,298.713,  0.002,  0.000
  0.017,298.679,  0.002,  0.000
  0.017,298.649,  0.001,  0.000
  0.017,298.735,  0.000,  0.000
  0.016,298.761,  0.001,  0.000
  0.016,298.815,  0.000,  0.000
  0.016,298.873,  0.000,  0.000
  0.016,298.938,  0.000,  0.000
  0.016,298.998,  0.000,  0.000
  0.016,299.024,  0.000,  0.000
  0.017,299.001,  0.000,  0.000
  0.017,298.951,  0.000,  0.000
  0.017,298.892,  0.003,  0.000
  0.017,298.823,  0.020,  0.000
  0.017,298.782,  0.044,  0.000
  0.017,298.807,  0.053,  0.000
  0.017,298.868,  0.056,  0.000
  0.017,298.896,  0.079,  0.000
  0.017,298.871,  0.128,  0.000
  0.017,298.839,  0.135,  0.000
  0.017,298.831,  0.056,  0.000
  0.017,298.810,  0.014,  0.000
  0.017,298.775,  0.019,  0.000
  0.017,298.759,  0.023,  0.000
  0.017,298.750,  0.033,  0.000
  0.017,298.730,  0.057,  0.000
  0.017,298.695,  0.092,  0.000
  0.017,298.657,  0.120,  0.000
  0.017,298.745,  0.000,  0.000
  0.016,298.779,  0.000,  0.000
  0.016,298.828,  0.000,  0.000
  0.016,298.874,  0.000,  0.000
  0.016,298.945,  0.000,  0.000
  0.016,299.041,  0.000,  0.000
  0.016,299.087,  0.000,  0.000
  0.016,299.039,  0.000,  0.000
  0.017,298.955,  0.000,  0.000
  0.017,298.872,  0.003,  0.000
  0.017,298.800,  0.020,  0.000
  0.017,298.781,  0.063,  0.000
  0.017,298.787,  0.124,  0.000
  0.017,298.735,  0.188,  0.000
  0.017,298.700,  0.299,  0.000
  0.017,298.829,  0.527,  0.000
  0.017,298.916,  0.611,  0.000
  0.017,298.883,  0.213,  0.000
  0.017,298.848,  0.039,  0.000
  0.017,298.797,  0.094,  0.000
  0.017,298.746,  0.141,  0.000
  0.017,298.736,  0.170,  0.000
  0.017,298.717,  0.298,  0.000
  0.017,298.683,  0.569,  0.000
  0.017,298.651,  0.897,  0.000
  0.017,298.794,  0.003,  0.000
  0.017,298.829,  0.001,  0.000
  0.017,298.872,  0.000,  0.000
  0.016,298.915,  0.001,  0.000
  0.016,298.996,  0.000,  0.000
  0.016,299.102,  0.000,  0.000
  0.016,299.121,  0.000,  0.000
  0.017,299.034,  0.000,  0.000
  0.017,298.925,  0.000,  0.000
  0.017,298.838,  0.001,  0.000
  0.017,298.778,  0.002,  0.000
  0.017,298.738,  0.004,  0.000
  0.017,298.601,  0.013,  0.000
  0.017,298.304,  0.058,  0.000
  0.017,298.069,  0.176,  0.000
  0.017,298.316,  0.438,  0.000
  0.017,298.815,  0.743,  0.000
  0.017,298.919,  0.500,  0.000
  0.017,298.854,  0.053,  0.000
  0.017,298.822,  0.068,  0.000
  0.017,298.782,  0.197,  0.000
  0.017,298.743,  0.327,  0.000
  0.017,298.724,  0.626,  0.000
  0.017,298.683,  1.094,  0.000
  0.017,298.630,  1.663,  0.000
  0.016,298.850,  0.149,  0.000
  0.016,298.849,  0.085,  0.000
  0.016,298.855,  0.023,  0.000
  0.016,298.912,  0.001,  0.000
  0.016,299.037,  0.000,  0.000
  0.016,299.135,  0.000,  0.000
  0.016,299.111,  0.001,  0.000
  0.017,299.011,  0.000,  0.000
  0.017,298.904,  0.000,  0.000
  0.017,298.815,  0.000,  0.000
  0.017,298.757,  0.001,  0.000
  0.017,298.676,  0.001,  0.000
  0.017,298.454,  0.001,  0.000
  0.017,298.085,  0.002,  0.000
  0.017,297.758,  0.006,  0.000
  0.018,298.334,  0.012,  0.000
  0.018,298.868,  0.054,  0.000
  0.017,298.934,  0.149,  0.000
  0.017,298.824,  0.107,  0.000
  0.017,298.831,  0.008,  0.000
  0.017,298.841,  0.048,  0.000
  0.017,298.778,  0.131,  0.000
  0.017,298.759,  0.237,  0.000
  0.017,298.716,  0.421,  0.000
  0.017,298.647,  0.860,  0.000
  0.017,298.841,  0.856,  0.000
  0.016,298.775,  0.697,  0.000
  0.016,298.730,  0.175,  0.000
  0.016,298.812,  0.005,  0.000
  0.016,299.010,  0.003,  0.000
  0.016,299.132,  0.001,  0.000
  0.016,299.088,  0.001,  0.000
  0.017,299.008,  0.000,  0.000
  0.017,298.922,  0.000,  0.000
  0.017,298.828,  0.000,  0.000
  0.017,298.753,  0.000,  0.000
  0.017,298.640,  0.000,  0.000
  0.017,298.435,  0.001,  0.000
  0.017,298.187,  0.000,  0.000
  0.017,298.034,  0.000,  0.000
  0.017,298.191,  0.001,  0.000
  0.017,298.597,  0.001,  0.000
  0.017,298.846,  0.003,  0.000
  0.017,298.859,  0.003,  0.000
  0.017,298.840,  0.002,  0.000
  0.017,298.836,  0.055,  0.000
  0.017,298.815,  0.267,  0.000
  0.017,298.792,  0.548,  0.000
  0.017,298.749,  0.547,  0.000
  0.017,298.698,  0.334,  0.000
  0.017,298.786,  0.631,  0.000
  0.017,298.674,  0.510,  0.000
  0.017,298.626,  0.165,  0.000
  0.017,298.727,  0.042,  0.000
  0.016,298.964,  0.018,  0.000
  0.016,299.106,  0.006,  0.000
  0.016,299.069,  0.001,  0.000
  0.017,299.020,  0.001,  0.000
  0.017,298.963,  0.000,  0.000
  0.017,298.872,  0.000,  0.000
  0.017,298.781,  0.000,  0.000
  0.017,298.664,  0.001,  0.000
  0.017,298.524,  0.002,  0.000
  0.017,298.442,  0.002,  0.000
  0.017,298.459,  0.000,  0.000
  0.017,298.513,  0.000,  0.000
  0.017,298.521,  0.001,  0.000
  0.017,298.571,  0.001,  0.000
  0.017,298.745,  0.001,  0.000
  0.017,298.845,  0.001,  0.000
  0.017,298.831,  0.038,  0.000
  0.017,298.806,  0.371,  0.000
  0.017,298.779,  1.155,  0.000
  0.017,298.758,  1.633,  0.000
  0.017,298.727,  1.281,  0.000
