  0.017,298.793,  0.000,  0.000
  0.017,298.794,  0.000,  0.000
  0.017,298.796,  0.000,  0.000
  0.017,298.799,  0.000,  0.000
  0.017,298.803,  0.000,  0.000
  0.017,298.803,  0.000,  0.000
  0.017,298.798,  0.000,  0.000
  0.017,298.791,  0.000,  0.000
  0.017,298.789,  0.000,  0.000
  0.017,298.786,  0.000,  0.000
  0.017,298.773,  0.000,  0.000
  0.017,298.770,  0.000,  0.000
  0.017,298.765,  0.000,  0.000
  0.017,298.761,  0.000,  0.000
  0.017,298.761,  0.000,  0.000
  0.017,298.762,  0.000,  0.000
  0.017,298.764,  0.000,  0.000
  0.017,298.765,  0.000,  0.000
  0.017,298.766,  0.000,  0.000
  0.017,298.765,  0.000,  0.000
  0.017,298.763,  0.000,  0.000
  0.017,298.761,  0.000,  0.000
  0.017,298.760,  0.000,  0.000
  0.017,298.777,  0.000,  0.000
  0.017,298.776,  0.000,  0.000
  0.017,298.799,  0.000,  0.000
  0.017,298.798,  0.000,  0.000
  0.017,298.798,  0.000,  0.000
  0.017,298.798,  0.000,  0.000
  0.017,298.800,  0.000,  0.000
  0.017,298.803,  0.000,  0.000
  0.017,298.807,  0.000,  0.000
  0.017,298.805,  0.000,  0.000
  0.017,298.792,  0.000,  0.000
  0.017,298.776,  0.000,  0.000
  0.017,298.778,  0.000,  0.000
  0.017,298.776,  0.000,  0.000
  0.017,298.776,  0.000,  0.000
  0.017,298.776,  0.000,  0.000
  0.017,298.776,  0.000,  0.000
  0.017,298.777,  0.000,  0.000
  0.017,298.777,  0.000,  0.000
  0.017,298.778,  0.000,  0.000
  0.017,298.778,  0.000,  0.000
  0.017,298.775,  0.000,  0.000
  0.017,298.770,  0.000,  0.000
  0.017,298.766,  0.000,  0.000
  0.017,298.764,  0.000,  0.000
  0.017,298.779,  0.000,  0.000
  0.017,298.773,  0.000,  0.000
  0.017,298.809,  0.000,  0.000
  0.017,298.809,  0.000,  0.000
  0.017,298.809,  0.000,  0.000
  0.017,298.808,  0.000,  0.000
  0.017,298.808,  0.000,  0.000
  0.017,298.810,  0.000,  0.000
  0.017,298.815,  0.000,  0.000
  0.017,298.817,  0.000,  0.000
  0.017,298.804,  0.000,  0.000
  0.017,298.781,  0.000,  0.000
  0.017,298.790,  0.000,  0.000
  0.017,298.788,  0.000,  0.000
  0.017,298.788,  0.000,  0.000
  0.017,298.789,  0.000,  0.000
  0.017,298.789,  0.000,  0.000
  0.017,298.789,  0.000,  0.000
  0.017,298.788,  0.000,  0.000
  0.017,298.788,  0.000,  0.000
  0.017,298.789,  0.000,  0.000
  0.017,298.786,  0.000,  0.000
  0.017,298.780,  0.000,  0.000
  0.017,298.775,  0.000,  0.000
  0.017,298.773,  0.000,  0.000
  0.017,298.786,  0.000,  0.000
  0.017,298.773,  0.000,  0.000
  0.017,298.818,  0.000,  0.000
  0.017,298.818,  0.000,  0.000
  0.017,298.818,  0.000,  0.000
  0.017,298.818,  0.000,  0.000
  0.017,298.818,  0.000,  0.000
  0.017,298.820,  0.000,  0.000
  0.017,298.823,  0.000,  0.000
  0.017,298.823,  0.000,  0.000
  0.017,298.811,  0.000,  0.000
  0.017,298.799,  0.000,  0.000
  0.017,298.799,  0.000,  0.000
  0.017,298.800,  0.000,  0.000
  0.017,298.801,  0.000,  0.000
  0.017,298.801,  0.000,  0.000
  0.017,298.800,  0.000,  0.000
  0.017,298.800,  0.000,  0.000
  0.017,298.800,  0.000,  0.000
  0.017,298.800,  0.000,  0.000
  0.017,298.801,  0.000,  0.000
  0.017,298.799,  0.000,  0.000
  0.017,298.793,  0.000,  0.000
  0.017,298.787,  0.000,  0.000
  0.017,298.783,  0.000,  0.000
  0.017,298.788,  0.000,  0.000
  0.017,298.763,  0.000,  0.000
  0.017,298.827,  0.001,  0.000
  0.017,298.827,  0.000,  0.000
  0.017,298.826,  0.000,  0.000
  0.017,298.826,  0.000,  0.000
  0.017,298.826,  0.000,  0.000
  0.017,298.826,  0.000,  0.000
  0.017,298.829,  0.000,  0.000
  0.017,298.829,  0.000,  0.000
  0.017,298.821,  0.000,  0.000
  0.017,298.815,  0.000,  0.000
  0.017,298.812,  0.000,  0.000
  0.017,298.812,  0.000,  0.000
  0.017,298.813,  0.000,  0.000
  0.017,298.813,  0.000,  0.000
  0.017,298.813,  0.000,  0.000
  0.017,298.812,  0.000,  0.000
  0.017,298.812,  0.000,  0.000
  0.017,298.812,  0.000,  0.000
  0.017,298.812,  0.000,  0.000
  0.017,298.809,  0.000,  0.000
  0.017,298.804,  0.000,  0.000
  0.017,298.800,  0.000,  0.000
  0.017,298.792,  0.000,  0.000
  0.017,298.784,  0.000,  0.000
  0.017,298.753,  0.000,  0.000
  0.017,298.838,  0.001,  0.000
  0.017,298.837,  0.000,  0.000
  0.017,298.836,  0.000,  0.000
  0.017,298.835,  0.000,  0.000
  0.017,298.835,  0.000,  0.000
  0.017,298.836,  0.000,  0.000
  0.017,298.835,  0.000,  0.000
  0.017,298.832,  0.000,  0.000
  0.017,298.829,  0.000,  0.000
  0.017,298.827,  0.000,  0.000
  0.017,298.825,  0.000,  0.000
  0.017,298.825,  0.000,  0.000
  0.017,298.827,  0.000,  0.000
  0.017,298.828,  0.000,  0.000
  0.017,298.828,  0.000,  0.000
  0.017,298.827,  0.000,  0.000
  0.017,298.827,  0.000,  0.000
  0.017,298.828,  0.000,  0.000
  0.017,298.829,  0.000,  0.000
  0.017,298.827,  0.000,  0.000
  0.017,298.822,  0.000,  0.000
  0.017,298.811,  0.000,  0.000
  0.017,298.793,  0.000,  0.000
  0.017,298.776,  0.000,  0.000
  0.017,298.750,  0.000,  0.000
  0.017,298.851,  0.000,  0.000
  0.017,298.849,  0.000,  0.000
  0.017,298.847,  0.000,  0.000
  0.017,298.845,  0.000,  0.000
  0.017,298.843,  0.000,  0.000
  0.017,298.842,  0.001,  0.000
  0.017,298.844,  0.001,  0.000
  0.017,298.846,  0.001,  0.000
  0.017,298.846,  0.001,  0.000
  0.017,298.845,  0.000,  0.000
  0.017,298.844,  0.000,  0.000
  0.017,298.843,  0.000,  0.000
  0.017,298.842,  0.000,  0.000
  0.017,298.843,  0.000,  0.000
  0.017,298.845,  0.000,  0.000
  0.017,298.845,  0.000,  0.000
  0.017,298.845,  0.000,  0.000
  0.017,298.845,  0.000,  0.000
  0.017,298.849,  0.000,  0.000
  0.017,298.854,  0.000,  0.000
  0.017,298.848,  0.000,  0.000
  0.017,298.821,  0.000,  0.000
  0.017,298.788,  0.000,  0.000
  0.017,298.770,  0.000,  0.000
  0.017,298.758,  0.000,  0.000
  0.017,298.868,  0.117,  0.000
  0.017,298.867,  0.000,  0.000
  0.017,298.867,  0.001,  0.000
  0.017,298.866,  0.001,  0.000
  0.017,298.864,  0.000,  0.000
  0.017,298.861,  0.001,  0.000
  0.017,298.860,  0.000,  0.000
  0.017,298.860,  0.001,  0.000
  0.017,298.862,  0.003,  0.000
  0.017,298.862,  0.002,  0.000
  0.017,298.863,  0.001,  0.000
  0.017,298.864,  0.000,  0.000
  0.017,298.863,  0.000,  0.000
  0.017,298.860,  0.000,  0.000
  0.017,298.860,  0.000,  0.000
  0.017,298.863,  0.000,  0.000
  0.017,298.864,  0.000,  0.000
  0.017,298.864,  0.000,  0.000
  0.017,298.869,  0.000,  0.000
  0.017,298.874,  0.000,  0.000
  0.017,298.859,  0.000,  0.000
  0.017,298.820,  0.000,  0.000
  0.017,298.781,  0.000,  0.000
  0.017,298.772,  0.000,  0.000
  0.017,298.774,  0.000,  0.000
  0.017,298.895,  1.090,  0.000
  0.017,298.893,  0.008,  0.000
  0.017,298.891,  0.007,  0.000
  0.017,298.889,  0.003,  0.000
  0.017,298.887,  0.000,  0.000
  0.017,298.884,  0.004,  0.000
  0.017,298.880,  0.028,  0.000
  0.017,298.876,  0.129,  0.000
  0.017,298.874,  0.120,  0.000
  0.017,298.873,  0.058,  0.000
  0.017,298.873,  0.009,  0.000
  0.017,298.875,  0.001,  0.000
  0.017,298.878,  0.000,  0.000
  0.017,298.880,  0.000,  0.000
  0.017,298.880,  0.000,  0.000
  0.017,298.879,  0.000,  0.000
  0.017,298.881,  0.000,  0.000
  0.017,298.881,  0.000,  0.000
  0.017,298.883,  0.000,  0.000
  0.017,298.880,  0.000,  0.000
  0.017,298.862,  0.000,  0.000
  0.017,298.823,  0.000,  0.000
  0.017,298.788,  0.000,  0.000
  0.017,298.786,  0.000,  0.000
  0.017,298.785,  0.000,  0.000
  0.017,298.917,  1.224,  0.000
  0.017,298.915,  0.042,  0.000
  0.017,298.914,  0.062,  0.000
  0.017,298.913,  0.272,  0.000
  0.017,298.911,  0.094,  0.000
  0.017,298.909,  0.437,  0.000
  0.017,298.906,  0.826,  0.010
  0.017,298.901,  2.311,  0.010
  0.017,298.894,  1.806,  0.010
  0.017,298.888,  0.330,  0.010
  0.017,298.885,  0.025,  0.010
  0.017,298.886,  0.002,  0.010
  0.017,298.887,  0.000,  0.010
  0.017,298.890,  0.000,  0.000
  0.017,298.894,  0.000,  0.000
  0.017,298.896,  0.000,  0.000
  0.017,298.895,  0.000,  0.000
  0.017,298.894,  0.000,  0.000
  0.017,298.891,  0.000,  0.000
  0.017,298.883,  0.000,  0.000
  0.017,298.862,  0.000,  0.000
  0.017,298.830,  0.000,  0.000
  0.017,298.805,  0.000,  0.000
  0.017,298.800,  0.000,  0.000
  0.017,298.792,  0.000,  0.000
  0.017,298.938,  0.011,  0.000
  0.017,298.938,  0.082,  0.000
  0.017,298.936,  0.341,  0.000
  0.017,298.934,  3.363,  0.000
  0.017,298.932,  1.267,  0.000
  0.017,298.930,  3.624,  0.000
  0.017,298.929,  4.184,  0.010
  0.017,298.924,  1.475,  0.010
  0.017,298.916,  0.590,  0.010
  0.017,298.905,  0.170,  0.010
  0.017,298.898,  0.047,  0.010
  0.017,298.897,  0.018,  0.010
  0.017,298.895,  0.006,  0.010
  0.017,298.895,  0.002,  0.000
  0.017,298.900,  0.001,  0.000
  0.017,298.905,  0.000,  0.000
  0.017,298.905,  0.000,  0.000
  0.017,298.902,  0.000,  0.000
  0.017,298.897,  0.000,  0.000
  0.017,298.886,  0.000,  0.000
  0.017,298.864,  0.000,  0.000
  0.017,298.840,  0.000,  0.000
  0.017,298.832,  0.000,  0.000
  0.017,298.818,  0.000,  0.000
  0.017,298.802,  0.000,  0.000
  0.017,298.958,  0.016,  0.000
  0.017,298.954,  0.002,  0.000
  0.017,298.952,  0.452,  0.000
  0.017,298.947,  8.994,  0.000
  0.017,298.946,  3.382,  0.000
  0.017,298.944,  7.428,  0.000
  0.017,298.943,  5.306,  0.010
  0.017,298.939,  1.624,  0.010
  0.017,298.932,  0.335,  0.010
  0.017,298.922,  0.095,  0.010
  0.017,298.915,  0.041,  0.010
  0.017,298.910,  0.014,  0.010
  0.017,298.908,  0.007,  0.010
  0.017,298.906,  0.011,  0.000
  0.017,298.907,  0.002,  0.000
  0.017,298.913,  0.000,  0.000
  0.017,298.915,  0.000,  0.000
  0.017,298.910,  0.000,  0.000
  0.017,298.902,  0.002,  0.000
  0.017,298.886,  0.003,  0.000
  0.017,298.862,  0.002,  0.000
  0.017,298.849,  0.001,  0.000
  0.017,298.852,  0.000,  0.000
  0.017,298.836,  0.000,  0.000
  0.017,298.820,  0.000,  0.000
  0.017,298.969,  0.003,  0.000
  0.017,298.964,  0.013,  0.000
  0.017,298.961,  0.056,  0.000
  0.017,298.955,  0.333,  0.000
  0.017,298.951,  2.330,  0.000
  0.017,298.950,  8.590,  0.000
  0.017,298.949,  4.148,  0.010
  0.017,298.948,  1.407,  0.010
  0.017,298.943,  1.383,  0.010
  0.017,298.936,  0.610,  0.010
  0.017,298.929,  0.250,  0.010
  0.017,298.923,  0.098,  0.010
  0.017,298.920,  0.030,  0.010
  0.017,298.919,  0.031,  0.000
  0.017,298.918,  0.017,  0.000
  0.017,298.920,  0.001,  0.000
  0.017,298.923,  0.000,  0.000
  0.017,298.919,  0.000,  0.000
  0.017,298.909,  0.001,  0.000
  0.017,298.892,  0.003,  0.000
  0.017,298.870,  0.017,  0.000
  0.017,298.863,  0.012,  0.000
  0.017,298.864,  0.000,  0.000
  0.017,298.854,  0.000,  0.000
  0.017,298.837,  0.000,  0.000
  0.017,298.976,  0.009,  0.000
  0.017,298.972,  0.027,  0.000
  0.017,298.967,  0.152,  0.000
  0.017,298.962,  1.202,  0.000
  0.017,298.960,  6.530,  0.000
  0.017,298.958, 19.391,  0.000
  0.017,298.955,  8.217,  0.000
  0.017,298.951,  4.847,  0.000
  0.017,298.950,  8.837,  0.000
  0.017,298.946,  5.158,  0.010
  0.017,298.941,  4.252,  0.010
  0.017,298.935,  3.621,  0.010
  0.017,298.932,  1.940,  0.010
  0.017,298.931,  2.898,  0.010
  0.017,298.931,  0.778,  0.010
  0.017,298.931,  0.022,  0.010
  0.017,298.930,  0.013,  0.000
  0.017,298.924,  0.020,  0.000
  0.017,298.912,  0.038,  0.000
  0.017,298.893,  0.018,  0.000
  0.017,298.876,  0.043,  0.000
  0.017,298.878,  0.059,  0.000
  0.017,298.875,  0.003,  0.000
  0.017,298.871,  0.000,  0.010
  0.017,298.856,  0.001,  0.010
  0.017,298.988,  0.027,  0.000
  0.017,298.983,  0.061,  0.000
  0.017,298.976,  0.407,  0.000
  0.017,298.966,  2.262,  0.000
  0.017,298.955,  8.809,  0.000
  0.017,298.944, 24.362,  0.000
  0.017,298.937, 11.262,  0.000
  0.017,298.949,  9.838,  0.000
  0.017,298.958, 17.785,  0.000
  0.017,298.955, 18.682,  0.010
  0.017,298.952, 27.139,  0.010
  0.017,298.945, 19.936,  0.010
  0.017,298.942, 19.034,  0.010
  0.017,298.942, 18.855,  0.010
  0.017,298.942,  2.900,  0.010
  0.017,298.943,  0.091,  0.010
  0.017,298.944,  0.116,  0.000
  0.017,298.938,  0.988,  0.000
  0.017,298.921,  3.171,  0.000
  0.017,298.896,  3.778,  0.000
  0.017,298.884,  2.418,  0.000
  0.017,298.891,  0.305,  0.000
  0.017,298.884,  0.044,  0.000
  0.017,298.881,  0.022,  0.010
  0.017,298.866,  0.157,  0.010
