  0.019,301.737,  0.000,  0.000
  0.019,301.745,  0.000,  0.000
  0.019,301.742,  0.000,  0.000
  0.019,301.719,  0.000,  0.000
  0.019,301.684,  0.000,  0.000
  0.019,301.649,  0.000,  0.000
  0.019,301.634,  0.000,  0.000
  0.019,301.636,  0.000,  0.000
  0.021,301.798,  0.000,  0.000
  0.020,301.795,  0.000,  0.000
  0.020,301.786,  0.000,  0.000
  0.020,301.785,  0.000,  0.000
  0.021,301.792,  0.000,  0.000
  0.021,301.795,  0.000,  0.000
  0.021,301.794,  0.000,  0.000
  0.021,301.786,  0.000,  0.000
  0.021,301.780,  0.000,  0.000
  0.021,301.784,  0.000,  0.000
  0.021,301.785,  0.000,  0.000
  0.020,301.789,  0.000,  0.000
  0.020,301.795,  0.000,  0.000
  0.020,301.799,  0.000,  0.000
  0.020,301.801,  0.000,  0.000
  0.020,301.823,  0.000,  0.000
  0.020,301.822,  0.000,  0.000
  0.019,301.706,  0.000,  0.000
  0.019,301.710,  0.000,  0.000
  0.019,301.722,  0.000,  0.000
  0.019,301.725,  0.000,  0.000
  0.019,301.713,  0.000,  0.000
  0.019,301.685,  0.000,  0.000
  0.020,301.666,  0.000,  0.000
  0.019,301.657,  0.000,  0.000
  0.020,301.803,  0.000,  0.000
  0.020,301.804,  0.000,  0.000
  0.020,301.808,  0.000,  0.000
  0.021,301.811,  0.000,  0.000
  0.021,301.810,  0.000,  0.000
  0.020,301.802,  0.000,  0.000
  0.020,301.796,  0.000,  0.000
  0.021,301.798,  0.000,  0.000
  0.021,301.799,  0.000,  0.000
  0.021,301.794,  0.000,  0.000
  0.020,301.787,  0.000,  0.000
  0.020,301.789,  0.000,  0.000
  0.020,301.800,  0.000,  0.000
  0.021,301.808,  0.000,  0.000
  0.020,301.811,  0.000,  0.000
  0.020,301.828,  0.000,  0.000
  0.020,301.822,  0.000,  0.000
  0.019,301.715,  0.000,  0.000
  0.019,301.718,  0.000,  0.000
  0.019,301.727,  0.000,  0.000
  0.019,301.732,  0.000,  0.000
  0.019,301.725,  0.000,  0.000
  0.019,301.709,  0.000,  0.000
  0.019,301.690,  0.000,  0.000
  0.020,301.823,  0.000,  0.000
  0.020,301.819,  0.000,  0.000
  0.021,301.824,  0.000,  0.000
  0.021,301.832,  0.000,  0.000
  0.020,301.835,  0.000,  0.000
  0.020,301.829,  0.000,  0.000
  0.020,301.818,  0.000,  0.000
  0.021,301.812,  0.000,  0.000
  0.021,301.810,  0.000,  0.000
  0.021,301.809,  0.000,  0.000
  0.020,301.800,  0.000,  0.000
  0.020,301.792,  0.000,  0.000
  0.021,301.797,  0.000,  0.000
  0.021,301.806,  0.000,  0.000
  0.021,301.816,  0.000,  0.000
  0.020,301.814,  0.000,  0.000
  0.020,301.827,  0.000,  0.000
  0.020,301.822,  0.000,  0.000
  0.019,301.754,  0.000,  0.000
  0.019,301.749,  0.000,  0.000
  0.019,301.747,  0.000,  0.000
  0.019,301.746,  0.000,  0.000
  0.019,301.741,  0.000,  0.000
  0.019,301.732,  0.000,  0.000
  0.019,301.722,  0.000,  0.000
  0.019,301.714,  0.000,  0.000
  0.020,301.856,  0.000,  0.000
  0.021,301.853,  0.000,  0.000
  0.020,301.850,  0.000,  0.000
  0.020,301.848,  0.000,  0.000
  0.020,301.847,  0.000,  0.000
  0.020,301.842,  0.000,  0.000
  0.021,301.829,  0.000,  0.000
  0.021,301.820,  0.000,  0.000
  0.020,301.817,  0.000,  0.000
  0.020,301.817,  0.000,  0.000
  0.020,301.817,  0.000,  0.000
  0.021,301.815,  0.000,  0.000
  0.021,301.816,  0.000,  0.000
  0.020,301.816,  0.000,  0.000
  0.020,301.814,  0.000,  0.000
  0.020,301.828,  0.000,  0.000
  0.021,301.825,  0.000,  0.000
  0.019,301.782,  0.000,  0.000
  0.019,301.760,  0.000,  0.000
  0.019,301.762,  0.000,  0.000
  0.019,301.761,  0.000,  0.000
  0.019,301.754,  0.000,  0.000
  0.019,301.747,  0.000,  0.000
  0.019,301.748,  0.000,  0.000
  0.019,301.752,  0.000,  0.000
  0.019,301.746,  0.000,  0.000
  0.019,301.731,  0.000,  0.000
  0.020,301.864,  0.000,  0.000
  0.020,301.861,  0.000,  0.000
  0.021,301.862,  0.000,  0.000
  0.021,301.857,  0.000,  0.000
  0.020,301.843,  0.000,  0.000
  0.020,301.829,  0.000,  0.000
  0.020,301.831,  0.000,  0.000
  0.020,301.842,  0.000,  0.000
  0.021,301.840,  0.000,  0.000
  0.021,301.832,  0.000,  0.000
  0.020,301.825,  0.000,  0.000
  0.020,301.820,  0.000,  0.000
  0.020,301.818,  0.000,  0.000
  0.021,301.832,  0.000,  0.000
  0.021,301.828,  0.000,  0.000
  0.019,301.795,  0.000,  0.000
  0.019,301.762,  0.000,  0.000
  0.019,301.774,  0.000,  0.010
  0.019,301.772,  0.000,  0.010
  0.019,301.762,  0.000,  0.010
  0.019,301.756,  0.000,  0.010
  0.019,301.761,  0.000,  0.010
  0.019,301.767,  0.000,  0.010
  0.019,301.762,  0.000,  0.010
  0.020,301.892,  0.000,  0.000
  0.019,301.738,  0.000,  0.000
  0.019,301.727,  0.000,  0.000
  0.020,301.720,  0.000,  0.000
  0.019,301.707,  0.000,  0.000
  0.020,301.855,  0.000,  0.000
  0.020,301.858,  0.000,  0.000
  0.020,301.856,  0.000,  0.000
  0.020,301.708,  0.000,  0.000
  0.019,301.699,  0.000,  0.000
  0.019,301.688,  0.000,  0.000
  0.020,301.785,  0.000,  0.000
  0.020,301.839,  0.000,  0.000
  0.021,301.825,  0.000,  0.000
  0.021,301.828,  0.000,  0.000
  0.020,301.823,  0.000,  0.000
  0.019,301.821,  0.000,  0.000
  0.019,301.786,  0.000,  0.000
  0.019,301.784,  0.000,  0.010
  0.019,301.778,  0.000,  0.010
  0.019,301.768,  0.000,  0.010
  0.019,301.763,  0.000,  0.010
  0.019,301.763,  0.000,  0.010
  0.019,301.763,  0.000,  0.010
  0.019,301.763,  0.000,  0.010
  0.019,301.762,  0.000,  0.000
  0.019,301.753,  0.000,  0.000
  0.021,301.883,  0.000,  0.000
  0.020,301.868,  0.000,  0.000
  0.019,301.713,  0.000,  0.000
  0.019,301.723,  0.000,  0.000
  0.019,301.731,  0.000,  0.000
  0.019,301.731,  0.000,  0.000
  0.019,301.736,  0.000,  0.000
  0.019,301.710,  0.000,  0.000
  0.019,301.715,  0.000,  0.000
  0.019,301.722,  0.000,  0.000
  0.019,301.701,  0.000,  0.000
  0.020,301.835,  0.000,  0.000
  0.020,301.826,  0.000,  0.000
  0.020,301.822,  0.000,  0.000
  0.019,301.835,  0.000,  0.000
  0.019,301.819,  0.000,  0.000
  0.019,301.803,  0.000,  0.010
  0.019,301.796,  0.000,  0.010
  0.019,301.784,  0.000,  0.010
  0.019,301.768,  0.000,  0.010
  0.019,301.753,  0.000,  0.010
  0.019,301.746,  0.000,  0.010
  0.019,301.752,  0.000,  0.010
  0.019,301.767,  0.000,  0.000
  0.019,301.769,  0.000,  0.000
  0.019,301.755,  0.000,  0.000
  0.019,301.734,  0.000,  0.000
  0.021,301.878,  0.000,  0.000
  0.019,301.726,  0.000,  0.000
  0.019,301.728,  0.000,  0.000
  0.020,301.882,  0.000,  0.000
  0.019,301.729,  0.000,  0.000
  0.019,301.727,  0.000,  0.000
  0.019,301.735,  0.000,  0.000
  0.019,301.749,  0.000,  0.000
  0.019,301.731,  0.000,  0.000
  0.020,301.828,  0.000,  0.000
  0.020,301.850,  0.000,  0.000
  0.021,301.828,  0.000,  0.000
  0.019,301.808,  0.000,  0.000
  0.019,301.824,  0.000,  0.000
  0.019,301.826,  0.000,  0.010
  0.019,301.816,  0.000,  0.010
  0.020,301.795,  0.000,  0.010
  0.019,301.768,  0.000,  0.010
  0.019,301.751,  0.000,  0.010
  0.019,301.748,  0.000,  0.010
  0.019,301.753,  0.000,  0.010
  0.019,301.765,  0.000,  0.000
  0.019,301.772,  0.000,  0.000
  0.019,301.771,  0.000,  0.000
  0.019,301.758,  0.000,  0.000
  0.019,301.743,  0.000,  0.000
  0.021,301.887,  0.000,  0.000
  0.020,301.889,  0.000,  0.000
  0.019,301.742,  0.000,  0.000
  0.019,301.737,  0.000,  0.000
  0.019,301.731,  0.000,  0.000
  0.020,301.740,  0.000,  0.000
  0.019,301.762,  0.000,  0.000
  0.019,301.795,  0.000,  0.000
  0.020,301.898,  0.000,  0.000
  0.021,301.884,  0.000,  0.000
  0.021,301.845,  0.000,  0.000
  0.019,301.796,  0.000,  0.090
  0.019,301.816,  0.000,  0.090
  0.019,301.820,  0.000,  0.120
  0.019,301.808,  0.000,  0.120
  0.019,301.791,  0.000,  0.120
  0.019,301.778,  0.000,  0.120
  0.019,301.776,  0.000,  0.120
  0.019,301.781,  0.000,  0.120
  0.019,301.782,  0.000,  0.120
  0.019,301.782,  0.000,  0.140
  0.019,301.782,  0.000,  0.140
  0.019,301.782,  0.000,  0.140
  0.019,301.779,  0.000,  0.140
  0.019,301.770,  0.000,  0.060
  0.019,301.758,  0.000,  0.060
  0.019,301.746,  0.000,  0.060
  0.019,301.733,  0.000,  0.010
  0.019,301.731,  0.000,  0.010
  0.019,301.744,  0.000,  0.010
  0.019,301.744,  0.000,  0.010
  0.019,301.733,  0.000,  0.000
  0.019,301.732,  0.000,  0.000
  0.019,301.734,  0.000,  0.000
  0.019,301.734,  0.000,  0.090
  0.019,301.720,  0.000,  0.090
  0.019,301.798,  0.000,  0.090
  0.019,301.805,  0.000,  0.090
  0.019,301.801,  0.000,  0.120
  0.019,301.799,  0.000,  0.120
  0.019,301.801,  0.000,  0.120
  0.019,301.801,  0.000,  0.120
  0.019,301.798,  0.000,  0.120
  0.019,301.799,  0.000,  0.120
  0.019,301.805,  0.000,  0.120
  0.019,301.809,  0.000,  0.140
  0.019,301.810,  0.000,  0.140
  0.019,301.803,  0.000,  0.140
  0.019,301.796,  0.000,  0.140
  0.019,301.792,  0.000,  0.060
  0.019,301.776,  0.000,  0.060
  0.020,301.741,  0.000,  0.060
  0.020,301.715,  0.000,  0.010
  0.019,301.719,  0.000,  0.010
  0.019,301.752,  0.000,  0.010
  0.019,301.772,  0.000,  0.010
  0.019,301.746,  0.000,  0.000
  0.020,301.702,  0.000,  0.000
  0.020,301.688,  0.000,  0.000
  0.019,301.710,  0.000,  0.090
  0.019,301.742,  0.000,  0.090
  0.019,301.785,  0.000,  0.090
  0.019,301.789,  0.000,  0.090
  0.019,301.797,  0.000,  0.120
  0.019,301.813,  0.000,  0.120
  0.019,301.820,  0.000,  0.120
  0.019,301.815,  0.000,  0.120
  0.019,301.807,  0.000,  0.120
  0.019,301.798,  0.000,  0.120
  0.019,301.803,  0.000,  0.120
  0.019,301.816,  0.000,  0.140
  0.019,301.824,  0.000,  0.140
  0.019,301.821,  0.000,  0.140
  0.019,301.811,  0.000,  0.140
  0.019,301.789,  0.000,  0.060
  0.020,301.765,  0.000,  0.060
  0.019,301.739,  0.000,  0.060
  0.019,301.734,  0.000,  0.010
  0.019,301.745,  0.000,  0.010
  0.019,301.767,  0.000,  0.010
  0.019,301.768,  0.000,  0.010
  0.020,301.746,  0.000,  0.000
  0.019,301.710,  0.000,  0.000
  0.019,301.686,  0.000,  0.000
  0.019,301.697,  0.000,  0.090
  0.019,301.726,  0.000,  0.090
  0.019,301.762,  0.000,  0.090
  0.019,301.783,  0.000,  0.090
  0.019,301.811,  0.000,  0.120
  0.019,301.824,  0.000,  0.120
  0.019,301.818,  0.000,  0.120
  0.019,301.813,  0.000,  0.120
  0.019,301.816,  0.000,  0.120
  0.019,301.802,  0.000,  0.120
  0.019,301.789,  0.000,  0.120
  0.019,301.793,  0.000,  0.140
  0.019,301.820,  0.000,  0.140
  0.019,301.847,  0.000,  0.140
  0.019,301.841,  0.000,  0.140
  0.019,301.793,  0.000,  0.060
  0.019,301.757,  0.000,  0.060
  0.019,301.749,  0.000,  0.060
  0.019,301.757,  0.000,  0.010
  0.019,301.753,  0.000,  0.010
  0.020,301.741,  0.000,  0.010
  0.020,301.748,  0.000,  0.010
  0.019,301.748,  0.000,  0.000
  0.019,301.743,  0.000,  0.000
  0.019,301.725,  0.000,  0.000
  0.019,301.713,  0.000,  0.090
  0.020,301.709,  0.000,  0.090
  0.019,301.749,  0.000,  0.100
  0.019,301.790,  0.000,  0.100
  0.019,301.831,  0.000,  0.120
  0.019,301.835,  0.000,  0.120
  0.019,301.819,  0.000,  0.120
  0.019,301.828,  0.000,  0.120
  0.019,301.836,  0.000,  0.140
  0.019,301.805,  0.000,  0.140
  0.019,301.770,  0.000,  0.140
  0.019,301.776,  0.000,  0.130
  0.019,301.825,  0.000,  0.130
  0.019,301.869,  0.000,  0.130
  0.019,301.865,  0.000,  0.130
  0.019,301.817,  0.000,  0.110
  0.019,301.776,  0.000,  0.110
  0.019,301.765,  0.000,  0.110
  0.019,301.769,  0.000,  0.170
  0.019,301.762,  0.000,  0.170
  0.020,301.749,  0.000,  0.170
  0.019,301.756,  0.000,  0.170
  0.019,301.758,  0.000,  0.190
  0.020,301.925,  0.000,  0.190
  0.021,301.923,  0.000,  0.190
  0.020,301.731,  0.000,  0.150
  0.020,301.696,  0.000,  0.150
  0.019,301.758,  0.000,  0.100
  0.019,301.797,  0.000,  0.100
  0.019,301.834,  0.000,  0.120
  0.019,301.845,  0.000,  0.120
  0.019,301.836,  0.000,  0.120
  0.019,301.826,  0.000,  0.120
  0.019,301.811,  0.000,  0.140
  0.019,301.783,  0.000,  0.140
  0.019,301.765,  0.000,  0.140
  0.019,301.779,  0.000,  0.130
  0.019,301.816,  0.000,  0.130
  0.019,301.844,  0.000,  0.130
  0.019,301.853,  0.000,  0.130
  0.019,301.849,  0.000,  0.110
  0.019,301.829,  0.000,  0.110
  0.019,301.804,  0.000,  0.110
  0.019,301.791,  0.000,  0.170
  0.019,301.785,  0.000,  0.170
  0.019,301.778,  0.000,  0.170
  0.019,301.764,  0.000,  0.170
  0.020,301.870,  0.000,  0.190
  0.019,301.820,  0.000,  0.190
  0.021,301.962,  0.000,  0.190
  0.019,301.772,  0.000,  0.150
  0.019,301.728,  0.000,  0.150
