  0.021,302.325,  0.000,  0.000
  0.022,302.274,  0.000,  0.000
  0.021,302.277,  0.000,  0.000
  0.021,302.297,  0.000,  0.000
  0.021,302.306,  0.000,  0.000
  0.021,302.309,  0.000,  0.000
  0.022,302.326,  0.000,  0.000
  0.021,302.343,  0.000,  0.000
  0.021,302.339,  0.000,  0.000
  0.021,302.313,  0.000,  0.000
  0.022,302.289,  0.000,  0.000
  0.022,302.289,  0.000,  0.000
  0.020,302.207,  0.000,  0.000
  0.020,302.224,  0.000,  0.000
  0.020,302.211,  0.000,  0.000
  0.021,302.188,  0.000,  0.000
  0.021,302.174,  0.000,  0.000
  0.021,302.162,  0.000,  0.000
  0.021,302.141,  0.000,  0.000
  0.021,302.121,  0.000,  0.000
  0.021,302.096,  0.000,  0.000
  0.020,302.093,  0.000,  0.000
  0.020,302.089,  0.000,  0.000
  0.021,302.096,  0.000,  0.000
  0.021,302.094,  0.000,  0.000
  0.021,302.358,  0.000,  0.000
  0.022,302.301,  0.000,  0.000
  0.022,302.269,  0.000,  0.000
  0.021,302.279,  0.000,  0.000
  0.021,302.293,  0.000,  0.000
  0.021,302.309,  0.000,  0.000
  0.022,302.332,  0.000,  0.000
  0.021,302.346,  0.000,  0.000
  0.021,302.329,  0.000,  0.000
  0.021,302.294,  0.000,  0.000
  0.021,302.274,  0.000,  0.000
  0.022,302.286,  0.000,  0.000
  0.021,302.226,  0.000,  0.000
  0.020,302.240,  0.000,  0.000
  0.020,302.238,  0.000,  0.000
  0.021,302.227,  0.000,  0.000
  0.022,302.320,  0.000,  0.000
  0.022,302.327,  0.000,  0.000
  0.021,302.321,  0.000,  0.000
  0.021,302.294,  0.000,  0.000
  0.020,302.138,  0.000,  0.000
  0.021,302.113,  0.000,  0.000
  0.020,302.128,  0.000,  0.000
  0.020,302.175,  0.000,  0.000
  0.021,302.288,  0.000,  0.000
  0.021,302.464,  0.000,  0.000
  0.021,302.454,  0.000,  0.000
  0.021,302.356,  0.000,  0.000
  0.022,302.289,  0.000,  0.000
  0.021,302.294,  0.000,  0.000
  0.021,302.311,  0.000,  0.000
  0.021,302.315, -0.000,  0.000
  0.022,302.326,  0.000,  0.000
  0.021,302.320,  0.000,  0.000
  0.021,302.305,  0.000,  0.000
  0.021,302.288,  0.000,  0.000
  0.021,302.289,  0.000,  0.000
  0.021,302.317,  0.000,  0.000
  0.021,302.346,  0.000,  0.000
  0.021,302.349,  0.000,  0.000
  0.021,302.324,  0.000,  0.000
  0.022,302.306,  0.000,  0.000
  0.020,302.193,  0.000,  0.000
  0.020,302.198,  0.000,  0.000
  0.020,302.183,  0.000,  0.000
  0.020,302.132,  0.000,  0.000
  0.021,302.087, -0.000,  0.000
  0.020,302.129,  0.000,  0.000
  0.020,302.248,  0.000,  0.000
  0.020,302.280, -0.000,  0.000
  0.021,302.427,  0.000,  0.000
  0.021,302.458, -0.000,  0.000
  0.021,302.403,  0.000,  0.000
  0.021,302.338,  0.000,  0.000
  0.022,302.311,  0.000,  0.000
  0.022,302.311,  0.000,  0.000
  0.021,302.314,  0.000,  0.000
  0.022,302.318,  0.000,  0.000
  0.022,302.320,  0.000,  0.000
  0.022,302.312,  0.000,  0.000
  0.021,302.298,  0.000,  0.000
  0.021,302.292,  0.000,  0.000
  0.021,302.303,  0.000,  0.000
  0.021,302.328, -0.000,  0.000
  0.021,302.345,  0.000,  0.000
  0.021,302.337,  0.000,  0.000
  0.022,302.315,  0.000,  0.000
  0.022,302.292,  0.000,  0.000
  0.020,302.177, -0.000,  0.000
  0.020,302.178, -0.000,  0.000
  0.020,302.157,  0.000,  0.000
  0.020,302.111,  0.000,  0.000
  0.021,302.102,  0.000,  0.000
  0.020,302.205,  0.000,  0.000
  0.020,302.288,  0.000,  0.000
  0.021,302.366,  0.000,  0.000
  0.021,302.363,  0.000,  0.000
  0.021,302.357,  0.000,  0.000
  0.021,302.355,  0.000,  0.000
  0.021,302.358,  0.000,  0.000
  0.021,302.359,  0.000,  0.000
  0.021,302.337,  0.000,  0.000
  0.022,302.321,  0.000,  0.000
  0.022,302.329,  0.000,  0.000
  0.022,302.330,  0.000,  0.000
  0.022,302.313,  0.000,  0.000
  0.021,302.303,  0.000,  0.000
  0.021,302.302,  0.000,  0.000
  0.021,302.315,  0.000,  0.000
  0.022,302.332,  0.000,  0.000
  0.020,302.264,  0.000,  0.000
  0.020,302.288,  0.000,  0.000
  0.020,302.232,  0.000,  0.000
  0.021,302.177,  0.000,  0.000
  0.021,302.178,  0.000,  0.000
  0.020,302.186,  0.000,  0.000
  0.020,302.153,  0.000,  0.000
  0.021,302.108,  0.000,  0.000
  0.021,302.118,  0.000,  0.000
  0.020,302.186,  0.000,  0.000
  0.021,302.412,  0.000,  0.000
  0.021,302.387,  0.000,  0.000
  0.021,302.354,  0.000,  0.000
  0.021,302.365,  0.000,  0.000
  0.021,302.426,  0.000,  0.000
  0.021,302.481,  0.000,  0.000
  0.021,302.465,  0.000,  0.000
  0.021,302.393,  0.000,  0.000
  0.022,302.331,  0.000,  0.000
  0.020,302.188,  0.000,  0.000
  0.020,302.204,  0.000,  0.000
  0.020,302.239,  0.000,  0.000
  0.021,302.235,  0.000,  0.000
  0.021,302.206,  0.000,  0.000
  0.021,302.201,  0.000,  0.000
  0.021,302.224,  0.000,  0.000
  0.020,302.251,  0.000,  0.000
  0.020,302.243,  0.000,  0.000
  0.022,302.297,  0.000,  0.000
  0.021,302.162,  0.000,  0.000
  0.021,302.166,  0.000,  0.000
  0.020,302.170,  0.000,  0.000
  0.020,302.146,  0.000,  0.000
  0.020,302.104,  0.000,  0.000
  0.021,302.074,  0.000,  0.000
  0.021,302.400,  0.000,  0.000
  0.021,302.421,  0.000,  0.000
  0.021,302.428,  0.000,  0.000
  0.021,302.420,  0.000,  0.000
  0.021,302.433,  0.000,  0.000
  0.021,302.469,  0.000,  0.000
  0.021,302.466,  0.000,  0.000
  0.021,302.405,  0.000,  0.000
  0.021,302.327,  0.000,  0.000
  0.021,302.285,  0.000,  0.000
  0.020,302.170,  0.000,  0.000
  0.021,302.305,  0.000,  0.000
  0.021,302.313,  0.000,  0.000
  0.022,302.310,  0.000,  0.000
  0.022,302.301,  0.000,  0.000
  0.021,302.300,  0.000,  0.000
  0.022,302.300,  0.000,  0.000
  0.022,302.293,  0.000,  0.000
  0.021,302.174,  0.000,  0.000
  0.021,302.168,  0.000,  0.000
  0.020,302.172,  0.001,  0.000
  0.020,302.155,  0.000,  0.000
  0.020,302.123,  0.000,  0.000
  0.020,302.089,  0.000,  0.000
  0.021,302.062,  0.000,  0.000
  0.021,302.337,  0.000,  0.000
  0.021,302.391,  0.000,  0.000
  0.021,302.440,  0.000,  0.000
  0.021,302.460,  0.000,  0.000
  0.021,302.449,  0.000,  0.000
  0.021,302.427,  0.000,  0.000
  0.021,302.396,  0.000,  0.000
  0.021,302.353,  0.000,  0.000
  0.021,302.311,  0.000,  0.000
  0.021,302.280,  0.000,  0.000
  0.021,302.267,  0.000,  0.000
  0.021,302.274,  0.000,  0.000
  0.021,302.292,  0.000,  0.000
  0.021,302.308,  0.000,  0.000
  0.022,302.305,  0.000,  0.000
  0.022,302.289,  0.000,  0.000
  0.022,302.274,  0.000,  0.000
  0.022,302.265,  0.000,  0.000
  0.022,302.271,  0.001,  0.000
  0.021,302.185,  0.011,  0.000
  0.020,302.193,  0.021,  0.000
  0.020,302.175,  0.005,  0.000
  0.021,302.133,  0.001,  0.000
  0.021,302.114,  0.000,  0.000
  0.021,302.235, -0.000,  0.000
  0.021,302.340,  0.000,  0.000
  0.021,302.378,  0.000,  0.000
  0.021,302.409,  0.000,  0.000
  0.021,302.435,  0.000,  0.000
  0.021,302.465,  0.000,  0.000
  0.021,302.480,  0.000,  0.000
  0.021,302.443,  0.000,  0.000
  0.021,302.369,  0.000,  0.000
  0.021,302.298, -0.000,  0.000
  0.021,302.266,  0.000,  0.000
  0.021,302.264,  0.000,  0.000
  0.021,302.270,  0.000,  0.000
  0.021,302.281,  0.000,  0.000
  0.022,302.297,  0.000,  0.000
  0.022,302.307,  0.000,  0.000
  0.022,302.306,  0.000,  0.000
  0.022,302.303,  0.000,  0.000
  0.021,302.299,  0.000,  0.000
  0.021,302.299,  0.000,  0.000
  0.022,302.298,  0.000,  0.000
  0.022,302.290,  0.000,  0.000
  0.022,302.267,  0.001,  0.000
  0.022,302.246,  0.002,  0.000
  0.021,302.118,  0.001,  0.000
  0.020,302.122,  0.000,  0.000
  0.021,302.362,  0.000,  0.000
  0.021,302.350,  0.000,  0.000
  0.021,302.379,  0.000,  0.000
  0.021,302.413,  0.000,  0.000
  0.021,302.434,  0.000,  0.000
  0.021,302.458,  0.000,  0.000
  0.021,302.466,  0.000,  0.000
  0.021,302.418,  0.001,  0.000
  0.021,302.325,  0.004,  0.000
  0.022,302.264,  0.007,  0.000
  0.021,302.266,  0.006,  0.000
  0.021,302.284,  0.002,  0.000
  0.021,302.285,  0.000,  0.000
  0.022,302.280,  0.000,  0.000
  0.022,302.290,  0.000,  0.000
  0.021,302.306,  0.000,  0.000
  0.021,302.315,  0.000,  0.000
  0.021,302.314,  0.000,  0.000
  0.021,302.300,  0.000,  0.000
  0.022,302.275,  0.000,  0.000
  0.022,302.247,  0.001,  0.000
  0.022,302.222,  0.005,  0.000
  0.021,302.076,  0.012,  0.000
  0.021,302.066,  0.010,  0.000
  0.021,302.080,  0.003,  0.000
  0.021,302.441,  0.000,  0.000
  0.021,302.396,  0.000,  0.000
  0.021,302.382,  0.000,  0.000
  0.021,302.409,  0.000,  0.000
  0.021,302.451,  0.000,  0.000
  0.021,302.463,  0.000,  0.000
  0.021,302.423,  0.000,  0.000
  0.021,302.359,  0.002,  0.000
  0.021,302.315,  0.023,  0.000
  0.021,302.302,  0.065,  0.000
  0.021,302.297,  0.064,  0.000
  0.021,302.293,  0.021,  0.000
  0.022,302.280,  0.003,  0.000
  0.022,302.269,  0.000,  0.000
  0.022,302.285,  0.000,  0.000
  0.020,302.212,  0.000,  0.000
  0.020,302.233, -0.000,  0.000
  0.020,302.216,  0.000,  0.000
  0.021,302.165,  0.000,  0.000
  0.021,302.101,  0.000,  0.000
  0.021,302.060,  0.000,  0.000
  0.022,302.201,  0.000,  0.000
  0.021,302.109,  0.000,  0.000
  0.022,302.228,  0.000,  0.000
  0.021,302.082,  0.000,  0.000
  0.021,302.466,  0.000,  0.000
  0.021,302.462,  0.000,  0.000
  0.021,302.455,  0.000,  0.000
  0.021,302.450,  0.000,  0.000
  0.021,302.453,  0.000,  0.000
  0.021,302.456,  0.000,  0.000
  0.021,302.424,  0.000,  0.000
  0.021,302.355,  0.000,  0.000
  0.021,302.295,  0.000,  0.000
  0.021,302.288,  0.000,  0.000
  0.021,302.313,  0.000,  0.000
  0.021,302.326,  0.000,  0.000
  0.021,302.305,  0.000,  0.000
  0.022,302.271,  0.000,  0.000
  0.022,302.261,  0.000,  0.000
  0.021,302.283,  0.000,  0.000
  0.021,302.308,  0.000,  0.000
  0.021,302.313,  0.000,  0.000
  0.022,302.287,  0.000,  0.000
  0.022,302.228,  0.000,  0.000
  0.021,302.031,  0.000,  0.000
  0.021,302.023,  0.000,  0.000
  0.021,302.089,  0.000,  0.000
  0.020,302.147,  0.000,  0.000
  0.021,302.144,  0.000,  0.000
  0.021,302.416,  0.000,  0.000
  0.021,302.467,  0.000,  0.000
  0.021,302.491,  0.000,  0.000
  0.021,302.487,  0.000,  0.000
  0.021,302.462,  0.000,  0.000
  0.021,302.422,  0.000,  0.000
  0.021,302.374,  0.000,  0.000
  0.021,302.335,  0.000,  0.000
  0.021,302.308,  0.000,  0.000
  0.021,302.293,  0.000,  0.000
  0.021,302.301,  0.000,  0.000
  0.021,302.330,  0.000,  0.000
  0.021,302.350,  0.000,  0.000
  0.021,302.333,  0.000,  0.000
  0.021,302.293,  0.000,  0.000
  0.022,302.264,  0.000,  0.000
  0.022,302.259,  0.000,  0.000
  0.022,302.276,  0.000,  0.000
  0.021,302.289,  0.000,  0.000
  0.021,302.272,  0.000,  0.000
  0.022,302.226,  0.000,  0.000
  0.022,302.191,  0.000,  0.000
  0.022,302.187,  0.000,  0.000
  0.022,302.199,  0.000,  0.000
  0.022,302.211,  0.000,  0.000
  0.021,302.340,  0.000,  0.000
  0.021,302.392,  0.000,  0.000
  0.021,302.455,  0.000,  0.000
  0.021,302.490,  0.000,  0.000
  0.021,302.495,  0.000,  0.000
  0.021,302.471,  0.000,  0.000
  0.021,302.417,  0.000,  0.000
  0.021,302.352,  0.000,  0.000
  0.021,302.298,  0.000,  0.000
  0.022,302.265,  0.000,  0.000
  0.021,302.274,  0.000,  0.000
  0.021,302.329,  0.000,  0.000
  0.021,302.374,  0.000,  0.000
  0.021,302.367,  0.000,  0.000
  0.021,302.316,  0.000,  0.000
  0.021,302.261,  0.000,  0.000
  0.021,302.241,  0.000,  0.000
  0.021,302.260,  0.000,  0.000
  0.021,302.288,  0.000,  0.000
  0.021,302.306,  0.000,  0.000
  0.021,302.304,  0.000,  0.000
  0.021,302.275,  0.000,  0.000
  0.021,302.222,  0.000,  0.000
  0.022,302.170,  0.000,  0.000
  0.022,302.151,  0.000,  0.000
  0.021,302.320,  0.000,  0.000
  0.022,302.319,  0.000,  0.000
  0.021,302.362,  0.000,  0.000
  0.021,302.425,  0.000,  0.000
  0.021,302.467,  0.000,  0.000
  0.021,302.467,  0.000,  0.000
  0.021,302.423,  0.000,  0.000
  0.021,302.351,  0.000,  0.000
  0.021,302.291,  0.000,  0.000
  0.021,302.269,  0.000,  0.000
  0.021,302.274,  0.000,  0.000
  0.021,302.298,  0.000,  0.000
  0.021,302.328,  0.000,  0.000
  0.021,302.342,  0.000,  0.000
  0.021,302.343,  0.000,  0.000
  0.021,302.339,  0.000,  0.000
  0.021,302.314,  0.000,  0.000
  0.021,302.279,  0.000,  0.000
  0.021,302.273,  0.000,  0.000
  0.021,302.305,  0.000,  0.000
  0.020,302.262,  0.000,  0.000
  0.020,302.272,  0.000,  0.000
  0.020,302.195,  0.000,  0.000
  0.021,302.069,  0.000,  0.000
  0.021,301.989,  0.000,  0.000
