  0.018,299.652,  0.000,  0.000
  0.018,299.650,  0.000,  0.000
  0.018,299.650,  0.000,  0.000
  0.018,299.649,  0.000,  0.000
  0.018,299.644,  0.000,  0.000
  0.018,299.631,  0.000,  0.000
  0.018,299.617,  0.000,  0.000
  0.018,299.608,  0.000,  0.000
  0.018,299.604,  0.000,  0.000
  0.018,299.603,  0.000,  0.000
  0.018,299.601,  0.000,  0.000
  0.018,299.597,  0.000,  0.000
  0.018,299.592,  0.000,  0.000
  0.018,299.587,  0.000,  0.000
  0.018,299.583,  0.000,  0.000
  0.018,299.577,  0.000,  0.000
  0.018,299.568,  0.000,  0.000
  0.018,299.557,  0.000,  0.000
  0.018,299.547,  0.000,  0.000
  0.018,299.538,  0.000,  0.000
  0.018,299.532,  0.000,  0.000
  0.018,299.528,  0.000,  0.000
  0.018,299.526,  0.000,  0.000
  0.018,299.547,  0.000,  0.000
  0.019,299.550,  0.000,  0.000
  0.018,299.646,  0.000,  0.000
  0.018,299.649,  0.000,  0.000
  0.018,299.649,  0.000,  0.000
  0.018,299.643,  0.000,  0.000
  0.018,299.630,  0.000,  0.000
  0.018,299.618,  0.000,  0.000
  0.018,299.611,  0.000,  0.000
  0.018,299.606,  0.000,  0.000
  0.018,299.601,  0.000,  0.000
  0.018,299.598,  0.000,  0.000
  0.018,299.594,  0.000,  0.000
  0.018,299.591,  0.000,  0.000
  0.018,299.587,  0.000,  0.000
  0.018,299.582,  0.000,  0.000
  0.018,299.573,  0.000,  0.000
  0.018,299.564,  0.000,  0.000
  0.018,299.555,  0.000,  0.000
  0.018,299.546,  0.000,  0.000
  0.018,299.539,  0.000,  0.000
  0.018,299.533,  0.000,  0.000
  0.018,299.529,  0.000,  0.000
  0.018,299.527,  0.000,  0.000
  0.018,299.527,  0.000,  0.000
  0.018,299.549,  0.000,  0.000
  0.019,299.553,  0.000,  0.000
  0.018,299.646,  0.000,  0.000
  0.018,299.646,  0.000,  0.000
  0.018,299.644,  0.000,  0.000
  0.018,299.634,  0.000,  0.000
  0.018,299.621,  0.000,  0.000
  0.018,299.611,  0.000,  0.000
  0.018,299.605,  0.000,  0.000
  0.018,299.600,  0.000,  0.000
  0.018,299.596,  0.000,  0.000
  0.018,299.590,  0.000,  0.000
  0.018,299.585,  0.000,  0.000
  0.018,299.580,  0.000,  0.000
  0.018,299.575,  0.000,  0.000
  0.018,299.569,  0.000,  0.000
  0.018,299.563,  0.000,  0.000
  0.018,299.556,  0.000,  0.000
  0.018,299.548,  0.000,  0.000
  0.018,299.541,  0.000,  0.000
  0.018,299.535,  0.000,  0.000
  0.018,299.531,  0.000,  0.000
  0.018,299.528,  0.000,  0.000
  0.018,299.528,  0.000,  0.000
  0.018,299.531,  0.000,  0.000
  0.019,299.553,  0.000,  0.000
  0.019,299.559,  0.000,  0.000
  0.018,299.642,  0.000,  0.000
  0.018,299.640,  0.000,  0.000
  0.018,299.635,  0.000,  0.000
  0.018,299.628,  0.000,  0.000
  0.018,299.619,  0.000,  0.000
  0.018,299.608,  0.000,  0.000
  0.018,299.598,  0.000,  0.000
  0.018,299.590,  0.000,  0.000
  0.018,299.584,  0.000,  0.000
  0.018,299.580,  0.000,  0.000
  0.018,299.577,  0.000,  0.000
  0.018,299.572,  0.000,  0.000
  0.018,299.567,  0.000,  0.000
  0.018,299.563,  0.000,  0.000
  0.018,299.557,  0.000,  0.000
  0.018,299.550,  0.000,  0.000
  0.018,299.541,  0.000,  0.000
  0.018,299.534,  0.000,  0.000
  0.018,299.532,  0.000,  0.000
  0.018,299.533,  0.000,  0.000
  0.018,299.538,  0.000,  0.000
  0.018,299.543,  0.000,  0.000
  0.018,299.546,  0.000,  0.000
  0.018,299.561,  0.000,  0.000
  0.018,299.563,  0.000,  0.000
  0.018,299.636,  0.000,  0.000
  0.018,299.633,  0.000,  0.000
  0.018,299.629,  0.000,  0.000
  0.018,299.625,  0.000,  0.000
  0.018,299.619,  0.000,  0.000
  0.018,299.610,  0.000,  0.000
  0.018,299.598,  0.000,  0.000
  0.018,299.587,  0.000,  0.000
  0.018,299.579,  0.000,  0.000
  0.018,299.573,  0.000,  0.000
  0.018,299.568,  0.000,  0.000
  0.018,299.565,  0.000,  0.000
  0.018,299.561,  0.000,  0.000
  0.018,299.556,  0.000,  0.000
  0.018,299.548,  0.000,  0.000
  0.018,299.544,  0.000,  0.000
  0.018,299.544,  0.000,  0.000
  0.018,299.546,  0.000,  0.000
  0.018,299.545,  0.000,  0.000
  0.018,299.542,  0.000,  0.000
  0.018,299.538,  0.000,  0.000
  0.019,299.537,  0.000,  0.000
  0.018,299.542,  0.000,  0.000
  0.018,299.566,  0.000,  0.000
  0.018,299.575,  0.000,  0.000
  0.018,299.629,  0.000,  0.000
  0.018,299.627,  0.000,  0.000
  0.018,299.624,  0.000,  0.000
  0.018,299.621,  0.000,  0.000
  0.018,299.617,  0.000,  0.000
  0.018,299.611,  0.000,  0.000
  0.018,299.603,  0.000,  0.000
  0.018,299.594,  0.000,  0.000
  0.018,299.585,  0.000,  0.000
  0.018,299.576,  0.000,  0.000
  0.018,299.569,  0.000,  0.000
  0.018,299.562,  0.000,  0.000
  0.018,299.555,  0.000,  0.000
  0.018,299.549,  0.000,  0.000
  0.018,299.546,  0.000,  0.000
  0.018,299.542,  0.000,  0.000
  0.018,299.536,  0.000,  0.000
  0.018,299.536,  0.000,  0.000
  0.018,299.545,  0.000,  0.000
  0.018,299.558,  0.000,  0.000
  0.018,299.571,  0.000,  0.000
  0.018,299.582,  0.000,  0.000
  0.018,299.582,  0.000,  0.000
  0.018,299.581,  0.000,  0.000
  0.018,299.576,  0.000,  0.000
  0.018,299.623,  0.000,  0.000
  0.018,299.621,  0.000,  0.000
  0.018,299.618,  0.000,  0.000
  0.018,299.615,  0.000,  0.000
  0.018,299.612,  0.000,  0.000
  0.018,299.609,  0.000,  0.000
  0.018,299.606,  0.000,  0.000
  0.018,299.601,  0.000,  0.000
  0.018,299.594,  0.000,  0.000
  0.018,299.587,  0.000,  0.000
  0.018,299.581,  0.000,  0.000
  0.018,299.572,  0.000,  0.000
  0.018,299.563,  0.000,  0.000
  0.018,299.558,  0.000,  0.000
  0.018,299.560,  0.000,  0.000
  0.018,299.570,  0.000,  0.000
  0.018,299.579,  0.000,  0.000
  0.018,299.578,  0.000,  0.000
  0.018,299.583,  0.000,  0.000
  0.018,299.602,  0.000,  0.000
  0.018,299.621,  0.000,  0.000
  0.018,299.629,  0.000,  0.000
  0.018,299.624,  0.000,  0.000
  0.018,299.622,  0.000,  0.000
  0.018,299.610,  0.000,  0.000
  0.018,299.617,  0.016,  0.000
  0.018,299.615,  0.006,  0.000
  0.018,299.612,  0.001,  0.000
  0.018,299.610,  0.000,  0.000
  0.018,299.608,  0.000,  0.000
  0.018,299.606,  0.000,  0.000
  0.018,299.606,  0.000,  0.000
  0.018,299.604,  0.000,  0.000
  0.018,299.602,  0.000,  0.000
  0.018,299.599,  0.000,  0.000
  0.018,299.598,  0.000,  0.000
  0.018,299.593,  0.000,  0.000
  0.018,299.586,  0.000,  0.000
  0.018,299.589,  0.000,  0.000
  0.018,299.605,  0.000,  0.000
  0.018,299.623,  0.000,  0.000
  0.018,299.631,  0.000,  0.000
  0.018,299.630,  0.000,  0.000
  0.018,299.630,  0.000,  0.000
  0.018,299.637,  0.000,  0.000
  0.018,299.643,  0.000,  0.000
  0.018,299.645,  0.000,  0.000
  0.018,299.644,  0.000,  0.000
  0.018,299.648,  0.000,  0.000
  0.018,299.645,  0.000,  0.000
  0.018,299.612,  0.053,  0.000
  0.018,299.611,  0.021,  0.000
  0.018,299.609,  0.011,  0.000
  0.018,299.607,  0.005,  0.000
  0.018,299.606,  0.001,  0.000
  0.018,299.605,  0.000,  0.000
  0.018,299.606,  0.000,  0.000
  0.018,299.607,  0.000,  0.000
  0.018,299.607,  0.000,  0.000
  0.018,299.609,  0.000,  0.000
  0.018,299.611,  0.000,  0.000
  0.018,299.613,  0.000,  0.000
  0.018,299.620,  0.000,  0.000
  0.018,299.632,  0.000,  0.000
  0.018,299.643,  0.000,  0.000
  0.018,299.648,  0.000,  0.000
  0.018,299.649,  0.000,  0.000
  0.018,299.648,  0.000,  0.000
  0.018,299.648,  0.000,  0.000
  0.018,299.649,  0.000,  0.000
  0.018,299.650,  0.000,  0.000
  0.018,299.652,  0.000,  0.000
  0.018,299.654,  0.000,  0.000
  0.018,299.658,  0.000,  0.000
  0.018,299.659,  0.000,  0.000
  0.018,299.610,  0.039,  0.000
  0.018,299.609,  0.048,  0.000
  0.018,299.608,  0.040,  0.000
  0.018,299.607,  0.017,  0.000
  0.018,299.607,  0.004,  0.000
  0.018,299.607,  0.003,  0.000
  0.018,299.609,  0.004,  0.000
  0.018,299.612,  0.002,  0.000
  0.018,299.615,  0.001,  0.000
  0.018,299.620,  0.000,  0.000
  0.018,299.627,  0.000,  0.000
  0.018,299.636,  0.000,  0.000
  0.018,299.645,  0.000,  0.000
  0.018,299.651,  0.000,  0.000
  0.018,299.653,  0.000,  0.000
  0.018,299.653,  0.000,  0.000
  0.018,299.653,  0.000,  0.000
  0.018,299.654,  0.000,  0.000
  0.018,299.655,  0.000,  0.000
  0.018,299.656,  0.000,  0.000
  0.018,299.657,  0.000,  0.000
  0.018,299.659,  0.000,  0.000
  0.018,299.662,  0.000,  0.000
  0.018,299.664,  0.000,  0.000
  0.018,299.666,  0.000,  0.000
  0.018,299.609,  0.041,  0.000
  0.018,299.609,  0.046,  0.000
  0.018,299.609,  0.031,  0.000
  0.018,299.610,  0.025,  0.000
  0.018,299.611,  0.043,  0.000
  0.018,299.614,  0.049,  0.000
  0.018,299.617,  0.030,  0.000
  0.018,299.621,  0.012,  0.000
  0.018,299.628,  0.004,  0.000
  0.018,299.636,  0.002,  0.000
  0.018,299.643,  0.002,  0.000
  0.018,299.649,  0.002,  0.000
  0.018,299.653,  0.002,  0.000
  0.018,299.654,  0.001,  0.000
  0.018,299.655,  0.000,  0.000
  0.018,299.656,  0.000,  0.000
  0.018,299.658,  0.002,  0.000
  0.018,299.660,  0.003,  0.000
  0.018,299.661,  0.001,  0.000
  0.018,299.662,  0.000,  0.000
  0.018,299.664,  0.000,  0.000
  0.018,299.666,  0.000,  0.000
  0.018,299.668,  0.000,  0.000
  0.018,299.670,  0.000,  0.000
  0.018,299.671,  0.000,  0.000
  0.018,299.607,  0.005,  0.000
  0.018,299.608,  0.005,  0.000
  0.018,299.610,  0.024,  0.000
  0.018,299.612,  0.081,  0.000
  0.018,299.616,  0.134,  0.000
  0.018,299.620,  0.111,  0.000
  0.018,299.625,  0.053,  0.000
  0.018,299.631,  0.020,  0.000
  0.018,299.637,  0.015,  0.000
  0.018,299.644,  0.015,  0.000
  0.018,299.648,  0.011,  0.000
  0.018,299.651,  0.008,  0.000
  0.018,299.653,  0.004,  0.000
  0.018,299.656,  0.002,  0.000
  0.018,299.658,  0.003,  0.000
  0.018,299.661,  0.007,  0.000
  0.018,299.663,  0.016,  0.000
  0.018,299.665,  0.015,  0.000
  0.018,299.667,  0.004,  0.000
  0.018,299.668,  0.000,  0.000
  0.018,299.669,  0.000,  0.000
  0.018,299.671,  0.000,  0.000
  0.018,299.672,  0.000,  0.000
  0.018,299.674,  0.000,  0.000
  0.018,299.676,  0.000,  0.000
  0.018,299.603,  0.001,  0.000
  0.018,299.606,  0.014,  0.000
  0.018,299.609,  0.054,  0.000
  0.018,299.613,  0.060,  0.000
  0.018,299.618,  0.023,  0.000
  0.018,299.622,  0.001,  0.000
  0.018,299.628,  0.006,  0.000
  0.018,299.634,  0.017,  0.000
  0.018,299.640,  0.031,  0.000
  0.018,299.645,  0.028,  0.000
  0.018,299.649,  0.014,  0.000
  0.018,299.653,  0.005,  0.000
  0.018,299.656,  0.003,  0.000
  0.018,299.660,  0.006,  0.000
  0.018,299.663,  0.011,  0.000
  0.018,299.665,  0.019,  0.000
  0.018,299.668,  0.018,  0.000
  0.018,299.670,  0.008,  0.000
  0.018,299.671,  0.001,  0.000
  0.018,299.672,  0.000,  0.000
  0.018,299.674,  0.000,  0.000
  0.018,299.675,  0.000,  0.000
  0.018,299.676,  0.000,  0.000
  0.018,299.678,  0.000,  0.000
  0.018,299.679,  0.000,  0.000
  0.018,299.597,  0.002,  0.000
  0.018,299.602,  0.003,  0.000
  0.018,299.606,  0.001,  0.000
  0.018,299.611,  0.000,  0.000
  0.018,299.616,  0.001,  0.000
  0.018,299.622,  0.003,  0.000
  0.018,299.628,  0.006,  0.000
  0.018,299.634,  0.007,  0.000
  0.018,299.641,  0.004,  0.000
  0.018,299.646,  0.002,  0.040
  0.018,299.651,  0.002,  0.040
  0.018,299.656,  0.003,  0.040
  0.018,299.660,  0.006,  0.040
  0.018,299.663,  0.010,  0.000
  0.018,299.667,  0.008,  0.000
  0.018,299.670,  0.004,  0.000
  0.018,299.672,  0.001,  0.000
  0.018,299.674,  0.000,  0.000
  0.018,299.675,  0.000,  0.000
  0.018,299.676,  0.000,  0.000
  0.018,299.677,  0.000,  0.000
  0.018,299.678, -0.000,  0.000
  0.018,299.679,  0.000,  0.000
  0.018,299.680,  0.000,  0.000
  0.018,299.681,  0.000,  0.000
  0.018,299.593,  0.000,  0.000
  0.018,299.598,  0.000,  0.000
  0.018,299.604,  0.000,  0.000
  0.018,299.609,  0.000,  0.000
  0.018,299.615,  0.001,  0.000
  0.018,299.621,  0.001,  0.000
  0.018,299.628,  0.000,  0.000
  0.018,299.635,  0.001,  0.000
  0.018,299.642,  0.002,  0.000
  0.018,299.648,  0.006,  0.040
  0.018,299.653,  0.007,  0.040
  0.018,299.658,  0.005,  0.040
  0.018,299.663,  0.003,  0.040
  0.018,299.666,  0.002,  0.000
  0.018,299.670,  0.001,  0.000
  0.018,299.673,  0.001,  0.000
  0.018,299.675,  0.000,  0.000
  0.018,299.676,  0.000,  0.000
  0.018,299.677,  0.000,  0.000
  0.018,299.678,  0.000,  0.000
  0.018,299.679,  0.000,  0.000
  0.018,299.679,  0.000,  0.000
  0.018,299.680,  0.000,  0.000
  0.018,299.680,  0.000,  0.000
  0.018,299.681,  0.000,  0.000
