  0.015,298.159,  0.049,  0.000
  0.015,298.154,  0.047,  0.000
  0.015,298.196,  0.053,  0.000
  0.015,298.242,  0.048,  0.000
  0.015,298.252,  0.023,  0.000
  0.015,298.236,  0.009,  0.000
  0.015,298.209,  0.003,  0.000
  0.015,298.183,  0.001,  0.000
  0.015,298.173,  0.001,  0.000
  0.015,298.179,  0.001,  0.000
  0.015,298.180,  0.001,  0.000
  0.015,298.164,  0.002,  0.000
  0.015,298.134,  0.003,  0.000
  0.015,298.108,  0.006,  0.000
  0.015,298.102,  0.009,  0.000
  0.015,298.109,  0.008,  0.000
  0.015,298.113,  0.002,  0.000
  0.015,298.113,  0.007,  0.000
  0.015,298.120,  0.012,  0.000
  0.015,298.121,  0.013,  0.000
  0.015,298.095,  0.013,  0.000
  0.015,298.059,  0.011,  0.000
  0.015,298.045,  0.011,  0.000
  0.015,298.095,  0.011,  0.000
  0.015,298.130,  0.011,  0.000
  0.015,298.276,  0.197,  0.000
  0.015,298.253,  0.139,  0.000
  0.015,298.248,  0.100,  0.000
  0.015,298.253,  0.105,  0.000
  0.015,298.253,  0.103,  0.000
  0.015,298.242,  0.080,  0.000
  0.015,298.225,  0.050,  0.000
  0.015,298.210,  0.029,  0.000
  0.015,298.200,  0.017,  0.000
  0.015,298.193,  0.010,  0.000
  0.015,298.185,  0.007,  0.000
  0.015,298.175,  0.004,  0.000
  0.015,298.163,  0.004,  0.000
  0.015,298.141,  0.002,  0.000
  0.015,298.128,  0.003,  0.000
  0.015,298.135,  0.013,  0.000
  0.015,298.139,  0.030,  0.000
  0.015,298.138,  0.035,  0.000
  0.015,298.138,  0.036,  0.000
  0.015,298.135,  0.037,  0.000
  0.015,298.121,  0.040,  0.000
  0.015,298.093,  0.041,  0.000
  0.015,298.064,  0.046,  0.000
  0.015,298.086,  0.061,  0.000
  0.015,298.108,  0.088,  0.000
  0.015,298.316,  0.053,  0.000
  0.015,298.284,  0.074,  0.000
  0.015,298.258,  0.090,  0.000
  0.015,298.251,  0.156,  0.000
  0.015,298.260,  0.241,  0.000
  0.015,298.258,  0.290,  0.000
  0.015,298.241,  0.280,  0.000
  0.015,298.216,  0.236,  0.000
  0.015,298.197,  0.192,  0.000
  0.015,298.184,  0.153,  0.000
  0.015,298.179,  0.110,  0.000
  0.015,298.180,  0.066,  0.000
  0.015,298.187,  0.036,  0.000
  0.015,298.173,  0.017,  0.000
  0.015,298.158,  0.039,  0.000
  0.015,298.148,  0.187,  0.000
  0.015,298.152,  0.312,  0.000
  0.015,298.165,  0.223,  0.000
  0.015,298.172,  0.138,  0.000
  0.015,298.155,  0.092,  0.000
  0.015,298.133,  0.066,  0.000
  0.015,298.111,  0.048,  0.000
  0.015,298.086,  0.042,  0.000
  0.015,298.089,  0.058,  0.000
  0.015,298.093,  0.115,  0.000
  0.015,298.308,  0.001,  0.000
  0.015,298.271,  0.007,  0.000
  0.015,298.246,  0.040,  0.000
  0.015,298.248,  0.127,  0.000
  0.015,298.270,  0.267,  0.000
  0.015,298.278,  0.430,  0.000
  0.015,298.259,  0.534,  0.000
  0.015,298.234,  0.556,  0.000
  0.015,298.216,  0.573,  0.000
  0.015,298.204,  0.561,  0.000
  0.015,298.189,  0.459,  0.000
  0.015,298.194,  0.304,  0.000
  0.015,298.195,  0.193,  0.000
  0.015,298.177,  0.114,  0.000
  0.015,298.163,  0.093,  0.000
  0.015,298.140,  0.355,  0.000
  0.015,298.129,  0.713,  0.000
  0.015,298.136,  0.693,  0.000
  0.015,298.154,  0.612,  0.000
  0.015,298.147,  0.610,  0.000
  0.015,298.134,  0.590,  0.000
  0.015,298.123,  0.500,  0.000
  0.015,298.107,  0.346,  0.000
  0.015,298.119,  0.198,  0.000
  0.015,298.130,  0.103,  0.000
  0.015,298.306,  0.000,  0.000
  0.015,298.280,  0.001,  0.000
  0.015,298.259,  0.000,  0.000
  0.015,298.258,  0.001,  0.000
  0.015,298.275,  0.007,  0.000
  0.015,298.287,  0.032,  0.000
  0.015,298.275,  0.123,  0.000
  0.015,298.249,  0.283,  0.000
  0.015,298.217,  0.466,  0.000
  0.015,298.188,  0.588,  0.000
  0.015,298.180,  0.625,  0.000
  0.016,298.187,  0.584,  0.000
  0.016,298.186,  0.468,  0.000
  0.015,298.175,  0.267,  0.000
  0.015,298.159,  0.064,  0.000
  0.015,298.149,  0.005,  0.000
  0.015,298.140,  0.059,  0.000
  0.016,298.142,  0.192,  0.000
  0.016,298.170,  0.395,  0.000
  0.016,298.177,  0.677,  0.000
  0.015,298.155,  0.965,  0.000
  0.015,298.131,  1.165,  0.000
  0.015,298.117,  1.165,  0.000
  0.015,298.141,  0.989,  0.000
  0.015,298.178,  0.744,  0.000
  0.015,298.309,  0.001,  0.000
  0.015,298.316,  0.000,  0.000
  0.015,298.305,  0.002,  0.000
  0.015,298.290,  0.003,  0.000
  0.015,298.284,  0.003,  0.000
  0.015,298.278,  0.002,  0.000
  0.016,298.247,  0.004,  0.000
  0.015,298.183,  0.022,  0.000
  0.015,298.118,  0.085,  0.000
  0.015,298.083,  0.228,  0.000
  0.015,298.120,  0.463,  0.000
  0.015,298.195,  0.704,  0.000
  0.015,298.231,  0.722,  0.000
  0.015,298.215,  0.357,  0.000
  0.015,298.193,  0.037,  0.000
  0.016,298.186,  0.062,  0.000
  0.015,298.196,  0.152,  0.000
  0.015,298.238,  0.196,  0.000
  0.015,298.294,  0.186,  0.000
  0.015,298.303,  0.157,  0.000
  0.015,298.247,  0.158,  0.000
  0.016,298.170,  0.248,  0.000
  0.015,298.121,  0.451,  0.000
  0.015,298.134,  0.702,  0.000
  0.015,298.184,  0.833,  0.000
  0.015,298.300,  0.057,  0.000
  0.015,298.332,  0.059,  0.000
  0.015,298.338,  0.050,  0.000
  0.015,298.317,  0.046,  0.000
  0.015,298.291,  0.042,  0.000
  0.015,298.265,  0.029,  0.000
  0.016,298.199,  0.013,  0.000
  0.016,298.084,  0.003,  0.000
  0.015,297.992,  0.002,  0.000
  0.015,297.988,  0.009,  0.000
  0.015,298.058,  0.043,  0.000
  0.015,298.181,  0.135,  0.000
  0.015,298.280,  0.230,  0.000
  0.015,298.297,  0.157,  0.000
  0.015,298.261,  0.020,  0.000
  0.015,298.217,  0.048,  0.000
  0.015,298.218,  0.139,  0.000
  0.015,298.275,  0.254,  0.000
  0.015,298.347,  0.350,  0.000
  0.015,298.375,  0.358,  0.000
  0.015,298.338,  0.269,  0.000
  0.015,298.237,  0.182,  0.000
  0.015,298.136,  0.147,  0.000
  0.015,298.114,  0.156,  0.000
  0.015,298.170,  0.188,  0.000
  0.015,298.295,  0.248,  0.000
  0.015,298.315,  0.328,  0.000
  0.015,298.323,  0.361,  0.000
  0.015,298.324,  0.381,  0.000
  0.015,298.317,  0.353,  0.000
  0.016,298.290,  0.244,  0.000
  0.016,298.195,  0.115,  0.000
  0.016,298.040,  0.036,  0.000
  0.015,297.922,  0.010,  0.000
  0.015,297.908,  0.004,  0.000
  0.015,297.982,  0.001,  0.000
  0.015,298.131,  0.001,  0.000
  0.015,298.287,  0.000,  0.000
  0.015,298.344,  0.001,  0.000
  0.015,298.301,  0.001,  0.000
  0.015,298.232,  0.000,  0.000
  0.015,298.208,  0.000,  0.000
  0.015,298.256,  0.000,  0.000
  0.015,298.326,  0.001,  0.000
  0.015,298.374,  0.016,  0.000
  0.015,298.376,  0.060,  0.000
  0.015,298.306,  0.122,  0.000
  0.016,298.202,  0.215,  0.000
  0.016,298.154,  0.349,  0.000
  0.015,298.186,  0.491,  0.000
  0.015,298.304,  0.083,  0.000
  0.015,298.294,  0.222,  0.000
  0.015,298.304,  0.429,  0.000
  0.016,298.335,  0.636,  0.000
  0.016,298.353,  0.679,  0.000
  0.016,298.313,  0.509,  0.000
  0.016,298.201,  0.267,  0.000
  0.016,298.063,  0.095,  0.000
  0.016,297.958,  0.028,  0.000
  0.015,297.914,  0.011,  0.000
  0.015,297.955,  0.011,  0.000
  0.015,298.094,  0.014,  0.000
  0.015,298.259,  0.013,  0.000
  0.015,298.325,  0.010,  0.000
  0.015,298.300,  0.005,  0.000
  0.015,298.259,  0.006,  0.000
  0.016,298.241,  0.007,  0.000
  0.015,298.277,  0.009,  0.000
  0.015,298.341,  0.010,  0.000
  0.015,298.381,  0.011,  0.000
  0.015,298.378,  0.012,  0.000
  0.015,298.342,  0.019,  0.000
  0.016,298.291,  0.050,  0.000
  0.016,298.258,  0.126,  0.000
  0.016,298.264,  0.266,  0.000
  0.015,298.316,  0.000,  0.000
  0.016,298.307,  0.000,  0.000
  0.016,298.327,  0.000,  0.000
  0.016,298.372,  0.000,  0.000
  0.016,298.382,  0.000,  0.000
  0.016,298.312,  0.000,  0.000
  0.016,298.201,  0.001,  0.000
  0.016,298.112,  0.000,  0.000
  0.015,298.063,  0.001,  0.000
  0.015,298.047,  0.003,  0.000
  0.015,298.076,  0.017,  0.000
  0.016,298.156,  0.026,  0.000
  0.015,298.244,  0.018,  0.000
  0.015,298.280,  0.013,  0.000
  0.015,298.288,  0.013,  0.000
  0.015,298.307,  0.014,  0.000
  0.015,298.345,  0.017,  0.000
  0.015,298.390,  0.022,  0.000
  0.015,298.420,  0.028,  0.000
  0.015,298.409,  0.037,  0.000
  0.015,298.369,  0.045,  0.000
  0.015,298.344,  0.053,  0.000
  0.015,298.349,  0.068,  0.000
  0.015,298.354,  0.095,  0.000
  0.015,298.353,  0.110,  0.000
  0.015,298.327,  0.001,  0.000
  0.016,298.343,  0.000,  0.000
  0.016,298.379,  0.002,  0.000
  0.016,298.424,  0.002,  0.000
  0.016,298.417,  0.002,  0.000
  0.015,298.323,  0.001,  0.000
  0.016,298.204,  0.001,  0.000
  0.016,298.134,  0.001,  0.000
  0.015,298.133,  0.000,  0.000
  0.015,298.178,  0.000,  0.000
  0.015,298.238,  0.000,  0.000
  0.016,298.277,  0.000,  0.000
  0.016,298.276,  0.000,  0.000
  0.016,298.266,  0.000,  0.000
  0.015,298.283,  0.000,  0.000
  0.015,298.327,  0.000,  0.000
  0.015,298.395,  0.000,  0.000
  0.015,298.454,  0.000,  0.000
  0.015,298.464,  0.000,  0.000
  0.015,298.418,  0.003,  0.000
  0.015,298.363,  0.007,  0.000
  0.015,298.348,  0.015,  0.000
  0.015,298.372,  0.028,  0.000
  0.015,298.401,  0.043,  0.000
  0.015,298.409,  0.040,  0.000
  0.015,298.343,  0.000,  0.000
  0.015,298.396,  0.000,  0.000
  0.016,298.461,  0.000,  0.000
  0.016,298.495,  0.000,  0.000
  0.016,298.456,  0.000,  0.000
  0.015,298.365,  0.000,  0.000
  0.016,298.255,  0.000,  0.000
  0.016,298.167,  0.000,  0.000
  0.016,298.144,  0.000,  0.000
  0.016,298.195,  0.000,  0.000
  0.015,298.286,  0.000,  0.000
  0.016,298.361,  0.000,  0.000
  0.016,298.374,  0.000,  0.000
  0.016,298.340,  0.000,  0.000
  0.016,298.308,  0.000,  0.000
  0.015,298.314,  0.000,  0.000
  0.015,298.373,  0.000,  0.000
  0.015,298.444,  0.001,  0.000
  0.015,298.460,  0.000,  0.000
  0.015,298.418,  0.000,  0.000
  0.015,298.369,  0.000,  0.000
  0.015,298.360,  0.000,  0.000
  0.015,298.395,  0.000,  0.000
  0.015,298.432,  0.000,  0.000
  0.015,298.437,  0.001,  0.000
  0.015,298.380,  0.000,  0.000
  0.015,298.456,  0.000,  0.000
  0.015,298.533,  0.000,  0.000
  0.015,298.548,  0.000,  0.000
  0.016,298.495,  0.000,  0.000
  0.016,298.423,  0.000,  0.000
  0.016,298.353,  0.000,  0.000
  0.016,298.286,  0.001,  0.000
  0.016,298.247,  0.001,  0.000
  0.016,298.244,  0.002,  0.000
  0.016,298.311,  0.004,  0.000
  0.015,298.423,  0.007,  0.000
  0.015,298.494,  0.009,  0.000
  0.015,298.477,  0.010,  0.000
  0.015,298.402,  0.009,  0.000
  0.015,298.342,  0.006,  0.000
  0.015,298.357,  0.004,  0.000
  0.015,298.426,  0.001,  0.000
  0.015,298.455,  0.000,  0.000
  0.015,298.424,  0.000,  0.000
  0.015,298.379,  0.000,  0.000
  0.015,298.374,  0.000,  0.000
  0.015,298.412,  0.000,  0.000
  0.015,298.447,  0.000,  0.000
  0.015,298.441,  0.000,  0.000
  0.015,298.379,  0.000,  0.000
  0.015,298.478,  0.000,  0.000
  0.015,298.557,  0.000,  0.000
  0.015,298.564,  0.000,  0.000
  0.015,298.508,  0.000,  0.000
  0.015,298.448,  0.000,  0.000
  0.015,298.430,  0.001,  0.000
  0.015,298.439,  0.004,  0.000
  0.015,298.444,  0.006,  0.000
  0.015,298.427,  0.010,  0.000
  0.015,298.427,  0.019,  0.000
  0.015,298.468,  0.033,  0.000
  0.015,298.530,  0.047,  0.000
  0.015,298.560,  0.053,  0.000
  0.015,298.519,  0.050,  0.000
  0.015,298.444,  0.048,  0.000
  0.015,298.408,  0.054,  0.000
  0.015,298.433,  0.049,  0.000
  0.015,298.443,  0.019,  0.000
  0.015,298.413,  0.001,  0.000
  0.015,298.368,  0.001,  0.000
  0.015,298.354,  0.000,  0.000
  0.015,298.383,  0.000,  0.000
  0.015,298.424,  0.000,  0.000
  0.015,298.428,  0.001,  0.000
  0.016,298.412,  0.000,  0.000
  0.016,298.483,  0.000,  0.000
  0.015,298.548,  0.000,  0.000
  0.015,298.557,  0.000,  0.000
  0.015,298.510,  0.000,  0.000
  0.015,298.466,  0.000,  0.000
  0.015,298.476,  0.003,  0.000
  0.015,298.521,  0.008,  0.000
  0.015,298.551,  0.013,  0.000
  0.015,298.541,  0.013,  0.000
  0.015,298.492,  0.012,  0.000
  0.015,298.462,  0.010,  0.000
  0.015,298.498,  0.011,  0.000
  0.015,298.551,  0.014,  0.000
  0.015,298.561,  0.026,  0.000
  0.015,298.518,  0.054,  0.000
  0.015,298.460,  0.113,  0.000
  0.015,298.431,  0.155,  0.000
  0.015,298.421,  0.096,  0.000
  0.015,298.395,  0.009,  0.000
  0.015,298.350,  0.001,  0.000
  0.015,298.313,  0.000,  0.000
  0.016,298.309,  0.000,  0.000
  0.015,298.355,  0.000,  0.000
  0.015,298.408,  0.000,  0.000
