  0.015,298.188,  0.000,  0.000
  0.015,298.224,  0.000,  0.000
  0.014,298.285,  0.000,  0.000
  0.014,298.314,  0.000,  0.000
  0.014,298.310,  0.000,  0.000
  0.014,298.281,  0.000,  0.000
  0.015,298.263,  0.000,  0.000
  0.015,298.278,  0.000,  0.000
  0.015,298.324,  0.000,  0.000
  0.014,298.350,  0.000,  0.000
  0.014,298.366,  0.000,  0.000
  0.014,298.359,  0.000,  0.000
  0.015,298.311,  0.000,  0.000
  0.015,298.265,  0.000,  0.000
  0.015,298.278,  0.000,  0.000
  0.014,298.337,  0.000,  0.000
  0.014,298.385,  0.000,  0.000
  0.014,298.379,  0.000,  0.000
  0.014,298.324,  0.000,  0.000
  0.015,298.266,  0.000,  0.000
  0.015,298.241,  0.000,  0.000
  0.015,298.235,  0.000,  0.000
  0.015,298.219,  0.000,  0.000
  0.015,298.216,  0.000,  0.000
  0.015,298.219,  0.000,  0.000
  0.015,298.235,  0.000,  0.000
  0.015,298.245,  0.000,  0.000
  0.015,298.300,  0.000,  0.000
  0.014,298.358,  0.000,  0.000
  0.014,298.379,  0.000,  0.000
  0.014,298.356,  0.000,  0.000
  0.015,298.323,  0.000,  0.000
  0.015,298.301,  0.000,  0.000
  0.015,298.295,  0.000,  0.000
  0.014,298.317,  0.000,  0.000
  0.014,298.356,  0.000,  0.000
  0.014,298.386,  0.000,  0.000
  0.014,298.372,  0.000,  0.000
  0.015,298.325,  0.000,  0.000
  0.015,298.288,  0.000,  0.000
  0.015,298.301,  0.000,  0.000
  0.014,298.342,  0.000,  0.000
  0.014,298.368,  0.000,  0.000
  0.014,298.365,  0.000,  0.000
  0.014,298.341,  0.000,  0.000
  0.015,298.305,  0.000,  0.000
  0.015,298.269,  0.000,  0.000
  0.015,298.249,  0.000,  0.000
  0.015,298.266,  0.000,  0.000
  0.015,298.266,  0.000,  0.000
  0.015,298.317,  0.000,  0.000
  0.015,298.282,  0.000,  0.000
  0.015,298.291,  0.000,  0.000
  0.014,298.347,  0.000,  0.000
  0.014,298.386,  0.000,  0.000
  0.014,298.389,  0.000,  0.000
  0.014,298.368,  0.000,  0.000
  0.015,298.319,  0.000,  0.000
  0.015,298.278,  0.000,  0.000
  0.015,298.285,  0.000,  0.000
  0.014,298.325,  0.000,  0.000
  0.014,298.363,  0.000,  0.000
  0.014,298.376,  0.000,  0.000
  0.015,298.351,  0.000,  0.000
  0.015,298.302,  0.000,  0.000
  0.015,298.282,  0.000,  0.000
  0.015,298.307,  0.000,  0.000
  0.015,298.317,  0.000,  0.000
  0.015,298.264,  0.000,  0.000
  0.015,298.223,  0.000,  0.000
  0.015,298.254,  0.000,  0.000
  0.015,298.308,  0.000,  0.000
  0.015,298.329,  0.000,  0.000
  0.015,298.346,  0.000,  0.000
  0.015,298.332,  0.000,  0.000
  0.015,298.370,  0.000,  0.000
  0.015,298.309,  0.000,  0.000
  0.015,298.273,  0.000,  0.000
  0.015,298.317,  0.000,  0.000
  0.015,298.396,  0.000,  0.000
  0.014,298.430,  0.000,  0.000
  0.014,298.429,  0.000,  0.000
  0.014,298.380,  0.000,  0.000
  0.015,298.316,  0.000,  0.000
  0.015,298.284,  0.000,  0.000
  0.015,298.311,  0.000,  0.000
  0.015,298.372,  0.000,  0.000
  0.015,298.421,  0.000,  0.000
  0.014,298.399,  0.000,  0.000
  0.014,298.347,  0.000,  0.000
  0.015,298.320,  0.000,  0.000
  0.015,298.276,  0.000,  0.000
  0.015,298.111,  0.000,  0.000
  0.015,297.884,  0.000,  0.000
  0.015,297.789,  0.000,  0.000
  0.015,297.898,  0.000,  0.000
  0.015,298.175,  0.000,  0.000
  0.015,298.371,  0.000,  0.000
  0.015,298.401,  0.000,  0.000
  0.015,298.345,  0.000,  0.000
  0.015,298.410,  0.000,  0.000
  0.015,298.380,  0.000,  0.000
  0.015,298.335,  0.000,  0.000
  0.015,298.340,  0.000,  0.000
  0.015,298.387,  0.000,  0.000
  0.015,298.435,  0.000,  0.000
  0.015,298.444,  0.000,  0.000
  0.015,298.399,  0.000,  0.000
  0.015,298.327,  0.000,  0.000
  0.015,298.273,  0.000,  0.000
  0.015,298.264,  0.000,  0.000
  0.015,298.315,  0.000,  0.000
  0.015,298.396,  0.000,  0.000
  0.015,298.405,  0.000,  0.000
  0.014,298.377,  0.000,  0.000
  0.015,298.367,  0.000,  0.000
  0.015,298.249,  0.000,  0.000
  0.016,298.003,  0.000,  0.000
  0.015,297.782,  0.000,  0.000
  0.015,297.684,  0.000,  0.000
  0.015,297.710,  0.000,  0.000
  0.015,297.954,  0.000,  0.000
  0.015,298.280,  0.000,  0.000
  0.015,298.395,  0.000,  0.000
  0.015,298.340,  0.000,  0.000
  0.015,298.449,  0.003,  0.000
  0.015,298.458,  0.002,  0.000
  0.015,298.428,  0.002,  0.000
  0.015,298.398,  0.002,  0.000
  0.015,298.402,  0.002,  0.000
  0.015,298.406,  0.002,  0.000
  0.015,298.383,  0.001,  0.000
  0.015,298.349,  0.001,  0.000
  0.015,298.300,  0.000,  0.000
  0.015,298.250,  0.000,  0.000
  0.015,298.230,  0.000,  0.000
  0.015,298.260,  0.001,  0.000
  0.015,298.343,  0.000,  0.000
  0.015,298.409,  0.000,  0.000
  0.015,298.416,  0.000,  0.000
  0.015,298.386,  0.000,  0.000
  0.015,298.267,  0.000,  0.000
  0.016,298.034,  0.000,  0.000
  0.015,297.845,  0.000,  0.000
  0.015,297.775,  0.000,  0.000
  0.015,297.786,  0.000,  0.000
  0.015,297.890,  0.001,  0.000
  0.015,298.134,  0.002,  0.000
  0.015,298.375,  0.004,  0.000
  0.015,298.416,  0.005,  0.000
  0.015,298.444,  0.006,  0.000
  0.015,298.480,  0.007,  0.000
  0.014,298.473,  0.007,  0.000
  0.014,298.442,  0.008,  0.000
  0.015,298.409,  0.008,  0.000
  0.015,298.355,  0.009,  0.000
  0.015,298.300,  0.009,  0.000
  0.015,298.284,  0.008,  0.000
  0.015,298.280,  0.004,  0.000
  0.015,298.265,  0.004,  0.000
  0.015,298.252,  0.005,  0.000
  0.015,298.272,  0.005,  0.000
  0.015,298.339,  0.005,  0.000
  0.015,298.417,  0.004,  0.000
  0.015,298.444,  0.003,  0.000
  0.015,298.402,  0.002,  0.000
  0.015,298.303,  0.001,  0.000
  0.015,298.143,  0.001,  0.000
  0.015,297.983,  0.000,  0.000
  0.015,297.907,  0.000,  0.000
  0.015,297.918,  0.001,  0.000
  0.015,297.999,  0.002,  0.000
  0.015,298.136,  0.008,  0.000
  0.015,298.283,  0.017,  0.000
  0.015,298.370,  0.028,  0.000
  0.015,298.490,  0.005,  0.000
  0.015,298.510,  0.006,  0.000
  0.014,298.468,  0.008,  0.000
  0.014,298.440,  0.008,  0.000
  0.015,298.417,  0.011,  0.000
  0.015,298.334,  0.014,  0.000
  0.015,298.254,  0.017,  0.000
  0.015,298.259,  0.015,  0.000
  0.015,298.296,  0.012,  0.000
  0.015,298.296,  0.015,  0.000
  0.015,298.232,  0.026,  0.000
  0.015,298.132,  0.037,  0.000
  0.015,298.072,  0.045,  0.000
  0.015,298.108,  0.051,  0.000
  0.015,298.307,  0.051,  0.000
  0.015,298.438,  0.048,  0.000
  0.015,298.373,  0.043,  0.000
  0.015,298.238,  0.038,  0.000
  0.015,298.118,  0.030,  0.000
  0.015,298.032,  0.020,  0.000
  0.015,298.035,  0.013,  0.000
  0.015,298.083,  0.009,  0.000
  0.015,298.057,  0.009,  0.000
  0.015,298.025,  0.016,  0.000
  0.015,298.140,  0.036,  0.000
  0.015,298.361,  0.000,  0.000
  0.015,298.403,  0.000,  0.000
  0.015,298.452,  0.001,  0.000
  0.015,298.478,  0.002,  0.000
  0.015,298.441,  0.003,  0.000
  0.015,298.347,  0.007,  0.000
  0.015,298.260,  0.011,  0.000
  0.015,298.247,  0.011,  0.000
  0.015,298.264,  0.006,  0.000
  0.015,298.198,  0.003,  0.000
  0.015,298.047,  0.008,  0.000
  0.015,297.918,  0.023,  0.000
  0.015,297.874,  0.050,  0.000
  0.015,297.920,  0.088,  0.000
  0.015,298.117,  0.127,  0.000
  0.015,298.387,  0.152,  0.000
  0.015,298.450,  0.162,  0.000
  0.015,298.351,  0.163,  0.000
  0.015,298.270,  0.159,  0.000
  0.015,298.223,  0.141,  0.000
  0.015,298.193,  0.111,  0.000
  0.015,298.129,  0.075,  0.000
  0.015,297.989,  0.036,  0.000
  0.015,297.922,  0.010,  0.000
  0.015,298.092,  0.006,  0.000
  0.015,298.151,  0.000,  0.000
  0.015,298.307,  0.000,  0.000
  0.015,298.490,  0.001,  0.000
  0.015,298.525,  0.003,  0.000
  0.015,298.466,  0.010,  0.000
  0.015,298.377,  0.019,  0.000
  0.015,298.308,  0.021,  0.000
  0.015,298.265,  0.014,  0.000
  0.015,298.190,  0.007,  0.000
  0.015,298.030,  0.004,  0.000
  0.015,297.870,  0.006,  0.000
  0.015,297.837,  0.012,  0.000
  0.015,297.905,  0.017,  0.000
  0.015,297.997,  0.022,  0.000
  0.015,298.148,  0.047,  0.000
  0.015,298.360,  0.110,  0.000
  0.015,298.480,  0.189,  0.000
  0.015,298.454,  0.207,  0.000
  0.015,298.377,  0.179,  0.000
  0.015,298.308,  0.163,  0.000
  0.015,298.270,  0.162,  0.000
  0.015,298.234,  0.120,  0.000
  0.016,298.180,  0.049,  0.000
  0.015,298.183,  0.029,  0.000
  0.015,298.286,  0.046,  0.000
  0.015,298.143,  0.020,  0.000
  0.015,298.283,  0.022,  0.000
  0.015,298.455,  0.023,  0.000
  0.015,298.537,  0.029,  0.000
  0.015,298.504,  0.064,  0.000
  0.015,298.449,  0.124,  0.000
  0.015,298.397,  0.168,  0.000
  0.015,298.307,  0.171,  0.000
  0.015,298.146,  0.122,  0.000
  0.015,297.966,  0.067,  0.000
  0.015,297.886,  0.066,  0.000
  0.015,297.931,  0.112,  0.000
  0.015,298.058,  0.155,  0.000
  0.015,298.158,  0.199,  0.000
  0.015,298.218,  0.272,  0.000
  0.015,298.335,  0.408,  0.000
  0.015,298.494,  0.578,  0.000
  0.015,298.500,  0.664,  0.000
  0.015,298.344,  0.594,  0.000
  0.015,298.205,  0.400,  0.000
  0.015,298.193,  0.219,  0.000
  0.015,298.290,  0.093,  0.000
  0.015,298.393,  0.041,  0.000
  0.015,298.432,  0.114,  0.000
  0.015,298.421,  0.233,  0.000
  0.014,297.914,  0.142,  0.000
  0.014,298.130,  0.201,  0.000
  0.015,298.351,  0.243,  0.000
  0.015,298.464,  0.243,  0.000
  0.015,298.515,  0.202,  0.000
  0.015,298.483,  0.148,  0.000
  0.015,298.383,  0.105,  0.000
  0.015,298.277,  0.085,  0.000
  0.016,298.144,  0.083,  0.000
  0.016,298.001,  0.096,  0.000
  0.015,297.944,  0.149,  0.000
  0.015,298.013,  0.222,  0.000
  0.015,298.118,  0.286,  0.000
  0.015,298.214,  0.394,  0.000
  0.015,298.312,  0.552,  0.000
  0.015,298.462,  0.698,  0.000
  0.015,298.590,  0.696,  0.000
  0.015,298.519,  0.547,  0.000
  0.015,298.330,  0.384,  0.000
  0.015,298.224,  0.259,  0.000
  0.014,298.223,  0.232,  0.000
  0.014,298.321,  0.197,  0.000
  0.014,298.452,  0.098,  0.000
  0.015,298.504,  0.027,  0.000
  0.015,298.454,  0.014,  0.000
  0.014,297.950,  0.048,  0.000
  0.014,298.186,  0.079,  0.000
  0.015,298.321,  0.151,  0.000
  0.015,298.405,  0.267,  0.000
  0.015,298.471,  0.363,  0.000
  0.015,298.426,  0.315,  0.000
  0.015,298.326,  0.140,  0.000
  0.015,298.277,  0.030,  0.000
  0.015,298.234,  0.007,  0.000
  0.016,298.126,  0.008,  0.000
  0.016,298.026,  0.013,  0.000
  0.015,298.024,  0.019,  0.000
  0.015,298.116,  0.026,  0.000
  0.015,298.294,  0.038,  0.000
  0.015,298.527,  0.052,  0.000
  0.015,298.686,  0.061,  0.000
  0.015,298.704,  0.053,  0.000
  0.015,298.603,  0.037,  0.000
  0.015,298.434,  0.022,  0.000
  0.015,298.325,  0.009,  0.000
  0.014,298.325,  0.003,  0.000
  0.014,298.381,  0.001,  0.000
  0.014,298.451,  0.001,  0.000
  0.015,298.483,  0.002,  0.000
  0.015,298.447,  0.001,  0.000
  0.015,298.136,  0.015,  0.000
  0.015,298.262,  0.013,  0.000
  0.015,298.405,  0.021,  0.000
  0.015,298.511,  0.036,  0.000
  0.015,298.473,  0.045,  0.000
  0.015,298.365,  0.033,  0.000
  0.015,298.316,  0.011,  0.000
  0.015,298.344,  0.002,  0.000
  0.015,298.377,  0.001,  0.000
  0.015,298.342,  0.000,  0.000
  0.015,298.245,  0.000,  0.000
  0.015,298.182,  0.000,  0.000
  0.015,298.242,  0.001,  0.000
  0.015,298.443,  0.002,  0.000
  0.014,298.639,  0.002,  0.000
  0.014,298.701,  0.004,  0.000
  0.014,298.693,  0.003,  0.000
  0.015,298.676,  0.003,  0.000
  0.015,298.596,  0.002,  0.000
  0.015,298.477,  0.001,  0.000
  0.015,298.422,  0.001,  0.000
  0.015,298.421,  0.001,  0.000
  0.015,298.429,  0.000,  0.000
  0.015,298.443,  0.000,  0.000
  0.015,298.441,  0.000,  0.000
  0.015,298.332,  0.004,  0.000
  0.015,298.440,  0.001,  0.000
  0.015,298.608,  0.000,  0.000
  0.015,298.651,  0.000,  0.000
  0.015,298.510,  0.000,  0.000
  0.015,298.371,  0.000,  0.000
  0.015,298.343,  0.000,  0.000
  0.015,298.404,  0.001,  0.000
  0.014,298.470,  0.000,  0.000
  0.014,298.483,  0.000,  0.000
  0.015,298.451,  0.000,  0.000
  0.015,298.413,  0.000,  0.000
  0.015,298.441,  0.000,  0.000
  0.015,298.555,  0.000,  0.000
  0.014,298.640,  0.000,  0.000
  0.014,298.621,  0.000,  0.000
  0.014,298.616,  0.000,  0.000
  0.014,298.651,  0.001,  0.000
  0.015,298.659,  0.001,  0.000
  0.015,298.612,  0.000,  0.000
  0.015,298.549,  0.000,  0.000
  0.015,298.497,  0.000,  0.000
  0.015,298.453,  0.000,  0.000
  0.015,298.438,  0.000,  0.000
  0.015,298.455,  0.000,  0.000
