  0.020,302.235,  0.000,  0.000
  0.020,302.229,  0.000,  0.000
  0.020,302.223,  0.000,  0.000
  0.020,302.218,  0.000,  0.000
  0.020,302.213,  0.000,  0.000
  0.020,302.209,  0.000,  0.000
  0.020,302.206,  0.000,  0.080
  0.020,302.203,  0.000,  0.080
  0.020,302.201,  0.000,  0.080
  0.020,302.198,  0.000,  1.570
  0.020,302.196,  0.000,  1.570
  0.020,302.194,  0.000,  1.570
  0.020,302.193,  0.000,  1.570
  0.020,302.191,  0.000,  3.630
  0.020,302.190,  0.000,  3.630
  0.020,302.188,  0.000,  3.630
  0.020,302.187,  0.000,  3.740
  0.020,302.186,  0.000,  3.740
  0.020,302.185,  0.000,  3.740
  0.020,302.185,  0.000,  3.740
  0.020,302.184,  0.000,  2.390
  0.020,302.183,  0.000,  2.390
  0.020,302.183,  0.000,  2.390
  0.020,302.182,  0.000,  2.350
  0.020,302.182,  0.000,  2.350
  0.020,302.235,  0.000,  0.000
  0.020,302.230,  0.000,  0.000
  0.020,302.225,  0.000,  0.000
  0.020,302.220,  0.000,  0.000
  0.020,302.216,  0.000,  0.000
  0.020,302.213,  0.000,  0.000
  0.020,302.210,  0.000,  0.080
  0.020,302.207,  0.000,  0.080
  0.020,302.205,  0.000,  0.080
  0.020,302.202,  0.000,  3.160
  0.020,302.200,  0.000,  3.160
  0.020,302.198,  0.000,  3.160
  0.020,302.197,  0.000,  3.160
  0.020,302.195,  0.000,  6.530
  0.020,302.193,  0.000,  6.530
  0.020,302.192,  0.000,  6.530
  0.020,302.191,  0.000,  3.330
  0.020,302.189,  0.000,  3.330
  0.020,302.188,  0.000,  3.330
  0.020,302.187,  0.000,  3.330
  0.020,302.186,  0.000,  2.840
  0.020,302.185,  0.000,  2.840
  0.020,302.185,  0.000,  2.840
  0.020,302.184,  0.000,  5.730
  0.020,302.183,  0.000,  5.730
  0.020,302.235,  0.000,  0.000
  0.020,302.231,  0.000,  0.000
  0.020,302.226,  0.000,  0.000
  0.020,302.222,  0.000,  0.000
  0.020,302.219,  0.000,  0.000
  0.020,302.216,  0.000,  0.000
  0.020,302.213,  0.000,  0.080
  0.020,302.211,  0.000,  0.080
  0.020,302.208,  0.000,  0.080
  0.020,302.206,  0.000,  3.160
  0.020,302.204,  0.000,  3.160
  0.020,302.202,  0.000,  3.160
  0.020,302.200,  0.000,  3.160
  0.020,302.198,  0.000,  6.530
  0.020,302.197,  0.000,  6.530
  0.020,302.195,  0.000,  6.530
  0.020,302.194,  0.000,  3.330
  0.020,302.192,  0.000,  3.330
  0.020,302.191,  0.000,  3.330
  0.020,302.190,  0.000,  3.330
  0.020,302.188,  0.000,  2.840
  0.020,302.187,  0.000,  2.840
  0.020,302.186,  0.000,  2.840
  0.020,302.185,  0.000,  5.730
  0.020,302.185,  0.000,  5.730
  0.020,302.235,  0.000,  0.000
  0.020,302.231,  0.000,  0.000
  0.020,302.228,  0.000,  0.000
  0.020,302.224,  0.000,  0.000
  0.020,302.221,  0.000,  0.000
  0.020,302.218,  0.000,  0.000
  0.020,302.216,  0.000,  0.080
  0.020,302.214,  0.000,  0.080
  0.020,302.212,  0.000,  0.080
  0.020,302.210,  0.000,  3.160
  0.020,302.208,  0.000,  3.160
  0.020,302.206,  0.000,  3.160
  0.020,302.204,  0.000,  3.160
  0.020,302.202,  0.000,  6.530
  0.020,302.200,  0.000,  6.530
  0.020,302.198,  0.000,  6.530
  0.020,302.197,  0.000,  3.330
  0.020,302.195,  0.000,  3.330
  0.020,302.194,  0.000,  3.330
  0.020,302.192,  0.000,  3.330
  0.020,302.191,  0.000,  2.840
  0.020,302.189,  0.000,  2.840
  0.020,302.188,  0.000,  2.840
  0.020,302.187,  0.000,  5.730
  0.020,302.186,  0.000,  5.730
  0.020,302.235,  0.000,  0.000
  0.020,302.232,  0.000,  0.000
  0.020,302.229,  0.000,  0.000
  0.020,302.226,  0.000,  0.000
  0.020,302.223,  0.000,  0.000
  0.020,302.221,  0.000,  0.000
  0.020,302.219,  0.000,  0.080
  0.020,302.217,  0.000,  0.080
  0.020,302.215,  0.000,  0.080
  0.020,302.213,  0.000,  3.160
  0.020,302.211,  0.000,  3.160
  0.020,302.209,  0.000,  3.160
  0.020,302.207,  0.000,  3.160
  0.020,302.205,  0.000,  6.530
  0.020,302.203,  0.000,  6.530
  0.020,302.201,  0.000,  6.530
  0.020,302.200,  0.000,  3.330
  0.020,302.198,  0.000,  3.330
  0.020,302.196,  0.000,  3.330
  0.020,302.195,  0.000,  3.330
  0.020,302.193,  0.000,  2.840
  0.020,302.192,  0.000,  2.840
  0.020,302.190,  0.000,  2.840
  0.020,302.189,  0.000,  5.730
  0.020,302.188,  0.000,  5.730
  0.020,302.235,  0.000,  0.000
  0.020,302.232,  0.000,  0.000
  0.020,302.230,  0.000,  0.000
  0.020,302.228,  0.000,  0.000
  0.020,302.226,  0.000,  0.000
  0.020,302.224,  0.000,  0.000
  0.020,302.222,  0.000,  0.000
  0.020,302.220,  0.000,  0.000
  0.020,302.218,  0.000,  0.000
  0.020,302.216,  0.000,  0.120
  0.020,302.214,  0.000,  0.120
  0.020,302.212,  0.000,  0.120
  0.020,302.210,  0.000,  0.120
  0.020,302.208,  0.000,  1.500
  0.020,302.206,  0.000,  1.500
  0.020,302.205,  0.000,  1.500
  0.020,302.203,  0.000,  3.410
  0.020,302.201,  0.000,  3.410
  0.020,302.199,  0.000,  3.410
  0.020,302.197,  0.000,  3.410
  0.020,302.196,  0.000,  3.090
  0.020,302.194,  0.000,  3.090
  0.020,302.192,  0.000,  3.090
  0.020,302.191,  0.000,  4.420
  0.020,302.189,  0.000,  4.420
  0.020,302.235,  0.000,  0.000
  0.020,302.233,  0.000,  0.000
  0.020,302.232,  0.000,  0.000
  0.020,302.230,  0.000,  0.000
  0.020,302.228,  0.000,  0.000
  0.020,302.226,  0.000,  0.000
  0.020,302.225,  0.000,  0.000
  0.020,302.223,  0.000,  0.000
  0.020,302.221,  0.000,  0.000
  0.020,302.219,  0.000,  0.120
  0.020,302.218,  0.000,  0.120
  0.020,302.216,  0.000,  0.120
  0.020,302.214,  0.000,  0.120
  0.020,302.212,  0.000,  1.500
  0.020,302.210,  0.000,  1.500
  0.020,302.208,  0.000,  1.500
  0.020,302.206,  0.000,  3.410
  0.020,302.204,  0.000,  3.410
  0.020,302.202,  0.000,  3.410
  0.020,302.200,  0.000,  3.410
  0.020,302.199,  0.000,  3.090
  0.020,302.197,  0.000,  3.090
  0.020,302.195,  0.000,  3.090
  0.020,302.194,  0.000,  4.420
  0.020,302.192,  0.000,  4.420
  0.020,302.237,  0.000,  0.000
  0.020,302.235,  0.000,  0.000
  0.020,302.234,  0.000,  0.000
  0.020,302.232,  0.000,  0.000
  0.020,302.231,  0.000,  0.000
  0.020,302.229,  0.000,  0.000
  0.020,302.228,  0.000,  0.000
  0.020,302.226,  0.000,  0.000
  0.020,302.224,  0.000,  0.000
  0.020,302.223,  0.000,  0.120
  0.020,302.221,  0.000,  0.120
  0.020,302.219,  0.000,  0.120
  0.020,302.217,  0.000,  0.120
  0.020,302.215,  0.000,  1.500
  0.020,302.213,  0.000,  1.500
  0.020,302.212,  0.000,  1.500
  0.020,302.210,  0.000,  3.410
  0.020,302.208,  0.000,  3.410
  0.020,302.206,  0.000,  3.410
  0.020,302.204,  0.000,  3.410
  0.020,302.202,  0.000,  3.090
  0.020,302.200,  0.000,  3.090
  0.020,302.199,  0.000,  3.090
  0.020,302.197,  0.000,  4.420
  0.020,302.195,  0.000,  4.420
  0.020,302.240,  0.000,  0.000
  0.020,302.238,  0.000,  0.000
  0.020,302.236,  0.000,  0.000
  0.020,302.235,  0.000,  0.000
  0.020,302.234,  0.000,  0.000
  0.020,302.232,  0.000,  0.000
  0.020,302.230,  0.000,  0.000
  0.020,302.229,  0.000,  0.000
  0.020,302.227,  0.000,  0.000
  0.020,302.226,  0.000,  0.120
  0.020,302.224,  0.000,  0.120
  0.020,302.222,  0.000,  0.120
  0.020,302.221,  0.000,  0.120
  0.020,302.219,  0.000,  1.500
  0.020,302.217,  0.000,  1.500
  0.020,302.215,  0.000,  1.500
  0.020,302.214,  0.000,  3.410
  0.020,302.212,  0.000,  3.410
  0.020,302.210,  0.000,  3.410
  0.020,302.208,  0.000,  3.410
  0.020,302.206,  0.000,  3.090
  0.020,302.204,  0.000,  3.090
  0.020,302.203,  0.000,  3.090
  0.020,302.201,  0.000,  4.420
  0.020,302.199,  0.000,  4.420
  0.020,302.242,  0.000,  0.050
  0.020,302.240,  0.000,  0.050
  0.020,302.239,  0.000,  0.030
  0.020,302.237,  0.000,  0.030
  0.020,302.236,  0.000,  0.030
  0.020,302.235,  0.000,  0.030
  0.020,302.233,  0.000,  0.830
  0.020,302.232,  0.000,  0.830
  0.020,302.230,  0.000,  0.830
  0.020,302.229,  0.000,  1.600
  0.020,302.227,  0.000,  1.600
  0.020,302.226,  0.000,  1.600
  0.020,302.224,  0.000,  1.600
  0.020,302.222,  0.000,  2.580
  0.020,302.221,  0.000,  2.580
  0.020,302.219,  0.000,  2.580
  0.020,302.218,  0.000,  3.980
  0.020,302.216,  0.000,  3.980
  0.020,302.214,  0.000,  3.980
  0.020,302.212,  0.000,  3.980
  0.020,302.211,  0.000,  3.280
  0.020,302.209,  0.000,  3.280
  0.020,302.207,  0.000,  3.280
  0.020,302.205,  0.000,  2.170
  0.020,302.203,  0.000,  2.170
  0.020,302.244,  0.000,  0.050
  0.020,302.243,  0.000,  0.050
  0.020,302.241,  0.000,  0.030
  0.020,302.240,  0.000,  0.030
  0.020,302.238,  0.000,  0.030
  0.020,302.237,  0.000,  0.030
  0.020,302.236,  0.000,  0.830
  0.020,302.234,  0.000,  0.830
  0.020,302.233,  0.000,  0.830
  0.020,302.232,  0.000,  1.600
  0.020,302.230,  0.000,  1.600
  0.020,302.229,  0.000,  1.600
  0.020,302.227,  0.000,  1.600
  0.020,302.226,  0.000,  2.580
  0.020,302.225,  0.000,  2.580
  0.020,302.223,  0.000,  2.580
  0.020,302.222,  0.000,  3.980
  0.020,302.220,  0.000,  3.980
  0.020,302.218,  0.000,  3.980
  0.020,302.217,  0.000,  3.980
  0.020,302.215,  0.000,  3.280
  0.020,302.214,  0.000,  3.280
  0.020,302.212,  0.000,  3.280
  0.020,302.210,  0.000,  2.170
  0.020,302.208,  0.000,  2.170
  0.020,302.246,  0.000,  0.050
  0.020,302.244,  0.000,  0.050
  0.020,302.243,  0.000,  0.030
  0.020,302.241,  0.000,  0.030
  0.020,302.240,  0.000,  0.030
  0.020,302.239,  0.000,  0.030
  0.020,302.238,  0.000,  0.830
  0.020,302.236,  0.000,  0.830
  0.020,302.235,  0.000,  0.830
  0.020,302.234,  0.000,  1.600
  0.020,302.233,  0.000,  1.600
  0.020,302.232,  0.000,  1.600
  0.020,302.231,  0.000,  1.600
  0.020,302.229,  0.000,  2.580
  0.020,302.228,  0.000,  2.580
  0.020,302.227,  0.000,  2.580
  0.020,302.226,  0.000,  3.980
  0.020,302.224,  0.000,  3.980
  0.020,302.223,  0.000,  3.980
  0.020,302.222,  0.000,  3.980
  0.020,302.220,  0.000,  3.280
  0.020,302.219,  0.000,  3.280
  0.020,302.217,  0.000,  3.280
  0.020,302.215,  0.000,  2.170
  0.020,302.213,  0.000,  2.170
  0.020,302.247,  0.000,  0.050
  0.020,302.246,  0.000,  0.050
  0.020,302.244,  0.000,  0.030
  0.020,302.243,  0.000,  0.030
  0.020,302.242,  0.000,  0.030
  0.020,302.240,  0.000,  0.030
  0.020,302.239,  0.000,  0.830
  0.020,302.238,  0.000,  0.830
  0.020,302.237,  0.000,  0.830
  0.020,302.236,  0.000,  1.600
  0.020,302.235,  0.000,  1.600
  0.020,302.235,  0.000,  1.600
  0.020,302.234,  0.000,  1.600
  0.020,302.233,  0.000,  2.580
  0.020,302.232,  0.000,  2.580
  0.020,302.231,  0.000,  2.580
  0.020,302.230,  0.000,  3.980
  0.020,302.229,  0.000,  3.980
  0.020,302.228,  0.000,  3.980
  0.020,302.226,  0.000,  3.980
  0.020,302.225,  0.000,  3.280
  0.020,302.224,  0.000,  3.280
  0.020,302.222,  0.000,  3.280
  0.020,302.220,  0.000,  2.170
  0.020,302.218,  0.000,  2.170
  0.020,302.248,  0.000,  0.100
  0.020,302.247,  0.000,  0.100
  0.020,302.245,  0.000,  7.620
  0.020,302.244,  0.000,  7.620
  0.020,302.243,  0.000,  7.620
  0.020,302.242,  0.000,  7.620
  0.020,302.241,  0.000, 11.830
  0.020,302.240,  0.000, 11.830
  0.020,302.239,  0.000, 11.830
  0.020,302.238,  0.000,  9.930
  0.020,302.238,  0.000,  9.930
  0.020,302.237,  0.000,  9.930
  0.020,302.237,  0.000,  9.930
  0.020,302.236,  0.000,  5.450
  0.020,302.235,  0.000,  5.450
  0.020,302.235,  0.000,  5.450
  0.020,302.234,  0.000,  2.550
  0.020,302.233,  0.000,  2.550
  0.020,302.232,  0.000,  2.550
  0.020,302.231,  0.000,  2.550
  0.020,302.230,  0.000,  2.030
  0.020,302.229,  0.000,  2.030
  0.020,302.228,  0.000,  2.030
  0.020,302.226,  0.000,  0.990
  0.020,302.224,  0.000,  0.990
  0.020,302.248,  0.000,  0.100
  0.020,302.247,  0.000,  0.100
  0.020,302.246,  0.000,  7.620
  0.020,302.245,  0.000,  7.620
  0.020,302.244,  0.000,  7.620
  0.020,302.243,  0.000,  7.620
  0.020,302.242,  0.000, 11.830
  0.020,302.241,  0.000, 11.830
  0.020,302.241,  0.000, 11.830
  0.020,302.240,  0.000,  9.930
  0.020,302.240,  0.000,  9.930
  0.020,302.240,  0.000,  9.930
  0.020,302.239,  0.000,  9.930
  0.020,302.239,  0.000,  5.450
  0.020,302.239,  0.000,  5.450
  0.020,302.238,  0.000,  5.450
  0.020,302.238,  0.000,  2.550
  0.020,302.238,  0.000,  2.550
  0.020,302.237,  0.000,  2.550
  0.020,302.236,  0.000,  2.550
  0.020,302.235,  0.000,  2.030
  0.020,302.234,  0.000,  2.030
  0.020,302.233,  0.000,  2.030
  0.020,302.232,  0.000,  0.990
  0.020,302.230,  0.000,  0.990
