  0.018,299.947,  0.000,  0.000
  0.018,300.044,  0.000,  0.000
  0.018,300.107,  0.000,  0.000
  0.018,300.096,  0.000,  0.000
  0.018,300.064,  0.000,  0.000
  0.018,300.090,  0.000,  0.000
  0.018,300.192,  0.000,  0.000
  0.018,300.266,  0.000,  0.000
  0.018,300.259,  0.000,  0.000
  0.018,300.240,  0.000,  0.000
  0.018,300.249,  0.000,  0.000
  0.018,300.261,  0.000,  0.000
  0.018,300.258,  0.000,  0.000
  0.018,300.262,  0.000,  0.000
  0.018,300.284,  0.000,  0.000
  0.018,300.283,  0.000,  0.000
  0.018,300.258,  0.000,  0.000
  0.018,300.264,  0.000,  0.000
  0.018,300.301,  0.000,  0.000
  0.018,300.336,  0.000,  0.000
  0.018,300.345,  0.000,  0.000
  0.018,300.347,  0.000,  0.000
  0.018,300.372,  0.000,  0.000
  0.018,300.415,  0.000,  0.010
  0.018,300.402,  0.000,  0.010
  0.018,300.005,  0.000,  0.000
  0.018,300.097,  0.000,  0.000
  0.018,300.155,  0.000,  0.000
  0.018,300.159,  0.000,  0.000
  0.018,300.164,  0.000,  0.000
  0.018,300.199,  0.000,  0.000
  0.018,300.242,  0.000,  0.000
  0.018,300.255,  0.000,  0.000
  0.018,300.251,  0.000,  0.000
  0.018,300.248,  0.000,  0.000
  0.017,300.257,  0.000,  0.000
  0.017,300.276,  0.000,  0.000
  0.018,300.276,  0.000,  0.000
  0.018,300.270,  0.000,  0.000
  0.018,300.278,  0.000,  0.000
  0.018,300.279,  0.000,  0.000
  0.018,300.285,  0.000,  0.000
  0.018,300.279,  0.000,  0.000
  0.018,300.292,  0.000,  0.000
  0.018,300.322,  0.000,  0.000
  0.018,300.355,  0.000,  0.000
  0.018,300.374,  0.000,  0.000
  0.018,300.388,  0.000,  0.000
  0.018,300.405,  0.000,  0.000
  0.018,300.390,  0.000,  0.000
  0.018,300.007,  0.000,  0.000
  0.018,300.110,  0.000,  0.000
  0.018,300.174,  0.000,  0.000
  0.018,300.203,  0.000,  0.000
  0.018,300.233,  0.000,  0.000
  0.018,300.250,  0.000,  0.000
  0.018,300.251,  0.000,  0.000
  0.018,300.248,  0.000,  0.000
  0.018,300.249,  0.000,  0.000
  0.018,300.253,  0.000,  0.000
  0.018,300.267,  0.000,  0.000
  0.018,300.293,  0.000,  0.000
  0.018,300.290,  0.000,  0.000
  0.018,300.259,  0.000,  0.000
  0.018,300.248,  0.000,  0.000
  0.018,300.281,  0.000,  0.000
  0.018,300.314,  0.000,  0.000
  0.018,300.310,  0.000,  0.000
  0.018,300.295,  0.000,  0.000
  0.018,300.306,  0.000,  0.000
  0.018,300.356,  0.000,  0.000
  0.018,300.394,  0.000,  0.000
  0.018,300.405,  0.000,  0.000
  0.018,300.418,  0.000,  0.000
  0.018,300.410,  0.000,  0.000
  0.018,299.986,  0.000,  0.000
  0.018,300.094,  0.000,  0.000
  0.018,300.177,  0.000,  0.000
  0.018,300.246,  0.000,  0.000
  0.018,300.274,  0.000,  0.000
  0.018,300.270,  0.000,  0.000
  0.018,300.268,  0.000,  0.000
  0.018,300.264,  0.000,  0.000
  0.018,300.262,  0.000,  0.000
  0.018,300.276,  0.000,  0.000
  0.018,300.300,  0.000,  0.000
  0.018,300.317,  0.000,  0.000
  0.018,300.307,  0.000,  0.000
  0.018,300.270,  0.000,  0.000
  0.018,300.247,  0.000,  0.000
  0.018,300.275,  0.000,  0.000
  0.018,300.325,  0.000,  0.000
  0.018,300.340,  0.000,  0.000
  0.018,300.319,  0.000,  0.000
  0.018,300.302,  0.000,  0.000
  0.018,300.339,  0.000,  0.000
  0.018,300.393,  0.000,  0.000
  0.018,300.424,  0.000,  0.000
  0.018,300.452,  0.000,  0.000
  0.018,300.446,  0.000,  0.000
  0.018,299.972,  0.000,  0.000
  0.018,300.061,  0.000,  0.000
  0.018,300.204,  0.000,  0.000
  0.018,300.300,  0.000,  0.000
  0.018,300.302,  0.000,  0.000
  0.018,300.292,  0.000,  0.000
  0.018,300.296,  0.000,  0.000
  0.018,300.294,  0.000,  0.000
  0.018,300.302,  0.000,  0.000
  0.018,300.323,  0.000,  0.000
  0.018,300.339,  0.000,  0.000
  0.018,300.337,  0.000,  0.000
  0.018,300.322,  0.000,  0.000
  0.018,300.297,  0.000,  0.000
  0.018,300.276,  0.000,  0.000
  0.018,300.286,  0.000,  0.000
  0.018,300.330,  0.000,  0.000
  0.018,300.349,  0.000,  0.000
  0.018,300.325,  0.000,  0.000
  0.018,300.300,  0.000,  0.000
  0.018,300.317,  0.000,  0.000
  0.018,300.379,  0.000,  0.000
  0.018,300.437,  0.000,  0.000
  0.018,300.471,  0.000,  0.000
  0.018,300.456,  0.000,  0.000
  0.018,299.979,  0.000,  0.000
  0.018,300.116,  0.000,  0.000
  0.018,300.276,  0.000,  0.000
  0.018,300.327,  0.000,  0.000
  0.018,300.310,  0.000,  0.000
  0.018,300.314,  0.000,  0.000
  0.018,300.319,  0.000,  0.000
  0.018,300.320,  0.000,  0.000
  0.018,300.337,  0.000,  0.000
  0.018,300.348,  0.000,  0.000
  0.018,300.346,  0.000,  0.000
  0.018,300.329,  0.000,  0.000
  0.018,300.321,  0.000,  0.000
  0.018,300.323,  0.000,  0.000
  0.018,300.326,  0.000,  0.000
  0.018,300.332,  0.000,  0.000
  0.018,300.344,  0.000,  0.000
  0.018,300.340,  0.000,  0.000
  0.018,300.320,  0.000,  0.000
  0.018,300.302,  0.000,  0.000
  0.018,300.313,  0.000,  0.000
  0.018,300.370,  0.000,  0.000
  0.018,300.441,  0.000,  0.000
  0.018,300.477,  0.000,  0.000
  0.018,300.449,  0.000,  0.000
  0.018,300.040,  0.000,  0.000
  0.018,300.198,  0.000,  0.000
  0.018,300.307,  0.000,  0.000
  0.018,300.312,  0.000,  0.000
  0.018,300.308,  0.000,  0.000
  0.018,300.330,  0.000,  0.000
  0.018,300.342,  0.000,  0.000
  0.018,300.334,  0.000,  0.000
  0.018,300.336,  0.000,  0.000
  0.018,300.329,  0.000,  0.000
  0.018,300.320,  0.000,  0.000
  0.018,300.315,  0.000,  0.000
  0.018,300.326,  0.000,  0.000
  0.018,300.343,  0.000,  0.000
  0.018,300.359,  0.000,  0.000
  0.018,300.360,  0.000,  0.000
  0.018,300.342,  0.000,  0.000
  0.018,300.319,  0.000,  0.000
  0.018,300.314,  0.000,  0.000
  0.018,300.321,  0.000,  0.000
  0.018,300.342,  0.000,  0.000
  0.018,300.391,  0.000,  0.000
  0.018,300.448,  0.000,  0.000
  0.018,300.471,  0.000,  0.000
  0.018,300.446,  0.000,  0.000
  0.018,300.118,  0.000,  0.000
  0.018,300.221,  0.000,  0.000
  0.018,300.283,  0.000,  0.000
  0.018,300.299,  0.000,  0.000
  0.018,300.325,  0.000,  0.000
  0.018,300.354,  0.000,  0.000
  0.018,300.360,  0.000,  0.000
  0.018,300.339,  0.000,  0.000
  0.018,300.315,  0.000,  0.000
  0.018,300.303,  0.000,  0.000
  0.018,300.308,  0.000,  0.000
  0.018,300.318,  0.000,  0.000
  0.018,300.322,  0.000,  0.000
  0.018,300.334,  0.000,  0.000
  0.018,300.353,  0.000,  0.000
  0.018,300.353,  0.000,  0.000
  0.018,300.329,  0.000,  0.000
  0.018,300.317,  0.000,  0.000
  0.018,300.333,  0.000,  0.000
  0.018,300.356,  0.000,  0.000
  0.018,300.384,  0.000,  0.000
  0.018,300.423,  0.000,  0.000
  0.018,300.457,  0.000,  0.000
  0.018,300.467,  0.000,  0.000
  0.018,300.455,  0.000,  0.000
  0.018,300.202,  0.000,  0.000
  0.018,300.229,  0.000,  0.000
  0.018,300.270,  0.000,  0.000
  0.018,300.319,  0.000,  0.000
  0.018,300.360,  0.000,  0.000
  0.018,300.378,  0.000,  0.000
  0.018,300.375,  0.000,  0.000
  0.018,300.342,  0.000,  0.000
  0.018,300.306,  0.000,  0.000
  0.018,300.301,  0.000,  0.000
  0.018,300.316,  0.000,  0.000
  0.018,300.320,  0.000,  0.000
  0.018,300.311,  0.000,  0.000
  0.018,300.311,  0.000,  0.000
  0.018,300.320,  0.000,  0.000
  0.018,300.324,  0.000,  0.000
  0.018,300.323,  0.000,  0.000
  0.018,300.333,  0.000,  0.000
  0.018,300.361,  0.000,  0.000
  0.018,300.393,  0.000,  0.000
  0.018,300.420,  0.000,  0.000
  0.018,300.441,  0.000,  0.000
  0.018,300.460,  0.000,  0.000
  0.018,300.471,  0.000,  0.000
  0.018,300.470,  0.000,  0.000
  0.018,300.256,  0.000,  0.000
  0.018,300.265,  0.000,  0.000
  0.018,300.287,  0.000,  0.000
  0.018,300.338,  0.000,  0.000
  0.018,300.365,  0.000,  0.000
  0.018,300.383,  0.000,  0.000
  0.018,300.387,  0.000,  0.000
  0.018,300.353,  0.000,  0.000
  0.018,300.320,  0.000,  0.000
  0.018,300.315,  0.000,  0.000
  0.018,300.319,  0.000,  0.000
  0.018,300.314,  0.000,  0.000
  0.018,300.306,  0.000,  0.000
  0.018,300.299,  0.000,  0.000
  0.018,300.296,  0.000,  0.000
  0.018,300.305,  0.000,  0.000
  0.018,300.330,  0.000,  0.050
  0.018,300.362,  0.000,  0.050
  0.018,300.395,  0.000,  0.050
  0.018,300.426,  0.000,  0.050
  0.018,300.445,  0.000,  0.000
  0.018,300.453,  0.000,  0.000
  0.018,300.472,  0.000,  0.000
  0.018,300.483,  0.000,  0.000
  0.018,300.479,  0.000,  0.000
  0.018,300.224,  0.000,  0.000
  0.018,300.269,  0.000,  0.000
  0.018,300.270,  0.000,  0.000
  0.018,300.233,  0.000,  0.000
  0.018,300.227,  0.000,  0.000
  0.018,300.330,  0.000,  0.000
  0.018,300.401,  0.000,  0.000
  0.018,300.362,  0.000,  0.000
  0.018,300.327,  0.000,  0.000
  0.018,300.322,  0.000,  0.000
  0.018,300.313,  0.000,  0.000
  0.018,300.313,  0.000,  0.000
  0.018,300.313,  0.000,  0.000
  0.018,300.299,  0.000,  0.000
  0.018,300.292,  0.000,  0.000
  0.018,300.310,  0.000,  0.000
  0.018,300.352,  0.000,  0.050
  0.018,300.399,  0.000,  0.050
  0.018,300.433,  0.000,  0.050
  0.018,300.452,  0.000,  0.050
  0.018,300.463,  0.000,  0.000
  0.018,300.476,  0.000,  0.000
  0.018,300.498,  0.000,  0.000
  0.018,300.498,  0.000,  0.000
  0.018,300.476,  0.000,  0.000
  0.018,300.184,  0.000,  0.000
  0.018,300.230,  0.000,  0.000
  0.018,300.193,  0.000,  0.000
  0.018,300.054,  0.000,  0.000
  0.018,300.030,  0.000,  0.000
  0.018,300.255,  0.000,  0.000
  0.018,300.416,  0.000,  0.000
  0.018,300.369,  0.000,  0.000
  0.018,300.318,  0.000,  0.000
  0.018,300.322,  0.000,  0.000
  0.018,300.312,  0.000,  0.000
  0.018,300.312,  0.000,  0.000
  0.018,300.313,  0.000,  0.000
  0.018,300.300,  0.000,  0.000
  0.018,300.302,  0.000,  0.000
  0.018,300.331,  0.000,  0.000
  0.018,300.386,  0.000,  0.050
  0.018,300.439,  0.000,  0.050
  0.018,300.461,  0.000,  0.050
  0.018,300.468,  0.000,  0.050
  0.018,300.482,  0.000,  0.000
  0.018,300.508,  0.000,  0.000
  0.018,300.518,  0.000,  0.000
  0.018,300.499,  0.000,  0.000
  0.018,300.463,  0.000,  0.000
  0.018,300.201,  0.000,  0.000
  0.018,300.201,  0.000,  0.000
  0.018,300.145,  0.000,  0.000
  0.018,300.025,  0.000,  0.000
  0.018,300.027,  0.000,  0.000
  0.018,300.259,  0.000,  0.000
  0.018,300.425,  0.000,  0.000
  0.018,300.381,  0.000,  0.000
  0.018,300.320,  0.000,  0.000
  0.018,300.323,  0.000,  0.000
  0.018,300.314,  0.000,  0.000
  0.018,300.307,  0.000,  0.000
  0.018,300.304,  0.000,  0.000
  0.018,300.300,  0.000,  0.000
  0.018,300.314,  0.000,  0.000
  0.018,300.357,  0.000,  0.000
  0.018,300.419,  0.000,  0.050
  0.018,300.463,  0.000,  0.050
  0.018,300.478,  0.000,  0.050
  0.017,300.488,  0.000,  0.050
  0.018,300.510,  0.000,  0.000
  0.018,300.518,  0.000,  0.000
  0.018,300.502,  0.000,  0.000
  0.018,300.475,  0.000,  0.000
  0.018,300.450,  0.000,  0.000
  0.018,300.243,  0.000,  0.000
  0.018,300.222,  0.000,  0.000
  0.018,300.185,  0.000,  0.000
  0.018,300.151,  0.000,  0.000
  0.018,300.198,  0.000,  0.000
  0.018,300.344,  0.000,  0.000
  0.018,300.414,  0.000,  0.000
  0.018,300.386,  0.000,  0.000
  0.018,300.348,  0.000,  0.000
  0.018,300.330,  0.000,  0.000
  0.018,300.310,  0.000,  0.000
  0.018,300.300,  0.000,  0.000
  0.018,300.302,  0.000,  0.000
  0.018,300.310,  0.000,  0.000
  0.018,300.338,  0.000,  0.000
  0.018,300.386,  0.000,  0.000
  0.018,300.437,  0.000,  0.070
  0.018,300.471,  0.000,  0.070
  0.017,300.488,  0.000,  0.070
  0.018,300.506,  0.000,  0.070
  0.018,300.510,  0.000,  0.000
  0.018,300.489,  0.000,  0.000
  0.018,300.462,  0.000,  0.000
  0.018,300.446,  0.000,  0.000
  0.018,300.445,  0.000,  0.000
  0.018,300.264,  0.000,  0.000
  0.018,300.256,  0.000,  0.000
  0.018,300.250,  0.000,  0.000
  0.018,300.265,  0.000,  0.000
  0.018,300.318,  0.000,  0.000
  0.018,300.368,  0.000,  0.000
  0.018,300.381,  0.001,  0.000
  0.018,300.377,  0.000,  0.000
  0.018,300.371,  0.000,  0.000
  0.018,300.351,  0.000,  0.000
  0.018,300.318,  0.000,  0.000
  0.018,300.303,  0.000,  0.000
  0.018,300.308,  0.000,  0.000
  0.018,300.338,  0.000,  0.000
  0.018,300.384,  0.000,  0.000
  0.018,300.420,  0.000,  0.000
  0.018,300.446,  0.000,  0.070
  0.018,300.473,  0.000,  0.070
  0.017,300.497,  0.000,  0.070
  0.018,300.504,  0.000,  0.070
  0.018,300.481,  0.000,  0.000
  0.018,300.452,  0.000,  0.000
  0.018,300.437,  0.000,  0.000
  0.018,300.439,  0.000,  0.000
  0.018,300.447,  0.000,  0.000
