  0.020,300.723,  0.000,  0.000
  0.020,300.721,  0.000,  0.000
  0.020,300.718,  0.000,  0.000
  0.020,300.715,  0.000,  0.000
  0.020,300.712,  0.000,  0.000
  0.020,300.709,  0.000,  0.000
  0.020,300.707,  0.000,  0.000
  0.020,300.707,  0.000,  0.000
  0.020,300.707,  0.000,  0.000
  0.020,300.707,  0.000,  0.000
  0.020,300.707,  0.000,  0.000
  0.020,300.708,  0.000,  0.000
  0.020,300.708,  0.000,  0.000
  0.020,300.708,  0.000,  0.000
  0.020,300.707,  0.000,  0.000
  0.020,300.705,  0.000,  0.000
  0.020,300.703,  0.000,  0.000
  0.020,300.701,  0.000,  0.000
  0.020,300.699,  0.000,  0.000
  0.020,300.697,  0.000,  0.000
  0.020,300.695,  0.000,  0.000
  0.020,300.694,  0.000,  0.000
  0.020,300.693,  0.000,  0.000
  0.020,300.712,  0.000,  0.000
  0.020,300.709,  0.000,  0.000
  0.020,300.736,  0.000,  0.000
  0.020,300.733,  0.000,  0.000
  0.020,300.730,  0.000,  0.000
  0.020,300.726,  0.000,  0.000
  0.020,300.723,  0.000,  0.000
  0.020,300.719,  0.000,  0.000
  0.020,300.718,  0.000,  0.000
  0.020,300.718,  0.000,  0.000
  0.020,300.718,  0.000,  0.000
  0.020,300.718,  0.000,  0.000
  0.020,300.718,  0.000,  0.000
  0.020,300.719,  0.000,  0.000
  0.020,300.718,  0.000,  0.000
  0.020,300.718,  0.000,  0.000
  0.020,300.716,  0.000,  0.000
  0.020,300.714,  0.000,  0.000
  0.020,300.712,  0.000,  0.000
  0.020,300.710,  0.000,  0.000
  0.020,300.708,  0.000,  0.000
  0.020,300.706,  0.000,  0.000
  0.020,300.703,  0.000,  0.000
  0.020,300.701,  0.000,  0.000
  0.020,300.700,  0.000,  0.000
  0.020,300.718,  0.000,  0.000
  0.020,300.714,  0.000,  0.000
  0.020,300.747,  0.000,  0.000
  0.020,300.744,  0.000,  0.000
  0.020,300.740,  0.000,  0.000
  0.020,300.737,  0.000,  0.000
  0.020,300.734,  0.000,  0.000
  0.020,300.731,  0.000,  0.000
  0.020,300.730,  0.000,  0.000
  0.020,300.730,  0.000,  0.000
  0.020,300.730,  0.000,  0.000
  0.020,300.730,  0.000,  0.000
  0.020,300.730,  0.000,  0.000
  0.020,300.730,  0.000,  0.000
  0.020,300.729,  0.000,  0.000
  0.020,300.728,  0.000,  0.000
  0.020,300.726,  0.000,  0.000
  0.020,300.724,  0.000,  0.000
  0.020,300.722,  0.000,  0.000
  0.020,300.719,  0.000,  0.000
  0.020,300.717,  0.000,  0.000
  0.020,300.714,  0.000,  0.000
  0.020,300.711,  0.000,  0.000
  0.020,300.709,  0.000,  0.000
  0.020,300.707,  0.000,  0.000
  0.020,300.724,  0.000,  0.000
  0.020,300.720,  0.000,  0.000
  0.020,300.757,  0.000,  0.000
  0.020,300.755,  0.000,  0.000
  0.020,300.752,  0.000,  0.000
  0.020,300.749,  0.000,  0.000
  0.020,300.746,  0.000,  0.000
  0.020,300.743,  0.000,  0.000
  0.020,300.741,  0.000,  0.000
  0.020,300.741,  0.000,  0.000
  0.020,300.741,  0.000,  0.000
  0.020,300.741,  0.000,  0.000
  0.020,300.741,  0.000,  0.000
  0.020,300.741,  0.000,  0.000
  0.020,300.740,  0.000,  0.000
  0.020,300.738,  0.000,  0.000
  0.020,300.736,  0.000,  0.000
  0.020,300.734,  0.000,  0.000
  0.020,300.731,  0.000,  0.000
  0.020,300.728,  0.000,  0.000
  0.020,300.725,  0.000,  0.000
  0.020,300.722,  0.000,  0.000
  0.020,300.719,  0.000,  0.000
  0.020,300.716,  0.000,  0.000
  0.020,300.714,  0.000,  0.000
  0.020,300.729,  0.000,  0.000
  0.020,300.725,  0.000,  0.000
  0.020,300.769,  0.000,  0.000
  0.020,300.767,  0.000,  0.000
  0.020,300.764,  0.000,  0.000
  0.020,300.761,  0.000,  0.000
  0.020,300.758,  0.000,  0.000
  0.020,300.755,  0.000,  0.000
  0.020,300.753,  0.000,  0.000
  0.020,300.753,  0.000,  0.000
  0.020,300.753,  0.000,  0.000
  0.020,300.753,  0.000,  0.000
  0.020,300.753,  0.000,  0.000
  0.020,300.752,  0.000,  0.000
  0.020,300.751,  0.000,  0.000
  0.020,300.749,  0.000,  0.000
  0.020,300.747,  0.000,  0.000
  0.020,300.744,  0.000,  0.000
  0.020,300.741,  0.000,  0.000
  0.020,300.738,  0.000,  0.000
  0.020,300.734,  0.000,  0.000
  0.020,300.731,  0.000,  0.000
  0.020,300.728,  0.000,  0.000
  0.020,300.725,  0.000,  0.000
  0.020,300.722,  0.000,  0.000
  0.020,300.734,  0.000,  0.000
  0.020,300.729,  0.000,  0.000
  0.020,300.781,  0.000,  0.000
  0.020,300.779,  0.000,  0.000
  0.020,300.776,  0.000,  0.000
  0.020,300.773,  0.000,  0.000
  0.020,300.770,  0.000,  0.000
  0.020,300.767,  0.000,  0.000
  0.020,300.766,  0.000,  0.000
  0.020,300.766,  0.000,  0.000
  0.020,300.766,  0.000,  0.000
  0.020,300.766,  0.000,  0.000
  0.020,300.766,  0.000,  0.000
  0.020,300.765,  0.000,  0.000
  0.020,300.763,  0.000,  0.000
  0.020,300.761,  0.000,  0.000
  0.020,300.758,  0.000,  0.000
  0.020,300.755,  0.000,  0.000
  0.020,300.751,  0.000,  0.000
  0.020,300.747,  0.000,  0.000
  0.020,300.743,  0.000,  0.000
  0.020,300.740,  0.000,  0.000
  0.020,300.736,  0.000,  0.000
  0.020,300.733,  0.000,  0.000
  0.020,300.730,  0.000,  0.000
  0.020,300.739,  0.000,  0.000
  0.020,300.734,  0.000,  0.000
  0.020,300.793,  0.000,  0.000
  0.020,300.790,  0.000,  0.000
  0.020,300.788,  0.000,  0.000
  0.020,300.785,  0.000,  0.000
  0.020,300.782,  0.000,  0.000
  0.020,300.780,  0.000,  0.000
  0.020,300.779,  0.000,  0.000
  0.020,300.779,  0.000,  0.000
  0.020,300.779,  0.000,  0.000
  0.020,300.779,  0.000,  0.000
  0.020,300.779,  0.000,  0.000
  0.020,300.778,  0.000,  0.000
  0.020,300.776,  0.000,  0.000
  0.020,300.772,  0.000,  0.000
  0.020,300.769,  0.000,  0.000
  0.020,300.765,  0.000,  0.000
  0.020,300.761,  0.000,  0.000
  0.020,300.756,  0.000,  0.000
  0.020,300.752,  0.000,  0.000
  0.020,300.748,  0.000,  0.000
  0.020,300.744,  0.000,  0.000
  0.020,300.741,  0.000,  0.000
  0.020,300.737,  0.000,  0.000
  0.020,300.743,  0.000,  0.000
  0.020,300.738,  0.000,  0.000
  0.020,300.805,  0.000,  0.000
  0.020,300.803,  0.000,  0.000
  0.020,300.800,  0.000,  0.000
  0.020,300.798,  0.000,  0.000
  0.020,300.796,  0.000,  0.000
  0.020,300.794,  0.000,  0.000
  0.020,300.793,  0.000,  0.000
  0.020,300.793,  0.000,  0.000
  0.020,300.793,  0.000,  0.000
  0.020,300.793,  0.000,  0.000
  0.020,300.792,  0.000,  0.000
  0.020,300.790,  0.000,  0.000
  0.020,300.788,  0.000,  0.000
  0.020,300.784,  0.000,  0.000
  0.020,300.780,  0.000,  0.000
  0.020,300.775,  0.000,  0.000
  0.020,300.770,  0.000,  0.000
  0.020,300.766,  0.000,  0.000
  0.020,300.761,  0.000,  0.000
  0.020,300.756,  0.000,  0.000
  0.020,300.752,  0.000,  0.000
  0.020,300.748,  0.000,  0.000
  0.020,300.744,  0.000,  0.000
  0.020,300.747,  0.000,  0.000
  0.020,300.741,  0.000,  0.000
  0.020,300.817,  0.000,  0.000
  0.020,300.815,  0.000,  0.000
  0.020,300.813,  0.000,  0.000
  0.020,300.811,  0.000,  0.000
  0.020,300.809,  0.000,  0.000
  0.020,300.807,  0.000,  0.000
  0.020,300.806,  0.000,  0.000
  0.020,300.807,  0.000,  0.000
  0.020,300.807,  0.000,  0.000
  0.020,300.806,  0.000,  0.000
  0.020,300.805,  0.000,  0.000
  0.020,300.802,  0.000,  0.000
  0.020,300.799,  0.000,  0.000
  0.020,300.794,  0.000,  0.000
  0.020,300.789,  0.000,  0.000
  0.020,300.784,  0.000,  0.000
  0.020,300.779,  0.000,  0.000
  0.020,300.774,  0.000,  0.000
  0.020,300.769,  0.000,  0.000
  0.020,300.764,  0.000,  0.000
  0.020,300.759,  0.000,  0.000
  0.020,300.754,  0.000,  0.000
  0.020,300.750,  0.000,  0.000
  0.020,300.750,  0.000,  0.000
  0.020,300.743,  0.000,  0.000
  0.020,300.830,  0.000,  0.000
  0.020,300.829,  0.000,  0.000
  0.020,300.827,  0.000,  0.000
  0.020,300.825,  0.000,  0.000
  0.020,300.823,  0.000,  0.000
  0.020,300.821,  0.000,  0.000
  0.020,300.820,  0.000,  0.000
  0.020,300.820,  0.000,  0.000
  0.020,300.819,  0.000,  0.000
  0.020,300.818,  0.000,  0.000
  0.020,300.817,  0.000,  0.000
  0.020,300.815,  0.000,  0.000
  0.020,300.810,  0.000,  0.000
  0.020,300.805,  0.000,  0.000
  0.020,300.799,  0.000,  0.000
  0.020,300.794,  0.000,  0.000
  0.020,300.788,  0.000,  0.000
  0.020,300.782,  0.000,  0.000
  0.020,300.777,  0.000,  0.000
  0.020,300.772,  0.000,  0.000
  0.020,300.766,  0.000,  0.000
  0.020,300.761,  0.000,  0.000
  0.020,300.756,  0.000,  0.000
  0.020,300.753,  0.000,  0.080
  0.020,300.746,  0.000,  0.080
  0.020,300.838,  0.000,  0.000
  0.020,300.838,  0.000,  0.000
  0.020,300.837,  0.000,  0.000
  0.020,300.836,  0.000,  0.000
  0.020,300.835,  0.000,  0.000
  0.020,300.833,  0.000,  0.000
  0.020,300.832,  0.000,  0.000
  0.020,300.831,  0.000,  0.000
  0.020,300.830,  0.000,  0.000
  0.020,300.829,  0.000,  0.000
  0.020,300.828,  0.000,  0.000
  0.020,300.825,  0.000,  0.000
  0.020,300.821,  0.000,  0.000
  0.020,300.816,  0.000,  0.000
  0.020,300.810,  0.000,  0.000
  0.020,300.805,  0.000,  0.000
  0.020,300.800,  0.000,  0.000
  0.020,300.794,  0.000,  0.000
  0.020,300.788,  0.000,  0.000
  0.020,300.782,  0.000,  0.000
  0.020,300.776,  0.000,  0.000
  0.020,300.769,  0.000,  0.000
  0.020,300.762,  0.000,  0.000
  0.020,300.755,  0.000,  0.080
  0.020,300.748,  0.000,  0.080
  0.020,300.849,  0.000,  0.000
  0.020,300.849,  0.000,  0.000
  0.020,300.848,  0.000,  0.000
  0.020,300.847,  0.000,  0.000
  0.020,300.845,  0.000,  0.000
  0.020,300.843,  0.000,  0.000
  0.020,300.842,  0.000,  0.000
  0.020,300.841,  0.000,  0.000
  0.020,300.840,  0.000,  0.000
  0.020,300.839,  0.000,  0.000
  0.020,300.837,  0.000,  0.000
  0.020,300.834,  0.000,  0.000
  0.020,300.829,  0.000,  0.000
  0.020,300.822,  0.000,  0.000
  0.020,300.817,  0.000,  0.000
  0.020,300.811,  0.000,  0.000
  0.020,300.805,  0.000,  0.000
  0.020,300.799,  0.000,  0.000
  0.020,300.793,  0.000,  0.000
  0.020,300.786,  0.000,  0.000
  0.020,300.780,  0.000,  0.000
  0.020,300.772,  0.000,  0.000
  0.020,300.765,  0.000,  0.000
  0.020,300.758,  0.000,  0.080
  0.020,300.751,  0.000,  0.080
  0.020,300.860,  0.000,  0.000
  0.020,300.859,  0.000,  0.000
  0.020,300.858,  0.000,  0.000
  0.020,300.857,  0.000,  0.000
  0.020,300.855,  0.000,  0.000
  0.020,300.853,  0.000,  0.000
  0.020,300.852,  0.000,  0.000
  0.020,300.851,  0.000,  0.000
  0.020,300.850,  0.000,  0.000
  0.020,300.849,  0.000,  0.000
  0.020,300.846,  0.000,  0.000
  0.020,300.842,  0.000,  0.000
  0.020,300.836,  0.000,  0.000
  0.020,300.829,  0.000,  0.000
  0.020,300.823,  0.000,  0.000
  0.020,300.816,  0.000,  0.000
  0.020,300.810,  0.000,  0.000
  0.020,300.804,  0.000,  0.000
  0.020,300.797,  0.000,  0.000
  0.020,300.790,  0.000,  0.000
  0.020,300.783,  0.000,  0.000
  0.020,300.775,  0.000,  0.000
  0.020,300.768,  0.000,  0.000
  0.020,300.760,  0.000,  0.080
  0.020,300.753,  0.000,  0.080
  0.020,300.871,  0.000,  0.000
  0.020,300.870,  0.000,  0.000
  0.020,300.868,  0.000,  0.000
  0.020,300.867,  0.000,  0.000
  0.020,300.865,  0.000,  0.000
  0.020,300.863,  0.000,  0.000
  0.020,300.861,  0.000,  0.000
  0.020,300.861,  0.000,  0.000
  0.020,300.860,  0.000,  0.000
  0.020,300.858,  0.000,  0.000
  0.020,300.855,  0.000,  0.000
  0.020,300.849,  0.000,  0.000
  0.020,300.842,  0.000,  0.000
  0.020,300.835,  0.000,  0.000
  0.020,300.828,  0.000,  0.000
  0.020,300.822,  0.000,  0.000
  0.020,300.815,  0.000,  0.000
  0.020,300.808,  0.000,  0.000
  0.020,300.801,  0.000,  0.000
  0.020,300.793,  0.000,  0.000
  0.020,300.786,  0.000,  0.000
  0.020,300.778,  0.000,  0.000
  0.020,300.770,  0.000,  0.000
  0.020,300.762,  0.000,  0.000
  0.020,300.755,  0.000,  0.000
  0.020,300.880,  0.000,  0.000
  0.020,300.879,  0.000,  0.000
  0.020,300.878,  0.000,  0.000
  0.020,300.876,  0.000,  0.000
  0.020,300.874,  0.000,  0.000
  0.020,300.872,  0.000,  0.000
  0.020,300.871,  0.000,  0.000
  0.020,300.870,  0.000,  0.000
  0.020,300.869,  0.000,  0.000
  0.020,300.868,  0.000,  0.000
  0.020,300.863,  0.000,  0.000
  0.020,300.856,  0.000,  0.000
  0.020,300.849,  0.000,  0.000
  0.020,300.841,  0.000,  0.000
  0.020,300.834,  0.000,  0.000
  0.020,300.827,  0.000,  0.000
  0.020,300.819,  0.000,  0.000
  0.020,300.812,  0.000,  0.000
  0.020,300.805,  0.000,  0.000
  0.020,300.797,  0.000,  0.000
  0.020,300.788,  0.000,  0.000
  0.020,300.780,  0.000,  0.000
  0.020,300.773,  0.000,  0.000
  0.020,300.765,  0.000,  0.000
  0.020,300.757,  0.000,  0.000
