  0.015,298.059,  0.000,  0.000
  0.015,297.997,  0.000,  0.000
  0.015,298.069,  0.000,  0.000
  0.015,298.115,  0.000,  0.000
  0.015,298.046,  0.014,  0.000
  0.015,298.038,  0.140,  0.000
  0.015,298.057,  0.216,  0.000
  0.015,298.052,  0.001,  0.000
  0.015,298.033,  0.001,  0.000
  0.015,298.007,  0.000,  0.000
  0.015,298.037,  0.000,  0.000
  0.015,298.077,  0.000,  0.000
  0.015,298.069,  0.000,  0.000
  0.015,298.077,  0.000,  0.000
  0.015,298.061,  0.001,  0.000
  0.015,298.010,  0.006,  0.000
  0.015,298.003,  0.016,  0.000
  0.015,298.036,  0.000,  0.000
  0.015,298.006,  0.000,  0.000
  0.015,297.927,  0.000,  0.000
  0.015,297.919,  0.000,  0.000
  0.015,297.967,  0.000,  0.000
  0.015,298.030,  0.005,  0.000
  0.015,298.044,  0.018,  0.000
  0.014,298.009,  0.009,  0.000
  0.015,298.102,  0.000,  0.000
  0.015,298.037,  0.000,  0.000
  0.015,298.064,  0.000,  0.000
  0.015,298.141,  0.000,  0.000
  0.015,298.098,  0.002,  0.000
  0.015,298.040,  0.073,  0.000
  0.015,298.071,  0.261,  0.000
  0.015,298.107,  0.005,  0.000
  0.015,298.097,  0.001,  0.000
  0.015,298.061,  0.000,  0.000
  0.015,298.065,  0.000,  0.000
  0.015,298.089,  0.000,  0.000
  0.015,298.091,  0.000,  0.000
  0.015,298.131,  0.000,  0.000
  0.015,298.103,  0.003,  0.000
  0.014,298.011,  0.050,  0.000
  0.014,298.016,  0.135,  0.000
  0.015,298.061,  0.007,  0.000
  0.015,298.054,  0.002,  0.000
  0.015,297.984,  0.000,  0.000
  0.015,297.965,  0.000,  0.000
  0.015,297.997,  0.000,  0.000
  0.015,298.051,  0.000,  0.000
  0.015,298.075,  0.000,  0.000
  0.015,298.026,  0.000,  0.000
  0.015,298.145,  0.000,  0.000
  0.015,298.115,  0.000,  0.000
  0.015,298.089,  0.000,  0.000
  0.015,298.147,  0.000,  0.000
  0.015,298.166,  0.000,  0.000
  0.015,298.110,  0.010,  0.000
  0.015,298.080,  0.049,  0.000
  0.015,298.089,  0.006,  0.000
  0.015,298.121,  0.000,  0.000
  0.015,298.132,  0.000,  0.000
  0.015,298.132,  0.000,  0.000
  0.015,298.120,  0.000,  0.000
  0.015,298.103,  0.000,  0.000
  0.015,298.148,  0.000,  0.000
  0.015,298.139,  0.004,  0.000
  0.014,298.056,  0.077,  0.000
  0.014,298.050,  0.243,  0.000
  0.015,298.100,  0.061,  0.000
  0.015,298.093,  0.016,  0.000
  0.015,298.022,  0.001,  0.000
  0.015,297.996,  0.000,  0.000
  0.015,298.039,  0.000,  0.000
  0.015,298.074,  0.002,  0.000
  0.015,298.094,  0.004,  0.000
  0.015,298.042,  0.000,  0.000
  0.015,298.167,  0.000,  0.000
  0.015,298.191,  0.000,  0.000
  0.015,298.150,  0.000,  0.000
  0.015,298.157,  0.000,  0.000
  0.015,298.204,  0.000,  0.000
  0.015,298.199,  0.001,  0.000
  0.015,298.138,  0.001,  0.000
  0.015,298.104,  0.001,  0.000
  0.015,298.145,  0.000,  0.000
  0.015,298.192,  0.000,  0.000
  0.015,298.179,  0.000,  0.000
  0.015,298.151,  0.000,  0.000
  0.015,298.142,  0.000,  0.000
  0.015,298.123,  0.000,  0.000
  0.015,298.104,  0.004,  0.000
  0.015,298.106,  0.019,  0.000
  0.015,298.119,  0.064,  0.000
  0.015,298.152,  0.174,  0.000
  0.015,298.120,  0.040,  0.000
  0.015,298.044,  0.001,  0.000
  0.015,298.037,  0.000,  0.000
  0.015,298.067,  0.001,  0.000
  0.015,298.071,  0.013,  0.000
  0.015,298.089,  0.034,  0.000
  0.013,297.402,  0.001,  0.000
  0.015,298.171,  0.000,  0.000
  0.015,298.233,  0.000,  0.000
  0.015,298.231,  0.000,  0.000
  0.015,298.193,  0.000,  0.000
  0.015,298.195,  0.000,  0.000
  0.015,298.195,  0.000,  0.000
  0.015,298.192,  0.000,  0.000
  0.015,298.188,  0.001,  0.000
  0.015,298.214,  0.000,  0.000
  0.015,298.204,  0.000,  0.000
  0.015,298.143,  0.000,  0.000
  0.015,298.136,  0.000,  0.000
  0.015,298.170,  0.000,  0.000
  0.015,298.114,  0.004,  0.000
  0.015,298.052,  0.019,  0.000
  0.015,298.114,  0.044,  0.000
  0.015,298.189,  0.084,  0.000
  0.015,298.177,  0.122,  0.000
  0.015,298.100,  0.037,  0.000
  0.015,298.073,  0.000,  0.000
  0.015,298.099,  0.000,  0.000
  0.015,298.100,  0.001,  0.000
  0.015,298.078,  0.027,  0.000
  0.015,298.089,  0.093,  0.000
  0.015,298.114,  0.021,  0.000
  0.015,298.185,  0.000,  0.000
  0.015,298.253,  0.000,  0.000
  0.015,298.296,  0.000,  0.000
  0.015,298.242,  0.000,  0.000
  0.015,298.174,  0.000,  0.000
  0.015,298.148,  0.006,  0.000
  0.015,298.206,  0.040,  0.000
  0.015,298.253,  0.040,  0.000
  0.015,298.243,  0.000,  0.000
  0.015,298.190,  0.000,  0.000
  0.015,298.112,  0.000,  0.000
  0.015,298.105,  0.000,  0.000
  0.015,298.152,  0.001,  0.000
  0.015,298.134,  0.007,  0.000
  0.015,298.086,  0.031,  0.000
  0.015,298.135,  0.065,  0.000
  0.015,298.210,  0.099,  0.000
  0.015,298.150,  0.082,  0.000
  0.015,298.048,  0.015,  0.000
  0.015,298.097,  0.000,  0.000
  0.015,298.173,  0.000,  0.000
  0.013,297.534,  0.003,  0.000
  0.013,297.705,  0.041,  0.000
  0.015,298.104,  0.129,  0.000
  0.015,298.129,  0.077,  0.000
  0.015,298.203,  0.000,  0.000
  0.015,298.270,  0.000,  0.000
  0.015,298.328,  0.000,  0.000
  0.013,297.648,  0.000,  0.000
  0.015,298.184,  0.000,  0.000
  0.015,298.166,  0.031,  0.000
  0.015,298.216,  0.267,  0.000
  0.015,298.226,  0.372,  0.000
  0.015,298.212,  0.007,  0.000
  0.015,298.206,  0.002,  0.000
  0.015,298.149,  0.002,  0.000
  0.015,298.106,  0.001,  0.000
  0.015,298.119,  0.000,  0.000
  0.015,298.155,  0.000,  0.000
  0.015,298.158,  0.000,  0.000
  0.015,298.154,  0.002,  0.000
  0.015,298.168,  0.012,  0.000
  0.015,298.108,  0.026,  0.000
  0.015,298.039,  0.005,  0.000
  0.015,298.107,  0.001,  0.000
  0.015,298.219,  0.000,  0.000
  0.013,297.591,  0.011,  0.000
  0.013,297.540,  0.088,  0.000
  0.014,298.110,  0.188,  0.000
  0.015,298.110,  0.116,  0.000
  0.015,298.213,  0.000,  0.000
  0.015,298.288,  0.000,  0.000
  0.015,298.336,  0.000,  0.000
  0.013,297.671,  0.000,  0.000
  0.015,298.232,  0.000,  0.000
  0.015,298.237,  0.036,  0.000
  0.015,298.221,  0.473,  0.000
  0.015,298.162,  1.158,  0.000
  0.015,298.154,  0.036,  0.000
  0.015,298.217,  0.006,  0.000
  0.015,298.202,  0.004,  0.000
  0.015,298.136,  0.001,  0.000
  0.015,298.112,  0.000,  0.000
  0.015,298.170,  0.001,  0.000
  0.015,298.217,  0.003,  0.000
  0.015,298.166,  0.007,  0.000
  0.015,298.125,  0.004,  0.000
  0.015,298.097,  0.007,  0.000
  0.015,298.092,  0.005,  0.000
  0.015,298.138,  0.000,  0.000
  0.015,298.205,  0.000,  0.000
  0.013,297.542,  0.011,  0.000
  0.013,297.482,  0.094,  0.000
  0.015,298.131,  0.208,  0.000
  0.014,298.109,  0.146,  0.000
  0.015,298.214,  0.000,  0.000
  0.015,298.301,  0.000,  0.000
  0.013,297.713,  0.000,  0.000
  0.015,298.296,  0.000,  0.000
  0.015,298.280,  0.000,  0.000
  0.015,298.285,  0.008,  0.000
  0.015,298.223,  0.157,  0.000
  0.015,298.136,  0.641,  0.000
  0.015,298.121,  0.086,  0.000
  0.015,298.189,  0.003,  0.000
  0.015,298.212,  0.001,  0.000
  0.015,298.171,  0.000,  0.000
  0.015,298.139,  0.000,  0.000
  0.015,298.183,  0.000,  0.000
  0.015,298.252,  0.004,  0.000
  0.015,298.203,  0.007,  0.000
  0.015,298.140,  0.001,  0.000
  0.015,298.143,  0.001,  0.000
  0.015,298.165,  0.000,  0.000
  0.015,298.177,  0.000,  0.000
  0.015,298.164,  0.000,  0.000
  0.014,297.934,  0.000,  0.000
  0.013,297.500,  0.014,  0.000
  0.015,298.194,  0.096,  0.000
  0.015,298.156,  0.099,  0.000
  0.015,298.225,  0.000,  0.000
  0.015,298.316,  0.000,  0.000
  0.013,297.821,  0.000,  0.000
  0.015,298.290,  0.000,  0.000
  0.015,298.302,  0.000,  0.000
  0.015,298.316,  0.001,  0.000
  0.013,297.589,  0.003,  0.000
  0.015,298.163,  0.005,  0.000
  0.015,298.139,  0.003,  0.000
  0.015,298.157,  0.000,  0.000
  0.015,298.181,  0.000,  0.000
  0.015,298.191,  0.000,  0.000
  0.015,298.179,  0.001,  0.000
  0.015,298.195,  0.005,  0.000
  0.015,298.231,  0.001,  0.000
  0.015,298.231,  0.000,  0.000
  0.015,298.191,  0.000,  0.000
  0.015,298.193,  0.000,  0.000
  0.015,298.217,  0.000,  0.000
  0.015,298.213,  0.000,  0.000
  0.013,297.497,  0.000,  0.000
  0.013,297.445,  0.002,  0.000
  0.015,298.182,  0.004,  0.000
  0.015,298.245,  0.013,  0.000
  0.015,298.187,  0.023,  0.000
  0.015,298.271,  0.000,  0.000
  0.015,298.348,  0.000,  0.000
  0.014,298.194,  0.000,  0.000
  0.015,298.301,  0.001,  0.000
  0.015,298.309,  0.027,  0.000
  0.015,298.324,  0.075,  0.000
  0.013,297.616,  0.015,  0.000
  0.015,298.201,  0.001,  0.000
  0.015,298.190,  0.001,  0.000
  0.015,298.176,  0.000,  0.000
  0.015,298.181,  0.000,  0.000
  0.015,298.200,  0.000,  0.000
  0.014,297.814,  0.004,  0.000
  0.014,297.793,  0.022,  0.000
  0.015,298.189,  0.007,  0.000
  0.015,298.208,  0.000,  0.000
  0.015,298.215,  0.000,  0.000
  0.015,298.219,  0.000,  0.000
  0.015,298.245,  0.000,  0.000
  0.014,297.617,  0.000,  0.000
  0.014,297.547,  0.002,  0.000
  0.015,298.168,  0.008,  0.000
  0.015,298.217,  0.008,  0.000
  0.015,298.241,  0.008,  0.000
  0.015,298.172,  0.005,  0.000
  0.015,298.338,  0.016,  0.000
  0.013,297.785,  0.001,  0.000
  0.013,297.811,  0.000,  0.000
  0.015,298.308,  0.021,  0.000
  0.015,298.326,  0.269,  0.000
  0.013,297.698,  0.535,  0.000
  0.015,298.282,  0.141,  0.000
  0.015,298.237,  0.002,  0.000
  0.015,298.241,  0.001,  0.000
  0.015,298.225,  0.000,  0.000
  0.015,298.221,  0.000,  0.000
  0.014,297.835,  0.000,  0.000
  0.013,297.623,  0.002,  0.000
  0.013,297.582,  0.013,  0.000
  0.014,298.005,  0.013,  0.000
  0.015,298.190,  0.002,  0.000
  0.015,298.222,  0.000,  0.000
  0.015,298.232,  0.000,  0.000
  0.015,298.259,  0.000,  0.000
  0.013,297.634,  0.001,  0.000
  0.014,297.581,  0.005,  0.000
  0.015,298.213,  0.011,  0.000
  0.015,298.243,  0.008,  0.000
  0.013,297.597,  0.003,  0.000
  0.015,298.156,  0.001,  0.000
  0.015,298.407,  0.373,  0.000
  0.013,297.840,  0.061,  0.000
  0.013,297.768,  0.000,  0.000
  0.015,298.307,  0.071,  0.000
  0.015,298.324,  0.742,  0.000
  0.015,298.328,  1.186,  0.000
  0.015,298.299,  0.369,  0.000
  0.015,298.288,  0.002,  0.000
  0.015,298.286,  0.002,  0.000
  0.015,298.263,  0.000,  0.000
  0.014,297.841,  0.000,  0.000
  0.013,297.694,  0.008,  0.000
  0.014,297.686,  0.023,  0.000
  0.013,297.601,  0.004,  0.000
  0.015,298.197,  0.005,  0.000
  0.015,298.214,  0.002,  0.000
  0.015,298.245,  0.000,  0.000
  0.015,298.256,  0.000,  0.000
  0.015,298.265,  0.000,  0.000
  0.014,297.825,  0.000,  0.000
  0.014,297.942,  0.003,  0.000
  0.015,298.227,  0.003,  0.000
  0.015,298.258,  0.004,  0.000
  0.015,298.232,  0.000,  0.000
  0.015,298.174,  0.000,  0.000
  0.015,298.447,  1.365,  0.000
  0.013,297.854,  0.436,  0.000
  0.015,298.372,  0.002,  0.000
  0.015,298.335,  0.135,  0.000
  0.013,297.712,  0.878,  0.000
  0.015,298.309,  0.917,  0.000
  0.015,298.300,  0.277,  0.000
  0.015,298.331,  0.001,  0.000
  0.015,298.331,  0.002,  0.000
  0.013,297.661,  0.000,  0.000
  0.014,297.861,  0.002,  0.000
  0.013,297.767,  0.047,  0.000
  0.014,297.737,  0.175,  0.000
  0.013,297.652,  0.078,  0.000
  0.013,297.594,  0.001,  0.000
  0.015,298.224,  0.002,  0.000
  0.015,298.263,  0.000,  0.000
  0.015,298.288,  0.000,  0.000
  0.013,297.651,  0.000,  0.000
  0.013,297.612,  0.000,  0.000
  0.014,297.835,  0.000,  0.000
  0.015,298.246,  0.000,  0.000
  0.013,297.666,  0.000,  0.000
  0.015,298.259,  0.000,  0.000
  0.015,298.206,  0.000,  0.000
  0.013,297.858,  0.798,  0.000
  0.015,298.415,  0.899,  0.000
  0.015,298.358,  0.010,  0.000
  0.015,298.379,  0.280,  0.000
  0.015,298.367,  1.011,  0.000
  0.015,298.298,  0.373,  0.000
  0.015,298.285,  0.020,  0.000
  0.015,298.333,  0.003,  0.000
  0.015,298.359,  0.000,  0.000
  0.013,297.718,  0.000,  0.000
  0.013,297.721,  0.001,  0.000
  0.015,298.367,  0.089,  0.000
  0.015,298.344,  0.419,  0.000
  0.015,298.326,  0.269,  0.000
  0.013,297.658,  0.007,  0.000
  0.015,298.225,  0.002,  0.000
  0.015,298.261,  0.000,  0.000
  0.015,298.313,  0.000,  0.000
  0.013,297.682,  0.000,  0.000
  0.013,297.620,  0.000,  0.000
  0.015,298.255,  0.000,  0.000
  0.014,298.115,  0.000,  0.000
  0.013,297.698,  0.000,  0.000
  0.015,298.279,  0.000,  0.000
  0.015,298.229,  0.000,  0.000
