  0.017,299.838,  0.000,  0.000
  0.017,299.817,  0.000,  0.000
  0.017,299.795,  0.000,  0.000
  0.017,299.785,  0.000,  0.000
  0.017,299.788,  0.000,  0.000
  0.017,299.796,  0.000,  0.000
  0.017,299.797,  0.000,  0.000
  0.017,299.805,  0.000,  0.000
  0.017,299.824,  0.000,  0.000
  0.017,299.838,  0.000,  0.000
  0.017,299.833,  0.000,  0.000
  0.017,299.820,  0.000,  0.000
  0.017,299.821,  0.000,  0.000
  0.017,299.837,  0.000,  0.000
  0.017,299.840,  0.000,  0.000
  0.017,299.835,  0.000,  0.000
  0.017,299.851,  0.000,  0.000
  0.017,299.871,  0.000,  0.000
  0.017,299.876,  0.000,  0.000
  0.017,299.863,  0.000,  0.000
  0.017,299.836,  0.000,  0.000
  0.017,299.814,  0.000,  0.000
  0.017,299.805,  0.000,  0.000
  0.017,299.806,  0.000,  0.000
  0.017,299.774,  0.000,  0.000
  0.017,299.842,  0.000,  0.000
  0.017,299.808,  0.000,  0.000
  0.017,299.785,  0.000,  0.000
  0.017,299.781,  0.000,  0.000
  0.017,299.807,  0.000,  0.000
  0.017,299.845,  0.000,  0.000
  0.017,299.861,  0.000,  0.000
  0.017,299.850,  0.000,  0.000
  0.017,299.844,  0.000,  0.000
  0.017,299.859,  0.000,  0.000
  0.017,299.865,  0.000,  0.000
  0.017,299.842,  0.000,  0.000
  0.017,299.828,  0.000,  0.000
  0.017,299.843,  0.000,  0.000
  0.017,299.851,  0.000,  0.000
  0.017,299.844,  0.000,  0.000
  0.017,299.840,  0.000,  0.000
  0.017,299.857,  0.000,  0.000
  0.017,299.859,  0.000,  0.000
  0.017,299.842,  0.000,  0.000
  0.017,299.819,  0.000,  0.000
  0.017,299.800,  0.000,  0.000
  0.017,299.781,  0.000,  0.000
  0.017,299.786,  0.000,  0.000
  0.017,299.771,  0.000,  0.000
  0.017,299.834,  0.000,  0.000
  0.017,299.806,  0.001,  0.000
  0.017,299.796,  0.000,  0.000
  0.017,299.808,  0.000,  0.000
  0.017,299.854,  0.000,  0.000
  0.017,299.903,  0.000,  0.000
  0.017,299.916,  0.000,  0.000
  0.017,299.899,  0.000,  0.000
  0.017,299.880,  0.000,  0.000
  0.017,299.870,  0.000,  0.000
  0.017,299.867,  0.000,  0.000
  0.017,299.856,  0.000,  0.000
  0.017,299.839,  0.000,  0.000
  0.017,299.839,  0.000,  0.000
  0.017,299.855,  0.000,  0.000
  0.017,299.849,  0.000,  0.000
  0.017,299.826,  0.000,  0.000
  0.017,299.816,  0.000,  0.000
  0.017,299.829,  0.000,  0.000
  0.017,299.826,  0.001,  0.000
  0.017,299.806,  0.001,  0.000
  0.017,299.789,  0.001,  0.000
  0.017,299.773,  0.001,  0.000
  0.017,299.768,  0.000,  0.000
  0.017,299.759,  0.000,  0.000
  0.017,299.832,  0.000,  0.000
  0.017,299.807,  0.000,  0.000
  0.017,299.816,  0.000,  0.000
  0.017,299.869,  0.000,  0.000
  0.017,299.942,  0.000,  0.000
  0.017,299.974,  0.000,  0.000
  0.017,299.947,  0.000,  0.000
  0.017,299.916,  0.000,  0.000
  0.017,299.910,  0.000,  0.000
  0.017,299.900,  0.000,  0.000
  0.017,299.885,  0.000,  0.000
  0.017,299.865,  0.000,  0.000
  0.017,299.849,  0.000,  0.000
  0.017,299.839,  0.000,  0.000
  0.017,299.839,  0.000,  0.000
  0.017,299.845,  0.000,  0.000
  0.017,299.831,  0.000,  0.000
  0.017,299.805,  0.000,  0.000
  0.017,299.802,  0.000,  0.000
  0.017,299.816,  0.000,  0.000
  0.017,299.810,  0.001,  0.000
  0.017,299.791,  0.002,  0.000
  0.017,299.778,  0.001,  0.000
  0.017,299.771,  0.001,  0.000
  0.017,299.748,  0.000,  0.000
  0.017,299.827,  0.003,  0.000
  0.017,299.811,  0.001,  0.000
  0.018,299.839,  0.000,  0.000
  0.018,299.927,  0.000,  0.000
  0.017,300.015,  0.000,  0.000
  0.017,300.022,  0.000,  0.000
  0.017,299.967,  0.000,  0.000
  0.017,299.923,  0.000,  0.000
  0.017,299.920,  0.000,  0.000
  0.017,299.937,  0.000,  0.000
  0.017,299.933,  0.000,  0.000
  0.017,299.902,  0.001,  0.000
  0.017,299.865,  0.000,  0.000
  0.017,299.844,  0.001,  0.000
  0.017,299.838,  0.000,  0.000
  0.017,299.836,  0.000,  0.000
  0.017,299.838,  0.000,  0.000
  0.017,299.826,  0.000,  0.000
  0.017,299.814,  0.000,  0.000
  0.017,299.813,  0.000,  0.000
  0.017,299.813,  0.001,  0.000
  0.017,299.796,  0.001,  0.000
  0.017,299.779,  0.001,  0.000
  0.017,299.780,  0.000,  0.000
  0.017,299.766,  0.000,  0.000
  0.017,299.846,  0.019,  0.000
  0.017,299.872,  0.003,  0.000
  0.017,299.911,  0.001,  0.000
  0.017,299.964,  0.002,  0.000
  0.017,300.023,  0.001,  0.000
  0.017,300.053,  0.000,  0.000
  0.017,300.032,  0.000,  0.000
  0.017,299.980,  0.001,  0.000
  0.017,299.947,  0.000,  0.000
  0.017,299.961,  0.001,  0.000
  0.017,299.983,  0.000,  0.000
  0.017,299.961,  0.000,  0.000
  0.017,299.908,  0.000,  0.000
  0.017,299.861,  0.000,  0.000
  0.017,299.845,  0.000,  0.000
  0.017,299.844,  0.000,  0.000
  0.017,299.841,  0.000,  0.000
  0.017,299.837,  0.000,  0.000
  0.017,299.828,  0.000,  0.000
  0.017,299.817,  0.000,  0.000
  0.017,299.804,  0.000,  0.000
  0.017,299.792,  0.000,  0.000
  0.017,299.772,  0.000,  0.000
  0.017,299.768,  0.000,  0.000
  0.017,299.763,  0.000,  0.000
  0.017,299.929,  0.028,  0.000
  0.017,299.982,  0.011,  0.000
  0.017,299.993,  0.007,  0.000
  0.017,299.972,  0.011,  0.000
  0.017,299.989,  0.010,  0.000
  0.017,300.053,  0.002,  0.000
  0.016,300.103,  0.001,  0.000
  0.017,300.079,  0.004,  0.000
  0.017,300.000,  0.010,  0.000
  0.017,299.960,  0.011,  0.000
  0.017,299.981,  0.005,  0.000
  0.017,299.997,  0.004,  0.000
  0.017,299.970,  0.007,  0.000
  0.017,299.916,  0.004,  0.000
  0.017,299.874,  0.001,  0.000
  0.017,299.862,  0.000,  0.000
  0.017,299.850,  0.000,  0.000
  0.017,299.829,  0.000,  0.000
  0.017,299.819,  0.000,  0.000
  0.017,299.814,  0.000,  0.000
  0.017,299.804,  0.000,  0.000
  0.017,299.791,  0.000,  0.000
  0.017,299.775,  0.000,  0.000
  0.017,299.752,  0.000,  0.000
  0.017,299.737,  0.000,  0.000
  0.017,300.048,  0.007,  0.000
  0.017,300.083,  0.010,  0.000
  0.017,300.056,  0.016,  0.000
  0.017,299.992,  0.029,  0.000
  0.017,299.960,  0.029,  0.000
  0.017,300.005,  0.009,  0.000
  0.017,300.101,  0.001,  0.000
  0.016,300.137,  0.006,  0.000
  0.017,300.073,  0.027,  0.000
  0.017,299.984,  0.046,  0.000
  0.017,299.951,  0.031,  0.000
  0.017,299.979,  0.048,  0.000
  0.017,300.003,  0.112,  0.000
  0.017,299.976,  0.080,  0.000
  0.017,299.925,  0.011,  0.000
  0.018,299.883,  0.001,  0.000
  0.017,299.850,  0.001,  0.000
  0.017,299.820,  0.000,  0.000
  0.017,299.801,  0.000,  0.000
  0.017,299.801,  0.000,  0.000
  0.017,299.803,  0.000,  0.000
  0.017,299.795,  0.000,  0.000
  0.017,299.779,  0.000,  0.000
  0.017,299.756,  0.000,  0.000
  0.017,299.733,  0.000,  0.000
  0.017,300.126,  0.000,  0.000
  0.017,300.149,  0.002,  0.000
  0.017,300.125,  0.009,  0.000
  0.017,300.084,  0.021,  0.000
  0.017,300.029,  0.021,  0.000
  0.017,300.005,  0.011,  0.000
  0.017,300.052,  0.000,  0.000
  0.017,300.110,  0.003,  0.000
  0.017,300.120,  0.020,  0.000
  0.017,300.062,  0.046,  0.000
  0.018,299.985,  0.050,  0.000
  0.017,299.958,  0.129,  0.000
  0.017,299.981,  0.395,  0.000
  0.017,299.987,  0.482,  0.000
  0.017,299.947,  0.172,  0.000
  0.017,299.896,  0.008,  0.000
  0.017,299.852,  0.003,  0.000
  0.017,299.816,  0.001,  0.000
  0.017,299.796,  0.001,  0.000
  0.017,299.799,  0.000,  0.000
  0.017,299.809,  0.000,  0.000
  0.017,299.806,  0.000,  0.000
  0.017,299.787,  0.000,  0.000
  0.017,299.766,  0.000,  0.000
  0.017,299.751,  0.001,  0.000
  0.017,300.119,  0.000,  0.000
  0.017,300.157,  0.000,  0.000
  0.017,300.166,  0.000,  0.000
  0.017,300.152,  0.001,  0.000
  0.017,300.094,  0.000,  0.000
  0.017,300.040,  0.000,  0.000
  0.017,300.023,  0.000,  0.000
  0.017,300.051,  0.001,  0.000
  0.017,300.091,  0.001,  0.000
  0.017,300.108,  0.001,  0.000
  0.017,300.082,  0.008,  0.000
  0.017,300.017,  0.088,  0.000
  0.018,299.963,  0.433,  0.000
  0.017,299.943,  0.939,  0.000
  0.017,299.931,  0.654,  0.000
  0.017,299.899,  0.060,  0.000
  0.017,299.866,  0.007,  0.000
  0.017,299.834,  0.002,  0.000
  0.017,299.809,  0.000,  0.000
  0.017,299.807,  0.000,  0.000
  0.017,299.818,  0.000,  0.000
  0.017,299.824,  0.000,  0.000
  0.017,299.812,  0.000,  0.000
  0.017,299.788,  0.000,  0.000
  0.017,299.770,  0.000,  0.000
  0.018,300.050,  0.000,  0.000
  0.017,300.080,  0.000,  0.000
  0.017,300.098,  0.000,  0.000
  0.017,300.067,  0.000,  0.000
  0.017,300.029,  0.000,  0.000
  0.017,300.024,  0.000,  0.000
  0.017,300.037,  0.000,  0.000
  0.017,300.039,  0.000,  0.000
  0.017,300.053,  0.000,  0.000
  0.017,300.081,  0.000,  0.000
  0.017,300.109,  0.001,  0.000
  0.017,300.077,  0.004,  0.000
  0.017,299.988,  0.063,  0.000
  0.018,299.913,  0.286,  0.000
  0.017,299.897,  0.432,  0.000
  0.017,299.902,  0.131,  0.000
  0.017,299.894,  0.018,  0.000
  0.017,299.876,  0.007,  0.000
  0.017,299.851,  0.001,  0.000
  0.017,299.830,  0.000,  0.000
  0.017,299.833,  0.000,  0.000
  0.017,299.849,  0.000,  0.000
  0.017,299.855,  0.000,  0.000
  0.017,299.833,  0.000,  0.000
  0.018,299.803,  0.001,  0.000
  0.018,300.022,  0.000,  0.000
  0.018,300.002,  0.000,  0.000
  0.017,299.975,  0.000,  0.000
  0.017,299.942,  0.000,  0.000
  0.016,299.936,  0.000,  0.000
  0.016,299.965,  0.000,  0.000
  0.016,300.032,  0.000,  0.000
  0.017,300.062,  0.000,  0.000
  0.017,300.031,  0.000,  0.000
  0.017,300.022,  0.000,  0.000
  0.017,300.056,  0.000,  0.000
  0.017,300.076,  0.002,  0.000
  0.017,300.032,  0.006,  0.000
  0.017,299.944,  0.018,  0.000
  0.018,299.895,  0.051,  0.000
  0.017,299.902,  0.091,  0.000
  0.017,299.926,  0.093,  0.000
  0.017,299.928,  0.053,  0.000
  0.017,299.911,  0.014,  0.000
  0.017,299.884,  0.001,  0.000
  0.018,299.864,  0.000,  0.000
  0.017,299.870,  0.000,  0.000
  0.017,299.889,  0.000,  0.000
  0.017,299.888,  0.000,  0.000
  0.017,299.860,  0.000,  0.000
  0.017,300.089,  0.000,  0.000
  0.018,300.022,  0.000,  0.000
  0.018,299.940,  0.000,  0.000
  0.017,299.881,  0.000,  0.000
  0.016,299.889,  0.000,  0.000
  0.016,299.948,  0.000,  0.000
  0.016,300.034,  0.000,  0.000
  0.017,300.088,  0.000,  0.000
  0.017,300.051,  0.000,  0.000
  0.017,299.997,  0.000,  0.000
  0.017,300.018,  0.000,  0.000
  0.017,300.073,  0.000,  0.000
  0.017,300.073,  0.002,  0.000
  0.017,300.005,  0.010,  0.000
  0.017,299.933,  0.038,  0.000
  0.018,299.915,  0.109,  0.000
  0.017,299.941,  0.187,  0.000
  0.017,299.973,  0.152,  0.000
  0.017,299.977,  0.040,  0.000
  0.017,299.947,  0.007,  0.000
  0.018,299.905,  0.002,  0.000
  0.018,299.881,  0.000,  0.000
  0.017,299.897,  0.000,  0.000
  0.017,299.924,  0.000,  0.000
  0.017,299.928,  0.000,  0.000
  0.017,300.205,  0.000,  0.000
  0.017,300.134,  0.000,  0.000
  0.018,300.003,  0.000,  0.000
  0.017,299.897,  0.000,  0.000
  0.017,299.888,  0.000,  0.000
  0.017,299.965,  0.000,  0.000
  0.016,300.068,  0.000,  0.000
  0.017,300.119,  0.000,  0.000
  0.017,300.086,  0.000,  0.000
  0.017,300.028,  0.000,  0.000
  0.017,300.020,  0.000,  0.000
  0.017,300.065,  0.000,  0.000
  0.017,300.087,  0.000,  0.000
  0.017,300.052,  0.001,  0.000
  0.017,299.988,  0.004,  0.000
  0.018,299.948,  0.032,  0.000
  0.018,299.955,  0.107,  0.000
  0.017,300.005,  0.118,  0.000
  0.017,300.022,  0.027,  0.000
  0.017,299.987,  0.015,  0.000
  0.017,299.940,  0.012,  0.000
  0.018,299.895,  0.006,  0.000
  0.018,299.896,  0.000,  0.000
  0.017,299.939,  0.000,  0.000
  0.017,299.974,  0.000,  0.000
  0.016,300.266,  0.000,  0.000
  0.017,300.248,  0.000,  0.000
  0.017,300.131,  0.000,  0.000
  0.018,300.003,  0.000,  0.000
  0.017,299.960,  0.000,  0.000
  0.017,300.003,  0.000,  0.000
  0.017,300.088,  0.000,  0.000
  0.017,300.128,  0.000,  0.000
  0.017,300.088,  0.000,  0.000
  0.017,300.035,  0.000,  0.000
  0.017,300.008,  0.000,  0.000
  0.018,300.015,  0.000,  0.000
  0.017,300.045,  0.001,  0.000
  0.017,300.062,  0.003,  0.000
  0.017,300.023,  0.004,  0.000
  0.017,299.973,  0.002,  0.000
  0.018,299.951,  0.002,  0.000
  0.018,299.982,  0.001,  0.000
  0.017,300.020,  0.002,  0.000
  0.017,300.010,  0.027,  0.000
  0.017,299.973,  0.093,  0.000
  0.018,299.930,  0.062,  0.000
  0.018,299.902,  0.005,  0.000
  0.018,299.930,  0.001,  0.000
  0.017,299.977,  0.000,  0.000
