  0.021,302.358,  0.000,  0.000
  0.021,302.369,  0.000,  0.000
  0.021,302.379,  0.000,  0.000
  0.021,302.389,  0.000,  0.000
  0.021,302.398,  0.000,  0.000
  0.021,302.406,  0.000,  0.000
  0.021,302.412,  0.000,  0.000
  0.021,302.412,  0.000,  0.000
  0.021,302.406,  0.000,  0.000
  0.021,302.393,  0.000,  0.000
  0.021,302.371,  0.000,  0.000
  0.021,302.346,  0.000,  0.000
  0.021,302.339,  0.000,  0.000
  0.021,302.347,  0.000,  0.000
  0.021,302.345,  0.000,  0.000
  0.021,302.349,  0.000,  0.000
  0.021,302.351,  0.000,  0.000
  0.021,302.354,  0.000,  0.000
  0.021,302.357,  0.000,  0.000
  0.021,302.361,  0.000,  0.000
  0.021,302.363,  0.000,  0.000
  0.021,302.364,  0.000,  0.000
  0.021,302.366,  0.000,  0.000
  0.021,302.393,  0.000,  0.000
  0.021,302.395,  0.000,  0.000
  0.021,302.349,  0.000,  0.000
  0.021,302.359,  0.000,  0.000
  0.021,302.369,  0.000,  0.000
  0.021,302.379,  0.000,  0.000
  0.021,302.388,  0.000,  0.000
  0.021,302.396,  0.000,  0.000
  0.021,302.403,  0.000,  0.000
  0.021,302.404,  0.000,  0.000
  0.021,302.398,  0.000,  0.000
  0.021,302.382,  0.000,  0.000
  0.021,302.359,  0.000,  0.000
  0.021,302.336,  0.000,  0.000
  0.021,302.330,  0.000,  0.000
  0.021,302.336,  0.000,  0.000
  0.021,302.335,  0.000,  0.000
  0.021,302.338,  0.000,  0.000
  0.021,302.340,  0.000,  0.000
  0.021,302.343,  0.000,  0.000
  0.021,302.345,  0.000,  0.000
  0.021,302.348,  0.000,  0.000
  0.021,302.350,  0.000,  0.000
  0.021,302.354,  0.000,  0.000
  0.021,302.356,  0.000,  0.000
  0.021,302.382,  0.000,  0.000
  0.021,302.382,  0.000,  0.000
  0.021,302.340,  0.000,  0.000
  0.021,302.350,  0.000,  0.000
  0.021,302.360,  0.000,  0.000
  0.021,302.369,  0.000,  0.000
  0.021,302.378,  0.000,  0.000
  0.021,302.385,  0.000,  0.000
  0.021,302.391,  0.000,  0.000
  0.021,302.393,  0.000,  0.000
  0.021,302.389,  0.000,  0.000
  0.021,302.375,  0.000,  0.000
  0.021,302.351,  0.000,  0.000
  0.021,302.326,  0.000,  0.000
  0.021,302.318,  0.000,  0.000
  0.021,302.326,  0.000,  0.000
  0.021,302.324,  0.000,  0.000
  0.021,302.329,  0.000,  0.000
  0.021,302.330,  0.000,  0.000
  0.021,302.332,  0.000,  0.000
  0.021,302.334,  0.000,  0.000
  0.021,302.336,  0.000,  0.000
  0.021,302.338,  0.000,  0.000
  0.021,302.340,  0.000,  0.000
  0.021,302.343,  0.000,  0.000
  0.021,302.367,  0.000,  0.000
  0.021,302.369,  0.000,  0.000
  0.021,302.334,  0.000,  0.000
  0.021,302.343,  0.000,  0.000
  0.021,302.352,  0.000,  0.000
  0.021,302.360,  0.000,  0.000
  0.021,302.368,  0.000,  0.000
  0.021,302.375,  0.000,  0.000
  0.021,302.380,  0.000,  0.000
  0.021,302.381,  0.000,  0.000
  0.021,302.377,  0.000,  0.000
  0.021,302.366,  0.000,  0.000
  0.021,302.344,  0.000,  0.000
  0.021,302.319,  0.000,  0.000
  0.021,302.309,  0.000,  0.000
  0.021,302.316,  0.000,  0.000
  0.021,302.314,  0.000,  0.000
  0.021,302.319,  0.000,  0.000
  0.021,302.320,  0.000,  0.000
  0.021,302.322,  0.000,  0.000
  0.021,302.324,  0.000,  0.000
  0.021,302.326,  0.000,  0.000
  0.021,302.328,  0.000,  0.000
  0.021,302.329,  0.000,  0.000
  0.021,302.330,  0.000,  0.000
  0.021,302.351,  0.000,  0.000
  0.021,302.354,  0.000,  0.000
  0.021,302.327,  0.000,  0.000
  0.021,302.335,  0.000,  0.000
  0.021,302.344,  0.000,  0.000
  0.021,302.352,  0.000,  0.000
  0.021,302.360,  0.000,  0.000
  0.021,302.367,  0.000,  0.000
  0.021,302.372,  0.000,  0.000
  0.021,302.372,  0.000,  0.000
  0.021,302.366,  0.000,  0.000
  0.021,302.352,  0.000,  0.000
  0.021,302.332,  0.000,  0.000
  0.021,302.312,  0.000,  0.000
  0.021,302.302,  0.000,  0.000
  0.021,302.306,  0.000,  0.000
  0.021,302.305,  0.000,  0.000
  0.021,302.308,  0.000,  0.000
  0.021,302.309,  0.000,  0.000
  0.021,302.311,  0.000,  0.000
  0.021,302.313,  0.000,  0.000
  0.021,302.315,  0.000,  0.000
  0.021,302.316,  0.000,  0.000
  0.021,302.318,  0.000,  0.000
  0.021,302.319,  0.000,  0.000
  0.022,302.336,  0.000,  0.000
  0.022,302.338,  0.000,  0.000
  0.021,302.320,  0.000,  0.000
  0.021,302.328,  0.000,  0.000
  0.021,302.336,  0.000,  0.000
  0.021,302.344,  0.000,  0.000
  0.021,302.350,  0.000,  0.000
  0.021,302.356,  0.000,  0.000
  0.021,302.361,  0.000,  0.020
  0.021,302.361,  0.000,  0.020
  0.021,302.354,  0.000,  0.020
  0.021,302.340,  0.000,  0.030
  0.021,302.322,  0.000,  0.030
  0.021,302.303,  0.000,  0.030
  0.021,302.294,  0.000,  0.030
  0.021,302.297,  0.000,  0.000
  0.021,302.296,  0.000,  0.000
  0.021,302.299,  0.000,  0.000
  0.021,302.300,  0.000,  0.000
  0.021,302.301,  0.000,  0.000
  0.021,302.302,  0.000,  0.000
  0.021,302.303,  0.000,  0.000
  0.021,302.304,  0.000,  0.010
  0.021,302.306,  0.000,  0.010
  0.022,302.308,  0.000,  0.010
  0.022,302.323,  0.000,  0.000
  0.022,302.323,  0.000,  0.000
  0.021,302.313,  0.000,  0.000
  0.021,302.321,  0.000,  0.000
  0.021,302.328,  0.000,  0.000
  0.021,302.335,  0.000,  0.000
  0.021,302.341,  0.000,  0.000
  0.021,302.344,  0.000,  0.000
  0.021,302.346,  0.000,  0.020
  0.021,302.346,  0.000,  0.020
  0.021,302.340,  0.000,  0.020
  0.021,302.329,  0.000,  0.030
  0.021,302.312,  0.000,  0.030
  0.021,302.294,  0.000,  0.030
  0.021,302.285,  0.000,  0.030
  0.021,302.288,  0.000,  0.000
  0.021,302.285,  0.000,  0.000
  0.021,302.288,  0.000,  0.000
  0.021,302.289,  0.000,  0.000
  0.021,302.290,  0.000,  0.000
  0.021,302.291,  0.000,  0.000
  0.022,302.292,  0.000,  0.000
  0.022,302.293,  0.000,  0.010
  0.022,302.295,  0.000,  0.010
  0.022,302.296,  0.000,  0.010
  0.022,302.309,  0.000,  0.000
  0.022,302.310,  0.000,  0.000
  0.021,302.307,  0.000,  0.000
  0.021,302.314,  0.000,  0.000
  0.021,302.320,  0.000,  0.000
  0.021,302.326,  0.000,  0.000
  0.021,302.330,  0.000,  0.000
  0.021,302.332,  0.000,  0.000
  0.021,302.333,  0.000,  0.020
  0.021,302.329,  0.000,  0.020
  0.021,302.321,  0.000,  0.020
  0.021,302.310,  0.000,  0.030
  0.021,302.298,  0.000,  0.030
  0.021,302.287,  0.000,  0.030
  0.021,302.280,  0.000,  0.030
  0.021,302.279,  0.000,  0.000
  0.021,302.278,  0.000,  0.000
  0.021,302.280,  0.000,  0.000
  0.021,302.281,  0.000,  0.000
  0.022,302.283,  0.000,  0.000
  0.022,302.284,  0.000,  0.000
  0.022,302.284,  0.000,  0.000
  0.022,302.285,  0.000,  0.010
  0.022,302.286,  0.000,  0.010
  0.022,302.288,  0.000,  0.010
  0.022,302.296,  0.000,  0.000
  0.022,302.298,  0.000,  0.000
  0.021,302.303,  0.000,  0.000
  0.021,302.309,  0.000,  0.000
  0.021,302.313,  0.000,  0.000
  0.021,302.317,  0.000,  0.000
  0.021,302.320,  0.000,  0.000
  0.021,302.322,  0.000,  0.000
  0.021,302.320,  0.000,  0.020
  0.021,302.313,  0.000,  0.020
  0.021,302.303,  0.000,  0.020
  0.021,302.291,  0.000,  0.030
  0.021,302.281,  0.000,  0.030
  0.021,302.275,  0.000,  0.030
  0.021,302.272,  0.000,  0.030
  0.021,302.272,  0.000,  0.000
  0.021,302.272,  0.000,  0.000
  0.021,302.274,  0.000,  0.000
  0.022,302.275,  0.000,  0.000
  0.022,302.275,  0.000,  0.000
  0.022,302.276,  0.000,  0.000
  0.022,302.277,  0.000,  0.000
  0.022,302.278,  0.000,  0.010
  0.022,302.279,  0.000,  0.010
  0.022,302.280,  0.000,  0.010
  0.022,302.285,  0.000,  0.000
  0.022,302.286,  0.000,  0.000
  0.021,302.298,  0.000,  0.550
  0.021,302.301,  0.000,  0.550
  0.021,302.306,  0.000,  0.000
  0.021,302.309,  0.000,  0.000
  0.021,302.309,  0.000,  0.000
  0.021,302.309,  0.000,  0.000
  0.021,302.307,  0.000,  0.020
  0.021,302.302,  0.000,  0.020
  0.021,302.293,  0.000,  0.020
  0.021,302.283,  0.000,  0.030
  0.021,302.271,  0.000,  0.030
  0.021,302.264,  0.000,  0.030
  0.021,302.263,  0.000,  0.030
  0.021,302.263,  0.000,  0.000
  0.021,302.265,  0.000,  0.000
  0.021,302.266,  0.000,  0.000
  0.022,302.267,  0.000,  0.000
  0.022,302.268,  0.000,  0.000
  0.022,302.268,  0.000,  0.000
  0.022,302.269,  0.000,  0.000
  0.022,302.270,  0.000,  0.010
  0.022,302.272,  0.000,  0.010
  0.022,302.273,  0.000,  0.010
  0.022,302.276,  0.000,  0.030
  0.022,302.276,  0.000,  0.030
  0.021,302.288,  0.000,  0.550
  0.021,302.293,  0.000,  0.550
  0.021,302.295,  0.000,  0.000
  0.021,302.297,  0.000,  0.000
  0.021,302.298,  0.000,  0.000
  0.021,302.296,  0.000,  0.000
  0.021,302.291,  0.000,  0.020
  0.021,302.285,  0.000,  0.020
  0.021,302.277,  0.000,  0.020
  0.021,302.271,  0.000,  0.030
  0.021,302.266,  0.000,  0.030
  0.021,302.258,  0.000,  0.030
  0.021,302.253,  0.000,  0.030
  0.021,302.252,  0.000,  0.000
  0.022,302.253,  0.000,  0.000
  0.022,302.255,  0.000,  0.000
  0.022,302.257,  0.000,  0.000
  0.022,302.259,  0.000,  0.000
  0.022,302.260,  0.000,  0.000
  0.022,302.261,  0.000,  0.000
  0.022,302.261,  0.000,  0.010
  0.022,302.261,  0.000,  0.010
  0.022,302.262,  0.000,  0.010
  0.022,302.264,  0.000,  0.030
  0.022,302.266,  0.000,  0.030
  0.021,302.275,  0.000,  0.550
  0.021,302.280,  0.000,  0.550
  0.021,302.284,  0.000,  0.000
  0.021,302.285,  0.000,  0.000
  0.021,302.284,  0.000,  0.000
  0.021,302.281,  0.000,  0.000
  0.021,302.276,  0.000,  0.020
  0.021,302.269,  0.000,  0.020
  0.021,302.261,  0.000,  0.020
  0.021,302.254,  0.000,  0.030
  0.021,302.250,  0.000,  0.030
  0.021,302.248,  0.000,  0.030
  0.021,302.247,  0.000,  0.030
  0.021,302.248,  0.000,  0.000
  0.021,302.247,  0.000,  0.000
  0.022,302.247,  0.000,  0.000
  0.022,302.247,  0.000,  0.000
  0.022,302.248,  0.000,  0.000
  0.022,302.250,  0.000,  0.000
  0.022,302.252,  0.000,  0.000
  0.022,302.253,  0.000,  0.010
  0.022,302.254,  0.000,  0.010
  0.022,302.255,  0.000,  0.010
  0.022,302.256,  0.000,  0.030
  0.022,302.255,  0.000,  0.030
  0.021,302.265,  0.000,  0.550
  0.021,302.269,  0.000,  0.550
  0.021,302.270,  0.000,  0.000
  0.021,302.270,  0.000,  0.000
  0.021,302.271,  0.000,  0.000
  0.021,302.267,  0.000,  0.000
  0.021,302.259,  0.000,  0.020
  0.021,302.250,  0.000,  0.020
  0.021,302.243,  0.000,  0.020
  0.021,302.237,  0.000,  0.030
  0.021,302.234,  0.000,  0.030
  0.021,302.234,  0.000,  0.030
  0.021,302.234,  0.000,  0.030
  0.021,302.235,  0.000,  0.000
  0.021,302.238,  0.000,  0.000
  0.022,302.242,  0.000,  0.000
  0.022,302.246,  0.000,  0.000
  0.022,302.249,  0.000,  0.000
  0.022,302.250,  0.000,  0.000
  0.022,302.248,  0.000,  0.000
  0.022,302.246,  0.000,  0.010
  0.022,302.244,  0.000,  0.010
  0.022,302.244,  0.000,  0.010
  0.022,302.251,  0.000,  0.030
  0.022,302.262,  0.000,  0.030
  0.021,302.251,  0.000,  0.070
  0.021,302.254,  0.000,  0.070
  0.021,302.258,  0.000,  0.020
  0.021,302.256,  0.000,  0.020
  0.021,302.253,  0.000,  0.020
  0.021,302.252,  0.000,  0.020
  0.021,302.248,  0.000,  0.000
  0.021,302.237,  0.000,  0.000
  0.021,302.224,  0.000,  0.000
  0.021,302.218,  0.000,  0.000
  0.021,302.221,  0.000,  0.000
  0.021,302.219,  0.000,  0.000
  0.021,302.221,  0.000,  0.000
  0.022,302.223,  0.000,  0.000
  0.022,302.226,  0.000,  0.000
  0.022,302.231,  0.000,  0.000
  0.022,302.237,  0.000,  0.000
  0.022,302.242,  0.000,  0.000
  0.022,302.247,  0.000,  0.000
  0.022,302.255,  0.000,  0.000
  0.021,302.267,  0.000,  0.000
  0.021,302.272,  0.000,  0.000
  0.022,302.265,  0.000,  0.000
  0.022,302.251,  0.000,  0.000
  0.022,302.241,  0.000,  0.000
  0.021,302.243,  0.000,  0.070
  0.021,302.239,  0.000,  0.070
  0.021,302.239,  0.000,  0.020
  0.021,302.243,  0.000,  0.020
  0.021,302.241,  0.000,  0.020
  0.021,302.232,  0.000,  0.020
  0.021,302.225,  0.000,  0.000
  0.021,302.220,  0.000,  0.000
  0.021,302.218,  0.000,  0.000
  0.021,302.217,  0.000,  0.000
  0.021,302.215,  0.000,  0.000
  0.021,302.211,  0.000,  0.000
  0.021,302.211,  0.000,  0.000
  0.022,302.213,  0.000,  0.000
  0.022,302.215,  0.000,  0.000
  0.022,302.218,  0.000,  0.000
  0.022,302.224,  0.000,  0.000
  0.022,302.234,  0.000,  0.000
  0.022,302.242,  0.000,  0.000
  0.022,302.238,  0.000,  0.000
  0.022,302.229,  0.000,  0.000
  0.022,302.236,  0.000,  0.000
  0.022,302.253,  0.000,  0.000
  0.021,302.284,  0.000,  0.000
  0.021,302.303,  0.000,  0.000
