  0.016,298.191,  0.000,  0.000
  0.015,298.184,  0.000,  0.000
  0.015,298.172,  0.000,  0.000
  0.015,298.120,  0.000,  0.000
  0.015,298.110,  0.000,  0.000
  0.015,298.099,  0.000,  0.000
  0.015,298.092,  0.000,  0.000
  0.015,298.088,  0.000,  0.000
  0.015,298.086,  0.000,  0.000
  0.015,298.084,  0.000,  0.000
  0.015,298.084,  0.000,  0.000
  0.015,298.083,  0.000,  0.000
  0.015,298.082,  0.000,  0.000
  0.015,298.085,  0.000,  0.000
  0.015,298.090,  0.000,  0.000
  0.015,298.097,  0.000,  0.000
  0.015,298.105,  0.000,  0.000
  0.014,298.117,  0.000,  0.000
  0.014,298.132,  0.000,  0.000
  0.014,298.146,  0.000,  0.000
  0.014,298.161,  0.000,  0.000
  0.014,298.180,  0.000,  0.000
  0.014,298.200,  0.000,  0.000
  0.014,298.250,  0.000,  0.000
  0.014,298.270,  0.000,  0.000
  0.015,298.177,  0.000,  0.000
  0.015,298.170,  0.000,  0.000
  0.015,298.163,  0.000,  0.000
  0.015,298.152,  0.000,  0.000
  0.015,298.105,  0.000,  0.000
  0.015,298.095,  0.000,  0.000
  0.015,298.088,  0.000,  0.000
  0.015,298.084,  0.000,  0.000
  0.015,298.082,  0.000,  0.000
  0.015,298.081,  0.000,  0.000
  0.015,298.082,  0.000,  0.000
  0.015,298.082,  0.000,  0.000
  0.015,298.082,  0.000,  0.000
  0.015,298.084,  0.000,  0.000
  0.015,298.088,  0.000,  0.000
  0.015,298.092,  0.000,  0.000
  0.015,298.101,  0.000,  0.000
  0.014,298.113,  0.000,  0.000
  0.014,298.128,  0.000,  0.000
  0.014,298.147,  0.000,  0.000
  0.014,298.165,  0.000,  0.000
  0.014,298.183,  0.000,  0.000
  0.014,298.201,  0.000,  0.000
  0.014,298.252,  0.000,  0.000
  0.014,298.269,  0.000,  0.000
  0.015,298.160,  0.000,  0.000
  0.015,298.157,  0.000,  0.000
  0.015,298.154,  0.000,  0.000
  0.015,298.144,  0.000,  0.000
  0.015,298.100,  0.000,  0.000
  0.015,298.092,  0.000,  0.000
  0.015,298.085,  0.000,  0.000
  0.015,298.082,  0.000,  0.000
  0.015,298.079,  0.000,  0.000
  0.015,298.078,  0.000,  0.000
  0.015,298.079,  0.000,  0.000
  0.015,298.081,  0.000,  0.000
  0.015,298.083,  0.000,  0.000
  0.015,298.086,  0.000,  0.000
  0.015,298.090,  0.000,  0.000
  0.015,298.095,  0.000,  0.000
  0.015,298.106,  0.000,  0.000
  0.015,298.115,  0.000,  0.000
  0.014,298.127,  0.000,  0.000
  0.014,298.142,  0.000,  0.000
  0.014,298.160,  0.000,  0.000
  0.014,298.180,  0.000,  0.000
  0.014,298.202,  0.000,  0.000
  0.014,298.246,  0.000,  0.000
  0.014,298.268,  0.000,  0.000
  0.015,298.140,  0.000,  0.000
  0.015,298.144,  0.000,  0.000
  0.015,298.144,  0.000,  0.000
  0.015,298.136,  0.000,  0.000
  0.015,298.128,  0.000,  0.000
  0.015,298.090,  0.000,  0.000
  0.015,298.083,  0.000,  0.000
  0.015,298.081,  0.000,  0.000
  0.015,298.078,  0.000,  0.000
  0.015,298.078,  0.000,  0.000
  0.015,298.079,  0.000,  0.000
  0.015,298.082,  0.000,  0.000
  0.015,298.084,  0.000,  0.000
  0.015,298.089,  0.000,  0.000
  0.015,298.095,  0.000,  0.000
  0.015,298.104,  0.000,  0.000
  0.015,298.114,  0.000,  0.000
  0.014,298.126,  0.000,  0.000
  0.014,298.139,  0.000,  0.000
  0.014,298.161,  0.000,  0.000
  0.014,298.175,  0.000,  0.000
  0.014,298.196,  0.000,  0.000
  0.014,298.210,  0.000,  0.000
  0.014,298.256,  0.000,  0.000
  0.014,298.266,  0.000,  0.000
  0.015,298.120,  0.000,  0.000
  0.015,298.131,  0.000,  0.000
  0.015,298.133,  0.000,  0.000
  0.015,298.129,  0.000,  0.000
  0.015,298.124,  0.000,  0.000
  0.015,298.087,  0.000,  0.000
  0.015,298.084,  0.000,  0.000
  0.015,298.083,  0.000,  0.000
  0.015,298.079,  0.000,  0.000
  0.015,298.081,  0.000,  0.000
  0.015,298.082,  0.000,  0.000
  0.015,298.085,  0.000,  0.000
  0.015,298.089,  0.000,  0.000
  0.015,298.094,  0.000,  0.000
  0.015,298.102,  0.000,  0.000
  0.015,298.115,  0.000,  0.000
  0.014,298.125,  0.000,  0.000
  0.014,298.142,  0.000,  0.000
  0.014,298.155,  0.000,  0.000
  0.014,298.175,  0.000,  0.000
  0.014,298.187,  0.000,  0.000
  0.014,298.202,  0.000,  0.000
  0.014,298.215,  0.000,  0.000
  0.014,298.258,  0.000,  0.000
  0.014,298.273,  0.000,  0.000
  0.015,298.105,  0.000,  0.000
  0.015,298.118,  0.000,  0.000
  0.015,298.121,  0.000,  0.000
  0.015,298.122,  0.000,  0.000
  0.015,298.120,  0.000,  0.000
  0.015,298.116,  0.000,  0.000
  0.015,298.085,  0.000,  0.000
  0.015,298.085,  0.000,  0.000
  0.015,298.085,  0.000,  0.000
  0.015,298.086,  0.000,  0.000
  0.015,298.087,  0.000,  0.000
  0.015,298.092,  0.000,  0.000
  0.015,298.096,  0.000,  0.000
  0.015,298.101,  0.000,  0.000
  0.015,298.111,  0.000,  0.000
  0.014,298.128,  0.000,  0.000
  0.014,298.141,  0.000,  0.000
  0.014,298.157,  0.000,  0.000
  0.014,298.167,  0.000,  0.000
  0.014,298.183,  0.000,  0.000
  0.014,298.192,  0.000,  0.000
  0.014,298.204,  0.000,  0.000
  0.014,298.216,  0.000,  0.000
  0.014,298.249,  0.000,  0.000
  0.014,298.268,  0.000,  0.000
  0.015,298.093,  0.000,  0.000
  0.015,298.104,  0.000,  0.000
  0.015,298.110,  0.000,  0.000
  0.015,298.116,  0.000,  0.000
  0.015,298.118,  0.000,  0.000
  0.015,298.116,  0.000,  0.000
  0.015,298.113,  0.000,  0.000
  0.015,298.089,  0.000,  0.000
  0.015,298.093,  0.000,  0.000
  0.015,298.090,  0.000,  0.000
  0.015,298.096,  0.000,  0.000
  0.015,298.100,  0.000,  0.000
  0.015,298.104,  0.000,  0.000
  0.015,298.111,  0.000,  0.000
  0.014,298.122,  0.000,  0.000
  0.014,298.141,  0.000,  0.000
  0.014,298.152,  0.000,  0.000
  0.014,298.166,  0.000,  0.000
  0.014,298.176,  0.000,  0.000
  0.014,298.188,  0.000,  0.000
  0.014,298.196,  0.000,  0.000
  0.014,298.207,  0.000,  0.000
  0.014,298.218,  0.000,  0.000
  0.014,298.241,  0.000,  0.000
  0.014,298.257,  0.000,  0.000
  0.015,298.082,  0.000,  0.000
  0.015,298.091,  0.000,  0.000
  0.015,298.102,  0.000,  0.000
  0.015,298.111,  0.000,  0.000
  0.015,298.115,  0.000,  0.000
  0.015,298.116,  0.000,  0.000
  0.015,298.115,  0.000,  0.000
  0.015,298.115,  0.000,  0.000
  0.015,298.101,  0.000,  0.000
  0.015,298.096,  0.000,  0.000
  0.015,298.106,  0.000,  0.000
  0.015,298.107,  0.000,  0.000
  0.015,298.114,  0.000,  0.000
  0.015,298.121,  0.000,  0.000
  0.014,298.132,  0.000,  0.000
  0.014,298.150,  0.000,  0.000
  0.014,298.159,  0.000,  0.000
  0.014,298.172,  0.000,  0.000
  0.014,298.182,  0.000,  0.000
  0.014,298.193,  0.000,  0.000
  0.014,298.201,  0.000,  0.000
  0.014,298.211,  0.000,  0.000
  0.014,298.221,  0.000,  0.000
  0.014,298.240,  0.000,  0.000
  0.014,298.249,  0.000,  0.000
  0.015,298.075,  0.000,  0.000
  0.015,298.082,  0.000,  0.000
  0.015,298.094,  0.000,  0.000
  0.015,298.106,  0.000,  0.000
  0.015,298.113,  0.000,  0.000
  0.015,298.115,  0.000,  0.000
  0.015,298.117,  0.000,  0.000
  0.015,298.121,  0.000,  0.000
  0.015,298.127,  0.000,  0.000
  0.015,298.104,  0.000,  0.000
  0.015,298.116,  0.000,  0.000
  0.015,298.115,  0.000,  0.000
  0.015,298.126,  0.000,  0.000
  0.014,298.130,  0.000,  0.000
  0.014,298.144,  0.000,  0.000
  0.014,298.158,  0.000,  0.000
  0.014,298.166,  0.000,  0.000
  0.014,298.179,  0.000,  0.000
  0.014,298.188,  0.000,  0.000
  0.014,298.199,  0.000,  0.000
  0.014,298.207,  0.000,  0.000
  0.014,298.217,  0.000,  0.000
  0.014,298.226,  0.000,  0.000
  0.014,298.240,  0.000,  0.000
  0.014,298.247,  0.000,  0.000
  0.015,298.069,  0.000,  0.000
  0.015,298.077,  0.000,  0.000
  0.015,298.086,  0.000,  0.000
  0.015,298.099,  0.000,  0.000
  0.015,298.110,  0.000,  0.000
  0.015,298.114,  0.000,  0.000
  0.015,298.119,  0.000,  0.000
  0.015,298.127,  0.000,  0.000
  0.015,298.132,  0.000,  0.000
  0.015,298.112,  0.000,  0.000
  0.015,298.124,  0.000,  0.000
  0.015,298.124,  0.000,  0.000
  0.015,298.135,  0.000,  0.000
  0.014,298.142,  0.000,  0.000
  0.014,298.155,  0.000,  0.000
  0.014,298.165,  0.000,  0.000
  0.014,298.175,  0.000,  0.000
  0.014,298.187,  0.000,  0.000
  0.014,298.196,  0.000,  0.000
  0.014,298.206,  0.000,  0.000
  0.014,298.214,  0.000,  0.000
  0.014,298.223,  0.000,  0.000
  0.014,298.232,  0.000,  0.000
  0.014,298.240,  0.000,  0.000
  0.014,298.247,  0.000,  0.000
  0.015,298.058,  0.000,  0.000
  0.015,298.068,  0.000,  0.000
  0.015,298.078,  0.000,  0.000
  0.015,298.090,  0.000,  0.000
  0.015,298.104,  0.000,  0.000
  0.015,298.113,  0.000,  0.000
  0.015,298.121,  0.000,  0.000
  0.015,298.129,  0.000,  0.000
  0.015,298.134,  0.000,  0.000
  0.015,298.137,  0.000,  0.000
  0.015,298.130,  0.000,  0.000
  0.015,298.132,  0.000,  0.000
  0.014,298.142,  0.000,  0.000
  0.014,298.154,  0.000,  0.000
  0.014,298.165,  0.000,  0.000
  0.014,298.177,  0.000,  0.000
  0.014,298.187,  0.000,  0.000
  0.014,298.198,  0.000,  0.000
  0.014,298.207,  0.000,  0.000
  0.014,298.217,  0.000,  0.000
  0.014,298.224,  0.000,  0.000
  0.014,298.232,  0.000,  0.000
  0.014,298.237,  0.000,  0.000
  0.014,298.241,  0.000,  0.000
  0.014,298.248,  0.000,  0.000
  0.015,298.053,  0.000,  0.000
  0.015,298.060,  0.000,  0.000
  0.015,298.071,  0.000,  0.000
  0.015,298.083,  0.000,  0.000
  0.015,298.097,  0.000,  0.000
  0.015,298.109,  0.000,  0.000
  0.015,298.121,  0.000,  0.000
  0.015,298.129,  0.000,  0.000
  0.015,298.135,  0.000,  0.000
  0.015,298.143,  0.000,  0.000
  0.015,298.133,  0.000,  0.000
  0.014,298.137,  0.000,  0.000
  0.014,298.149,  0.000,  0.000
  0.014,298.161,  0.000,  0.000
  0.014,298.170,  0.000,  0.000
  0.014,298.182,  0.000,  0.000
  0.014,298.192,  0.000,  0.000
  0.014,298.203,  0.000,  0.000
  0.014,298.212,  0.000,  0.000
  0.014,298.221,  0.000,  0.000
  0.014,298.228,  0.000,  0.000
  0.014,298.236,  0.000,  0.000
  0.014,298.240,  0.000,  0.000
  0.014,298.243,  0.000,  0.000
  0.014,298.248,  0.000,  0.000
  0.015,298.050,  0.000,  0.000
  0.015,298.054,  0.000,  0.000
  0.015,298.062,  0.000,  0.000
  0.015,298.075,  0.000,  0.000
  0.015,298.089,  0.000,  0.000
  0.015,298.103,  0.000,  0.000
  0.015,298.118,  0.000,  0.000
  0.015,298.127,  0.000,  0.000
  0.015,298.136,  0.000,  0.000
  0.015,298.144,  0.000,  0.000
  0.014,298.134,  0.000,  0.000
  0.014,298.145,  0.000,  0.000
  0.014,298.156,  0.000,  0.000
  0.014,298.165,  0.000,  0.000
  0.014,298.175,  0.000,  0.000
  0.014,298.186,  0.000,  0.000
  0.014,298.196,  0.000,  0.000
  0.014,298.206,  0.000,  0.000
  0.014,298.216,  0.000,  0.000
  0.014,298.224,  0.000,  0.000
  0.014,298.232,  0.000,  0.000
  0.014,298.239,  0.000,  0.000
  0.014,298.242,  0.000,  0.000
  0.014,298.245,  0.000,  0.000
  0.014,298.248,  0.000,  0.000
  0.015,298.052,  0.000,  0.000
  0.015,298.055,  0.000,  0.000
  0.015,298.060,  0.000,  0.000
  0.015,298.068,  0.000,  0.000
  0.015,298.079,  0.000,  0.000
  0.015,298.095,  0.000,  0.000
  0.015,298.111,  0.000,  0.000
  0.015,298.123,  0.000,  0.000
  0.015,298.135,  0.000,  0.000
  0.015,298.142,  0.000,  0.000
  0.014,298.141,  0.000,  0.000
  0.014,298.151,  0.000,  0.000
  0.014,298.160,  0.000,  0.000
  0.014,298.169,  0.000,  0.000
  0.014,298.180,  0.000,  0.000
  0.014,298.190,  0.000,  0.000
  0.014,298.200,  0.000,  0.000
  0.014,298.210,  0.000,  0.000
  0.014,298.219,  0.000,  0.000
  0.014,298.228,  0.000,  0.000
  0.014,298.235,  0.000,  0.000
  0.014,298.241,  0.000,  0.000
  0.014,298.244,  0.000,  0.000
  0.014,298.247,  0.000,  0.000
  0.014,298.249,  0.000,  0.000
  0.015,298.057,  0.000,  0.000
  0.015,298.058,  0.000,  0.000
  0.015,298.062,  0.000,  0.000
  0.015,298.068,  0.000,  0.000
  0.015,298.078,  0.000,  0.000
  0.015,298.091,  0.000,  0.000
  0.015,298.104,  0.000,  0.000
  0.015,298.117,  0.000,  0.000
  0.015,298.131,  0.000,  0.000
  0.014,298.143,  0.000,  0.000
  0.014,298.147,  0.000,  0.000
  0.014,298.155,  0.000,  0.000
  0.014,298.164,  0.000,  0.000
  0.014,298.173,  0.000,  0.000
  0.014,298.183,  0.000,  0.000
  0.014,298.192,  0.000,  0.000
  0.014,298.201,  0.000,  0.000
  0.014,298.211,  0.000,  0.000
  0.014,298.220,  0.000,  0.000
  0.014,298.228,  0.000,  0.000
  0.014,298.237,  0.000,  0.000
  0.014,298.243,  0.000,  0.000
  0.014,298.246,  0.000,  0.000
  0.014,298.249,  0.000,  0.000
  0.014,298.250,  0.000,  0.000
