  0.016,298.943,  0.000,  0.000
  0.016,298.939,  0.000,  0.000
  0.016,298.930,  0.000,  0.000
  0.016,298.918,  0.000,  0.000
  0.016,298.910,  0.000,  0.000
  0.016,298.921,  0.000,  0.000
  0.016,298.938,  0.000,  0.000
  0.016,298.937,  0.000,  0.000
  0.016,298.938,  0.000,  0.000
  0.016,298.961,  0.000,  0.000
  0.016,298.990,  0.000,  0.000
  0.016,299.000,  0.000,  0.000
  0.018,299.385,  0.000,  0.000
  0.018,299.375,  0.000,  0.000
  0.018,299.360,  0.000,  0.000
  0.018,299.355,  0.000,  0.000
  0.016,298.955,  0.000,  0.000
  0.016,298.959,  0.000,  0.000
  0.016,298.979,  0.000,  0.000
  0.016,299.013,  0.000,  0.000
  0.016,299.032,  0.000,  0.000
  0.016,299.035,  0.000,  0.000
  0.016,299.058,  0.000,  0.000
  0.016,299.073,  0.000,  0.000
  0.016,299.052,  0.000,  0.000
  0.016,298.955,  0.000,  0.000
  0.016,298.955,  0.000,  0.000
  0.016,298.951,  0.000,  0.000
  0.016,298.943,  0.000,  0.000
  0.016,298.931,  0.000,  0.000
  0.016,298.928,  0.000,  0.000
  0.016,298.941,  0.000,  0.000
  0.016,298.968,  0.000,  0.000
  0.016,299.000,  0.000,  0.000
  0.016,299.013,  0.000,  0.000
  0.016,299.021,  0.000,  0.000
  0.018,299.409,  0.000,  0.000
  0.018,299.402,  0.000,  0.000
  0.018,299.394,  0.000,  0.000
  0.016,298.995,  0.000,  0.000
  0.016,298.986,  0.000,  0.000
  0.016,298.983,  0.000,  0.000
  0.016,299.005,  0.000,  0.000
  0.016,299.021,  0.000,  0.000
  0.016,299.013,  0.000,  0.000
  0.016,299.031,  0.000,  0.000
  0.016,299.090,  0.000,  0.000
  0.016,299.097,  0.000,  0.000
  0.017,299.094,  0.000,  0.000
  0.017,299.118,  0.000,  0.000
  0.016,298.966,  0.000,  0.000
  0.016,298.969,  0.000,  0.000
  0.016,298.971,  0.000,  0.000
  0.016,298.961,  0.000,  0.000
  0.016,298.908,  0.000,  0.000
  0.016,298.825,  0.000,  0.000
  0.016,298.818,  0.000,  0.000
  0.016,298.929,  0.000,  0.000
  0.016,299.049,  0.000,  0.000
  0.016,299.071,  0.000,  0.000
  0.016,299.041,  0.000,  0.000
  0.016,299.031,  0.000,  0.000
  0.016,299.034,  0.000,  0.000
  0.016,299.031,  0.000,  0.000
  0.016,299.035,  0.000,  0.000
  0.016,299.055,  0.000,  0.000
  0.016,299.086,  0.000,  0.000
  0.016,299.090,  0.000,  0.000
  0.016,299.069,  0.000,  0.000
  0.016,299.020,  0.000,  0.000
  0.016,298.988,  0.000,  0.000
  0.016,299.053,  0.000,  0.000
  0.017,299.143,  0.000,  0.000
  0.017,299.206,  0.000,  0.000
  0.017,299.287,  0.000,  0.000
  0.016,298.981,  0.000,  0.000
  0.016,298.989,  0.000,  0.000
  0.016,298.995,  0.000,  0.000
  0.016,298.973,  0.000,  0.000
  0.016,298.897,  0.000,  0.000
  0.016,298.794,  0.000,  0.000
  0.016,298.759,  0.000,  0.000
  0.016,298.863,  0.000,  0.000
  0.016,299.030,  0.000,  0.000
  0.016,299.109,  0.000,  0.000
  0.016,299.080,  0.000,  0.000
  0.016,299.054,  0.000,  0.000
  0.016,299.060,  0.000,  0.000
  0.016,299.068,  0.000,  0.000
  0.016,299.078,  0.000,  0.000
  0.016,299.094,  0.000,  0.000
  0.016,299.091,  0.000,  0.000
  0.016,299.109,  0.000,  0.000
  0.017,299.126,  0.000,  0.000
  0.016,299.079,  0.000,  0.000
  0.016,299.029,  0.000,  0.000
  0.016,299.076,  0.000,  0.000
  0.017,299.241,  0.000,  0.000
  0.016,299.384,  0.000,  0.000
  0.016,299.390,  0.000,  0.000
  0.016,299.011,  0.000,  0.000
  0.016,299.021,  0.000,  0.000
  0.016,299.027,  0.000,  0.000
  0.016,298.998,  0.000,  0.000
  0.016,298.922,  0.000,  0.000
  0.016,298.838,  0.000,  0.000
  0.016,298.803,  0.000,  0.000
  0.016,298.859,  0.000,  0.000
  0.016,298.995,  0.000,  0.000
  0.016,299.114,  0.000,  0.000
  0.016,299.126,  0.000,  0.000
  0.016,299.094,  0.000,  0.000
  0.016,299.091,  0.000,  0.000
  0.016,299.111,  0.000,  0.000
  0.016,299.116,  0.000,  0.000
  0.016,299.035,  0.000,  0.000
  0.016,298.917,  0.000,  0.000
  0.016,298.996,  0.000,  0.000
  0.017,299.158,  0.000,  0.000
  0.017,299.145,  0.000,  0.000
  0.017,299.154,  0.000,  0.000
  0.017,299.266,  0.000,  0.000
  0.016,299.387,  0.000,  0.000
  0.016,299.421,  0.000,  0.000
  0.016,299.359,  0.000,  0.000
  0.016,299.059,  0.000,  0.000
  0.016,299.069,  0.000,  0.000
  0.016,299.067,  0.000,  0.000
  0.016,299.038,  0.000,  0.000
  0.016,298.981,  0.000,  0.000
  0.016,298.922,  0.000,  0.000
  0.016,298.892,  0.000,  0.000
  0.016,298.916,  0.000,  0.000
  0.016,299.004,  0.000,  0.000
  0.016,299.115,  0.000,  0.000
  0.016,299.156,  0.000,  0.000
  0.016,299.137,  0.000,  0.000
  0.016,299.134,  0.000,  0.000
  0.016,299.175,  0.000,  0.000
  0.017,299.185,  0.000,  0.000
  0.017,299.061,  0.000,  0.000
  0.017,298.897,  0.000,  0.000
  0.016,298.932,  0.000,  0.000
  0.017,299.160,  0.000,  0.000
  0.017,299.301,  0.000,  0.000
  0.017,299.352,  0.000,  0.000
  0.016,299.427,  0.000,  0.000
  0.016,299.431,  0.000,  0.000
  0.016,299.376,  0.000,  0.000
  0.016,299.323,  0.000,  0.000
  0.016,299.097,  0.000,  0.000
  0.016,299.113,  0.000,  0.000
  0.016,299.113,  0.000,  0.000
  0.016,299.093,  0.000,  0.000
  0.016,299.060,  0.000,  0.000
  0.016,299.026,  0.000,  0.000
  0.016,299.002,  0.000,  0.000
  0.016,299.008,  0.000,  0.000
  0.016,299.059,  0.000,  0.000
  0.016,299.127,  0.000,  0.000
  0.016,299.170,  0.000,  0.000
  0.016,299.187,  0.000,  0.000
  0.017,299.219,  0.000,  0.000
  0.017,299.277,  0.000,  0.000
  0.017,299.272,  0.000,  0.000
  0.017,299.173,  0.000,  0.000
  0.017,299.060,  0.000,  0.000
  0.017,299.072,  0.000,  0.000
  0.017,299.250,  0.000,  0.000
  0.016,299.426,  0.000,  0.000
  0.016,299.447,  0.000,  0.000
  0.016,299.428,  0.000,  0.000
  0.016,299.394,  0.000,  0.000
  0.016,299.353,  0.000,  0.000
  0.016,299.325,  0.000,  0.000
  0.016,299.128,  0.000,  0.000
  0.016,299.144,  0.000,  0.000
  0.016,299.154,  0.000,  0.000
  0.016,299.142,  0.000,  0.000
  0.016,299.125,  0.000,  0.000
  0.016,299.111,  0.000,  0.000
  0.016,299.098,  0.000,  0.000
  0.016,299.096,  0.000,  0.000
  0.016,299.115,  0.000,  0.000
  0.016,299.151,  0.000,  0.000
  0.017,299.208,  0.000,  0.000
  0.017,299.277,  0.000,  0.000
  0.017,299.328,  0.000,  0.000
  0.017,299.358,  0.000,  0.000
  0.016,299.339,  0.000,  0.000
  0.017,299.272,  0.000,  0.000
  0.017,299.237,  0.000,  0.000
  0.017,299.303,  0.000,  0.000
  0.016,299.408,  0.000,  0.000
  0.016,299.449,  0.000,  0.000
  0.016,299.405,  0.000,  0.000
  0.016,299.376,  0.000,  0.000
  0.016,299.362,  0.000,  0.000
  0.016,299.362,  0.000,  0.000
  0.016,299.353,  0.000,  0.000
  0.016,299.159,  0.000,  0.000
  0.016,299.167,  0.000,  0.000
  0.016,299.180,  0.000,  0.000
  0.016,299.182,  0.000,  0.000
  0.016,299.179,  0.000,  0.000
  0.016,299.177,  0.000,  0.000
  0.016,299.168,  0.000,  0.000
  0.016,299.154,  0.000,  0.000
  0.016,299.155,  0.000,  0.000
  0.017,299.200,  0.000,  0.000
  0.017,299.302,  0.000,  0.000
  0.016,299.394,  0.000,  0.000
  0.016,299.385,  0.000,  0.000
  0.016,299.340,  0.000,  0.000
  0.016,299.341,  0.000,  0.000
  0.017,299.374,  0.000,  0.000
  0.017,299.420,  0.000,  0.000
  0.017,299.469,  0.000,  0.000
  0.016,299.467,  0.000,  0.000
  0.016,299.414,  0.000,  0.000
  0.016,299.373,  0.000,  0.000
  0.016,299.365,  0.000,  0.000
  0.016,299.386,  0.000,  0.000
  0.016,299.407,  0.000,  0.000
  0.016,299.377,  0.000,  0.000
  0.016,299.187,  0.000,  0.000
  0.016,299.193,  0.000,  0.000
  0.016,299.214,  0.000,  0.000
  0.016,299.243,  0.000,  0.000
  0.016,299.253,  0.000,  0.000
  0.016,299.243,  0.000,  0.000
  0.016,299.220,  0.000,  0.000
  0.016,299.193,  0.000,  0.000
  0.017,299.202,  0.000,  0.000
  0.017,299.283,  0.000,  0.000
  0.016,299.416,  0.000,  0.000
  0.016,299.471,  0.000,  0.000
  0.016,299.404,  0.000,  0.000
  0.016,299.335,  0.000,  0.000
  0.016,299.368,  0.000,  0.000
  0.016,299.481,  0.000,  0.000
  0.016,299.529,  0.000,  0.000
  0.016,299.488,  0.000,  0.000
  0.016,299.444,  0.000,  0.000
  0.016,299.409,  0.000,  0.000
  0.016,299.404,  0.000,  0.000
  0.016,299.420,  0.000,  0.000
  0.016,299.438,  0.000,  0.000
  0.016,299.424,  0.000,  0.000
  0.016,299.372,  0.000,  0.000
  0.016,299.214,  0.000,  0.000
  0.016,299.232,  0.000,  0.000
  0.016,299.275,  0.000,  0.000
  0.016,299.326,  0.000,  0.000
  0.016,299.337,  0.000,  0.000
  0.016,299.306,  0.000,  0.000
  0.016,299.262,  0.000,  0.000
  0.016,299.241,  0.000,  0.000
  0.017,299.277,  0.000,  0.000
  0.017,299.380,  0.000,  0.000
  0.016,299.486,  0.000,  0.000
  0.016,299.488,  0.000,  0.000
  0.016,299.422,  0.000,  0.000
  0.016,299.400,  0.000,  0.000
  0.016,299.471,  0.000,  0.000
  0.016,299.545,  0.000,  0.000
  0.016,299.525,  0.000,  0.000
  0.016,299.468,  0.000,  0.000
  0.016,299.441,  0.000,  0.000
  0.016,299.442,  0.000,  0.000
  0.016,299.466,  0.000,  0.000
  0.016,299.478,  0.000,  0.000
  0.016,299.448,  0.000,  0.000
  0.016,299.402,  0.000,  0.000
  0.016,299.360,  0.000,  0.000
  0.016,299.249,  0.000,  0.000
  0.016,299.294,  0.000,  0.000
  0.016,299.357,  0.000,  0.000
  0.016,299.400,  0.000,  0.000
  0.016,299.391,  0.000,  0.000
  0.016,299.354,  0.000,  0.000
  0.016,299.318,  0.000,  0.000
  0.017,299.318,  0.000,  0.000
  0.017,299.373,  0.000,  0.000
  0.016,299.459,  0.000,  0.000
  0.016,299.504,  0.000,  0.000
  0.016,299.483,  0.000,  0.000
  0.016,299.466,  0.000,  0.000
  0.017,299.503,  0.000,  0.000
  0.016,299.553,  0.000,  0.000
  0.016,299.548,  0.000,  0.000
  0.016,299.507,  0.000,  0.000
  0.016,299.486,  0.000,  0.000
  0.016,299.484,  0.000,  0.000
  0.016,299.488,  0.000,  0.000
  0.016,299.490,  0.000,  0.000
  0.016,299.464,  0.000,  0.000
  0.016,299.423,  0.000,  0.000
  0.017,299.393,  0.000,  0.000
  0.017,299.370,  0.000,  0.000
  0.016,299.303,  0.000,  0.000
  0.016,299.363,  0.000,  0.000
  0.016,299.415,  0.000,  0.000
  0.016,299.426,  0.000,  0.000
  0.016,299.415,  0.000,  0.000
  0.016,299.405,  0.000,  0.000
  0.016,299.398,  0.000,  0.000
  0.016,299.410,  0.000,  0.000
  0.016,299.453,  0.000,  0.000
  0.016,299.490,  0.000,  0.000
  0.016,299.492,  0.000,  0.000
  0.016,299.492,  0.000,  0.000
  0.017,299.529,  0.000,  0.000
  0.016,299.572,  0.000,  0.000
  0.016,299.564,  0.000,  0.000
  0.016,299.528,  0.000,  0.000
  0.016,299.528,  0.000,  0.000
  0.016,299.538,  0.000,  0.000
  0.016,299.530,  0.000,  0.000
  0.017,299.505,  0.000,  0.000
  0.016,299.472,  0.000,  0.000
  0.016,299.431,  0.000,  0.000
  0.016,299.405,  0.000,  0.000
  0.017,299.395,  0.000,  0.000
  0.017,299.390,  0.000,  0.000
  0.016,299.356,  0.000,  0.000
  0.016,299.394,  0.000,  0.000
  0.016,299.413,  0.000,  0.000
  0.016,299.422,  0.000,  0.000
  0.016,299.446,  0.000,  0.000
  0.016,299.471,  0.000,  0.000
  0.016,299.475,  0.000,  0.000
  0.016,299.475,  0.000,  0.000
  0.016,299.484,  0.000,  0.000
  0.016,299.495,  0.000,  0.000
  0.016,299.510,  0.000,  0.000
  0.016,299.525,  0.000,  0.000
  0.016,299.542,  0.000,  0.000
  0.016,299.547,  0.000,  0.000
  0.016,299.547,  0.000,  0.000
  0.016,299.547,  0.000,  0.000
  0.016,299.558,  0.000,  0.000
  0.016,299.549,  0.000,  0.000
  0.016,299.513,  0.000,  0.000
  0.017,299.480,  0.000,  0.000
  0.017,299.451,  0.000,  0.000
  0.016,299.430,  0.000,  0.000
  0.016,299.417,  0.000,  0.000
  0.016,299.413,  0.000,  0.000
  0.017,299.408,  0.000,  0.000
  0.016,299.396,  0.000,  0.000
  0.016,299.396,  0.000,  0.000
  0.016,299.402,  0.000,  0.000
  0.016,299.440,  0.000,  0.000
  0.016,299.494,  0.000,  0.000
  0.016,299.519,  0.000,  0.000
  0.016,299.509,  0.000,  0.000
  0.016,299.493,  0.000,  0.000
  0.016,299.499,  0.000,  0.000
  0.016,299.530,  0.000,  0.000
  0.016,299.551,  0.000,  0.000
  0.016,299.534,  0.000,  0.000
  0.016,299.515,  0.000,  0.000
  0.016,299.523,  0.000,  0.000
  0.016,299.567,  0.000,  0.000
  0.017,299.577,  0.000,  0.000
  0.017,299.537,  0.000,  0.000
  0.017,299.497,  0.000,  0.000
  0.016,299.469,  0.000,  0.000
  0.016,299.444,  0.000,  0.000
  0.016,299.442,  0.000,  0.000
  0.017,299.450,  0.000,  0.000
  0.016,299.451,  0.000,  0.000
  0.016,299.439,  0.000,  0.000
  0.017,299.424,  0.000,  0.000
