  0.015,299.180,  0.000,  0.000
  0.015,299.196,  0.000,  0.000
  0.015,299.212,  0.000,  0.000
  0.015,299.228,  0.000,  0.000
  0.015,299.244,  0.000,  0.000
  0.015,299.260,  0.000,  0.000
  0.015,299.278,  0.000,  0.000
  0.015,299.297,  0.000,  0.000
  0.015,299.315,  0.000,  0.000
  0.015,299.334,  0.000,  0.000
  0.015,299.352,  0.000,  0.000
  0.015,299.371,  0.000,  0.000
  0.015,299.389,  0.000,  0.000
  0.015,299.408,  0.000,  0.000
  0.015,299.426,  0.000,  0.000
  0.015,299.444,  0.000,  0.000
  0.015,299.462,  0.000,  0.000
  0.015,299.480,  0.000,  0.000
  0.015,299.498,  0.000,  0.000
  0.015,299.518,  0.000,  0.000
  0.015,299.537,  0.000,  0.000
  0.015,299.558,  0.000,  0.000
  0.015,299.579,  0.000,  0.000
  0.015,299.621,  0.000,  0.000
  0.015,299.642,  0.000,  0.000
  0.016,299.172,  0.000,  0.000
  0.016,299.188,  0.000,  0.000
  0.016,299.204,  0.000,  0.000
  0.015,299.221,  0.000,  0.000
  0.015,299.238,  0.000,  0.000
  0.015,299.256,  0.000,  0.000
  0.015,299.274,  0.000,  0.000
  0.015,299.293,  0.000,  0.000
  0.015,299.312,  0.000,  0.000
  0.015,299.331,  0.000,  0.000
  0.015,299.350,  0.000,  0.000
  0.015,299.369,  0.000,  0.000
  0.015,299.388,  0.000,  0.000
  0.015,299.407,  0.000,  0.000
  0.015,299.426,  0.000,  0.000
  0.015,299.444,  0.000,  0.000
  0.015,299.463,  0.000,  0.000
  0.015,299.481,  0.000,  0.000
  0.015,299.500,  0.000,  0.000
  0.015,299.520,  0.000,  0.000
  0.015,299.540,  0.000,  0.000
  0.015,299.560,  0.000,  0.000
  0.015,299.582,  0.000,  0.000
  0.015,299.622,  0.000,  0.000
  0.015,299.643,  0.000,  0.000
  0.016,299.164,  0.000,  0.000
  0.016,299.181,  0.000,  0.000
  0.016,299.198,  0.000,  0.000
  0.016,299.215,  0.000,  0.000
  0.016,299.233,  0.000,  0.000
  0.016,299.251,  0.000,  0.000
  0.016,299.270,  0.000,  0.000
  0.015,299.289,  0.000,  0.000
  0.015,299.309,  0.000,  0.000
  0.015,299.328,  0.000,  0.000
  0.015,299.348,  0.000,  0.000
  0.015,299.368,  0.000,  0.000
  0.015,299.387,  0.000,  0.000
  0.015,299.407,  0.000,  0.000
  0.015,299.425,  0.000,  0.000
  0.015,299.444,  0.000,  0.000
  0.015,299.463,  0.000,  0.000
  0.015,299.482,  0.000,  0.000
  0.015,299.501,  0.000,  0.000
  0.015,299.521,  0.000,  0.000
  0.015,299.541,  0.000,  0.000
  0.015,299.562,  0.000,  0.000
  0.015,299.584,  0.000,  0.000
  0.015,299.622,  0.000,  0.000
  0.015,299.643,  0.000,  0.000
  0.016,299.156,  0.000,  0.000
  0.016,299.174,  0.000,  0.000
  0.016,299.191,  0.000,  0.000
  0.016,299.209,  0.000,  0.000
  0.016,299.227,  0.000,  0.000
  0.016,299.246,  0.000,  0.000
  0.016,299.265,  0.000,  0.000
  0.016,299.285,  0.000,  0.000
  0.016,299.305,  0.000,  0.000
  0.016,299.326,  0.000,  0.000
  0.016,299.346,  0.000,  0.000
  0.016,299.366,  0.000,  0.000
  0.015,299.386,  0.000,  0.000
  0.015,299.405,  0.000,  0.000
  0.015,299.425,  0.000,  0.000
  0.015,299.444,  0.000,  0.000
  0.015,299.462,  0.000,  0.000
  0.015,299.481,  0.000,  0.000
  0.015,299.501,  0.000,  0.000
  0.015,299.521,  0.000,  0.000
  0.015,299.541,  0.000,  0.000
  0.015,299.562,  0.000,  0.000
  0.015,299.584,  0.000,  0.000
  0.015,299.620,  0.000,  0.000
  0.015,299.641,  0.000,  0.000
  0.016,299.149,  0.000,  0.000
  0.016,299.166,  0.000,  0.000
  0.016,299.184,  0.000,  0.000
  0.016,299.203,  0.000,  0.000
  0.016,299.222,  0.000,  0.000
  0.016,299.241,  0.000,  0.000
  0.016,299.261,  0.000,  0.000
  0.016,299.282,  0.000,  0.000
  0.016,299.302,  0.000,  0.000
  0.016,299.323,  0.000,  0.000
  0.016,299.343,  0.000,  0.000
  0.016,299.364,  0.000,  0.000
  0.016,299.384,  0.000,  0.000
  0.016,299.403,  0.000,  0.000
  0.016,299.423,  0.000,  0.000
  0.016,299.442,  0.000,  0.000
  0.015,299.461,  0.000,  0.000
  0.015,299.480,  0.000,  0.000
  0.015,299.500,  0.000,  0.000
  0.015,299.520,  0.000,  0.000
  0.015,299.540,  0.000,  0.000
  0.015,299.561,  0.000,  0.000
  0.015,299.583,  0.000,  0.000
  0.016,299.617,  0.000,  0.000
  0.016,299.637,  0.000,  0.000
  0.016,299.142,  0.000,  0.000
  0.016,299.160,  0.000,  0.000
  0.016,299.178,  0.000,  0.000
  0.016,299.197,  0.000,  0.000
  0.016,299.216,  0.000,  0.000
  0.016,299.236,  0.000,  0.000
  0.016,299.257,  0.000,  0.000
  0.016,299.278,  0.000,  0.000
  0.016,299.298,  0.000,  0.000
  0.016,299.319,  0.000,  0.000
  0.016,299.340,  0.000,  0.000
  0.016,299.361,  0.000,  0.000
  0.016,299.381,  0.000,  0.000
  0.016,299.401,  0.000,  0.000
  0.016,299.421,  0.000,  0.000
  0.016,299.440,  0.000,  0.000
  0.016,299.459,  0.000,  0.000
  0.016,299.478,  0.000,  0.000
  0.016,299.498,  0.000,  0.000
  0.016,299.518,  0.000,  0.000
  0.016,299.538,  0.000,  0.000
  0.016,299.559,  0.000,  0.000
  0.016,299.580,  0.000,  0.000
  0.016,299.612,  0.000,  0.000
  0.016,299.631,  0.000,  0.000
  0.016,299.135,  0.000,  0.000
  0.016,299.153,  0.000,  0.000
  0.016,299.172,  0.000,  0.000
  0.016,299.191,  0.000,  0.000
  0.016,299.211,  0.000,  0.000
  0.016,299.231,  0.000,  0.000
  0.016,299.252,  0.000,  0.000
  0.016,299.273,  0.000,  0.000
  0.016,299.294,  0.000,  0.000
  0.016,299.315,  0.000,  0.000
  0.016,299.336,  0.000,  0.000
  0.016,299.357,  0.000,  0.000
  0.016,299.377,  0.000,  0.000
  0.016,299.398,  0.000,  0.000
  0.016,299.418,  0.000,  0.000
  0.016,299.437,  0.000,  0.000
  0.016,299.456,  0.000,  0.000
  0.016,299.475,  0.000,  0.000
  0.016,299.495,  0.000,  0.000
  0.016,299.515,  0.000,  0.000
  0.016,299.535,  0.000,  0.000
  0.016,299.556,  0.000,  0.000
  0.016,299.576,  0.000,  0.000
  0.016,299.605,  0.000,  0.000
  0.016,299.624,  0.000,  0.000
  0.016,299.129,  0.000,  0.000
  0.016,299.148,  0.000,  0.000
  0.016,299.167,  0.000,  0.000
  0.016,299.186,  0.000,  0.000
  0.016,299.206,  0.000,  0.000
  0.016,299.227,  0.000,  0.000
  0.016,299.247,  0.000,  0.000
  0.016,299.268,  0.000,  0.000
  0.016,299.289,  0.000,  0.000
  0.016,299.311,  0.000,  0.000
  0.016,299.332,  0.000,  0.000
  0.016,299.352,  0.000,  0.000
  0.016,299.373,  0.000,  0.000
  0.016,299.393,  0.000,  0.000
  0.016,299.413,  0.000,  0.000
  0.016,299.433,  0.000,  0.000
  0.016,299.452,  0.000,  0.000
  0.016,299.471,  0.000,  0.000
  0.016,299.490,  0.000,  0.000
  0.016,299.510,  0.000,  0.000
  0.016,299.531,  0.000,  0.000
  0.016,299.551,  0.000,  0.000
  0.016,299.572,  0.000,  0.000
  0.016,299.597,  0.000,  0.000
  0.016,299.616,  0.000,  0.000
  0.016,299.125,  0.000,  0.000
  0.016,299.143,  0.000,  0.000
  0.016,299.162,  0.000,  0.000
  0.016,299.182,  0.000,  0.000
  0.016,299.202,  0.000,  0.000
  0.016,299.223,  0.000,  0.000
  0.016,299.243,  0.000,  0.000
  0.016,299.264,  0.000,  0.000
  0.016,299.285,  0.000,  0.000
  0.016,299.306,  0.000,  0.000
  0.016,299.327,  0.000,  0.000
  0.016,299.348,  0.000,  0.000
  0.016,299.368,  0.000,  0.000
  0.016,299.389,  0.000,  0.000
  0.016,299.409,  0.000,  0.000
  0.016,299.428,  0.000,  0.000
  0.016,299.447,  0.000,  0.000
  0.016,299.466,  0.000,  0.000
  0.016,299.485,  0.000,  0.000
  0.016,299.505,  0.000,  0.000
  0.016,299.525,  0.000,  0.000
  0.016,299.545,  0.000,  0.000
  0.016,299.566,  0.000,  0.000
  0.016,299.588,  0.000,  0.000
  0.016,299.607,  0.000,  0.000
  0.016,299.122,  0.000,  0.000
  0.016,299.140,  0.000,  0.000
  0.016,299.159,  0.000,  0.000
  0.016,299.178,  0.000,  0.000
  0.016,299.198,  0.000,  0.000
  0.016,299.218,  0.000,  0.000
  0.016,299.239,  0.000,  0.000
  0.016,299.260,  0.000,  0.000
  0.016,299.281,  0.000,  0.000
  0.016,299.302,  0.000,  0.000
  0.016,299.323,  0.000,  0.000
  0.016,299.344,  0.000,  0.000
  0.016,299.364,  0.000,  0.000
  0.016,299.384,  0.000,  0.000
  0.016,299.404,  0.000,  0.000
  0.016,299.423,  0.000,  0.000
  0.016,299.441,  0.000,  0.000
  0.016,299.460,  0.000,  0.000
  0.016,299.479,  0.000,  0.000
  0.016,299.499,  0.000,  0.000
  0.016,299.519,  0.000,  0.000
  0.016,299.539,  0.000,  0.000
  0.016,299.558,  0.000,  0.000
  0.016,299.579,  0.000,  0.000
  0.016,299.597,  0.000,  0.000
  0.016,299.118,  0.000,  0.000
  0.016,299.136,  0.000,  0.000
  0.016,299.154,  0.000,  0.000
  0.016,299.174,  0.000,  0.000
  0.016,299.194,  0.000,  0.000
  0.016,299.214,  0.000,  0.000
  0.016,299.234,  0.000,  0.000
  0.016,299.255,  0.000,  0.000
  0.016,299.276,  0.000,  0.000
  0.016,299.297,  0.000,  0.000
  0.016,299.318,  0.000,  0.000
  0.016,299.338,  0.000,  0.000
  0.016,299.359,  0.000,  0.000
  0.016,299.378,  0.000,  0.000
  0.016,299.398,  0.000,  0.000
  0.016,299.416,  0.000,  0.000
  0.016,299.435,  0.000,  0.000
  0.016,299.454,  0.000,  0.000
  0.016,299.472,  0.000,  0.000
  0.016,299.492,  0.000,  0.000
  0.016,299.511,  0.000,  0.000
  0.016,299.531,  0.000,  0.000
  0.016,299.550,  0.000,  0.000
  0.016,299.569,  0.000,  0.000
  0.016,299.587,  0.000,  0.000
  0.016,299.114,  0.000,  0.000
  0.016,299.131,  0.000,  0.000
  0.016,299.149,  0.000,  0.000
  0.016,299.168,  0.000,  0.000
  0.016,299.187,  0.000,  0.000
  0.016,299.207,  0.000,  0.000
  0.016,299.227,  0.000,  0.000
  0.016,299.248,  0.000,  0.000
  0.016,299.268,  0.000,  0.000
  0.016,299.290,  0.000,  0.000
  0.016,299.311,  0.000,  0.000
  0.016,299.330,  0.000,  0.000
  0.016,299.351,  0.000,  0.000
  0.016,299.370,  0.000,  0.000
  0.016,299.389,  0.000,  0.000
  0.016,299.408,  0.000,  0.000
  0.016,299.426,  0.000,  0.000
  0.016,299.445,  0.000,  0.000
  0.016,299.463,  0.000,  0.000
  0.016,299.482,  0.000,  0.000
  0.016,299.501,  0.000,  0.000
  0.016,299.520,  0.000,  0.000
  0.016,299.540,  0.000,  0.000
  0.016,299.558,  0.000,  0.000
  0.016,299.576,  0.000,  0.000
  0.016,299.110,  0.000,  0.000
  0.016,299.127,  0.000,  0.000
  0.016,299.144,  0.000,  0.000
  0.016,299.162,  0.000,  0.000
  0.016,299.181,  0.000,  0.000
  0.016,299.200,  0.000,  0.000
  0.016,299.220,  0.000,  0.000
  0.016,299.240,  0.000,  0.000
  0.016,299.261,  0.000,  0.000
  0.016,299.282,  0.000,  0.000
  0.016,299.302,  0.000,  0.000
  0.016,299.322,  0.000,  0.000
  0.016,299.342,  0.000,  0.000
  0.016,299.362,  0.000,  0.000
  0.016,299.380,  0.000,  0.000
  0.016,299.399,  0.000,  0.000
  0.016,299.417,  0.000,  0.000
  0.016,299.435,  0.000,  0.000
  0.016,299.453,  0.000,  0.000
  0.016,299.472,  0.000,  0.000
  0.016,299.491,  0.000,  0.000
  0.016,299.510,  0.000,  0.000
  0.016,299.529,  0.000,  0.000
  0.016,299.547,  0.000,  0.000
  0.016,299.565,  0.000,  0.000
  0.016,299.106,  0.000,  0.000
  0.016,299.122,  0.000,  0.000
  0.016,299.139,  0.000,  0.000
  0.016,299.156,  0.000,  0.000
  0.016,299.175,  0.000,  0.000
  0.016,299.194,  0.000,  0.000
  0.016,299.213,  0.000,  0.000
  0.016,299.233,  0.000,  0.000
  0.016,299.253,  0.000,  0.000
  0.016,299.273,  0.000,  0.000
  0.016,299.293,  0.000,  0.000
  0.016,299.312,  0.000,  0.000
  0.016,299.332,  0.000,  0.000
  0.016,299.352,  0.000,  0.000
  0.016,299.370,  0.000,  0.000
  0.016,299.389,  0.000,  0.000
  0.016,299.406,  0.000,  0.000
  0.016,299.424,  0.000,  0.000
  0.016,299.443,  0.000,  0.000
  0.016,299.461,  0.000,  0.000
  0.016,299.480,  0.000,  0.000
  0.016,299.498,  0.000,  0.000
  0.016,299.517,  0.000,  0.000
  0.016,299.535,  0.000,  0.000
  0.016,299.553,  0.000,  0.000
  0.016,299.101,  0.000,  0.000
  0.016,299.116,  0.000,  0.000
  0.016,299.133,  0.000,  0.000
  0.016,299.149,  0.000,  0.000
  0.016,299.167,  0.000,  0.000
  0.016,299.186,  0.000,  0.000
  0.016,299.205,  0.000,  0.000
  0.016,299.224,  0.000,  0.000
  0.016,299.243,  0.000,  0.000
  0.016,299.263,  0.000,  0.000
  0.016,299.283,  0.000,  0.000
  0.016,299.302,  0.000,  0.000
  0.016,299.321,  0.000,  0.000
  0.016,299.340,  0.000,  0.000
  0.016,299.359,  0.000,  0.000
  0.016,299.377,  0.000,  0.000
  0.016,299.394,  0.000,  0.000
  0.016,299.412,  0.000,  0.000
  0.016,299.430,  0.000,  0.000
  0.016,299.449,  0.000,  0.000
  0.016,299.467,  0.000,  0.000
  0.016,299.486,  0.000,  0.000
  0.016,299.504,  0.000,  0.000
  0.016,299.522,  0.000,  0.000
  0.016,299.540,  0.000,  0.000
