  0.017,299.088, 13.118,  0.000
  0.017,299.117, 10.531,  0.000
  0.017,299.192,  6.082,  0.000
  0.017,299.156,  1.700,  0.000
  0.017,299.114,  0.170,  0.000
  0.017,299.138,  0.010,  0.000
  0.017,299.145,  0.007,  0.000
  0.017,299.133,  0.007,  0.000
  0.017,299.114,  0.019,  0.000
  0.017,299.111,  0.053,  0.000
  0.017,299.132,  0.046,  0.000
  0.017,299.162,  0.014,  0.000
  0.017,299.168,  0.018,  0.000
  0.017,299.181,  0.012,  0.030
  0.017,299.200,  0.472,  0.030
  0.017,299.192,  0.166,  0.030
  0.017,299.179,  0.027,  0.060
  0.017,299.171,  0.033,  0.060
  0.017,299.159,  0.083,  0.060
  0.017,299.164,  0.216,  0.060
  0.017,299.168,  1.226,  0.100
  0.017,299.163,  4.000,  0.100
  0.017,299.155,  6.361,  0.100
  0.017,299.183,  7.638,  0.050
  0.017,299.205,  6.700,  0.050
  0.017,299.089,  2.851,  0.000
  0.017,299.151,  0.749,  0.000
  0.017,299.185,  0.094,  0.000
  0.017,299.139,  0.090,  0.000
  0.017,299.104,  0.064,  0.000
  0.017,299.128,  0.108,  0.000
  0.017,299.143,  0.293,  0.000
  0.017,299.132,  0.797,  0.000
  0.017,299.107,  1.503,  0.000
  0.017,299.115,  2.333,  0.000
  0.017,299.145,  1.439,  0.000
  0.017,299.165,  0.225,  0.000
  0.017,299.159,  0.115,  0.000
  0.017,299.173,  0.226,  0.000
  0.017,299.192,  0.321,  0.000
  0.017,299.167,  0.434,  0.000
  0.017,299.166,  0.399,  0.000
  0.017,299.182,  0.274,  0.000
  0.017,299.170,  0.483,  0.000
  0.017,299.167,  1.904,  0.000
  0.017,299.169,  3.561,  0.000
  0.017,299.166,  4.283,  0.000
  0.017,299.164,  3.086,  0.000
  0.017,299.206,  1.176,  0.000
  0.017,299.232,  0.357,  0.000
  0.017,299.096,  0.003,  0.000
  0.017,299.132,  0.090,  0.000
  0.017,299.112,  0.134,  0.000
  0.017,299.095,  0.625,  0.000
  0.017,299.083,  0.985,  0.000
  0.017,299.114,  1.350,  0.000
  0.017,299.135,  2.137,  0.000
  0.017,299.117,  4.200,  0.000
  0.017,299.095,  6.042,  0.000
  0.017,299.122,  7.119,  0.000
  0.017,299.137,  3.882,  0.000
  0.017,299.145,  0.631,  0.000
  0.017,299.140,  0.595,  0.000
  0.017,299.145,  1.294,  0.000
  0.017,299.169,  1.985,  0.000
  0.017,299.149,  2.473,  0.000
  0.017,299.176,  1.489,  0.000
  0.017,299.204,  0.444,  0.000
  0.017,299.191,  0.077,  0.000
  0.017,299.187,  0.009,  0.000
  0.017,299.191,  0.009,  0.000
  0.017,299.181,  0.027,  0.000
  0.017,299.187,  0.028,  0.000
  0.017,299.232,  0.043,  0.000
  0.017,299.236,  0.129,  0.000
  0.017,299.074,  0.041,  0.000
  0.017,299.070,  0.016,  0.000
  0.017,299.056,  0.335,  0.000
  0.017,299.057,  2.566,  0.000
  0.017,299.062,  3.653,  0.000
  0.017,299.085,  3.123,  0.000
  0.017,299.120,  2.438,  0.000
  0.017,299.105,  1.063,  0.000
  0.017,299.095,  0.177,  0.000
  0.017,299.121,  0.020,  0.000
  0.017,299.123,  0.006,  0.000
  0.017,299.133,  0.007,  0.000
  0.017,299.141,  0.006,  0.000
  0.017,299.133,  0.003,  0.000
  0.017,299.165,  0.006,  0.000
  0.017,299.157,  0.011,  0.000
  0.017,299.197,  0.015,  0.000
  0.017,299.204,  0.026,  0.000
  0.017,299.197,  0.019,  0.000
  0.017,299.196,  0.019,  0.000
  0.017,299.194,  0.027,  0.000
  0.017,299.178,  0.028,  0.000
  0.017,299.191,  0.039,  0.000
  0.017,299.216,  0.294,  0.000
  0.017,299.205,  1.732,  0.000
  0.017,299.029,  0.021,  0.000
  0.017,299.047,  0.003,  0.000
  0.017,299.044,  0.407,  0.000
  0.017,299.048,  1.359,  0.000
  0.017,299.047,  1.066,  0.000
  0.017,299.045,  0.295,  0.000
  0.017,299.113,  0.046,  0.000
  0.017,299.104,  0.023,  0.000
  0.017,299.103,  0.036,  0.000
  0.017,299.109,  0.026,  0.000
  0.017,299.132,  0.012,  0.000
  0.017,299.155,  0.003,  0.000
  0.017,299.155,  0.000,  0.000
  0.017,299.133,  0.003,  0.000
  0.017,299.168,  0.012,  0.000
  0.017,299.167,  0.017,  0.000
  0.017,299.190,  0.024,  0.000
  0.017,299.180,  0.059,  0.000
  0.017,299.185,  0.102,  0.000
  0.017,299.184,  0.400,  0.000
  0.017,299.177,  0.972,  0.000
  0.017,299.173,  1.289,  0.000
  0.017,299.171,  1.571,  0.000
  0.017,299.173,  1.973,  0.000
  0.017,299.170,  2.979,  0.000
  0.017,299.012,  0.000,  0.080
  0.017,299.066,  0.012,  0.080
  0.017,299.066,  0.000,  0.040
  0.017,299.059,  0.000,  0.040
  0.017,299.058,  0.013,  0.040
  0.017,299.029,  0.014,  0.040
  0.017,299.126,  0.012,  0.020
  0.017,299.111,  0.007,  0.020
  0.017,299.110,  0.007,  0.020
  0.017,299.127,  0.014,  0.010
  0.017,299.167,  0.018,  0.010
  0.017,299.167,  0.017,  0.010
  0.017,299.152,  0.016,  0.010
  0.017,299.133,  0.091,  0.000
  0.017,299.155,  0.453,  0.000
  0.017,299.156,  0.400,  0.000
  0.017,299.158,  0.339,  0.000
  0.017,299.161,  0.935,  0.000
  0.017,299.165,  1.476,  0.000
  0.017,299.170,  2.558,  0.000
  0.017,299.177,  4.763,  0.000
  0.017,299.185,  5.484,  0.000
  0.017,299.163,  5.794,  0.000
  0.017,299.150,  6.152,  0.000
  0.017,299.169,  5.264,  0.000
  0.017,299.025,  0.000,  0.080
  0.017,299.085,  0.000,  0.080
  0.017,299.079,  0.004,  0.040
  0.017,299.072,  0.017,  0.040
  0.017,299.098,  0.016,  0.040
  0.017,299.087,  0.004,  0.040
  0.017,299.128,  0.001,  0.020
  0.017,299.114,  0.000,  0.020
  0.017,299.134,  0.026,  0.020
  0.017,299.174,  0.173,  0.010
  0.017,299.179,  0.205,  0.010
  0.017,299.167,  0.131,  0.010
  0.017,299.153,  0.067,  0.010
  0.017,299.140,  0.424,  0.000
  0.017,299.150,  2.274,  0.000
  0.017,299.160,  2.206,  0.000
  0.017,299.153,  2.362,  0.000
  0.017,299.164,  4.812,  0.000
  0.017,299.159,  5.408,  0.000
  0.017,299.186,  3.006,  0.000
  0.017,299.197,  0.706,  0.000
  0.017,299.197,  0.139,  0.000
  0.017,299.174,  0.568,  0.000
  0.017,299.157,  0.550,  0.000
  0.017,299.179,  0.291,  0.000
  0.017,299.033,  0.000,  0.080
  0.017,299.090,  0.000,  0.080
  0.017,299.078,  0.000,  0.040
  0.017,299.077,  0.000,  0.040
  0.017,299.117,  0.000,  0.040
  0.017,299.123,  0.000,  0.040
  0.017,299.109,  0.000,  0.020
  0.017,299.127,  0.001,  0.020
  0.017,299.156,  0.027,  0.020
  0.017,299.179,  0.379,  0.010
  0.017,299.167,  0.451,  0.010
  0.017,299.167,  0.249,  0.010
  0.017,299.173,  0.129,  0.010
  0.017,299.156,  0.584,  0.000
  0.017,299.147,  2.236,  0.000
  0.017,299.178,  3.597,  0.000
  0.017,299.182,  4.428,  0.000
  0.017,299.188,  5.103,  0.000
  0.017,299.186,  2.751,  0.000
  0.017,299.213,  1.163,  0.000
  0.017,299.201,  0.370,  0.000
  0.017,299.198,  0.304,  0.000
  0.017,299.173,  0.707,  0.000
  0.017,299.157,  0.942,  0.000
  0.017,299.173,  0.833,  0.000
  0.017,299.043,  0.000,  0.080
  0.017,299.095,  0.000,  0.080
  0.017,299.073,  0.000,  0.040
  0.017,299.074,  0.000,  0.040
  0.017,299.113,  0.000,  0.040
  0.017,299.089,  0.000,  0.040
  0.017,299.096,  0.000,  0.020
  0.017,299.139,  0.000,  0.020
  0.017,299.141,  0.000,  0.020
  0.017,299.145,  0.001,  0.010
  0.017,299.140,  0.001,  0.010
  0.017,299.160,  0.045,  0.010
  0.017,299.189,  0.300,  0.010
  0.017,299.168,  1.657,  0.000
  0.017,299.158,  2.924,  0.000
  0.017,299.188,  2.452,  0.000
  0.017,299.190,  1.176,  0.000
  0.017,299.216,  0.303,  0.000
  0.017,299.221,  0.043,  0.000
  0.017,299.219,  0.021,  0.000
  0.017,299.192,  0.761,  0.000
  0.017,299.185,  3.274,  0.000
  0.017,299.159,  5.231,  0.000
  0.017,299.146,  3.769,  0.000
  0.017,299.168,  1.806,  0.000
  0.017,299.062,  0.000,  0.050
  0.017,299.089,  0.000,  0.050
  0.017,299.074,  0.000,  0.040
  0.017,299.076,  0.000,  0.040
  0.017,299.070,  0.000,  0.040
  0.017,299.058,  0.000,  0.040
  0.017,299.085,  0.000,  0.070
  0.017,299.129,  0.000,  0.070
  0.017,299.102,  0.000,  0.070
  0.017,299.108,  0.003,  0.050
  0.017,299.116,  0.029,  0.050
  0.017,299.142,  0.310,  0.050
  0.017,299.171,  1.203,  0.050
  0.017,299.177,  2.072,  0.010
  0.017,299.184,  2.159,  0.010
  0.017,299.198,  1.694,  0.010
  0.017,299.193,  0.904,  0.020
  0.017,299.223,  0.325,  0.020
  0.017,299.234,  0.094,  0.020
  0.017,299.207,  0.340,  0.020
  0.017,299.197,  4.221,  0.010
  0.017,299.172, 12.104,  0.010
  0.017,299.154, 10.696,  0.010
  0.017,299.150,  5.932,  0.000
  0.017,299.173,  2.421,  0.000
  0.017,299.072,  0.000,  0.050
  0.017,299.072,  0.000,  0.050
  0.017,299.073,  0.000,  0.040
  0.017,299.086,  0.000,  0.040
  0.017,299.061,  0.000,  0.040
  0.017,299.048,  0.000,  0.040
  0.017,299.084,  0.000,  0.070
  0.017,299.119,  0.000,  0.070
  0.017,299.083,  0.001,  0.070
  0.017,299.101,  0.004,  0.050
  0.017,299.108,  0.105,  0.050
  0.017,299.126,  0.672,  0.050
  0.017,299.141,  1.414,  0.050
  0.017,299.190,  1.209,  0.010
  0.017,299.204,  0.817,  0.010
  0.017,299.213,  0.370,  0.010
  0.017,299.212,  0.060,  0.020
  0.017,299.229,  0.017,  0.020
  0.017,299.243,  0.020,  0.020
  0.017,299.206,  0.494,  0.020
  0.017,299.209,  3.387,  0.010
  0.017,299.178,  8.145,  0.010
  0.017,299.164,  3.585,  0.010
  0.017,299.158,  1.936,  0.000
  0.017,299.170,  1.029,  0.000
  0.017,299.070,  0.000,  0.050
  0.017,299.062,  0.000,  0.050
  0.017,299.068,  0.000,  0.040
  0.017,299.081,  0.000,  0.040
  0.017,299.080,  0.000,  0.040
  0.017,299.077,  0.000,  0.040
  0.017,299.101,  0.000,  0.070
  0.017,299.115,  0.000,  0.070
  0.017,299.095,  0.002,  0.070
  0.017,299.110,  0.002,  0.050
  0.017,299.110,  0.140,  0.050
  0.017,299.108,  0.416,  0.050
  0.017,299.125,  0.364,  0.050
  0.017,299.200,  0.268,  0.010
  0.017,299.200,  0.274,  0.010
  0.017,299.220,  0.197,  0.010
  0.017,299.231,  0.099,  0.020
  0.017,299.253,  0.032,  0.020
  0.017,299.249,  0.009,  0.020
  0.017,299.208,  0.003,  0.020
  0.017,299.201,  0.036,  0.010
  0.017,299.184,  0.376,  0.010
  0.017,299.172,  0.567,  0.010
  0.017,299.153,  0.349,  0.000
  0.017,299.154,  0.133,  0.000
  0.017,299.071,  0.000,  0.050
  0.017,299.070,  0.000,  0.050
  0.017,299.063,  0.000,  0.040
  0.017,299.062,  0.000,  0.040
  0.017,299.092,  0.000,  0.040
  0.017,299.128,  0.000,  0.040
  0.017,299.122,  0.000,  0.070
  0.017,299.118,  0.000,  0.070
  0.017,299.117,  0.000,  0.070
  0.017,299.131,  0.003,  0.050
  0.017,299.110,  0.112,  0.050
  0.017,299.093,  0.229,  0.050
  0.017,299.129,  0.158,  0.050
  0.017,299.186,  0.065,  0.010
  0.017,299.183,  0.036,  0.010
  0.017,299.215,  0.026,  0.010
  0.017,299.250,  0.006,  0.020
  0.017,299.273,  0.041,  0.020
  0.017,299.237,  0.071,  0.020
  0.017,299.195,  0.026,  0.020
  0.017,299.178,  0.028,  0.010
  0.017,299.185,  0.048,  0.010
  0.017,299.168,  0.010,  0.010
  0.017,299.137,  0.006,  0.000
  0.017,299.138,  0.009,  0.000
  0.017,299.068,  0.000,  0.010
  0.017,299.059,  0.000,  0.010
  0.017,299.050,  0.000,  0.020
  0.017,299.038,  0.000,  0.020
  0.017,299.091,  0.000,  0.020
  0.017,299.139,  0.000,  0.020
  0.017,299.141,  0.000,  0.080
  0.017,299.147,  0.000,  0.080
  0.017,299.120,  0.000,  0.080
  0.017,299.134,  0.000,  0.070
  0.017,299.113,  0.000,  0.070
  0.017,299.100,  0.000,  0.070
  0.017,299.133,  0.000,  0.070
  0.017,299.169,  0.000,  0.010
  0.017,299.171,  0.001,  0.010
  0.017,299.208,  0.002,  0.010
  0.017,299.260,  0.008,  0.020
  0.017,299.264,  0.110,  0.020
  0.017,299.229,  0.210,  0.020
  0.017,299.198,  0.071,  0.020
  0.017,299.165,  0.004,  0.070
  0.017,299.185,  0.003,  0.070
  0.017,299.164,  0.006,  0.070
  0.017,299.140,  0.004,  0.050
  0.017,299.129,  0.003,  0.050
  0.017,299.055,  0.000,  0.010
  0.017,299.044,  0.000,  0.010
  0.017,299.038,  0.000,  0.020
  0.017,299.017,  0.000,  0.020
  0.017,299.088,  0.000,  0.020
  0.017,299.116,  0.000,  0.020
  0.017,299.136,  0.000,  0.080
  0.017,299.163,  0.000,  0.080
  0.017,299.111,  0.000,  0.080
  0.017,299.105,  0.000,  0.070
  0.017,299.107,  0.000,  0.070
  0.017,299.105,  0.000,  0.070
  0.017,299.130,  0.000,  0.070
  0.017,299.179,  0.000,  0.010
  0.017,299.187,  0.000,  0.010
  0.017,299.211,  0.002,  0.010
  0.017,299.251,  0.012,  0.020
  0.017,299.235,  0.084,  0.020
  0.017,299.218,  0.099,  0.020
  0.017,299.205,  0.035,  0.020
  0.017,299.185,  0.010,  0.070
  0.017,299.179,  0.001,  0.070
  0.017,299.160,  0.000,  0.070
  0.017,299.147,  0.000,  0.050
  0.017,299.125,  0.000,  0.050
