  0.020,300.568,  3.617,  0.000
  0.020,300.568,  3.265,  0.000
  0.020,300.573,  2.966,  0.430
  0.020,300.590,  2.668,  0.430
  0.019,300.619,  2.311,  0.430
  0.019,300.644,  1.865,  0.430
  0.019,300.649,  1.502,  0.540
  0.019,300.630,  1.247,  0.540
  0.019,300.607,  1.147,  0.540
  0.020,300.589,  1.045,  1.160
  0.020,300.595,  0.900,  1.160
  0.020,300.624,  0.749,  1.160
  0.020,300.646,  0.669,  1.160
  0.020,300.651,  0.605,  2.220
  0.019,300.671,  0.554,  2.220
  0.019,300.698,  0.512,  2.220
  0.019,300.701,  0.464,  1.050
  0.019,300.741,  0.390,  1.050
  0.019,300.776,  0.291,  1.050
  0.019,300.771,  0.201,  1.050
  0.019,300.694,  0.136,  0.300
  0.019,300.665,  0.093,  0.300
  0.019,300.634,  0.064,  0.300
  0.019,300.660,  0.044,  0.000
  0.019,300.667,  0.030,  0.000
  0.020,300.575,  3.914,  0.000
  0.020,300.564,  3.367,  0.000
  0.020,300.564,  2.879,  0.000
  0.020,300.590,  2.424,  0.000
  0.019,300.629,  2.042,  0.000
  0.019,300.656,  1.665,  0.000
  0.019,300.660,  1.342,  0.840
  0.019,300.637,  1.094,  0.840
  0.019,300.612,  0.981,  0.840
  0.020,300.599,  0.965,  2.280
  0.020,300.611,  0.897,  2.280
  0.020,300.643,  0.744,  2.280
  0.020,300.662,  0.669,  2.280
  0.020,300.662,  0.569,  4.280
  0.019,300.676,  0.524,  4.280
  0.019,300.680,  0.510,  4.280
  0.019,300.706,  0.528,  1.670
  0.019,300.789,  0.497,  1.670
  0.019,300.825,  0.396,  1.670
  0.019,300.795,  0.279,  1.670
  0.019,300.723,  0.191,  1.850
  0.019,300.696,  0.130,  1.850
  0.019,300.655,  0.091,  1.850
  0.019,300.677,  0.066,  1.660
  0.019,300.680,  0.047,  1.660
  0.020,300.578,  3.398,  0.000
  0.020,300.566,  3.079,  0.000
  0.020,300.574,  2.725,  0.000
  0.020,300.603,  2.297,  0.000
  0.019,300.636,  1.866,  0.000
  0.019,300.655,  1.495,  0.000
  0.019,300.651,  1.177,  0.840
  0.019,300.631,  0.927,  0.840
  0.019,300.616,  0.784,  0.840
  0.020,300.610,  0.784,  2.280
  0.020,300.617,  1.059,  2.280
  0.020,300.643,  1.359,  2.280
  0.020,300.676,  0.915,  2.280
  0.019,300.689,  0.706,  4.280
  0.019,300.681,  0.643,  4.280
  0.019,300.693,  0.575,  4.280
  0.019,300.751,  0.668,  1.670
  0.019,300.831,  0.711,  1.670
  0.019,300.830,  0.517,  1.670
  0.019,300.807,  0.283,  1.670
  0.019,300.766,  0.167,  1.850
  0.019,300.737,  0.155,  1.850
  0.019,300.693,  0.125,  1.850
  0.019,300.672,  0.091,  1.660
  0.020,300.639,  0.066,  1.660
  0.020,300.582,  2.605,  0.000
  0.020,300.577,  2.449,  0.000
  0.020,300.595,  2.258,  0.000
  0.019,300.622,  1.982,  0.000
  0.019,300.643,  1.625,  0.000
  0.019,300.649,  1.276,  0.000
  0.019,300.641,  0.973,  0.840
  0.019,300.631,  0.726,  0.840
  0.019,300.624,  0.567,  0.840
  0.020,300.614,  0.533,  2.280
  0.020,300.613,  0.678,  2.280
  0.020,300.640,  2.252,  2.280
  0.020,300.692,  2.045,  2.280
  0.019,300.720,  0.763,  4.280
  0.020,300.690,  0.391,  4.280
  0.020,300.622,  0.561,  4.280
  0.020,300.623,  0.778,  1.670
  0.019,300.833,  0.989,  1.670
  0.019,300.795,  1.615,  1.670
  0.019,300.818,  2.192,  1.670
  0.019,300.812,  1.339,  1.850
  0.019,300.767,  0.414,  1.850
  0.020,300.650,  0.143,  1.850
  0.020,300.435,  0.112,  1.660
  0.020,300.333,  0.091,  1.660
  0.020,300.589,  1.901,  0.000
  0.020,300.587,  1.946,  0.000
  0.019,300.611,  1.888,  0.000
  0.019,300.635,  1.714,  0.000
  0.019,300.646,  1.447,  0.000
  0.019,300.648,  1.167,  0.000
  0.019,300.652,  0.923,  0.840
  0.019,300.651,  0.705,  0.840
  0.019,300.636,  0.519,  0.840
  0.020,300.617,  0.436,  2.280
  0.020,300.615,  0.405,  2.280
  0.020,300.654,  1.033,  2.280
  0.020,300.708,  3.533,  2.280
  0.020,300.751,  4.672,  4.280
  0.020,300.721,  3.407,  4.280
  0.020,300.523,  2.135,  4.280
  0.020,300.437,  1.602,  1.670
  0.019,300.815,  1.228,  1.670
  0.020,300.801,  1.211,  1.670
  0.019,300.842,  1.390,  1.670
  0.019,300.830,  0.966,  1.850
  0.020,300.754,  0.435,  1.850
  0.020,300.471,  0.203,  1.850
  0.020,300.139,  0.159,  1.660
  0.020,300.008,  0.111,  1.660
  0.020,300.594,  1.079,  0.120
  0.020,300.586,  1.304,  0.120
  0.020,300.606,  1.438,  0.190
  0.019,300.633,  1.441,  0.190
  0.019,300.649,  1.337,  0.190
  0.019,300.662,  1.164,  0.190
  0.019,300.675,  0.981,  1.810
  0.019,300.673,  0.797,  1.810
  0.019,300.648,  0.603,  1.810
  0.020,300.626,  0.430,  3.130
  0.020,300.632,  0.440,  3.130
  0.020,300.671,  0.429,  3.130
  0.020,300.735,  4.372,  3.130
  0.020,300.776, 11.499,  3.470
  0.019,300.784,  9.419,  3.470
  0.019,300.789,  5.494,  3.470
  0.020,300.773,  3.647,  4.020
  0.020,300.825,  2.527,  4.020
  0.019,300.837,  1.520,  4.020
  0.019,300.825,  0.899,  4.020
  0.019,300.819,  0.547,  6.690
  0.020,300.715,  0.342,  6.690
  0.020,300.463,  0.216,  6.690
  0.020,300.250,  0.155,  6.190
  0.019,300.144,  0.116,  6.190
  0.020,300.618,  0.464,  0.120
  0.020,300.591,  0.629,  0.120
  0.020,300.592,  0.813,  0.190
  0.020,300.620,  0.947,  0.190
  0.019,300.650,  1.010,  0.190
  0.019,300.674,  1.004,  0.190
  0.019,300.693,  0.948,  1.810
  0.019,300.698,  0.837,  1.810
  0.019,300.677,  0.678,  1.810
  0.020,300.651,  0.506,  3.130
  0.020,300.653,  0.470,  3.130
  0.020,300.701,  0.382,  3.130
  0.020,300.771,  1.697,  3.130
  0.020,300.787,  5.610,  3.470
  0.020,300.775,  6.101,  3.470
  0.020,300.784,  4.709,  3.470
  0.020,300.804,  3.521,  4.020
  0.020,300.827,  2.565,  4.020
  0.019,300.849,  1.655,  4.020
  0.019,300.829,  0.952,  4.020
  0.019,300.802,  0.543,  6.690
  0.020,300.745,  0.315,  6.690
  0.020,300.577,  0.203,  6.690
  0.020,300.398,  0.150,  6.190
  0.020,300.327,  0.126,  6.190
  0.020,300.659,  0.161,  0.120
  0.020,300.627,  0.227,  0.120
  0.020,300.600,  0.329,  0.190
  0.020,300.607,  0.449,  0.190
  0.020,300.638,  0.570,  0.190
  0.019,300.672,  0.663,  0.190
  0.019,300.702,  0.714,  1.810
  0.019,300.717,  0.712,  1.810
  0.020,300.672,  0.657,  1.810
  0.020,300.627,  0.566,  3.130
  0.020,300.665,  0.484,  3.130
  0.020,300.743,  0.426,  3.130
  0.020,300.797,  0.532,  3.130
  0.020,300.773,  0.982,  3.470
  0.020,300.755,  1.493,  3.470
  0.020,300.770,  1.653,  3.470
  0.020,300.804,  1.499,  4.020
  0.020,300.848,  1.215,  4.020
  0.020,300.858,  0.917,  4.020
  0.020,300.818,  0.641,  4.020
  0.020,300.785,  0.421,  6.690
  0.020,300.757,  0.289,  6.690
  0.020,300.680,  0.235,  6.690
  0.020,300.548,  0.182,  6.190
  0.020,300.517,  0.191,  6.190
  0.020,300.686,  0.042,  0.120
  0.020,300.671,  0.062,  0.120
  0.020,300.642,  0.097,  0.190
  0.020,300.613,  0.151,  0.190
  0.020,300.615,  0.228,  0.190
  0.020,300.663,  0.313,  0.190
  0.020,300.695,  0.392,  1.810
  0.020,300.591,  0.449,  1.810
  0.020,300.393,  0.473,  1.810
  0.020,300.412,  0.472,  3.130
  0.020,300.553,  0.438,  3.130
  0.020,300.718,  0.427,  3.130
  0.020,300.807,  0.323,  3.130
  0.020,300.755,  0.273,  3.470
  0.020,300.743,  0.498,  3.470
  0.020,300.769,  0.528,  3.470
  0.020,300.798,  0.445,  4.020
  0.020,300.857,  0.398,  4.020
  0.020,300.872,  0.349,  4.020
  0.020,300.819,  0.286,  4.020
  0.020,300.774,  0.279,  6.690
  0.020,300.759,  0.280,  6.690
  0.020,300.751,  0.273,  6.690
  0.020,300.719,  0.296,  6.190
  0.020,300.688,  0.405,  6.190
  0.019,300.686,  0.010,  0.000
  0.019,300.699,  0.014,  0.000
  0.020,300.686,  0.022,  0.270
  0.020,300.652,  0.036,  0.270
  0.020,300.636,  0.062,  0.270
  0.020,300.684,  0.103,  0.270
  0.020,300.626,  0.151,  2.050
  0.020,300.251,  0.202,  2.050
  0.020,300.023,  0.245,  2.050
  0.019,300.178,  0.265,  3.210
  0.020,300.297,  0.296,  3.210
  0.020,300.505,  0.310,  3.210
  0.020,300.768,  1.335,  3.210
  0.020,300.783,  2.221,  3.640
  0.020,300.746,  0.962,  3.640
  0.020,300.762,  1.043,  3.640
  0.020,300.791,  1.381,  3.400
  0.020,300.850,  1.115,  3.400
  0.020,300.860,  0.778,  3.400
  0.020,300.811,  0.603,  3.400
  0.020,300.766,  0.761,  6.670
  0.020,300.758,  0.671,  6.670
  0.020,300.744,  0.450,  6.670
  0.020,300.725,  0.302,  1.700
  0.020,300.716,  0.254,  1.700
  0.020,300.676,  0.002,  0.000
  0.020,300.700,  0.003,  0.000
  0.020,300.704,  0.005,  0.270
  0.020,300.694,  0.008,  0.270
  0.019,300.692,  0.013,  0.270
  0.019,300.714,  0.023,  0.270
  0.020,300.547,  0.040,  2.050
  0.020,300.082,  0.063,  2.050
  0.019,299.866,  0.083,  2.050
  0.019,300.152,  0.111,  3.210
  0.020,300.303,  0.095,  3.210
  0.020,300.451,  0.217,  3.210
  0.020,300.694,  1.038,  3.210
  0.019,300.829,  9.310,  3.640
  0.019,300.772, 12.566,  3.640
  0.020,300.772,  6.952,  3.640
  0.020,300.767,  2.086,  3.400
  0.020,300.741,  2.009,  3.400
  0.020,300.779,  1.863,  3.400
  0.020,300.824,  1.819,  3.400
  0.020,300.774,  1.677,  6.670
  0.020,300.757,  1.458,  6.670
  0.020,300.721,  1.136,  6.670
  0.020,300.696,  0.875,  1.700
  0.020,300.698,  0.606,  1.700
  0.020,300.675,  0.000,  0.000
  0.020,300.683,  0.001,  0.000
  0.020,300.684,  0.001,  0.270
  0.020,300.694,  0.002,  0.270
  0.019,300.714,  0.003,  0.270
  0.019,300.728,  0.004,  0.270
  0.020,300.641,  0.007,  2.050
  0.020,300.192,  0.013,  2.050
  0.020,299.874,  0.019,  2.050
  0.019,300.117,  0.031,  3.210
  0.020,300.422,  0.024,  3.210
  0.020,300.545,  0.066,  3.210
  0.020,300.713,  0.407,  3.210
  0.019,300.837,  2.409,  3.640
  0.020,300.801, 24.385,  3.640
  0.020,300.806, 27.395,  3.640
  0.020,300.797, 18.459,  3.400
  0.020,300.727,  8.195,  3.400
  0.020,300.712,  5.384,  3.400
  0.020,300.814,  4.162,  3.400
  0.020,300.765,  2.677,  6.670
  0.020,300.760,  2.193,  6.670
  0.019,300.731,  2.112,  6.670
  0.020,300.710,  1.644,  1.700
  0.020,300.709,  1.297,  1.700
  0.020,300.674,  0.000,  0.000
  0.020,300.669,  0.000,  0.000
  0.020,300.675,  0.000,  0.270
  0.020,300.685,  0.000,  0.270
  0.020,300.693,  0.000,  0.270
  0.020,300.692,  0.001,  0.270
  0.020,300.700,  0.001,  2.050
  0.020,300.621,  0.003,  2.050
  0.020,300.273,  0.004,  2.050
  0.020,300.329,  0.005,  3.210
  0.020,300.561,  0.009,  3.210
  0.020,300.640,  0.003,  3.210
  0.020,300.764,  0.064,  3.210
  0.020,300.787,  0.050,  3.640
  0.020,300.790,  2.345,  3.640
  0.020,300.797, 15.871,  3.640
  0.020,300.831, 15.912,  3.400
  0.020,300.877, 15.878,  3.400
  0.020,300.853, 17.094,  3.400
  0.020,300.783, 16.285,  3.400
  0.020,300.751, 13.654,  6.670
  0.019,300.752, 10.128,  6.670
  0.019,300.742,  7.803,  6.670
  0.019,300.711,  7.256,  1.700
  0.020,300.703, 10.964,  1.700
  0.020,300.669,  0.000,  0.000
  0.020,300.657,  0.000,  0.000
  0.020,300.666,  0.000,  0.000
  0.020,300.671,  0.000,  0.000
  0.020,300.661,  0.000,  0.000
  0.020,300.655,  0.000,  0.000
  0.020,300.669,  0.000,  0.000
  0.020,300.712,  0.000,  0.000
  0.020,300.756,  0.001,  0.000
  0.020,300.767,  0.001,  1.270
  0.019,300.736,  0.001,  1.270
  0.019,300.714,  0.002,  1.270
  0.020,300.687,  0.001,  1.270
  0.020,300.708,  0.025,  1.530
  0.020,300.734,  0.048,  1.530
  0.020,300.761,  0.927,  1.530
  0.020,300.808,  3.455,  1.360
  0.020,300.857,  5.455,  1.360
  0.020,300.849,  6.506,  1.360
  0.020,300.773, 11.493,  1.360
  0.019,300.725, 20.437,  1.800
  0.019,300.712, 14.832,  1.800
  0.019,300.678,  8.360,  1.800
  0.019,300.661,  5.673,  1.680
  0.019,300.682,  8.215,  1.680
  0.020,300.659,  0.000,  0.000
  0.020,300.647,  0.000,  0.000
  0.020,300.654,  0.000,  0.000
  0.020,300.658,  0.000,  0.000
  0.020,300.658,  0.000,  0.000
  0.020,300.667,  0.000,  0.000
  0.020,300.688,  0.000,  0.000
  0.020,300.702,  0.000,  0.000
  0.020,300.716,  0.000,  0.000
  0.019,300.779,  0.000,  1.270
  0.019,300.787,  0.000,  1.270
  0.019,300.715,  0.001,  1.270
  0.019,300.680,  0.000,  1.270
  0.019,300.671,  0.007,  1.530
  0.020,300.678,  0.022,  1.530
  0.020,300.698,  0.036,  1.530
  0.020,300.747,  0.116,  1.360
  0.020,300.824,  0.425,  1.360
  0.020,300.853,  0.414,  1.360
  0.020,300.783,  1.267,  1.360
  0.020,300.705,  5.444,  1.800
  0.019,300.681,  7.097,  1.800
  0.019,300.671,  5.542,  1.800
  0.019,300.655,  3.392,  1.680
  0.019,300.685,  2.209,  1.680
