  0.018,301.747,  0.000,  0.000
  0.018,301.722,  0.000,  0.000
  0.018,301.663,  0.000,  0.000
  0.020,301.824,  0.000,  0.000
  0.020,301.780,  0.000,  0.000
  0.020,301.760,  0.000,  0.000
  0.020,301.773,  0.000,  0.000
  0.020,301.788,  0.000,  0.000
  0.020,301.781,  0.000,  0.000
  0.020,301.772,  0.000,  0.000
  0.020,301.768,  0.000,  0.000
  0.020,301.759,  0.000,  0.000
  0.020,301.752,  0.000,  0.000
  0.020,301.751,  0.000,  0.000
  0.020,301.751,  0.000,  0.000
  0.020,301.749,  0.000,  0.000
  0.020,301.748,  0.000,  0.000
  0.020,301.749,  0.000,  0.000
  0.020,301.755,  0.000,  0.000
  0.020,301.760,  0.000,  0.000
  0.020,301.764,  0.000,  0.000
  0.020,301.768,  0.000,  0.000
  0.020,301.772,  0.000,  0.000
  0.020,301.803,  0.000,  0.000
  0.020,301.806,  0.000,  0.000
  0.018,301.883,  0.000,  0.160
  0.018,301.774,  0.000,  0.160
  0.019,301.668,  0.000,  0.110
  0.020,301.817,  0.000,  0.110
  0.020,301.809,  0.000,  0.110
  0.020,301.817,  0.000,  0.110
  0.020,301.823,  0.000,  0.000
  0.020,301.794,  0.000,  0.000
  0.020,301.760,  0.000,  0.000
  0.020,301.745,  0.000,  0.000
  0.020,301.745,  0.000,  0.000
  0.020,301.745,  0.000,  0.000
  0.020,301.741,  0.000,  0.000
  0.020,301.736,  0.000,  0.000
  0.020,301.735,  0.000,  0.000
  0.020,301.739,  0.000,  0.000
  0.020,301.750,  0.000,  0.000
  0.020,301.763,  0.000,  0.000
  0.020,301.769,  0.000,  0.000
  0.020,301.761,  0.000,  0.000
  0.020,301.750,  0.000,  0.000
  0.020,301.746,  0.000,  0.000
  0.020,301.745,  0.000,  0.000
  0.020,301.765,  0.000,  0.000
  0.020,301.769,  0.000,  0.000
  0.018,301.820,  0.000,  0.160
  0.019,301.693,  0.000,  0.160
  0.020,301.859,  0.000,  0.110
  0.020,301.866,  0.000,  0.110
  0.019,301.889,  0.000,  0.110
  0.020,301.888,  0.000,  0.110
  0.020,301.834,  0.000,  0.000
  0.020,301.759,  0.000,  0.000
  0.020,301.721,  0.000,  0.000
  0.020,301.734,  0.000,  0.000
  0.020,301.752,  0.000,  0.000
  0.020,301.745,  0.000,  0.000
  0.020,301.734,  0.000,  0.000
  0.020,301.732,  0.000,  0.000
  0.020,301.733,  0.000,  0.000
  0.020,301.733,  0.000,  0.000
  0.020,301.737,  0.000,  0.000
  0.020,301.741,  0.000,  0.000
  0.020,301.741,  0.000,  0.000
  0.020,301.740,  0.000,  0.000
  0.020,301.742,  0.000,  0.000
  0.020,301.750,  0.000,  0.000
  0.020,301.759,  0.000,  0.000
  0.020,301.785,  0.000,  0.000
  0.020,301.783,  0.000,  0.000
  0.019,301.724,  0.000,  0.160
  0.018,301.742,  0.000,  0.160
  0.019,301.921,  0.000,  0.110
  0.019,301.916,  0.000,  0.110
  0.020,301.915,  0.000,  0.110
  0.020,301.872,  0.000,  0.110
  0.020,301.799,  0.000,  0.000
  0.020,301.749,  0.000,  0.000
  0.020,301.762,  0.000,  0.000
  0.020,301.784,  0.000,  0.000
  0.020,301.772,  0.000,  0.000
  0.020,301.740,  0.000,  0.000
  0.020,301.720,  0.000,  0.000
  0.020,301.718,  0.000,  0.000
  0.020,301.722,  0.000,  0.000
  0.020,301.711,  0.000,  0.000
  0.020,301.706,  0.000,  0.000
  0.020,301.712,  0.000,  0.000
  0.020,301.726,  0.000,  0.000
  0.020,301.736,  0.000,  0.000
  0.020,301.743,  0.000,  0.000
  0.020,301.751,  0.000,  0.000
  0.020,301.759,  0.000,  0.000
  0.020,301.783,  0.000,  0.000
  0.020,301.777,  0.000,  0.000
  0.020,301.897,  0.000,  0.160
  0.019,301.988,  0.000,  0.160
  0.019,301.994,  0.000,  0.110
  0.020,301.936,  0.000,  0.110
  0.019,301.673,  0.000,  0.110
  0.018,301.714,  0.000,  0.110
  0.020,301.877,  0.000,  0.000
  0.020,301.836,  0.000,  0.000
  0.020,301.813,  0.000,  0.000
  0.020,301.783,  0.000,  0.000
  0.020,301.753,  0.000,  0.000
  0.020,301.720,  0.000,  0.000
  0.020,301.721,  0.000,  0.000
  0.020,301.732,  0.000,  0.000
  0.020,301.720,  0.000,  0.000
  0.020,301.704,  0.000,  0.000
  0.020,301.707,  0.000,  0.000
  0.020,301.717,  0.000,  0.000
  0.020,301.722,  0.000,  0.000
  0.020,301.722,  0.000,  0.000
  0.020,301.724,  0.000,  0.000
  0.020,301.733,  0.000,  0.000
  0.020,301.740,  0.000,  0.000
  0.020,301.764,  0.000,  0.000
  0.020,301.768,  0.000,  0.000
  0.020,301.822,  0.000,  0.110
  0.020,301.867,  0.000,  0.110
  0.020,301.877,  0.000,  0.020
  0.020,301.830,  0.000,  0.020
  0.020,301.826,  0.000,  0.020
  0.019,301.891,  0.000,  0.020
  0.019,301.929,  0.000,  0.070
  0.020,301.876,  0.000,  0.070
  0.020,301.781,  0.000,  0.070
  0.020,301.738,  0.000,  0.030
  0.020,301.748,  0.000,  0.030
  0.020,301.759,  0.000,  0.030
  0.020,301.764,  0.000,  0.030
  0.020,301.746,  0.000,  0.000
  0.020,301.727,  0.000,  0.000
  0.020,301.725,  0.000,  0.000
  0.020,301.730,  0.000,  0.000
  0.020,301.725,  0.000,  0.000
  0.020,301.708,  0.000,  0.000
  0.020,301.698,  0.000,  0.000
  0.020,301.704,  0.000,  0.000
  0.020,301.720,  0.000,  0.000
  0.020,301.727,  0.000,  0.000
  0.020,301.744,  0.000,  0.000
  0.020,301.747,  0.000,  0.000
  0.020,301.786,  0.000,  0.110
  0.020,301.763,  0.000,  0.110
  0.020,301.745,  0.000,  0.020
  0.020,301.748,  0.000,  0.020
  0.020,301.768,  0.000,  0.020
  0.020,301.795,  0.000,  0.020
  0.020,301.790,  0.000,  0.070
  0.020,301.751,  0.000,  0.070
  0.020,301.724,  0.000,  0.070
  0.020,301.714,  0.000,  0.030
  0.020,301.737,  0.000,  0.030
  0.020,301.765,  0.000,  0.030
  0.020,301.753,  0.000,  0.030
  0.020,301.729,  0.000,  0.000
  0.020,301.727,  0.000,  0.000
  0.020,301.752,  0.000,  0.000
  0.020,301.745,  0.000,  0.000
  0.020,301.718,  0.000,  0.000
  0.020,301.695,  0.000,  0.000
  0.020,301.688,  0.000,  0.000
  0.020,301.701,  0.000,  0.000
  0.020,301.715,  0.000,  0.000
  0.020,301.719,  0.000,  0.000
  0.020,301.725,  0.000,  0.000
  0.020,301.712,  0.000,  0.000
  0.020,301.807,  0.000,  0.110
  0.020,301.772,  0.000,  0.110
  0.020,301.745,  0.000,  0.020
  0.020,301.738,  0.000,  0.020
  0.020,301.740,  0.000,  0.020
  0.020,301.736,  0.000,  0.020
  0.020,301.718,  0.000,  0.070
  0.020,301.700,  0.000,  0.070
  0.020,301.698,  0.000,  0.070
  0.020,301.711,  0.000,  0.030
  0.020,301.721,  0.000,  0.030
  0.020,301.715,  0.000,  0.030
  0.020,301.698,  0.000,  0.030
  0.020,301.691,  0.000,  0.000
  0.020,301.715,  0.000,  0.000
  0.020,301.733,  0.000,  0.000
  0.020,301.722,  0.000,  0.000
  0.020,301.705,  0.000,  0.000
  0.020,301.706,  0.000,  0.000
  0.020,301.707,  0.000,  0.000
  0.020,301.706,  0.000,  0.000
  0.020,301.703,  0.000,  0.000
  0.020,301.701,  0.000,  0.000
  0.020,301.702,  0.000,  0.000
  0.020,301.686,  0.000,  0.000
  0.020,301.848,  0.000,  0.110
  0.020,301.814,  0.000,  0.110
  0.020,301.771,  0.000,  0.020
  0.020,301.737,  0.000,  0.020
  0.020,301.733,  0.000,  0.020
  0.020,301.754,  0.000,  0.020
  0.020,301.760,  0.000,  0.070
  0.020,301.737,  0.000,  0.070
  0.020,301.703,  0.000,  0.070
  0.020,301.700,  0.000,  0.030
  0.020,301.708,  0.000,  0.030
  0.020,301.694,  0.000,  0.030
  0.020,301.668,  0.000,  0.030
  0.020,301.664,  0.000,  0.000
  0.020,301.681,  0.000,  0.000
  0.020,301.695,  0.000,  0.000
  0.020,301.695,  0.000,  0.000
  0.020,301.710,  0.000,  0.000
  0.020,301.728,  0.000,  0.000
  0.020,301.725,  0.000,  0.000
  0.020,301.707,  0.000,  0.000
  0.020,301.689,  0.000,  0.000
  0.020,301.675,  0.000,  0.000
  0.020,301.668,  0.000,  0.000
  0.020,301.666,  0.000,  0.000
  0.020,301.870,  0.000,  0.000
  0.020,301.847,  0.000,  0.000
  0.020,301.812,  0.000,  0.010
  0.020,301.778,  0.000,  0.010
  0.020,301.763,  0.000,  0.010
  0.020,301.777,  0.000,  0.010
  0.019,301.580,  0.000,  0.010
  0.020,301.783,  0.000,  0.010
  0.020,301.738,  0.000,  0.010
  0.020,301.727,  0.000,  0.050
  0.020,301.718,  0.000,  0.050
  0.020,301.700,  0.000,  0.050
  0.020,301.669,  0.000,  0.050
  0.020,301.668,  0.000,  0.030
  0.020,301.695,  0.000,  0.030
  0.020,301.711,  0.000,  0.030
  0.020,301.711,  0.000,  0.000
  0.020,301.708,  0.000,  0.000
  0.020,301.709,  0.000,  0.000
  0.020,301.707,  0.000,  0.000
  0.020,301.701,  0.000,  0.000
  0.020,301.686,  0.000,  0.000
  0.020,301.671,  0.000,  0.000
  0.020,301.675,  0.000,  0.010
  0.020,301.693,  0.000,  0.010
  0.020,301.835,  0.000,  0.000
  0.020,301.834,  0.000,  0.000
  0.020,301.851,  0.000,  0.010
  0.020,301.866,  0.000,  0.010
  0.020,301.871,  0.000,  0.010
  0.020,301.864,  0.000,  0.010
  0.020,301.880,  0.000,  0.010
  0.019,301.847,  0.000,  0.010
  0.020,301.827,  0.000,  0.010
  0.020,301.800,  0.000,  0.050
  0.020,301.768,  0.000,  0.050
  0.020,301.733,  0.000,  0.050
  0.020,301.701,  0.000,  0.050
  0.020,301.725,  0.000,  0.030
  0.020,301.749,  0.000,  0.030
  0.020,301.742,  0.000,  0.030
  0.020,301.710,  0.000,  0.000
  0.020,301.672,  0.000,  0.000
  0.020,301.648,  0.000,  0.000
  0.020,301.649,  0.000,  0.000
  0.020,301.671,  0.000,  0.000
  0.020,301.694,  0.000,  0.000
  0.020,301.711,  0.000,  0.000
  0.020,301.725,  0.000,  0.010
  0.020,301.729,  0.000,  0.010
  0.020,301.837,  0.000,  0.000
  0.020,301.840,  0.000,  0.000
  0.020,301.860,  0.000,  0.010
  0.020,301.893,  0.000,  0.010
  0.020,301.895,  0.000,  0.010
  0.020,301.863,  0.000,  0.010
  0.020,301.841,  0.000,  0.010
  0.020,301.840,  0.000,  0.010
  0.020,301.828,  0.000,  0.010
  0.020,301.812,  0.000,  0.050
  0.020,301.798,  0.000,  0.050
  0.020,301.761,  0.000,  0.050
  0.020,301.750,  0.000,  0.050
  0.020,301.773,  0.000,  0.030
  0.020,301.768,  0.000,  0.030
  0.020,301.739,  0.000,  0.030
  0.020,301.705,  0.000,  0.000
  0.020,301.661,  0.000,  0.000
  0.020,301.628,  0.000,  0.000
  0.020,301.642,  0.000,  0.000
  0.020,301.673,  0.000,  0.000
  0.020,301.683,  0.000,  0.000
  0.020,301.673,  0.000,  0.000
  0.020,301.679,  0.000,  0.010
  0.020,301.700,  0.000,  0.010
  0.020,301.840,  0.000,  0.000
  0.020,301.852,  0.000,  0.000
  0.020,301.864,  0.000,  0.010
  0.020,301.884,  0.000,  0.010
  0.020,301.892,  0.000,  0.010
  0.020,301.889,  0.000,  0.010
  0.020,301.861,  0.000,  0.010
  0.020,301.823,  0.000,  0.010
  0.020,301.788,  0.000,  0.010
  0.020,301.764,  0.000,  0.050
  0.020,301.758,  0.000,  0.050
  0.020,301.762,  0.000,  0.050
  0.020,301.774,  0.000,  0.050
  0.020,301.779,  0.000,  0.030
  0.020,301.773,  0.000,  0.030
  0.020,301.760,  0.000,  0.030
  0.020,301.716,  0.000,  0.000
  0.020,301.667,  0.000,  0.000
  0.020,301.656,  0.000,  0.000
  0.020,301.672,  0.000,  0.000
  0.020,301.675,  0.000,  0.000
  0.020,301.651,  0.000,  0.000
  0.020,301.616,  0.000,  0.000
  0.020,301.611,  0.000,  0.010
  0.020,301.629,  0.000,  0.010
  0.020,301.816,  0.000,  0.070
  0.020,301.846,  0.000,  0.070
  0.020,301.864,  0.000,  0.190
  0.020,301.867,  0.000,  0.190
  0.020,301.868,  0.000,  0.190
  0.019,301.874,  0.000,  0.190
  0.020,301.878,  0.000,  0.380
  0.020,301.861,  0.000,  0.380
  0.020,301.823,  0.000,  0.380
  0.020,301.776,  0.000,  0.000
  0.020,301.743,  0.000,  0.000
  0.020,301.739,  0.000,  0.000
  0.020,301.743,  0.000,  0.000
  0.020,301.739,  0.000,  0.080
  0.020,301.755,  0.000,  0.080
  0.020,301.792,  0.000,  0.080
  0.020,301.777,  0.000,  0.000
  0.020,301.723,  0.000,  0.000
  0.020,301.702,  0.000,  0.000
  0.020,301.691,  0.000,  0.000
  0.020,301.691,  0.000,  0.000
  0.020,301.649,  0.000,  0.000
  0.020,301.624,  0.000,  0.000
  0.020,301.612,  0.000,  0.000
  0.020,301.601,  0.000,  0.000
  0.020,301.804,  0.000,  0.070
  0.020,301.840,  0.000,  0.070
  0.020,301.853,  0.000,  0.190
  0.020,301.844,  0.000,  0.190
  0.020,301.837,  0.000,  0.190
  0.020,301.851,  0.000,  0.190
  0.020,301.871,  0.000,  0.380
  0.020,301.873,  0.000,  0.380
  0.020,301.846,  0.000,  0.380
  0.020,301.797,  0.000,  0.000
  0.020,301.752,  0.000,  0.000
  0.020,301.732,  0.000,  0.000
  0.020,301.733,  0.000,  0.000
  0.020,301.742,  0.000,  0.080
  0.020,301.738,  0.000,  0.080
  0.020,301.745,  0.000,  0.080
  0.019,301.766,  0.000,  0.000
  0.020,301.780,  0.000,  0.000
  0.020,301.755,  0.000,  0.000
  0.020,301.711,  0.000,  0.000
  0.020,301.693,  0.000,  0.000
  0.019,301.417,  0.000,  0.000
  0.020,301.661,  0.000,  0.000
  0.020,301.652,  0.000,  0.000
  0.020,301.642,  0.000,  0.000
