  0.016,298.396,  0.000,  0.000
  0.016,298.391,  0.000,  0.000
  0.016,298.389,  0.000,  0.000
  0.016,298.378,  0.000,  0.000
  0.016,298.361,  0.000,  0.000
  0.016,298.340,  0.000,  0.000
  0.016,298.318,  0.000,  0.000
  0.016,298.307,  0.000,  0.000
  0.016,298.298,  0.000,  0.000
  0.016,298.258,  0.000,  0.000
  0.016,298.192,  0.000,  0.000
  0.016,298.152,  0.000,  0.000
  0.016,298.169,  0.000,  0.000
  0.016,298.215,  0.000,  0.000
  0.016,298.235,  0.000,  0.000
  0.016,298.208,  0.000,  0.000
  0.016,298.165,  0.000,  0.000
  0.016,298.159,  0.000,  0.000
  0.016,298.190,  0.000,  0.000
  0.016,298.213,  0.000,  0.000
  0.016,298.199,  0.000,  0.000
  0.016,298.159,  0.000,  0.000
  0.016,298.124,  0.000,  0.000
  0.016,298.140,  0.000,  0.000
  0.016,298.169,  0.000,  0.000
  0.016,298.411,  0.000,  0.000
  0.016,298.390,  0.000,  0.000
  0.016,298.379,  0.000,  0.000
  0.016,298.380,  0.000,  0.000
  0.016,298.380,  0.000,  0.000
  0.016,298.369,  0.000,  0.000
  0.016,298.343,  0.000,  0.000
  0.016,298.315,  0.000,  0.000
  0.016,298.301,  0.000,  0.000
  0.016,298.292,  0.000,  0.000
  0.016,298.257,  0.000,  0.000
  0.016,298.195,  0.000,  0.000
  0.016,298.152,  0.000,  0.000
  0.016,298.155,  0.000,  0.000
  0.016,298.190,  0.000,  0.000
  0.016,298.217,  0.000,  0.000
  0.016,298.209,  0.000,  0.000
  0.016,298.180,  0.000,  0.000
  0.016,298.167,  0.000,  0.000
  0.016,298.184,  0.000,  0.000
  0.016,298.199,  0.000,  0.000
  0.016,298.187,  0.000,  0.000
  0.016,298.156,  0.000,  0.000
  0.016,298.150,  0.000,  0.000
  0.016,298.166,  0.000,  0.000
  0.016,298.410,  0.000,  0.000
  0.016,298.391,  0.000,  0.000
  0.016,298.380,  0.000,  0.000
  0.016,298.377,  0.000,  0.000
  0.016,298.380,  0.000,  0.000
  0.016,298.381,  0.000,  0.000
  0.016,298.367,  0.000,  0.000
  0.016,298.340,  0.000,  0.000
  0.016,298.323,  0.000,  0.000
  0.016,298.319,  0.000,  0.000
  0.016,298.309,  0.000,  0.000
  0.016,298.263,  0.000,  0.000
  0.016,298.191,  0.000,  0.000
  0.016,298.137,  0.000,  0.000
  0.016,298.136,  0.000,  0.000
  0.016,298.184,  0.000,  0.000
  0.016,298.237,  0.000,  0.000
  0.016,298.244,  0.000,  0.000
  0.016,298.207,  0.000,  0.000
  0.016,298.179,  0.000,  0.000
  0.016,298.189,  0.000,  0.000
  0.016,298.201,  0.000,  0.000
  0.016,298.180,  0.000,  0.000
  0.016,298.152,  0.000,  0.000
  0.016,298.131,  0.000,  0.000
  0.016,298.439,  0.000,  0.000
  0.016,298.398,  0.000,  0.000
  0.016,298.392,  0.000,  0.000
  0.016,298.401,  0.000,  0.000
  0.016,298.397,  0.000,  0.000
  0.016,298.379,  0.000,  0.000
  0.016,298.368,  0.000,  0.000
  0.016,298.363,  0.000,  0.000
  0.017,298.357,  0.000,  0.000
  0.016,298.346,  0.000,  0.000
  0.016,298.326,  0.000,  0.000
  0.016,298.293,  0.000,  0.000
  0.016,298.243,  0.000,  0.000
  0.016,298.187,  0.000,  0.000
  0.016,298.156,  0.000,  0.000
  0.016,298.172,  0.000,  0.000
  0.016,298.219,  0.000,  0.000
  0.016,298.263,  0.000,  0.000
  0.016,298.265,  0.000,  0.000
  0.016,298.224,  0.000,  0.000
  0.016,298.188,  0.000,  0.000
  0.016,298.186,  0.000,  0.000
  0.016,298.170,  0.000,  0.000
  0.016,298.126,  0.000,  0.000
  0.016,298.069,  0.000,  0.000
  0.016,298.490,  0.000,  0.000
  0.016,298.442,  0.000,  0.000
  0.017,298.422,  0.000,  0.000
  0.017,298.428,  0.000,  0.000
  0.016,298.429,  0.000,  0.000
  0.016,298.399,  0.000,  0.000
  0.016,298.363,  0.000,  0.000
  0.016,298.361,  0.000,  0.000
  0.016,298.380,  0.000,  0.000
  0.017,298.376,  0.000,  0.000
  0.016,298.335,  0.000,  0.000
  0.016,298.288,  0.000,  0.000
  0.016,298.261,  0.000,  0.000
  0.016,298.250,  0.000,  0.000
  0.016,298.239,  0.000,  0.000
  0.016,298.224,  0.000,  0.000
  0.016,298.213,  0.000,  0.000
  0.016,298.226,  0.000,  0.000
  0.016,298.259,  0.000,  0.000
  0.016,298.263,  0.000,  0.000
  0.016,298.228,  0.000,  0.000
  0.016,298.188,  0.000,  0.000
  0.016,298.154,  0.000,  0.000
  0.016,298.113,  0.000,  0.000
  0.016,298.040,  0.000,  0.000
  0.016,298.504,  0.000,  0.000
  0.016,298.465,  0.000,  0.000
  0.017,298.450,  0.000,  0.000
  0.017,298.452,  0.000,  0.000
  0.017,298.449,  0.000,  0.000
  0.016,298.423,  0.000,  0.000
  0.016,298.390,  0.000,  0.000
  0.016,298.378,  0.000,  0.000
  0.016,298.391,  0.000,  0.000
  0.016,298.397,  0.000,  0.000
  0.016,298.362,  0.000,  0.000
  0.016,298.307,  0.000,  0.000
  0.016,298.276,  0.000,  0.000
  0.016,298.287,  0.000,  0.000
  0.016,298.306,  0.000,  0.000
  0.016,298.291,  0.000,  0.000
  0.016,298.239,  0.000,  0.000
  0.016,298.191,  0.000,  0.000
  0.016,298.196,  0.000,  0.000
  0.016,298.234,  0.000,  0.000
  0.016,298.250,  0.000,  0.000
  0.016,298.222,  0.000,  0.000
  0.016,298.177,  0.000,  0.000
  0.016,298.136,  0.000,  0.000
  0.016,298.075,  0.000,  0.000
  0.016,298.514,  0.000,  0.000
  0.016,298.473,  0.000,  0.000
  0.016,298.463,  0.000,  0.000
  0.016,298.465,  0.000,  0.000
  0.017,298.460,  0.000,  0.000
  0.017,298.443,  0.000,  0.000
  0.017,298.422,  0.000,  0.000
  0.016,298.415,  0.000,  0.000
  0.016,298.417,  0.000,  0.000
  0.016,298.409,  0.000,  0.000
  0.016,298.385,  0.000,  0.000
  0.016,298.350,  0.000,  0.000
  0.017,298.324,  0.000,  0.000
  0.016,298.328,  0.000,  0.000
  0.016,298.345,  0.000,  0.000
  0.016,298.332,  0.000,  0.000
  0.016,298.276,  0.000,  0.000
  0.016,298.199,  0.000,  0.000
  0.016,298.147,  0.000,  0.000
  0.016,298.153,  0.000,  0.000
  0.016,298.199,  0.000,  0.000
  0.016,298.228,  0.000,  0.000
  0.016,298.212,  0.000,  0.000
  0.016,298.180,  0.000,  0.000
  0.016,298.132,  0.000,  0.000
  0.017,298.553,  0.000,  0.000
  0.017,298.506,  0.000,  0.000
  0.016,298.490,  0.000,  0.000
  0.016,298.483,  0.000,  0.000
  0.016,298.467,  0.000,  0.000
  0.016,298.452,  0.000,  0.000
  0.017,298.443,  0.000,  0.000
  0.017,298.444,  0.000,  0.000
  0.017,298.448,  0.000,  0.000
  0.016,298.431,  0.000,  0.000
  0.016,298.397,  0.000,  0.000
  0.016,298.371,  0.000,  0.000
  0.017,298.370,  0.000,  0.000
  0.017,298.380,  0.000,  0.000
  0.016,298.377,  0.000,  0.000
  0.016,298.351,  0.000,  0.000
  0.016,298.306,  0.000,  0.000
  0.017,298.248,  0.000,  0.000
  0.017,298.170,  0.000,  0.000
  0.016,298.102,  0.000,  0.000
  0.016,298.095,  0.000,  0.000
  0.017,298.143,  0.000,  0.000
  0.017,298.193,  0.000,  0.000
  0.016,298.207,  0.000,  0.000
  0.016,298.177,  0.000,  0.000
  0.017,298.592,  0.000,  0.000
  0.017,298.558,  0.000,  0.000
  0.017,298.529,  0.000,  0.000
  0.016,298.511,  0.000,  0.000
  0.016,298.488,  0.000,  0.000
  0.016,298.465,  0.000,  0.000
  0.016,298.458,  0.000,  0.000
  0.017,298.470,  0.000,  0.000
  0.017,298.473,  0.000,  0.000
  0.017,298.452,  0.000,  0.000
  0.016,298.413,  0.000,  0.000
  0.016,298.382,  0.000,  0.000
  0.016,298.387,  0.000,  0.000
  0.017,298.408,  0.000,  0.000
  0.017,298.397,  0.000,  0.000
  0.016,298.363,  0.000,  0.000
  0.016,298.330,  0.000,  0.000
  0.016,298.302,  0.000,  0.000
  0.017,298.252,  0.000,  0.000
  0.017,298.160,  0.000,  0.000
  0.017,298.070,  0.000,  0.000
  0.017,298.054,  0.000,  0.000
  0.017,298.113,  0.000,  0.000
  0.017,298.189,  0.000,  0.000
  0.016,298.206,  0.000,  0.000
  0.016,298.600,  0.000,  0.000
  0.017,298.588,  0.000,  0.000
  0.017,298.570,  0.000,  0.000
  0.017,298.541,  0.000,  0.000
  0.017,298.512,  0.000,  0.000
  0.016,298.492,  0.000,  0.000
  0.016,298.482,  0.000,  0.000
  0.016,298.485,  0.000,  0.000
  0.017,298.486,  0.000,  0.000
  0.017,298.469,  0.000,  0.000
  0.017,298.438,  0.000,  0.000
  0.016,298.415,  0.000,  0.000
  0.016,298.407,  0.000,  0.000
  0.016,298.412,  0.000,  0.000
  0.017,298.407,  0.000,  0.000
  0.017,298.372,  0.000,  0.000
  0.016,298.342,  0.000,  0.000
  0.016,298.331,  0.000,  0.000
  0.016,298.317,  0.000,  0.000
  0.016,298.266,  0.000,  0.000
  0.017,298.172,  0.000,  0.000
  0.017,298.100,  0.000,  0.000
  0.017,298.104,  0.000,  0.000
  0.017,298.167,  0.000,  0.000
  0.016,298.204,  0.000,  0.000
  0.016,298.616,  0.000,  0.000
  0.016,298.606,  0.000,  0.000
  0.017,298.590,  0.000,  0.000
  0.017,298.560,  0.000,  0.000
  0.017,298.527,  0.000,  0.000
  0.017,298.509,  0.000,  0.000
  0.016,298.511,  0.000,  0.000
  0.016,298.511,  0.000,  0.000
  0.016,298.494,  0.000,  0.000
  0.017,298.477,  0.000,  0.000
  0.017,298.465,  0.000,  0.000
  0.017,298.453,  0.000,  0.000
  0.016,298.435,  0.000,  0.000
  0.016,298.412,  0.000,  0.000
  0.016,298.398,  0.000,  0.000
  0.017,298.384,  0.000,  0.000
  0.017,298.354,  0.000,  0.000
  0.016,298.335,  0.000,  0.000
  0.016,298.332,  0.000,  0.000
  0.016,298.326,  0.000,  0.000
  0.016,298.291,  0.000,  0.000
  0.017,298.228,  0.000,  0.000
  0.017,298.186,  0.000,  0.000
  0.017,298.185,  0.000,  0.000
  0.016,298.199,  0.000,  0.000
  0.017,298.653,  0.000,  0.000
  0.016,298.635,  0.000,  0.000
  0.016,298.603,  0.000,  0.000
  0.016,298.566,  0.000,  0.000
  0.017,298.539,  0.000,  0.000
  0.017,298.530,  0.000,  0.000
  0.017,298.537,  0.000,  0.000
  0.016,298.538,  0.000,  0.000
  0.016,298.513,  0.000,  0.000
  0.016,298.486,  0.000,  0.000
  0.017,298.484,  0.000,  0.000
  0.017,298.486,  0.000,  0.000
  0.017,298.466,  0.000,  0.000
  0.016,298.428,  0.000,  0.000
  0.016,298.396,  0.000,  0.000
  0.016,298.387,  0.000,  0.000
  0.017,298.376,  0.000,  0.000
  0.017,298.349,  0.000,  0.000
  0.017,298.334,  0.000,  0.000
  0.016,298.336,  0.000,  0.000
  0.016,298.337,  0.000,  0.000
  0.016,298.321,  0.000,  0.000
  0.016,298.283,  0.000,  0.000
  0.017,298.234,  0.000,  0.000
  0.017,298.201,  0.000,  0.000
  0.017,298.673,  0.000,  0.000
  0.017,298.655,  0.000,  0.000
  0.016,298.617,  0.000,  0.000
  0.016,298.582,  0.000,  0.000
  0.016,298.568,  0.000,  0.000
  0.017,298.571,  0.000,  0.000
  0.017,298.571,  0.000,  0.000
  0.017,298.559,  0.000,  0.000
  0.016,298.534,  0.000,  0.000
  0.016,298.503,  0.000,  0.000
  0.016,298.493,  0.000,  0.000
  0.017,298.500,  0.000,  0.000
  0.017,298.482,  0.000,  0.000
  0.017,298.442,  0.000,  0.000
  0.016,298.406,  0.000,  0.000
  0.016,298.388,  0.000,  0.000
  0.016,298.384,  0.000,  0.000
  0.017,298.374,  0.000,  0.000
  0.017,298.357,  0.000,  0.000
  0.017,298.346,  0.000,  0.000
  0.016,298.342,  0.000,  0.000
  0.016,298.343,  0.000,  0.000
  0.016,298.334,  0.000,  0.000
  0.016,298.293,  0.000,  0.000
  0.017,298.232,  0.000,  0.000
  0.017,298.657,  0.000,  0.000
  0.017,298.645,  0.000,  0.000
  0.017,298.627,  0.000,  0.000
  0.016,298.613,  0.000,  0.000
  0.016,298.609,  0.000,  0.000
  0.016,298.605,  0.000,  0.000
  0.017,298.589,  0.000,  0.000
  0.017,298.567,  0.000,  0.000
  0.017,298.544,  0.000,  0.000
  0.017,298.524,  0.000,  0.000
  0.016,298.500,  0.000,  0.000
  0.016,298.480,  0.000,  0.000
  0.017,298.464,  0.000,  0.000
  0.017,298.438,  0.000,  0.000
  0.017,298.413,  0.000,  0.000
  0.016,298.398,  0.000,  0.000
  0.016,298.384,  0.000,  0.000
  0.016,298.381,  0.000,  0.000
  0.016,298.376,  0.000,  0.000
  0.017,298.364,  0.000,  0.000
  0.017,298.346,  0.000,  0.000
  0.016,298.338,  0.000,  0.000
  0.016,298.338,  0.000,  0.000
  0.016,298.323,  0.000,  0.000
  0.016,298.283,  0.000,  0.000
  0.016,298.640,  0.000,  0.000
  0.017,298.620,  0.000,  0.000
  0.017,298.621,  0.000,  0.000
  0.017,298.632,  0.000,  0.000
  0.016,298.634,  0.000,  0.000
  0.016,298.613,  0.000,  0.000
  0.016,298.580,  0.000,  0.000
  0.017,298.558,  0.000,  0.000
  0.017,298.553,  0.000,  0.000
  0.017,298.553,  0.000,  0.000
  0.017,298.517,  0.000,  0.000
  0.016,298.454,  0.000,  0.000
  0.016,298.418,  0.000,  0.000
  0.017,298.415,  0.000,  0.000
  0.017,298.417,  0.000,  0.000
  0.017,298.408,  0.000,  0.000
  0.016,298.391,  0.000,  0.000
  0.016,298.373,  0.000,  0.000
  0.016,298.370,  0.000,  0.000
  0.016,298.375,  0.000,  0.000
  0.017,298.366,  0.000,  0.000
  0.017,298.341,  0.000,  0.000
  0.016,298.332,  0.000,  0.000
  0.016,298.329,  0.000,  0.000
  0.016,298.319,  0.000,  0.000
