  0.018,300.438,  0.000,  0.000
  0.019,300.402,  0.000,  0.000
  0.019,300.371,  0.000,  0.000
  0.019,300.341,  0.000,  0.000
  0.019,300.345,  0.000,  0.000
  0.018,300.383,  0.000,  0.000
  0.019,300.359,  0.000,  0.000
  0.019,300.159,  0.000,  0.000
  0.019,299.830,  0.000,  0.000
  0.019,299.595,  0.000,  0.000
  0.019,299.561,  0.000,  0.000
  0.019,299.617,  0.000,  0.000
  0.019,299.638,  0.000,  0.000
  0.019,299.596,  0.000,  0.000
  0.019,299.525,  0.000,  0.000
  0.019,299.508,  0.000,  0.000
  0.019,299.574,  0.000,  0.000
  0.019,299.729,  0.000,  0.000
  0.019,299.909,  0.000,  0.000
  0.019,300.084,  0.000,  0.000
  0.019,300.221,  0.000,  0.000
  0.019,300.301,  0.000,  0.000
  0.019,300.396,  0.000,  0.000
  0.019,300.484,  0.000,  0.000
  0.019,300.477,  0.000,  0.000
  0.019,300.437,  0.000,  0.000
  0.019,300.438,  0.000,  0.000
  0.019,300.409,  0.000,  0.000
  0.019,300.403,  0.000,  0.000
  0.019,300.412,  0.000,  0.000
  0.019,300.411,  0.000,  0.000
  0.019,300.282,  0.000,  0.000
  0.019,299.990,  0.000,  0.000
  0.019,299.700,  0.000,  0.000
  0.019,299.591,  0.000,  0.000
  0.019,299.617,  0.000,  0.000
  0.019,299.608,  0.000,  0.000
  0.019,299.494,  0.000,  0.000
  0.019,299.334,  0.000,  0.000
  0.019,299.249,  0.000,  0.000
  0.019,299.263,  0.000,  0.000
  0.019,299.364,  0.000,  0.000
  0.019,299.681,  0.000,  0.000
  0.019,300.118,  0.000,  0.000
  0.019,300.281,  0.000,  0.000
  0.019,300.321,  0.000,  0.000
  0.019,300.379,  0.000,  0.000
  0.019,300.404,  0.000,  0.000
  0.019,300.434,  0.000,  0.000
  0.019,300.509,  0.000,  0.000
  0.019,300.427,  0.000,  0.000
  0.019,300.422,  0.000,  0.000
  0.019,300.412,  0.000,  0.000
  0.019,300.400,  0.000,  0.000
  0.019,300.358,  0.000,  0.000
  0.019,300.275,  0.000,  0.000
  0.019,300.099,  0.000,  0.000
  0.019,299.838,  0.000,  0.000
  0.019,299.628,  0.000,  0.000
  0.019,299.552,  0.000,  0.000
  0.019,299.543,  0.000,  0.000
  0.019,299.499,  0.000,  0.000
  0.019,299.381,  0.000,  0.000
  0.019,299.239,  0.000,  0.000
  0.019,299.150,  0.000,  0.000
  0.019,299.148,  0.000,  0.000
  0.020,299.702,  0.000,  0.000
  0.020,299.691,  0.000,  0.000
  0.020,299.753,  0.000,  0.000
  0.019,299.657,  0.000,  0.000
  0.019,300.060,  0.000,  0.000
  0.019,300.106,  0.000,  0.000
  0.019,300.246,  0.000,  0.000
  0.019,300.512,  0.000,  0.000
  0.019,300.573,  0.000,  0.000
  0.019,300.369,  0.000,  0.000
  0.019,300.333,  0.000,  0.000
  0.019,300.294,  0.000,  0.000
  0.019,300.258,  0.000,  0.000
  0.019,300.192,  0.000,  0.000
  0.019,300.095,  0.000,  0.000
  0.019,299.948,  0.000,  0.000
  0.019,299.752,  0.000,  0.000
  0.019,299.569,  0.000,  0.000
  0.019,299.456,  0.000,  0.000
  0.019,299.400,  0.000,  0.000
  0.019,299.368,  0.000,  0.000
  0.019,299.338,  0.000,  0.000
  0.019,299.283,  0.000,  0.000
  0.019,299.218,  0.000,  0.000
  0.019,299.166,  0.000,  0.000
  0.019,299.003,  0.000,  0.000
  0.020,299.243,  0.000,  0.000
  0.020,299.136,  0.000,  0.000
  0.020,299.619,  0.000,  0.000
  0.019,299.704,  0.000,  0.000
  0.019,300.039,  0.000,  0.000
  0.019,300.445,  0.000,  0.000
  0.019,300.599,  0.000,  0.000
  0.019,300.565,  0.000,  0.000
  0.019,300.225,  0.000,  0.000
  0.019,300.249,  0.000,  0.000
  0.019,300.175,  0.000,  0.000
  0.019,300.143,  0.000,  0.000
  0.019,300.112,  0.000,  0.000
  0.019,300.039,  0.000,  0.000
  0.019,299.904,  0.000,  0.000
  0.020,299.708,  0.000,  0.000
  0.019,299.519,  0.000,  0.000
  0.019,299.391,  0.000,  0.000
  0.019,299.326,  0.000,  0.000
  0.019,299.321,  0.000,  0.000
  0.019,299.329,  0.000,  0.000
  0.019,299.296,  0.000,  0.000
  0.019,299.245,  0.000,  0.000
  0.019,299.143,  0.000,  0.000
  0.019,298.910,  0.000,  0.000
  0.020,298.864,  0.000,  0.000
  0.020,299.223,  0.000,  0.000
  0.020,299.628,  0.000,  0.000
  0.020,300.186,  0.000,  0.000
  0.019,300.294,  0.000,  0.000
  0.019,300.544,  0.000,  0.000
  0.019,300.594,  0.000,  0.000
  0.019,300.562,  0.000,  0.000
  0.019,300.193,  0.000,  0.000
  0.019,300.196,  0.000,  0.000
  0.019,300.128,  0.000,  0.000
  0.019,300.107,  0.000,  0.000
  0.019,300.112,  0.000,  0.000
  0.019,300.065,  0.000,  0.000
  0.019,299.917,  0.000,  0.000
  0.019,299.688,  0.000,  0.000
  0.019,299.497,  0.000,  0.000
  0.019,299.420,  0.000,  0.000
  0.019,299.405,  0.000,  0.000
  0.019,299.392,  0.000,  0.000
  0.019,299.352,  0.000,  0.000
  0.019,299.305,  0.000,  0.000
  0.019,299.232,  0.000,  0.000
  0.019,299.091,  0.000,  0.000
  0.019,298.938,  0.000,  0.000
  0.020,299.440,  0.000,  0.000
  0.019,299.044,  0.000,  0.000
  0.020,299.952,  0.000,  0.000
  0.019,300.102,  0.000,  0.000
  0.019,300.361,  0.000,  0.000
  0.019,300.494,  0.000,  0.000
  0.019,300.573,  0.000,  0.000
  0.019,300.585,  0.000,  0.000
  0.019,300.189,  0.000,  0.000
  0.019,300.178,  0.000,  0.000
  0.019,300.135,  0.000,  0.000
  0.019,300.104,  0.000,  0.000
  0.019,300.113,  0.000,  0.000
  0.019,300.105,  0.000,  0.000
  0.019,299.940,  0.000,  0.000
  0.019,299.682,  0.000,  0.000
  0.019,299.506,  0.000,  0.000
  0.019,299.473,  0.000,  0.000
  0.019,299.534,  0.000,  0.000
  0.019,299.577,  0.000,  0.000
  0.019,299.497,  0.000,  0.000
  0.019,299.338,  0.000,  0.000
  0.019,299.178,  0.000,  0.000
  0.019,299.010,  0.000,  0.000
  0.020,299.102,  0.000,  0.000
  0.020,299.512,  0.000,  0.000
  0.020,299.827,  0.000,  0.000
  0.019,299.872,  0.000,  0.000
  0.019,300.200,  0.000,  0.000
  0.019,300.368,  0.000,  0.000
  0.019,300.481,  0.000,  0.000
  0.019,300.537,  0.000,  0.000
  0.019,300.577,  0.000,  0.000
  0.019,300.196,  0.000,  0.000
  0.019,300.176,  0.000,  0.000
  0.019,300.176,  0.000,  0.000
  0.019,300.155,  0.000,  0.000
  0.019,300.119,  0.000,  0.000
  0.019,300.069,  0.000,  0.000
  0.019,299.948,  0.000,  0.000
  0.019,299.731,  0.000,  0.000
  0.019,299.524,  0.000,  0.000
  0.019,299.464,  0.000,  0.000
  0.019,299.554,  0.000,  0.000
  0.019,299.542,  0.000,  0.000
  0.019,299.388,  0.000,  0.000
  0.019,299.205,  0.000,  0.000
  0.019,299.017,  0.000,  0.000
  0.019,298.880,  0.000,  0.000
  0.019,298.829,  0.000,  0.000
  0.020,299.547,  0.000,  0.000
  0.019,299.585,  0.000,  0.000
  0.019,299.996,  0.000,  0.000
  0.019,300.210,  0.000,  0.000
  0.019,300.423,  0.000,  0.000
  0.019,300.553,  0.000,  0.000
  0.019,300.542,  0.000,  0.000
  0.019,300.546,  0.000,  0.000
  0.019,300.252,  0.000,  0.000
  0.019,300.230,  0.000,  0.000
  0.019,300.131,  0.000,  0.000
  0.019,299.945,  0.000,  0.000
  0.019,299.842,  0.000,  0.000
  0.019,299.912,  0.000,  0.000
  0.019,299.967,  0.000,  0.000
  0.019,299.810,  0.000,  0.000
  0.019,299.597,  0.000,  0.000
  0.019,299.491,  0.000,  0.000
  0.019,299.384,  0.000,  0.000
  0.019,299.131,  0.000,  0.000
  0.019,298.918,  0.000,  0.000
  0.019,298.996,  0.000,  0.000
  0.019,299.023,  0.000,  0.000
  0.019,298.922,  0.000,  0.000
  0.019,298.799,  0.000,  0.000
  0.020,299.265,  0.000,  0.000
  0.020,299.831,  0.000,  0.000
  0.019,300.330,  0.000,  0.000
  0.019,300.444,  0.000,  0.000
  0.019,300.646,  0.000,  0.000
  0.019,300.586,  0.000,  0.000
  0.019,300.585,  0.000,  0.000
  0.019,300.579,  0.000,  0.000
  0.019,300.230,  0.000,  0.000
  0.019,300.226,  0.000,  0.000
  0.019,300.114,  0.000,  0.000
  0.019,299.922,  0.000,  0.000
  0.019,299.808,  0.000,  0.000
  0.019,299.900,  0.000,  0.000
  0.019,300.030,  0.000,  0.000
  0.019,299.943,  0.000,  0.000
  0.019,299.719,  0.000,  0.000
  0.019,299.425,  0.000,  0.000
  0.019,299.082,  0.000,  0.000
  0.019,298.798,  0.000,  0.000
  0.019,298.740,  0.000,  0.000
  0.020,298.923,  0.000,  0.000
  0.020,299.059,  0.000,  0.000
  0.019,298.977,  0.000,  0.000
  0.019,298.896,  0.000,  0.000
  0.020,299.313,  0.000,  0.000
  0.019,300.362,  0.000,  0.000
  0.019,300.630,  0.000,  0.000
  0.019,300.556,  0.000,  0.000
  0.019,300.719,  0.000,  0.000
  0.019,300.594,  0.000,  0.000
  0.019,300.590,  0.000,  0.000
  0.019,300.575,  0.000,  0.000
  0.019,300.150,  0.000,  0.000
  0.019,300.163,  0.000,  0.000
  0.019,300.100,  0.000,  0.000
  0.019,300.004,  0.000,  0.000
  0.019,299.928,  0.000,  0.000
  0.019,299.970,  0.000,  0.000
  0.019,300.066,  0.000,  0.000
  0.019,300.037,  0.000,  0.000
  0.019,299.805,  0.000,  0.000
  0.020,299.395,  0.000,  0.000
  0.019,298.987,  0.000,  0.000
  0.019,298.751,  0.000,  0.000
  0.019,298.735,  0.000,  0.000
  0.019,298.932,  0.000,  0.000
  0.020,299.054,  0.000,  0.000
  0.020,298.920,  0.000,  0.000
  0.020,298.966,  0.000,  0.000
  0.020,299.420,  0.000,  0.000
  0.019,300.549,  0.000,  0.000
  0.019,300.761,  0.000,  0.000
  0.019,300.663,  0.000,  0.000
  0.019,300.703,  0.000,  0.000
  0.019,300.599,  0.000,  0.000
  0.019,300.612,  0.000,  0.000
  0.019,300.592,  0.000,  0.000
  0.019,300.161,  0.000,  0.000
  0.019,300.133,  0.000,  0.000
  0.019,300.086,  0.000,  0.000
  0.019,300.033,  0.000,  0.000
  0.019,299.985,  0.000,  0.000
  0.019,299.963,  0.000,  0.000
  0.019,300.010,  0.000,  0.000
  0.019,300.013,  0.000,  0.000
  0.019,299.823,  0.000,  0.000
  0.019,299.458,  0.000,  0.000
  0.019,299.099,  0.000,  0.000
  0.019,298.892,  0.000,  0.000
  0.019,298.843,  0.000,  0.000
  0.019,298.903,  0.000,  0.000
  0.020,298.950,  0.000,  0.000
  0.020,298.817,  0.000,  0.000
  0.020,298.854,  0.000,  0.000
  0.020,299.435,  0.000,  0.000
  0.019,300.774,  0.000,  0.000
  0.019,300.821,  0.000,  0.000
  0.019,300.724,  0.000,  0.000
  0.019,300.709,  0.000,  0.000
  0.019,300.604,  0.000,  0.000
  0.019,300.617,  0.000,  0.000
  0.019,300.558,  0.000,  0.000
  0.019,300.298,  0.000,  0.000
  0.019,300.246,  0.000,  0.000
  0.019,300.163,  0.000,  0.000
  0.019,300.108,  0.000,  0.000
  0.019,300.056,  0.000,  0.000
  0.019,299.996,  0.000,  0.000
  0.020,300.308,  0.000,  0.000
  0.019,299.961,  0.000,  0.000
  0.019,299.840,  0.000,  0.000
  0.019,299.597,  0.000,  0.000
  0.019,299.317,  0.000,  0.000
  0.019,299.147,  0.000,  0.000
  0.019,299.099,  0.000,  0.000
  0.019,299.086,  0.000,  0.000
  0.020,298.974,  0.000,  0.000
  0.020,298.813,  0.000,  0.000
  0.020,298.720,  0.000,  0.000
  0.020,300.161,  0.000,  0.000
  0.019,301.010,  0.000,  0.000
  0.019,300.777,  0.000,  0.000
  0.019,300.808,  0.000,  0.000
  0.019,300.721,  0.000,  0.000
  0.019,300.698,  0.000,  0.000
  0.019,300.669,  0.000,  0.000
  0.019,300.609,  0.000,  0.000
  0.019,300.350,  0.000,  0.000
  0.019,300.333,  0.000,  0.000
  0.019,300.302,  0.000,  0.000
  0.019,300.215,  0.000,  0.000
  0.019,300.117,  0.000,  0.000
  0.020,300.384,  0.000,  0.000
  0.020,300.346,  0.000,  0.000
  0.020,300.308,  0.000,  0.000
  0.020,300.257,  0.000,  0.000
  0.019,299.778,  0.000,  0.000
  0.019,299.626,  0.000,  0.000
  0.020,299.984,  0.000,  0.000
  0.020,300.024,  0.000,  0.000
  0.020,300.101,  0.000,  0.000
  0.020,300.038,  0.000,  0.000
  0.020,299.876,  0.000,  0.000
  0.020,300.137,  0.000,  0.000
  0.020,301.040,  0.000,  0.000
  0.019,300.883,  0.000,  0.000
  0.019,300.851,  0.000,  0.000
  0.019,300.823,  0.000,  0.000
  0.019,300.799,  0.000,  0.000
  0.019,300.803,  0.000,  0.000
  0.019,300.798,  0.000,  0.000
  0.019,300.749,  0.000,  0.000
  0.019,300.332,  0.000,  0.000
  0.019,300.316,  0.000,  0.000
  0.018,300.347,  0.000,  0.000
  0.018,300.315,  0.000,  0.000
  0.020,300.515,  0.000,  0.000
  0.020,300.457,  0.000,  0.000
  0.020,300.409,  0.000,  0.000
  0.020,300.356,  0.000,  0.000
  0.020,300.305,  0.000,  0.000
  0.020,300.259,  0.000,  0.000
  0.020,300.219,  0.000,  0.000
  0.020,300.214,  0.000,  0.000
  0.020,300.241,  0.000,  0.000
  0.020,300.323,  0.000,  0.000
  0.019,300.440,  0.000,  0.000
  0.019,300.691,  0.000,  0.000
  0.019,300.980,  0.000,  0.000
  0.018,300.847,  0.000,  0.000
  0.019,300.889,  0.000,  0.000
  0.019,300.873,  0.000,  0.000
  0.019,300.868,  0.000,  0.000
  0.019,300.866,  0.000,  0.000
  0.019,300.868,  0.000,  0.000
  0.018,300.885,  0.000,  0.000
  0.019,300.866,  0.000,  0.000
