  0.021,302.539,  0.000,  0.000
  0.021,302.538,  0.000,  0.000
  0.021,302.538,  0.000,  0.000
  0.021,302.537,  0.000,  0.000
  0.021,302.537,  0.000,  0.000
  0.021,302.536,  0.000,  0.000
  0.021,302.535,  0.000,  0.000
  0.021,302.534,  0.000,  0.000
  0.021,302.533,  0.000,  0.000
  0.021,302.531,  0.000,  0.000
  0.021,302.529,  0.000,  0.000
  0.021,302.527,  0.000,  0.000
  0.021,302.523,  0.000,  0.000
  0.021,302.518,  0.000,  0.000
  0.021,302.510,  0.000,  0.000
  0.021,302.501,  0.001,  0.000
  0.021,302.497,  0.001,  0.000
  0.021,302.495,  0.002,  0.000
  0.021,302.492,  0.004,  0.000
  0.021,302.491,  0.006,  0.000
  0.021,302.489,  0.007,  0.000
  0.021,302.487,  0.009,  0.000
  0.021,302.486,  0.011,  0.000
  0.021,302.511,  0.013,  0.000
  0.021,302.508,  0.015,  0.000
  0.021,302.541,  0.000,  0.000
  0.021,302.541,  0.000,  0.000
  0.021,302.541,  0.000,  0.010
  0.021,302.540,  0.000,  0.010
  0.021,302.540,  0.000,  0.010
  0.021,302.539,  0.000,  0.010
  0.021,302.538,  0.000,  0.020
  0.021,302.537,  0.000,  0.020
  0.021,302.536,  0.000,  0.020
  0.021,302.534,  0.000,  0.000
  0.021,302.533,  0.000,  0.000
  0.021,302.531,  0.000,  0.000
  0.021,302.528,  0.000,  0.000
  0.021,302.525,  0.000,  0.000
  0.021,302.520,  0.001,  0.000
  0.021,302.513,  0.001,  0.000
  0.021,302.504,  0.002,  0.000
  0.021,302.499,  0.004,  0.000
  0.021,302.497,  0.005,  0.000
  0.021,302.494,  0.007,  0.000
  0.021,302.493,  0.010,  0.000
  0.021,302.490,  0.011,  0.000
  0.021,302.489,  0.014,  0.000
  0.021,302.512,  0.016,  0.000
  0.021,302.508,  0.020,  0.000
  0.020,302.470,  0.000,  0.000
  0.021,302.543,  0.000,  0.000
  0.021,302.543,  0.000,  0.010
  0.021,302.543,  0.000,  0.010
  0.021,302.542,  0.000,  0.010
  0.021,302.542,  0.000,  0.010
  0.021,302.541,  0.000,  0.020
  0.021,302.540,  0.000,  0.020
  0.021,302.538,  0.000,  0.020
  0.021,302.537,  0.000,  0.000
  0.021,302.536,  0.000,  0.000
  0.021,302.534,  0.000,  0.000
  0.021,302.533,  0.000,  0.000
  0.021,302.530,  0.001,  0.000
  0.021,302.528,  0.001,  0.000
  0.021,302.524,  0.002,  0.000
  0.021,302.517,  0.003,  0.000
  0.021,302.509,  0.005,  0.000
  0.021,302.502,  0.007,  0.000
  0.021,302.499,  0.010,  0.000
  0.021,302.495,  0.012,  0.000
  0.021,302.493,  0.015,  0.000
  0.021,302.491,  0.017,  0.000
  0.021,302.512,  0.021,  0.000
  0.021,302.508,  0.023,  0.000
  0.020,302.475,  0.000,  0.000
  0.020,302.472,  0.000,  0.000
  0.020,302.470,  0.000,  0.010
  0.020,302.468,  0.000,  0.010
  0.021,302.544,  0.000,  0.010
  0.021,302.544,  0.000,  0.010
  0.021,302.543,  0.000,  0.020
  0.021,302.541,  0.000,  0.020
  0.021,302.540,  0.000,  0.020
  0.021,302.539,  0.000,  0.000
  0.021,302.538,  0.000,  0.000
  0.021,302.537,  0.000,  0.000
  0.021,302.536,  0.001,  0.000
  0.021,302.534,  0.001,  0.000
  0.021,302.533,  0.002,  0.000
  0.021,302.531,  0.004,  0.000
  0.021,302.528,  0.005,  0.000
  0.021,302.523,  0.007,  0.000
  0.021,302.516,  0.010,  0.000
  0.021,302.508,  0.013,  0.000
  0.021,302.501,  0.016,  0.000
  0.021,302.497,  0.019,  0.000
  0.021,302.493,  0.023,  0.000
  0.021,302.511,  0.027,  0.000
  0.021,302.506,  0.030,  0.000
  0.020,302.477,  0.000,  0.000
  0.020,302.475,  0.000,  0.000
  0.020,302.474,  0.000,  0.010
  0.020,302.472,  0.000,  0.010
  0.020,302.470,  0.000,  0.010
  0.020,302.467,  0.000,  0.010
  0.020,302.464,  0.000,  0.020
  0.021,302.543,  0.000,  0.020
  0.021,302.542,  0.000,  0.020
  0.021,302.540,  0.000,  0.000
  0.021,302.539,  0.001,  0.000
  0.021,302.538,  0.001,  0.000
  0.021,302.537,  0.001,  0.000
  0.021,302.535,  0.002,  0.000
  0.021,302.534,  0.004,  0.000
  0.021,302.533,  0.007,  0.000
  0.021,302.531,  0.010,  0.000
  0.021,302.529,  0.012,  0.000
  0.021,302.527,  0.013,  0.000
  0.021,302.523,  0.016,  0.000
  0.021,302.517,  0.020,  0.000
  0.021,302.509,  0.026,  0.000
  0.021,302.499,  0.034,  0.000
  0.021,302.510,  0.039,  0.000
  0.021,302.505,  0.041,  0.000
  0.020,302.478,  0.000,  0.000
  0.020,302.477,  0.000,  0.000
  0.020,302.476,  0.000,  0.010
  0.020,302.474,  0.000,  0.010
  0.020,302.473,  0.000,  0.010
  0.020,302.470,  0.000,  0.010
  0.020,302.467,  0.000,  0.030
  0.020,302.464,  0.000,  0.030
  0.020,302.461,  0.000,  0.030
  0.020,302.457,  0.001,  0.040
  0.021,302.540,  0.001,  0.040
  0.021,302.538,  0.002,  0.040
  0.021,302.536,  0.003,  0.040
  0.021,302.535,  0.005,  0.060
  0.021,302.534,  0.009,  0.060
  0.021,302.532,  0.014,  0.060
  0.021,302.531,  0.016,  0.050
  0.021,302.529,  0.016,  0.050
  0.021,302.527,  0.017,  0.050
  0.021,302.526,  0.021,  0.050
  0.021,302.523,  0.027,  0.040
  0.021,302.520,  0.036,  0.040
  0.021,302.515,  0.047,  0.040
  0.021,302.522,  0.055,  0.000
  0.021,302.509,  0.058,  0.000
  0.020,302.481,  0.000,  0.000
  0.020,302.479,  0.000,  0.000
  0.020,302.477,  0.000,  0.010
  0.020,302.475,  0.000,  0.010
  0.020,302.474,  0.000,  0.010
  0.020,302.472,  0.000,  0.010
  0.020,302.469,  0.000,  0.030
  0.020,302.466,  0.001,  0.030
  0.020,302.463,  0.001,  0.030
  0.020,302.459,  0.002,  0.040
  0.020,302.456,  0.003,  0.040
  0.020,302.452,  0.005,  0.040
  0.020,302.449,  0.007,  0.040
  0.021,302.534,  0.010,  0.060
  0.021,302.533,  0.015,  0.060
  0.021,302.531,  0.020,  0.060
  0.021,302.529,  0.021,  0.050
  0.021,302.527,  0.019,  0.050
  0.021,302.525,  0.020,  0.050
  0.021,302.524,  0.024,  0.050
  0.021,302.522,  0.032,  0.040
  0.021,302.520,  0.044,  0.040
  0.021,302.518,  0.058,  0.040
  0.021,302.528,  0.069,  0.000
  0.021,302.521,  0.074,  0.000
  0.020,302.483,  0.000,  0.000
  0.020,302.481,  0.000,  0.000
  0.020,302.479,  0.000,  0.010
  0.020,302.477,  0.000,  0.010
  0.020,302.475,  0.000,  0.010
  0.020,302.473,  0.000,  0.010
  0.020,302.470,  0.001,  0.030
  0.020,302.467,  0.001,  0.030
  0.020,302.464,  0.002,  0.030
  0.020,302.460,  0.003,  0.040
  0.020,302.456,  0.005,  0.040
  0.020,302.452,  0.007,  0.040
  0.020,302.449,  0.011,  0.040
  0.020,302.445,  0.014,  0.060
  0.020,302.441,  0.018,  0.060
  0.021,302.529,  0.020,  0.060
  0.021,302.527,  0.018,  0.050
  0.021,302.524,  0.017,  0.050
  0.021,302.523,  0.020,  0.050
  0.021,302.521,  0.026,  0.050
  0.021,302.518,  0.034,  0.040
  0.021,302.516,  0.045,  0.040
  0.021,302.514,  0.059,  0.040
  0.021,302.521,  0.072,  0.000
  0.021,302.516,  0.078,  0.000
  0.020,302.483,  0.000,  0.000
  0.020,302.482,  0.000,  0.000
  0.020,302.481,  0.000,  0.010
  0.020,302.479,  0.000,  0.010
  0.020,302.477,  0.000,  0.010
  0.020,302.475,  0.001,  0.010
  0.020,302.471,  0.001,  0.030
  0.020,302.468,  0.001,  0.030
  0.020,302.464,  0.002,  0.030
  0.020,302.460,  0.003,  0.040
  0.020,302.456,  0.005,  0.040
  0.020,302.452,  0.008,  0.040
  0.020,302.448,  0.011,  0.040
  0.020,302.444,  0.014,  0.060
  0.020,302.440,  0.015,  0.060
  0.020,302.436,  0.014,  0.060
  0.020,302.431,  0.013,  0.050
  0.021,302.521,  0.016,  0.050
  0.021,302.519,  0.022,  0.050
  0.021,302.517,  0.029,  0.050
  0.021,302.514,  0.035,  0.040
  0.021,302.512,  0.042,  0.040
  0.021,302.510,  0.050,  0.040
  0.021,302.512,  0.061,  0.000
  0.021,302.508,  0.066,  0.000
  0.020,302.484,  0.000,  0.160
  0.020,302.483,  0.000,  0.160
  0.020,302.482,  0.000,  0.390
  0.020,302.480,  0.000,  0.390
  0.020,302.479,  0.001,  0.390
  0.020,302.476,  0.001,  0.390
  0.020,302.473,  0.001,  0.370
  0.020,302.468,  0.001,  0.370
  0.020,302.464,  0.002,  0.370
  0.020,302.460,  0.003,  0.100
  0.020,302.456,  0.004,  0.100
  0.020,302.452,  0.006,  0.100
  0.020,302.447,  0.008,  0.100
  0.020,302.442,  0.009,  0.140
  0.020,302.438,  0.010,  0.140
  0.020,302.433,  0.010,  0.140
  0.020,302.429,  0.014,  0.060
  0.020,302.424,  0.022,  0.060
  0.021,302.515,  0.032,  0.060
  0.021,302.512,  0.040,  0.060
  0.021,302.509,  0.040,  0.050
  0.021,302.507,  0.039,  0.050
  0.021,302.504,  0.041,  0.050
  0.021,302.503,  0.047,  0.040
  0.021,302.499,  0.050,  0.040
  0.020,302.486,  0.000,  0.160
  0.020,302.484,  0.000,  0.160
  0.020,302.483,  0.000,  0.390
  0.020,302.481,  0.000,  0.390
  0.020,302.479,  0.001,  0.390
  0.020,302.477,  0.001,  0.390
  0.020,302.473,  0.001,  0.370
  0.020,302.470,  0.001,  0.370
  0.020,302.466,  0.002,  0.370
  0.020,302.462,  0.002,  0.100
  0.020,302.458,  0.002,  0.100
  0.020,302.454,  0.003,  0.100
  0.020,302.449,  0.004,  0.100
  0.020,302.444,  0.005,  0.140
  0.020,302.439,  0.006,  0.140
  0.020,302.433,  0.011,  0.140
  0.020,302.428,  0.021,  0.060
  0.020,302.423,  0.036,  0.060
  0.020,302.417,  0.051,  0.060
  0.020,302.412,  0.054,  0.060
  0.021,302.506,  0.048,  0.050
  0.021,302.502,  0.041,  0.050
  0.021,302.498,  0.038,  0.050
  0.021,302.494,  0.040,  0.040
  0.021,302.489,  0.042,  0.040
  0.020,302.483,  0.000,  0.160
  0.020,302.482,  0.000,  0.160
  0.020,302.480,  0.000,  0.390
  0.020,302.478,  0.000,  0.390
  0.020,302.475,  0.001,  0.390
  0.020,302.472,  0.001,  0.390
  0.020,302.469,  0.001,  0.370
  0.020,302.466,  0.002,  0.370
  0.020,302.462,  0.002,  0.370
  0.020,302.457,  0.002,  0.100
  0.020,302.453,  0.002,  0.100
  0.020,302.448,  0.002,  0.100
  0.020,302.443,  0.002,  0.100
  0.020,302.438,  0.004,  0.140
  0.020,302.433,  0.007,  0.140
  0.020,302.427,  0.015,  0.140
  0.020,302.421,  0.029,  0.060
  0.020,302.416,  0.047,  0.060
  0.020,302.410,  0.061,  0.060
  0.020,302.405,  0.063,  0.060
  0.020,302.399,  0.056,  0.050
  0.020,302.393,  0.048,  0.050
  0.021,302.488,  0.044,  0.050
  0.021,302.484,  0.047,  0.040
  0.021,302.479,  0.052,  0.040
  0.020,302.480,  0.000,  0.160
  0.020,302.478,  0.000,  0.160
  0.020,302.477,  0.000,  0.390
  0.020,302.474,  0.000,  0.390
  0.020,302.471,  0.001,  0.390
  0.020,302.468,  0.001,  0.390
  0.020,302.464,  0.002,  0.370
  0.020,302.461,  0.002,  0.370
  0.020,302.457,  0.002,  0.370
  0.020,302.452,  0.002,  0.100
  0.020,302.447,  0.002,  0.100
  0.020,302.442,  0.002,  0.100
  0.020,302.437,  0.003,  0.100
  0.020,302.432,  0.005,  0.140
  0.020,302.426,  0.008,  0.140
  0.020,302.420,  0.016,  0.140
  0.020,302.414,  0.029,  0.060
  0.020,302.408,  0.043,  0.060
  0.020,302.402,  0.054,  0.060
  0.020,302.397,  0.056,  0.060
  0.020,302.391,  0.054,  0.050
  0.020,302.385,  0.053,  0.050
  0.020,302.379,  0.059,  0.050
  0.020,302.380,  0.070,  0.040
  0.021,302.468,  0.081,  0.040
  0.020,302.476,  0.000,  0.000
  0.020,302.474,  0.000,  0.000
  0.020,302.472,  0.000,  0.000
  0.020,302.469,  0.001,  0.000
  0.020,302.466,  0.001,  0.000
  0.020,302.463,  0.001,  0.000
  0.020,302.459,  0.002,  0.060
  0.020,302.455,  0.003,  0.060
  0.020,302.450,  0.003,  0.060
  0.020,302.446,  0.003,  0.070
  0.020,302.441,  0.003,  0.070
  0.020,302.436,  0.004,  0.070
  0.020,302.430,  0.005,  0.070
  0.020,302.424,  0.006,  0.070
  0.020,302.418,  0.009,  0.070
  0.020,302.412,  0.014,  0.070
  0.020,302.406,  0.021,  0.070
  0.020,302.400,  0.029,  0.070
  0.020,302.393,  0.036,  0.070
  0.020,302.387,  0.041,  0.070
  0.020,302.380,  0.046,  0.180
  0.020,302.375,  0.058,  0.180
  0.020,302.369,  0.082,  0.180
  0.020,302.364,  0.107,  0.180
  0.020,302.358,  0.112,  0.180
  0.020,302.471,  0.000,  0.000
  0.020,302.469,  0.001,  0.000
  0.020,302.466,  0.001,  0.000
  0.020,302.464,  0.001,  0.000
  0.020,302.460,  0.001,  0.000
  0.020,302.457,  0.002,  0.000
  0.020,302.453,  0.002,  0.060
  0.020,302.448,  0.003,  0.060
  0.020,302.443,  0.003,  0.060
  0.020,302.438,  0.004,  0.070
  0.020,302.433,  0.005,  0.070
  0.020,302.428,  0.006,  0.070
  0.020,302.422,  0.007,  0.070
  0.020,302.416,  0.007,  0.070
  0.020,302.409,  0.009,  0.070
  0.020,302.403,  0.011,  0.070
  0.020,302.397,  0.013,  0.070
  0.020,302.390,  0.017,  0.070
  0.020,302.384,  0.023,  0.070
  0.020,302.377,  0.030,  0.070
  0.020,302.371,  0.043,  0.180
  0.020,302.365,  0.065,  0.180
  0.020,302.360,  0.102,  0.180
  0.020,302.354,  0.131,  0.180
  0.020,302.348,  0.119,  0.180
