  0.019,301.070,  0.000,  0.000
  0.019,301.072,  0.000,  0.000
  0.019,301.074,  0.000,  4.310
  0.019,301.075,  0.000,  4.310
  0.019,301.077,  0.000,  4.310
  0.019,301.078,  0.000,  4.310
  0.019,301.078,  0.000, 11.600
  0.019,301.079,  0.000, 11.600
  0.019,301.080,  0.000, 11.600
  0.019,301.080,  0.000,  8.060
  0.019,301.081,  0.000,  8.060
  0.019,301.082,  0.000,  8.060
  0.019,301.082,  0.000,  8.060
  0.019,301.082,  0.000,  6.470
  0.019,301.083,  0.000,  6.470
  0.019,301.083,  0.000,  6.470
  0.019,301.083,  0.000,  8.020
  0.019,301.084,  0.000,  8.020
  0.019,301.084,  0.000,  8.020
  0.019,301.084,  0.000,  8.020
  0.019,301.084,  0.000,  0.000
  0.019,301.084,  0.000,  0.000
  0.019,301.084,  0.000,  0.000
  0.019,301.083,  0.000,  0.000
  0.019,301.083,  0.000,  0.000
  0.019,301.072,  0.000,  0.000
  0.019,301.073,  0.000,  0.000
  0.019,301.075,  0.000,  8.410
  0.019,301.077,  0.000,  8.410
  0.019,301.078,  0.000,  8.410
  0.019,301.079,  0.000,  8.410
  0.019,301.081,  0.000,  8.350
  0.019,301.082,  0.000,  8.350
  0.019,301.083,  0.000,  8.350
  0.019,301.085,  0.000,  3.440
  0.019,301.086,  0.000,  3.440
  0.019,301.088,  0.000,  3.440
  0.019,301.089,  0.000,  3.440
  0.019,301.091,  0.000,  6.220
  0.019,301.093,  0.000,  6.220
  0.019,301.094,  0.000,  6.220
  0.019,301.096,  0.000,  0.000
  0.019,301.097,  0.000,  0.000
  0.019,301.098,  0.000,  0.000
  0.019,301.100,  0.000,  0.000
  0.019,301.101,  0.000,  0.000
  0.019,301.102,  0.000,  0.000
  0.019,301.102,  0.000,  0.000
  0.019,301.103,  0.000,  0.000
  0.019,301.103,  0.000,  0.000
  0.019,301.073,  0.000,  0.000
  0.019,301.074,  0.000,  0.000
  0.019,301.076,  0.000,  8.410
  0.019,301.078,  0.000,  8.410
  0.019,301.079,  0.000,  8.410
  0.019,301.081,  0.000,  8.410
  0.019,301.082,  0.000,  8.350
  0.019,301.084,  0.000,  8.350
  0.019,301.086,  0.000,  8.350
  0.019,301.089,  0.000,  3.440
  0.019,301.091,  0.000,  3.440
  0.019,301.094,  0.000,  3.440
  0.019,301.097,  0.000,  3.440
  0.019,301.099,  0.000,  6.220
  0.019,301.102,  0.000,  6.220
  0.019,301.105,  0.000,  6.220
  0.019,301.108,  0.000,  0.000
  0.019,301.110,  0.000,  0.000
  0.019,301.113,  0.000,  0.000
  0.019,301.115,  0.000,  0.000
  0.019,301.117,  0.000,  0.000
  0.019,301.119,  0.000,  0.000
  0.019,301.120,  0.000,  0.000
  0.019,301.121,  0.000,  0.000
  0.019,301.122,  0.000,  0.000
  0.019,301.074,  0.000,  0.000
  0.019,301.076,  0.000,  0.000
  0.019,301.077,  0.000,  8.410
  0.019,301.079,  0.000,  8.410
  0.019,301.081,  0.000,  8.410
  0.019,301.083,  0.000,  8.410
  0.019,301.084,  0.000,  8.350
  0.019,301.087,  0.000,  8.350
  0.019,301.090,  0.000,  8.350
  0.019,301.093,  0.000,  3.440
  0.019,301.096,  0.000,  3.440
  0.019,301.100,  0.000,  3.440
  0.019,301.103,  0.000,  3.440
  0.019,301.107,  0.000,  6.220
  0.019,301.111,  0.000,  6.220
  0.019,301.115,  0.000,  6.220
  0.019,301.119,  0.000,  0.000
  0.019,301.123,  0.000,  0.000
  0.019,301.126,  0.000,  0.000
  0.019,301.130,  0.000,  0.000
  0.019,301.133,  0.000,  0.000
  0.019,301.135,  0.000,  0.000
  0.019,301.137,  0.000,  0.000
  0.019,301.139,  0.000,  0.000
  0.019,301.140,  0.000,  0.000
  0.019,301.076,  0.000,  0.000
  0.019,301.078,  0.000,  0.000
  0.019,301.079,  0.000,  8.410
  0.019,301.081,  0.000,  8.410
  0.019,301.083,  0.000,  8.410
  0.019,301.085,  0.000,  8.410
  0.019,301.087,  0.000,  8.350
  0.019,301.090,  0.000,  8.350
  0.019,301.093,  0.000,  8.350
  0.019,301.097,  0.000,  3.440
  0.019,301.101,  0.000,  3.440
  0.019,301.105,  0.000,  3.440
  0.019,301.110,  0.000,  3.440
  0.019,301.115,  0.000,  6.220
  0.019,301.120,  0.000,  6.220
  0.019,301.125,  0.000,  6.220
  0.019,301.130,  0.000,  0.000
  0.019,301.135,  0.000,  0.000
  0.019,301.139,  0.000,  0.000
  0.019,301.143,  0.000,  0.000
  0.019,301.147,  0.000,  0.000
  0.019,301.150,  0.000,  0.000
  0.019,301.153,  0.000,  0.000
  0.019,301.155,  0.000,  0.000
  0.019,301.156,  0.000,  0.000
  0.019,301.078,  0.000,  0.130
  0.019,301.080,  0.000,  0.130
  0.019,301.081,  0.000,  4.210
  0.019,301.083,  0.000,  4.210
  0.019,301.085,  0.000,  4.210
  0.019,301.087,  0.000,  4.210
  0.019,301.089,  0.000,  7.970
  0.019,301.093,  0.000,  7.970
  0.019,301.096,  0.000,  7.970
  0.019,301.101,  0.000,  0.110
  0.019,301.106,  0.000,  0.110
  0.019,301.111,  0.000,  0.110
  0.019,301.116,  0.000,  0.110
  0.019,301.122,  0.000,  0.000
  0.019,301.128,  0.000,  0.000
  0.019,301.134,  0.000,  0.000
  0.019,301.140,  0.000,  0.000
  0.019,301.145,  0.000,  0.000
  0.019,301.151,  0.000,  0.000
  0.019,301.156,  0.000,  0.000
  0.019,301.160,  0.000,  0.000
  0.019,301.164,  0.000,  0.000
  0.019,301.168,  0.000,  0.000
  0.019,301.170,  0.000,  0.000
  0.019,301.172,  0.000,  0.000
  0.019,301.082,  0.000,  0.130
  0.019,301.083,  0.000,  0.130
  0.019,301.084,  0.000,  4.210
  0.019,301.086,  0.000,  4.210
  0.019,301.088,  0.000,  4.210
  0.019,301.090,  0.000,  4.210
  0.019,301.093,  0.000,  7.970
  0.019,301.096,  0.000,  7.970
  0.019,301.100,  0.000,  7.970
  0.019,301.105,  0.000,  0.110
  0.019,301.111,  0.000,  0.110
  0.019,301.117,  0.000,  0.110
  0.019,301.123,  0.000,  0.110
  0.019,301.129,  0.000,  0.000
  0.019,301.136,  0.000,  0.000
  0.019,301.142,  0.000,  0.000
  0.019,301.149,  0.000,  0.000
  0.019,301.155,  0.000,  0.000
  0.019,301.161,  0.000,  0.000
  0.019,301.167,  0.000,  0.000
  0.019,301.172,  0.000,  0.000
  0.019,301.176,  0.000,  0.000
  0.019,301.180,  0.000,  0.000
  0.019,301.183,  0.000,  0.000
  0.019,301.185,  0.000,  0.000
  0.019,301.086,  0.000,  0.130
  0.019,301.087,  0.000,  0.130
  0.019,301.088,  0.000,  4.210
  0.019,301.090,  0.000,  4.210
  0.019,301.092,  0.000,  4.210
  0.019,301.094,  0.000,  4.210
  0.019,301.097,  0.000,  7.970
  0.019,301.101,  0.000,  7.970
  0.019,301.105,  0.000,  7.970
  0.019,301.110,  0.000,  0.110
  0.019,301.116,  0.000,  0.110
  0.019,301.122,  0.000,  0.110
  0.019,301.129,  0.000,  0.110
  0.019,301.136,  0.000,  0.000
  0.019,301.143,  0.000,  0.000
  0.019,301.150,  0.000,  0.000
  0.019,301.157,  0.000,  0.000
  0.019,301.164,  0.000,  0.000
  0.019,301.171,  0.000,  0.000
  0.019,301.177,  0.000,  0.000
  0.019,301.182,  0.000,  0.000
  0.019,301.187,  0.000,  0.000
  0.019,301.191,  0.000,  0.000
  0.019,301.194,  0.000,  0.000
  0.019,301.196,  0.000,  0.000
  0.019,301.090,  0.000,  0.130
  0.019,301.092,  0.000,  0.130
  0.019,301.093,  0.000,  4.210
  0.019,301.095,  0.000,  4.210
  0.019,301.097,  0.000,  4.210
  0.019,301.100,  0.000,  4.210
  0.019,301.102,  0.000,  7.970
  0.019,301.106,  0.000,  7.970
  0.019,301.111,  0.000,  7.970
  0.019,301.116,  0.000,  0.110
  0.019,301.122,  0.000,  0.110
  0.019,301.129,  0.000,  0.110
  0.019,301.136,  0.000,  0.110
  0.019,301.143,  0.000,  0.000
  0.019,301.150,  0.000,  0.000
  0.019,301.157,  0.000,  0.000
  0.019,301.165,  0.000,  0.000
  0.019,301.172,  0.000,  0.000
  0.019,301.178,  0.000,  0.000
  0.019,301.185,  0.000,  0.000
  0.019,301.190,  0.000,  0.000
  0.019,301.195,  0.000,  0.000
  0.019,301.200,  0.000,  0.000
  0.019,301.203,  0.000,  0.000
  0.019,301.205,  0.000,  0.000
  0.019,301.096,  0.000,  0.040
  0.019,301.097,  0.000,  0.040
  0.019,301.098,  0.000,  0.040
  0.019,301.100,  0.000,  0.040
  0.019,301.103,  0.000,  0.040
  0.019,301.105,  0.000,  0.040
  0.019,301.108,  0.000,  0.000
  0.019,301.112,  0.000,  0.000
  0.019,301.117,  0.000,  0.000
  0.019,301.122,  0.000,  0.030
  0.019,301.128,  0.000,  0.030
  0.019,301.135,  0.000,  0.030
  0.019,301.142,  0.000,  0.030
  0.019,301.149,  0.000,  0.150
  0.019,301.156,  0.000,  0.150
  0.019,301.164,  0.000,  0.150
  0.019,301.171,  0.000,  0.000
  0.019,301.178,  0.000,  0.000
  0.019,301.185,  0.000,  0.000
  0.019,301.192,  0.000,  0.000
  0.019,301.197,  0.000,  0.100
  0.019,301.202,  0.000,  0.100
  0.019,301.207,  0.000,  0.100
  0.019,301.210,  0.000,  0.000
  0.019,301.212,  0.000,  0.000
  0.019,301.102,  0.000,  0.040
  0.019,301.103,  0.000,  0.040
  0.019,301.104,  0.000,  0.040
  0.019,301.106,  0.000,  0.040
  0.019,301.109,  0.000,  0.040
  0.019,301.111,  0.000,  0.040
  0.019,301.114,  0.000,  0.000
  0.019,301.118,  0.000,  0.000
  0.019,301.122,  0.000,  0.000
  0.019,301.128,  0.000,  0.030
  0.019,301.134,  0.000,  0.030
  0.019,301.140,  0.000,  0.030
  0.019,301.147,  0.000,  0.030
  0.019,301.155,  0.000,  0.150
  0.019,301.162,  0.000,  0.150
  0.019,301.170,  0.000,  0.150
  0.019,301.177,  0.000,  0.000
  0.019,301.184,  0.000,  0.000
  0.019,301.191,  0.000,  0.000
  0.019,301.197,  0.000,  0.000
  0.019,301.203,  0.000,  0.100
  0.019,301.208,  0.000,  0.100
  0.019,301.212,  0.000,  0.100
  0.019,301.215,  0.000,  0.000
  0.019,301.217,  0.000,  0.000
  0.019,301.108,  0.000,  0.040
  0.019,301.109,  0.000,  0.040
  0.019,301.111,  0.000,  0.040
  0.019,301.112,  0.000,  0.040
  0.019,301.115,  0.000,  0.040
  0.019,301.117,  0.000,  0.040
  0.019,301.120,  0.000,  0.000
  0.019,301.124,  0.000,  0.000
  0.019,301.128,  0.000,  0.000
  0.019,301.134,  0.000,  0.030
  0.019,301.140,  0.000,  0.030
  0.019,301.146,  0.000,  0.030
  0.019,301.153,  0.000,  0.030
  0.019,301.160,  0.000,  0.150
  0.019,301.167,  0.000,  0.150
  0.019,301.174,  0.000,  0.150
  0.019,301.182,  0.000,  0.000
  0.019,301.188,  0.000,  0.000
  0.019,301.195,  0.000,  0.000
  0.019,301.201,  0.000,  0.000
  0.019,301.207,  0.000,  0.100
  0.019,301.212,  0.000,  0.100
  0.019,301.216,  0.000,  0.100
  0.019,301.219,  0.000,  0.000
  0.019,301.221,  0.000,  0.000
  0.019,301.114,  0.000,  0.040
  0.019,301.115,  0.000,  0.040
  0.019,301.117,  0.000,  0.040
  0.019,301.119,  0.000,  0.040
  0.019,301.121,  0.000,  0.040
  0.019,301.124,  0.000,  0.040
  0.019,301.126,  0.000,  0.000
  0.019,301.130,  0.000,  0.000
  0.019,301.134,  0.000,  0.000
  0.019,301.140,  0.000,  0.030
  0.019,301.145,  0.000,  0.030
  0.019,301.151,  0.000,  0.030
  0.019,301.158,  0.000,  0.030
  0.019,301.165,  0.000,  0.150
  0.019,301.172,  0.000,  0.150
  0.019,301.179,  0.000,  0.150
  0.019,301.186,  0.000,  0.000
  0.019,301.192,  0.000,  0.000
  0.019,301.199,  0.000,  0.000
  0.019,301.204,  0.000,  0.000
  0.019,301.210,  0.000,  0.100
  0.019,301.214,  0.000,  0.100
  0.019,301.218,  0.000,  0.100
  0.019,301.221,  0.000,  0.000
  0.019,301.223,  0.000,  0.000
  0.019,301.121,  0.000,  0.030
  0.019,301.122,  0.000,  0.030
  0.019,301.124,  0.000,  0.000
  0.019,301.126,  0.000,  0.000
  0.019,301.128,  0.000,  0.000
  0.019,301.130,  0.000,  0.000
  0.019,301.133,  0.000,  0.060
  0.019,301.136,  0.000,  0.060
  0.019,301.140,  0.000,  0.060
  0.019,301.145,  0.000,  0.080
  0.019,301.151,  0.000,  0.080
  0.019,301.156,  0.000,  0.080
  0.019,301.163,  0.000,  0.080
  0.019,301.169,  0.000,  0.070
  0.019,301.176,  0.000,  0.070
  0.019,301.182,  0.000,  0.070
  0.019,301.189,  0.000,  0.070
  0.019,301.195,  0.000,  0.070
  0.019,301.201,  0.000,  0.070
  0.019,301.207,  0.000,  0.070
  0.019,301.212,  0.000,  0.060
  0.019,301.216,  0.000,  0.060
  0.019,301.220,  0.000,  0.060
  0.019,301.222,  0.000,  0.000
  0.019,301.224,  0.000,  0.000
  0.019,301.127,  0.000,  0.030
  0.019,301.128,  0.000,  0.030
  0.019,301.130,  0.000,  0.000
  0.019,301.132,  0.000,  0.000
  0.019,301.134,  0.000,  0.000
  0.019,301.137,  0.000,  0.000
  0.019,301.139,  0.000,  0.060
  0.019,301.142,  0.000,  0.060
  0.019,301.146,  0.000,  0.060
  0.019,301.151,  0.000,  0.080
  0.019,301.156,  0.000,  0.080
  0.019,301.161,  0.000,  0.080
  0.019,301.167,  0.000,  0.080
  0.019,301.173,  0.000,  0.070
  0.019,301.179,  0.000,  0.070
  0.019,301.185,  0.000,  0.070
  0.019,301.192,  0.000,  0.070
  0.019,301.197,  0.000,  0.070
  0.019,301.203,  0.000,  0.070
  0.019,301.208,  0.000,  0.070
  0.019,301.213,  0.000,  0.060
  0.019,301.217,  0.000,  0.060
  0.019,301.220,  0.000,  0.060
  0.019,301.222,  0.000,  0.000
  0.019,301.224,  0.000,  0.000
