  0.017,299.887,  0.007,  0.000
  0.018,299.841,  0.003,  0.000
  0.018,299.861,  0.000,  0.000
  0.018,299.933,  0.000,  0.000
  0.018,299.997,  0.000,  0.000
  0.017,300.015,  0.000,  0.000
  0.017,299.989,  0.000,  0.000
  0.017,299.974,  0.000,  0.000
  0.018,299.971,  0.000,  0.000
  0.017,299.953,  0.000,  0.000
  0.017,299.916,  0.000,  0.000
  0.017,299.868,  0.000,  0.000
  0.017,299.855,  0.000,  0.000
  0.017,299.878,  0.000,  0.000
  0.017,299.889,  0.000,  0.000
  0.017,299.877,  0.000,  0.000
  0.017,299.872,  0.000,  0.000
  0.017,299.874,  0.000,  0.000
  0.017,299.858,  0.000,  0.000
  0.018,299.836,  0.001,  0.000
  0.018,299.838,  0.003,  0.000
  0.018,299.854,  0.011,  0.000
  0.018,299.874,  0.013,  0.000
  0.018,299.934,  0.002,  0.000
  0.018,300.026,  0.000,  0.000
  0.018,299.870,  0.020,  0.000
  0.018,299.877,  0.003,  0.000
  0.018,299.944,  0.000,  0.000
  0.018,300.015,  0.000,  0.000
  0.017,300.040,  0.000,  0.000
  0.017,300.027,  0.000,  0.000
  0.017,300.009,  0.000,  0.000
  0.017,300.013,  0.000,  0.000
  0.017,300.010,  0.000,  0.000
  0.017,299.974,  0.000,  0.000
  0.017,299.925,  0.000,  0.000
  0.017,299.881,  0.000,  0.000
  0.017,299.872,  0.000,  0.000
  0.017,299.900,  0.000,  0.000
  0.017,299.926,  0.000,  0.000
  0.017,299.912,  0.000,  0.000
  0.017,299.884,  0.000,  0.000
  0.017,299.881,  0.000,  0.000
  0.018,299.888,  0.000,  0.000
  0.018,299.884,  0.000,  0.000
  0.018,299.882,  0.000,  0.000
  0.018,299.877,  0.000,  0.000
  0.018,299.871,  0.001,  0.000
  0.018,299.954,  0.002,  0.000
  0.018,300.127,  0.001,  0.000
  0.018,299.885,  0.014,  0.000
  0.018,299.934,  0.005,  0.000
  0.018,300.013,  0.001,  0.000
  0.018,300.061,  0.000,  0.000
  0.017,300.061,  0.000,  0.000
  0.017,300.046,  0.000,  0.000
  0.017,300.049,  0.000,  0.000
  0.017,300.053,  0.000,  0.000
  0.017,300.033,  0.000,  0.000
  0.017,299.990,  0.000,  0.000
  0.017,299.959,  0.000,  0.000
  0.017,299.934,  0.000,  0.000
  0.017,299.920,  0.000,  0.000
  0.017,299.932,  0.000,  0.000
  0.017,299.948,  0.000,  0.000
  0.017,299.938,  0.000,  0.000
  0.017,299.908,  0.000,  0.000
  0.018,299.902,  0.000,  0.000
  0.018,299.919,  0.000,  0.000
  0.018,299.931,  0.000,  0.000
  0.018,299.935,  0.000,  0.000
  0.018,299.934,  0.000,  0.000
  0.018,299.947,  0.000,  0.000
  0.018,300.042,  0.000,  0.000
  0.017,300.191,  0.000,  0.000
  0.018,299.956,  0.000,  0.000
  0.018,300.015,  0.000,  0.000
  0.018,300.064,  0.000,  0.000
  0.018,300.088,  0.001,  0.000
  0.017,300.081,  0.000,  0.000
  0.017,300.073,  0.000,  0.000
  0.017,300.077,  0.000,  0.000
  0.017,300.058,  0.000,  0.000
  0.018,300.023,  0.000,  0.000
  0.018,300.009,  0.000,  0.000
  0.017,300.010,  0.000,  0.000
  0.017,299.997,  0.000,  0.000
  0.017,299.977,  0.000,  0.000
  0.017,299.969,  0.000,  0.000
  0.017,299.971,  0.000,  0.000
  0.017,299.963,  0.000,  0.000
  0.018,299.939,  0.000,  0.000
  0.018,299.925,  0.000,  0.000
  0.018,299.934,  0.000,  0.000
  0.018,299.962,  0.000,  0.000
  0.018,299.991,  0.000,  0.000
  0.018,300.028,  0.000,  0.000
  0.018,300.087,  0.000,  0.000
  0.017,300.181,  0.000,  0.000
  0.017,300.257,  0.000,  0.000
  0.018,299.994,  0.000,  0.000
  0.018,300.064,  0.000,  0.000
  0.018,300.124,  0.000,  0.000
  0.018,300.135,  0.000,  0.000
  0.018,300.107,  0.001,  0.000
  0.017,300.095,  0.000,  0.000
  0.017,300.094,  0.000,  0.000
  0.017,300.073,  0.000,  0.000
  0.017,300.041,  0.000,  0.000
  0.018,300.036,  0.000,  0.000
  0.018,300.043,  0.000,  0.000
  0.017,300.037,  0.000,  0.000
  0.017,300.020,  0.000,  0.000
  0.017,300.001,  0.000,  0.000
  0.017,299.995,  0.000,  0.000
  0.018,299.991,  0.000,  0.000
  0.018,299.978,  0.000,  0.000
  0.018,299.961,  0.000,  0.000
  0.018,299.957,  0.000,  0.000
  0.018,299.972,  0.000,  0.000
  0.018,300.010,  0.000,  0.000
  0.018,300.093,  0.000,  0.000
  0.018,300.216,  0.000,  0.000
  0.017,300.325,  0.000,  0.000
  0.017,300.327,  0.000,  0.000
  0.018,300.018,  0.000,  0.000
  0.018,300.117,  0.000,  0.000
  0.018,300.160,  0.000,  0.000
  0.018,300.162,  0.000,  0.000
  0.018,300.150,  0.000,  0.000
  0.018,300.126,  0.000,  0.000
  0.018,300.112,  0.000,  0.000
  0.017,300.095,  0.000,  0.000
  0.017,300.077,  0.000,  0.000
  0.018,300.070,  0.000,  0.000
  0.018,300.068,  0.000,  0.000
  0.017,300.064,  0.000,  0.000
  0.017,300.057,  0.000,  0.000
  0.017,300.041,  0.000,  0.000
  0.017,300.029,  0.000,  0.000
  0.018,300.029,  0.000,  0.000
  0.018,300.030,  0.000,  0.000
  0.018,300.025,  0.000,  0.000
  0.018,300.018,  0.000,  0.000
  0.018,300.011,  0.000,  0.000
  0.018,300.034,  0.000,  0.000
  0.018,300.138,  0.000,  0.000
  0.018,300.317,  0.000,  0.000
  0.017,300.413,  0.000,  0.000
  0.017,300.353,  0.000,  0.000
  0.018,300.147,  0.000,  0.000
  0.018,300.196,  0.000,  0.000
  0.018,300.208,  0.000,  0.000
  0.018,300.197,  0.000,  0.000
  0.018,300.170,  0.000,  0.000
  0.018,300.149,  0.000,  0.000
  0.018,300.132,  0.000,  0.000
  0.018,300.116,  0.000,  0.000
  0.017,300.118,  0.000,  0.000
  0.017,300.126,  0.000,  0.000
  0.017,300.108,  0.000,  0.000
  0.017,300.091,  0.000,  0.000
  0.017,300.081,  0.000,  0.000
  0.017,300.070,  0.000,  0.000
  0.018,300.064,  0.000,  0.000
  0.018,300.066,  0.000,  0.000
  0.018,300.073,  0.000,  0.000
  0.018,300.089,  0.000,  0.000
  0.018,300.104,  0.000,  0.000
  0.018,300.104,  0.000,  0.000
  0.018,300.132,  0.000,  0.000
  0.018,300.249,  0.000,  0.000
  0.018,300.384,  0.000,  0.000
  0.017,300.407,  0.000,  0.000
  0.018,300.331,  0.000,  0.000
  0.018,300.099,  0.000,  0.000
  0.018,300.216,  0.000,  0.000
  0.018,300.271,  0.001,  0.000
  0.018,300.220,  0.000,  0.000
  0.018,300.179,  0.000,  0.000
  0.018,300.177,  0.000,  0.000
  0.018,300.163,  0.000,  0.000
  0.018,300.151,  0.000,  0.000
  0.018,300.159,  0.000,  0.000
  0.017,300.169,  0.000,  0.000
  0.017,300.147,  0.000,  0.000
  0.017,300.124,  0.000,  0.000
  0.017,300.102,  0.000,  0.000
  0.018,300.097,  0.000,  0.000
  0.018,300.103,  0.000,  0.000
  0.018,300.104,  0.000,  0.000
  0.018,300.105,  0.000,  0.000
  0.018,300.113,  0.000,  0.000
  0.018,300.142,  0.000,  0.000
  0.018,300.209,  0.000,  0.000
  0.018,300.303,  0.000,  0.000
  0.018,300.385,  0.000,  0.000
  0.017,300.389,  0.000,  0.000
  0.017,300.338,  0.000,  0.000
  0.018,300.310,  0.000,  0.000
  0.018,299.796,  0.000,  0.000
  0.018,300.156,  0.001,  0.000
  0.018,300.177,  0.001,  0.000
  0.018,300.137,  0.001,  0.000
  0.018,300.168,  0.000,  0.000
  0.018,300.201,  0.000,  0.000
  0.018,300.192,  0.000,  0.000
  0.018,300.186,  0.000,  0.000
  0.018,300.188,  0.000,  0.000
  0.017,300.187,  0.000,  0.000
  0.017,300.187,  0.000,  0.000
  0.017,300.190,  0.000,  0.000
  0.017,300.173,  0.000,  0.000
  0.018,300.146,  0.000,  0.000
  0.018,300.139,  0.000,  0.000
  0.018,300.146,  0.000,  0.000
  0.018,300.143,  0.000,  0.000
  0.018,300.110,  0.000,  0.000
  0.018,300.132,  0.000,  0.000
  0.018,300.269,  0.000,  0.000
  0.018,300.425,  0.000,  0.000
  0.017,300.425,  0.000,  0.000
  0.017,300.349,  0.000,  0.000
  0.017,300.293,  0.000,  0.000
  0.017,300.301,  0.000,  0.000
  0.018,299.766,  0.047,  0.000
  0.018,300.079,  0.022,  0.000
  0.018,300.029,  0.001,  0.000
  0.018,300.028,  0.001,  0.000
  0.018,300.148,  0.000,  0.000
  0.018,300.245,  0.001,  0.000
  0.018,300.247,  0.000,  0.000
  0.018,300.206,  0.000,  0.000
  0.018,300.208,  0.000,  0.000
  0.018,300.221,  0.000,  0.000
  0.018,300.240,  0.000,  0.000
  0.018,300.251,  0.000,  0.000
  0.018,300.234,  0.000,  0.000
  0.018,300.202,  0.000,  0.000
  0.018,300.164,  0.000,  0.000
  0.018,300.150,  0.000,  0.000
  0.018,300.145,  0.000,  0.000
  0.018,300.158,  0.000,  0.000
  0.018,300.209,  0.000,  0.000
  0.018,300.328,  0.000,  0.000
  0.017,300.411,  0.000,  0.000
  0.017,300.390,  0.000,  0.000
  0.017,300.334,  0.000,  0.000
  0.017,300.307,  0.000,  0.000
  0.017,300.313,  0.000,  0.000
  0.018,299.953,  0.449,  0.000
  0.018,300.061,  0.394,  0.000
  0.018,299.977,  0.097,  0.000
  0.018,299.989,  0.009,  0.000
  0.018,300.169,  0.002,  0.000
  0.018,300.323,  0.001,  0.000
  0.018,300.300,  0.000,  0.000
  0.018,300.234,  0.000,  0.000
  0.018,300.228,  0.000,  0.000
  0.018,300.237,  0.000,  0.000
  0.018,300.234,  0.000,  0.000
  0.018,300.230,  0.000,  0.000
  0.018,300.234,  0.000,  0.000
  0.018,300.229,  0.000,  0.000
  0.018,300.205,  0.000,  0.000
  0.018,300.168,  0.000,  0.000
  0.018,300.163,  0.000,  0.000
  0.018,300.248,  0.000,  0.000
  0.018,300.331,  0.000,  0.000
  0.017,300.377,  0.000,  0.000
  0.017,300.388,  0.000,  0.000
  0.017,300.367,  0.000,  0.000
  0.017,300.347,  0.000,  0.000
  0.017,300.342,  0.000,  0.000
  0.017,300.335,  0.000,  0.000
  0.018,300.164,  0.668,  0.000
  0.018,300.135,  1.212,  0.000
  0.018,300.093,  0.802,  0.000
  0.018,300.137,  0.260,  0.000
  0.018,300.267,  0.032,  0.000
  0.018,300.333,  0.004,  0.000
  0.018,300.304,  0.001,  0.000
  0.018,300.265,  0.000,  0.000
  0.018,300.235,  0.001,  0.000
  0.018,300.209,  0.001,  0.000
  0.018,300.188,  0.000,  0.000
  0.018,300.194,  0.001,  0.000
  0.018,300.211,  0.000,  0.000
  0.018,300.212,  0.000,  0.000
  0.018,300.208,  0.000,  0.000
  0.018,300.221,  0.000,  0.000
  0.018,300.268,  0.000,  0.000
  0.017,300.324,  0.000,  0.000
  0.017,300.383,  0.000,  0.000
  0.017,300.384,  0.000,  0.000
  0.017,300.377,  0.000,  0.000
  0.017,300.373,  0.000,  0.000
  0.017,300.370,  0.000,  0.000
  0.017,300.364,  0.000,  0.000
  0.017,300.349,  0.000,  0.000
  0.018,300.325,  0.037,  0.000
  0.018,300.307,  0.412,  0.000
  0.018,300.322,  1.328,  0.000
  0.018,300.351,  1.228,  0.000
  0.018,300.348,  0.492,  0.000
  0.018,300.300,  0.083,  0.000
  0.018,300.277,  0.007,  0.000
  0.018,300.254,  0.002,  0.000
  0.018,300.202,  0.003,  0.000
  0.018,300.174,  0.014,  0.000
  0.018,300.203,  0.025,  0.000
  0.018,300.236,  0.017,  0.000
  0.018,300.228,  0.003,  0.000
  0.018,300.193,  0.000,  0.000
  0.018,300.188,  0.000,  0.000
  0.018,300.260,  0.000,  0.000
  0.018,300.354,  0.000,  0.000
  0.017,300.384,  0.000,  0.000
  0.017,300.387,  0.000,  0.000
  0.017,300.375,  0.000,  0.000
  0.017,300.378,  0.000,  0.000
  0.017,300.386,  0.000,  0.000
  0.017,300.386,  0.000,  0.000
  0.017,300.374,  0.000,  0.000
  0.018,300.361,  0.000,  0.000
  0.018,300.416,  0.004,  0.000
  0.018,300.457,  0.017,  0.000
  0.018,300.470,  0.188,  0.000
  0.018,300.428,  0.940,  0.000
  0.018,300.360,  1.554,  0.000
  0.018,300.292,  0.834,  0.000
  0.018,300.260,  0.171,  0.000
  0.018,300.222,  0.018,  0.000
  0.018,300.167,  0.010,  0.000
  0.018,300.177,  0.038,  0.000
  0.018,300.261,  0.113,  0.000
  0.017,300.317,  0.145,  0.000
  0.018,300.282,  0.064,  0.000
  0.018,300.218,  0.005,  0.000
  0.018,300.216,  0.001,  0.000
  0.018,300.314,  0.000,  0.000
  0.018,300.426,  0.000,  0.000
  0.017,300.432,  0.000,  0.000
  0.017,300.401,  0.000,  0.000
  0.018,300.397,  0.000,  0.000
  0.018,300.398,  0.000,  0.000
  0.017,300.395,  0.000,  0.000
  0.017,300.395,  0.000,  0.000
  0.017,300.397,  0.000,  0.000
  0.018,300.393,  0.000,  0.000
  0.018,300.463,  0.001,  0.000
  0.018,300.525,  0.004,  0.000
  0.018,300.488,  0.010,  0.000
  0.018,300.426,  0.081,  0.000
  0.018,300.367,  0.672,  0.000
  0.018,300.332,  1.727,  0.000
  0.018,300.289,  1.016,  0.000
  0.018,300.230,  0.142,  0.000
  0.018,300.180,  0.045,  0.000
  0.018,300.188,  0.039,  0.000
  0.018,300.261,  0.090,  0.000
  0.018,300.316,  0.212,  0.000
  0.018,300.295,  0.196,  0.000
  0.018,300.265,  0.026,  0.000
  0.018,300.311,  0.001,  0.000
  0.018,300.427,  0.001,  0.000
  0.017,300.491,  0.000,  0.000
  0.017,300.465,  0.000,  0.000
  0.017,300.449,  0.000,  0.000
  0.017,300.453,  0.000,  0.000
  0.017,300.436,  0.000,  0.000
  0.017,300.407,  0.000,  0.000
  0.017,300.404,  0.000,  0.000
  0.017,300.427,  0.000,  0.000
  0.017,300.448,  0.000,  0.000
