  0.021,303.082,  0.000,  0.000
  0.021,303.089,  0.000,  0.000
  0.021,303.101,  0.000,  0.000
  0.021,303.115,  0.000,  0.000
  0.021,303.127,  0.000,  0.000
  0.020,303.138,  0.000,  0.000
  0.020,303.149,  0.000,  0.000
  0.020,303.158,  0.000,  0.000
  0.020,303.161,  0.000,  0.000
  0.020,303.166,  0.000,  0.000
  0.020,303.176,  0.000,  0.000
  0.020,303.190,  0.000,  0.000
  0.020,303.202,  0.000,  0.000
  0.021,303.204,  0.000,  0.000
  0.021,303.188,  0.000,  0.000
  0.021,303.149,  0.000,  0.000
  0.021,303.116,  0.000,  0.000
  0.021,303.111,  0.000,  0.000
  0.021,303.111,  0.000,  0.000
  0.021,303.113,  0.000,  0.000
  0.021,303.120,  0.000,  0.000
  0.021,303.099,  0.000,  0.000
  0.021,303.071,  0.000,  0.000
  0.021,303.089,  0.000,  0.000
  0.021,303.109,  0.000,  0.000
  0.021,303.085,  0.000,  0.000
  0.021,303.094,  0.000,  0.000
  0.021,303.106,  0.000,  0.000
  0.021,303.117,  0.000,  0.000
  0.020,303.126,  0.000,  0.000
  0.020,303.137,  0.000,  0.000
  0.020,303.149,  0.000,  0.000
  0.020,303.161,  0.000,  0.000
  0.020,303.168,  0.000,  0.000
  0.020,303.173,  0.000,  0.000
  0.020,303.184,  0.000,  0.000
  0.020,303.196,  0.000,  0.000
  0.020,303.189,  0.000,  0.000
  0.021,303.164,  0.000,  0.000
  0.021,303.141,  0.000,  0.000
  0.021,303.128,  0.000,  0.000
  0.021,303.127,  0.000,  0.000
  0.021,303.131,  0.000,  0.000
  0.020,303.113,  0.000,  0.000
  0.021,303.070,  0.000,  0.000
  0.021,303.041,  0.000,  0.000
  0.021,303.042,  0.000,  0.000
  0.021,303.061,  0.000,  0.000
  0.021,303.080,  0.000,  0.000
  0.021,303.065,  0.000,  0.000
  0.021,303.085,  0.000,  0.000
  0.021,303.096,  0.000,  0.000
  0.020,303.108,  0.000,  0.000
  0.020,303.119,  0.000,  0.000
  0.020,303.126,  0.000,  0.000
  0.020,303.133,  0.000,  0.000
  0.020,303.143,  0.000,  0.000
  0.020,303.157,  0.000,  0.000
  0.020,303.171,  0.000,  0.000
  0.020,303.181,  0.000,  0.000
  0.020,303.190,  0.000,  0.000
  0.020,303.186,  0.000,  0.000
  0.020,303.149,  0.000,  0.000
  0.020,303.105,  0.000,  0.000
  0.021,303.088,  0.000,  0.000
  0.021,303.088,  0.000,  0.000
  0.021,303.093,  0.000,  0.000
  0.021,303.108,  0.000,  0.000
  0.021,303.109,  0.000,  0.000
  0.021,303.074,  0.000,  0.000
  0.021,303.032,  0.000,  0.000
  0.021,303.030,  0.000,  0.000
  0.021,303.054,  0.000,  0.000
  0.021,303.056,  0.000,  0.000
  0.021,303.020,  0.000,  0.000
  0.021,303.083,  0.000,  0.000
  0.021,303.092,  0.000,  0.000
  0.020,303.105,  0.000,  0.000
  0.020,303.117,  0.000,  0.000
  0.020,303.126,  0.000,  0.000
  0.020,303.134,  0.000,  0.000
  0.020,303.143,  0.000,  0.000
  0.020,303.156,  0.000,  0.000
  0.020,303.167,  0.000,  0.000
  0.020,303.171,  0.000,  0.000
  0.020,303.172,  0.000,  0.000
  0.020,303.159,  0.000,  0.000
  0.021,303.124,  0.000,  0.000
  0.021,303.091,  0.000,  0.000
  0.021,303.075,  0.000,  0.000
  0.021,303.070,  0.000,  0.000
  0.021,303.060,  0.000,  0.000
  0.021,303.050,  0.000,  0.000
  0.021,303.048,  0.000,  0.000
  0.021,303.040,  0.000,  0.000
  0.021,303.017,  0.000,  0.000
  0.021,303.006,  0.000,  0.000
  0.021,303.020,  0.000,  0.000
  0.021,303.037,  0.000,  0.000
  0.021,303.022,  0.000,  0.000
  0.021,303.080,  0.000,  0.000
  0.020,303.095,  0.000,  0.000
  0.020,303.107,  0.000,  0.000
  0.020,303.117,  0.000,  0.000
  0.020,303.127,  0.000,  0.000
  0.020,303.143,  0.000,  0.000
  0.020,303.155,  0.000,  0.000
  0.020,303.152,  0.000,  0.000
  0.021,303.140,  0.000,  0.000
  0.021,303.137,  0.000,  0.000
  0.021,303.146,  0.000,  0.000
  0.021,303.144,  0.000,  0.000
  0.021,303.115,  0.000,  0.000
  0.021,303.083,  0.000,  0.000
  0.021,303.075,  0.000,  0.000
  0.021,303.077,  0.000,  0.000
  0.021,303.066,  0.000,  0.000
  0.021,303.043,  0.000,  0.000
  0.021,303.016,  0.000,  0.000
  0.021,302.989,  0.000,  0.000
  0.021,302.980,  0.000,  0.000
  0.021,302.984,  0.000,  0.000
  0.021,303.005,  0.000,  0.000
  0.021,303.033,  0.000,  0.000
  0.021,303.029,  0.000,  0.000
  0.021,303.086,  0.000,  0.050
  0.020,303.103,  0.000,  0.050
  0.020,303.112,  0.000,  0.000
  0.020,303.116,  0.000,  0.000
  0.020,303.128,  0.000,  0.000
  0.020,303.147,  0.000,  0.000
  0.020,303.150,  0.000,  0.000
  0.020,303.122,  0.000,  0.000
  0.021,303.080,  0.000,  0.000
  0.021,303.057,  0.000,  0.000
  0.021,303.066,  0.000,  0.000
  0.021,303.087,  0.000,  0.000
  0.021,303.072,  0.000,  0.000
  0.021,303.041,  0.000,  0.000
  0.021,303.031,  0.000,  0.000
  0.021,303.035,  0.000,  0.000
  0.021,303.038,  0.000,  0.000
  0.021,303.035,  0.000,  0.000
  0.021,303.024,  0.000,  0.000
  0.021,302.990,  0.000,  0.000
  0.021,302.971,  0.000,  0.000
  0.021,302.986,  0.000,  0.000
  0.021,303.006,  0.000,  0.000
  0.021,303.011,  0.000,  0.000
  0.021,302.996,  0.000,  0.000
  0.020,303.089,  0.000,  0.050
  0.020,303.093,  0.000,  0.050
  0.020,303.094,  0.000,  0.000
  0.020,303.104,  0.000,  0.000
  0.020,303.128,  0.000,  0.000
  0.020,303.144,  0.000,  0.000
  0.021,303.128,  0.000,  0.000
  0.021,303.092,  0.000,  0.000
  0.021,303.048,  0.000,  0.000
  0.021,303.019,  0.000,  0.000
  0.021,302.998,  0.000,  0.000
  0.021,302.999,  0.000,  0.000
  0.021,303.012,  0.000,  0.000
  0.021,303.009,  0.000,  0.000
  0.021,302.998,  0.000,  0.000
  0.021,302.994,  0.000,  0.000
  0.021,303.004,  0.000,  0.000
  0.021,303.003,  0.000,  0.000
  0.021,302.986,  0.000,  0.000
  0.021,302.964,  0.000,  0.000
  0.021,302.964,  0.000,  0.000
  0.021,302.984,  0.000,  0.000
  0.021,303.002,  0.000,  0.000
  0.021,303.017,  0.000,  0.000
  0.021,303.011,  0.000,  0.000
  0.020,303.071,  0.000,  0.050
  0.020,303.073,  0.000,  0.050
  0.020,303.089,  0.000,  0.000
  0.020,303.113,  0.000,  0.000
  0.020,303.128,  0.000,  0.000
  0.021,303.116,  0.000,  0.000
  0.021,303.078,  0.000,  0.000
  0.021,303.051,  0.000,  0.000
  0.021,303.040,  0.000,  0.000
  0.021,303.020,  0.000,  0.000
  0.021,302.993,  0.000,  0.000
  0.021,302.979,  0.000,  0.000
  0.021,302.983,  0.000,  0.000
  0.021,302.988,  0.000,  0.000
  0.021,302.978,  0.000,  0.000
  0.021,302.968,  0.000,  0.000
  0.021,302.972,  0.000,  0.000
  0.021,302.974,  0.000,  0.000
  0.021,302.959,  0.000,  0.000
  0.021,302.940,  0.000,  0.000
  0.021,302.947,  0.000,  0.000
  0.021,302.963,  0.000,  0.000
  0.021,302.963,  0.000,  0.000
  0.021,302.959,  0.000,  0.000
  0.021,302.958,  0.000,  0.000
  0.020,303.070,  0.000,  0.050
  0.020,303.086,  0.000,  0.050
  0.021,303.099,  0.000,  0.000
  0.021,303.101,  0.000,  0.000
  0.021,303.089,  0.000,  0.000
  0.021,303.057,  0.000,  0.000
  0.021,303.015,  0.000,  0.000
  0.021,302.992,  0.000,  0.000
  0.021,302.991,  0.000,  0.000
  0.021,302.994,  0.000,  0.000
  0.021,302.993,  0.000,  0.000
  0.021,302.985,  0.000,  0.000
  0.021,302.983,  0.000,  0.000
  0.021,302.981,  0.000,  0.000
  0.021,302.968,  0.000,  0.000
  0.021,302.950,  0.000,  0.000
  0.021,302.947,  0.000,  0.000
  0.021,302.954,  0.000,  0.000
  0.021,302.949,  0.000,  0.000
  0.021,302.938,  0.000,  0.000
  0.021,302.942,  0.000,  0.000
  0.021,302.956,  0.000,  0.000
  0.021,302.965,  0.000,  0.000
  0.021,302.973,  0.000,  0.000
  0.021,302.974,  0.000,  0.000
  0.020,303.078,  0.000,  0.050
  0.021,303.075,  0.000,  0.050
  0.020,303.052,  0.000,  0.000
  0.021,303.024,  0.000,  0.000
  0.021,303.006,  0.000,  0.000
  0.021,302.995,  0.000,  0.000
  0.021,302.979,  0.000,  0.040
  0.021,302.971,  0.000,  0.040
  0.021,302.974,  0.000,  0.040
  0.021,302.960,  0.000,  0.040
  0.021,302.948,  0.000,  0.040
  0.021,302.945,  0.000,  0.040
  0.021,302.951,  0.000,  0.040
  0.021,302.951,  0.000,  0.000
  0.021,302.941,  0.000,  0.000
  0.021,302.928,  0.000,  0.000
  0.021,302.925,  0.000,  0.000
  0.021,302.923,  0.000,  0.000
  0.021,302.916,  0.000,  0.000
  0.021,302.913,  0.000,  0.000
  0.021,302.927,  0.000,  0.000
  0.021,302.954,  0.000,  0.000
  0.021,302.957,  0.000,  0.000
  0.021,302.952,  0.000,  0.000
  0.021,302.962,  0.000,  0.000
  0.020,303.065,  0.000,  0.050
  0.020,303.025,  0.000,  0.050
  0.021,302.982,  0.000,  0.000
  0.021,302.965,  0.000,  0.000
  0.021,302.964,  0.000,  0.000
  0.021,302.956,  0.000,  0.000
  0.021,302.939,  0.000,  0.040
  0.021,302.941,  0.000,  0.040
  0.021,302.951,  0.000,  0.040
  0.021,302.941,  0.000,  0.040
  0.021,302.923,  0.000,  0.040
  0.021,302.915,  0.000,  0.040
  0.021,302.916,  0.000,  0.040
  0.021,302.918,  0.000,  0.000
  0.021,302.915,  0.000,  0.000
  0.021,302.914,  0.000,  0.000
  0.021,302.924,  0.000,  0.000
  0.021,302.936,  0.000,  0.000
  0.021,302.936,  0.000,  0.000
  0.021,302.930,  0.000,  0.000
  0.021,302.928,  0.000,  0.000
  0.021,302.931,  0.000,  0.000
  0.021,302.941,  0.000,  0.000
  0.021,302.947,  0.000,  0.000
  0.021,302.945,  0.000,  0.000
  0.020,303.046,  0.000,  0.050
  0.021,303.003,  0.000,  0.050
  0.021,302.973,  0.000,  0.000
  0.021,302.975,  0.000,  0.000
  0.021,302.978,  0.000,  0.000
  0.021,302.948,  0.000,  0.000
  0.021,302.912,  0.000,  0.040
  0.021,302.901,  0.000,  0.040
  0.021,302.905,  0.000,  0.040
  0.021,302.905,  0.000,  0.040
  0.021,302.902,  0.000,  0.040
  0.021,302.910,  0.000,  0.040
  0.021,302.908,  0.000,  0.040
  0.021,302.896,  0.000,  0.000
  0.021,302.895,  0.000,  0.000
  0.021,302.897,  0.000,  0.000
  0.021,302.896,  0.000,  0.000
  0.021,302.902,  0.000,  0.000
  0.021,302.909,  0.000,  0.000
  0.021,302.923,  0.000,  0.000
  0.021,302.939,  0.000,  0.000
  0.021,302.936,  0.000,  0.000
  0.021,302.932,  0.000,  0.000
  0.021,302.931,  0.000,  0.000
  0.021,302.939,  0.000,  0.000
  0.021,303.004,  0.000,  0.050
  0.021,302.968,  0.000,  0.050
  0.021,302.948,  0.000,  0.000
  0.021,302.952,  0.000,  0.000
  0.021,302.942,  0.000,  0.000
  0.021,302.913,  0.000,  0.000
  0.021,302.902,  0.000,  0.040
  0.021,302.909,  0.000,  0.040
  0.021,302.901,  0.000,  0.040
  0.021,302.876,  0.000,  0.040
  0.021,302.853,  0.000,  0.040
  0.021,302.857,  0.000,  0.040
  0.021,302.876,  0.000,  0.040
  0.021,302.889,  0.000,  0.000
  0.021,302.890,  0.000,  0.000
  0.021,302.891,  0.000,  0.000
  0.021,302.902,  0.000,  0.000
  0.021,302.914,  0.000,  0.000
  0.021,302.916,  0.000,  0.000
  0.021,302.910,  0.000,  0.000
  0.021,302.906,  0.000,  0.000
  0.021,302.913,  0.000,  0.000
  0.021,302.921,  0.000,  0.000
  0.021,302.922,  0.000,  0.000
  0.021,302.921,  0.000,  0.000
  0.021,302.928,  0.000,  0.000
  0.021,302.883,  0.000,  0.000
  0.021,302.865,  0.000,  0.000
  0.021,302.863,  0.000,  0.000
  0.021,302.859,  0.000,  0.000
  0.021,302.852,  0.000,  0.000
  0.021,302.844,  0.000,  0.040
  0.021,302.853,  0.000,  0.040
  0.021,302.866,  0.000,  0.040
  0.021,302.869,  0.000,  0.040
  0.021,302.874,  0.000,  0.040
  0.021,302.883,  0.000,  0.040
  0.021,302.886,  0.000,  0.040
  0.021,302.877,  0.000,  0.000
  0.021,302.875,  0.000,  0.000
  0.021,302.883,  0.000,  0.000
  0.021,302.893,  0.000,  0.000
  0.021,302.887,  0.000,  0.000
  0.021,302.887,  0.000,  0.000
  0.021,302.900,  0.000,  0.000
  0.021,302.908,  0.000,  0.000
  0.021,302.910,  0.000,  0.000
  0.021,302.906,  0.000,  0.000
  0.021,302.909,  0.000,  0.000
  0.021,302.910,  0.000,  0.000
  0.021,302.885,  0.000,  0.000
  0.021,302.836,  0.000,  0.000
  0.021,302.827,  0.000,  0.000
  0.021,302.827,  0.000,  0.000
  0.021,302.833,  0.000,  0.000
  0.021,302.842,  0.000,  0.000
  0.021,302.831,  0.000,  0.040
  0.021,302.824,  0.000,  0.040
  0.021,302.824,  0.000,  0.040
  0.021,302.831,  0.000,  0.040
  0.021,302.835,  0.000,  0.040
  0.021,302.839,  0.000,  0.040
  0.021,302.855,  0.000,  0.040
  0.021,302.862,  0.000,  0.000
  0.021,302.863,  0.000,  0.000
  0.021,302.868,  0.000,  0.000
  0.021,302.876,  0.000,  0.000
  0.021,302.884,  0.000,  0.000
  0.021,302.890,  0.000,  0.000
  0.021,302.890,  0.000,  0.000
  0.021,302.886,  0.000,  0.000
  0.021,302.890,  0.000,  0.000
  0.021,302.897,  0.000,  0.000
  0.021,302.901,  0.000,  0.000
  0.021,302.903,  0.000,  0.000
