  0.020,301.877,  0.000,  0.000
  0.020,301.878,  0.000,  0.000
  0.020,301.872,  0.000,  0.000
  0.020,301.869,  0.000,  0.000
  0.020,301.876,  0.000,  0.000
  0.020,301.883,  0.000,  0.000
  0.020,301.889,  0.000,  0.000
  0.020,301.887,  0.000,  0.000
  0.020,301.882,  0.000,  0.000
  0.020,301.885,  0.000,  0.000
  0.020,301.900,  0.000,  0.000
  0.020,301.918,  0.000,  0.000
  0.020,301.917,  0.000,  0.000
  0.020,301.907,  0.000,  0.000
  0.020,301.907,  0.000,  0.000
  0.020,301.905,  0.000,  0.000
  0.020,301.915,  0.000,  0.000
  0.020,301.920,  0.000,  0.000
  0.020,301.767,  0.000,  0.000
  0.020,301.475,  0.000,  0.000
  0.021,301.610,  0.000,  0.000
  0.021,301.915,  0.000,  0.000
  0.020,301.987,  0.000,  0.000
  0.021,302.063,  0.000,  0.000
  0.020,301.957,  0.000,  0.000
  0.020,301.866,  0.000,  0.000
  0.020,301.858,  0.000,  0.000
  0.020,301.857,  0.000,  0.000
  0.020,301.867,  0.000,  0.000
  0.020,301.883,  0.000,  0.000
  0.020,301.894,  0.000,  0.000
  0.020,301.895,  0.000,  0.000
  0.020,301.887,  0.000,  0.000
  0.020,301.877,  0.000,  0.000
  0.020,301.886,  0.000,  0.000
  0.020,301.914,  0.000,  0.000
  0.020,301.929,  0.000,  0.000
  0.020,301.914,  0.000,  0.000
  0.020,301.887,  0.000,  0.000
  0.020,301.869,  0.000,  0.000
  0.020,301.871,  0.000,  0.000
  0.020,301.896,  0.000,  0.000
  0.020,301.924,  0.000,  0.000
  0.020,301.891,  0.000,  0.000
  0.020,301.810,  0.000,  0.000
  0.021,301.857,  0.000,  0.000
  0.021,301.980,  0.000,  0.000
  0.020,301.976,  0.000,  0.000
  0.021,302.074,  0.000,  0.000
  0.020,301.972,  0.000,  0.000
  0.020,301.881,  0.000,  0.000
  0.020,301.869,  0.000,  0.000
  0.020,301.864,  0.000,  0.000
  0.020,301.873,  0.000,  0.000
  0.020,301.891,  0.000,  0.000
  0.020,301.906,  0.000,  0.000
  0.020,301.903,  0.000,  0.000
  0.020,301.886,  0.000,  0.000
  0.020,301.868,  0.000,  0.000
  0.020,301.869,  0.000,  0.000
  0.020,301.897,  0.000,  0.000
  0.020,301.927,  0.000,  0.000
  0.020,301.917,  0.000,  0.000
  0.020,301.881,  0.000,  0.000
  0.020,301.857,  0.000,  0.000
  0.020,301.862,  0.000,  0.000
  0.020,301.885,  0.000,  0.000
  0.020,301.914,  0.000,  0.000
  0.020,301.944,  0.000,  0.000
  0.020,301.958,  0.000,  0.000
  0.020,301.956,  0.000,  0.000
  0.021,302.035,  0.000,  0.000
  0.021,302.039,  0.000,  0.000
  0.020,301.966,  0.000,  0.000
  0.020,301.990,  0.000,  0.000
  0.020,301.906,  0.000,  0.000
  0.020,301.899,  0.000,  0.000
  0.020,301.891,  0.000,  0.000
  0.020,301.905,  0.000,  0.000
  0.020,301.919,  0.000,  0.000
  0.020,301.933,  0.000,  0.000
  0.020,301.915,  0.000,  0.000
  0.020,301.883,  0.000,  0.000
  0.020,301.867,  0.000,  0.000
  0.020,301.867,  0.000,  0.000
  0.020,301.882,  0.000,  0.000
  0.020,301.914,  0.000,  0.000
  0.020,301.924,  0.000,  0.000
  0.020,301.898,  0.000,  0.000
  0.020,301.866,  0.000,  0.000
  0.020,301.861,  0.000,  0.000
  0.020,301.873,  0.000,  0.000
  0.020,301.902,  0.000,  0.000
  0.020,301.916,  0.000,  0.000
  0.020,301.898,  0.000,  0.000
  0.020,301.896,  0.000,  0.000
  0.020,301.915,  0.000,  0.000
  0.020,301.936,  0.000,  0.000
  0.020,301.980,  0.000,  0.000
  0.020,302.010,  0.000,  0.000
  0.020,301.932,  0.000,  0.000
  0.020,301.932,  0.000,  0.000
  0.020,301.950,  0.000,  0.000
  0.020,301.986,  0.000,  0.000
  0.020,301.976,  0.000,  0.000
  0.020,301.974,  0.000,  0.000
  0.020,301.933,  0.000,  0.000
  0.020,301.890,  0.000,  0.000
  0.020,301.874,  0.000,  0.000
  0.020,301.877,  0.000,  0.000
  0.020,301.883,  0.000,  0.000
  0.020,301.908,  0.000,  0.000
  0.020,301.926,  0.000,  0.000
  0.020,301.913,  0.000,  0.000
  0.020,301.882,  0.000,  0.000
  0.020,301.874,  0.000,  0.000
  0.020,301.882,  0.000,  0.000
  0.020,301.891,  0.000,  0.000
  0.020,301.899,  0.000,  0.000
  0.020,301.889,  0.000,  0.000
  0.020,301.883,  0.000,  0.000
  0.020,301.900,  0.000,  0.000
  0.020,301.912,  0.000,  0.000
  0.020,301.943,  0.000,  0.000
  0.020,301.988,  0.000,  0.000
  0.020,301.951,  0.000,  0.000
  0.020,301.949,  0.000,  0.000
  0.020,301.975,  0.000,  0.000
  0.019,302.015,  0.000,  0.000
  0.020,302.033,  0.000,  0.000
  0.020,301.995,  0.000,  0.000
  0.020,301.944,  0.000,  0.000
  0.020,301.912,  0.000,  0.000
  0.020,301.893,  0.000,  0.000
  0.020,301.890,  0.000,  0.000
  0.020,301.886,  0.000,  0.000
  0.020,301.900,  0.000,  0.000
  0.020,301.919,  0.000,  0.000
  0.020,301.918,  0.000,  0.000
  0.020,301.900,  0.000,  0.000
  0.020,301.886,  0.000,  0.000
  0.020,301.889,  0.000,  0.000
  0.020,301.901,  0.000,  0.000
  0.020,301.911,  0.000,  0.000
  0.020,301.919,  0.000,  0.000
  0.020,301.915,  0.000,  0.000
  0.020,301.904,  0.000,  0.000
  0.020,301.902,  0.000,  0.000
  0.020,301.928,  0.000,  0.000
  0.020,301.946,  0.000,  0.000
  0.020,301.954,  0.000,  0.000
  0.020,301.954,  0.000,  0.000
  0.020,301.983,  0.000,  0.000
  0.020,302.011,  0.000,  0.000
  0.020,302.004,  0.000,  0.000
  0.020,301.968,  0.000,  0.000
  0.020,301.933,  0.000,  0.000
  0.020,301.924,  0.000,  0.000
  0.020,301.920,  0.000,  0.000
  0.020,301.907,  0.000,  0.000
  0.020,301.890,  0.000,  0.000
  0.020,301.892,  0.000,  0.000
  0.020,301.911,  0.000,  0.000
  0.020,301.921,  0.000,  0.000
  0.020,301.909,  0.000,  0.000
  0.020,301.893,  0.000,  0.000
  0.020,301.894,  0.000,  0.000
  0.020,301.911,  0.000,  0.000
  0.020,301.926,  0.000,  0.000
  0.020,301.929,  0.000,  0.000
  0.020,301.920,  0.000,  0.000
  0.020,301.913,  0.000,  0.000
  0.020,301.907,  0.000,  0.000
  0.020,301.903,  0.000,  0.000
  0.020,301.888,  0.000,  0.000
  0.020,301.955,  0.000,  0.000
  0.020,301.958,  0.000,  0.000
  0.020,301.973,  0.000,  0.000
  0.020,301.973,  0.000,  0.000
  0.020,301.950,  0.000,  0.000
  0.020,301.926,  0.000,  0.000
  0.020,301.911,  0.000,  0.000
  0.020,301.922,  0.000,  0.000
  0.020,301.941,  0.000,  0.000
  0.020,301.932,  0.000,  0.000
  0.020,301.906,  0.000,  0.000
  0.020,301.893,  0.000,  0.000
  0.020,301.897,  0.000,  0.000
  0.020,301.906,  0.000,  0.000
  0.020,301.905,  0.000,  0.000
  0.020,301.898,  0.000,  0.000
  0.020,301.898,  0.000,  0.000
  0.020,301.908,  0.000,  0.000
  0.020,301.921,  0.000,  0.000
  0.020,301.926,  0.000,  0.000
  0.020,301.919,  0.000,  0.000
  0.020,301.913,  0.000,  0.000
  0.020,301.906,  0.000,  0.000
  0.020,301.897,  0.000,  0.000
  0.020,301.882,  0.000,  0.000
  0.020,301.968,  0.000,  0.000
  0.020,301.966,  0.000,  0.000
  0.020,301.974,  0.000,  0.000
  0.020,301.978,  0.000,  0.000
  0.020,301.967,  0.000,  0.000
  0.020,301.942,  0.000,  0.000
  0.020,301.913,  0.000,  0.000
  0.020,301.926,  0.000,  0.000
  0.020,301.950,  0.000,  0.000
  0.020,301.957,  0.000,  0.000
  0.020,301.935,  0.000,  0.000
  0.020,301.909,  0.000,  0.000
  0.020,301.894,  0.000,  0.000
  0.020,301.895,  0.000,  0.000
  0.020,301.900,  0.000,  0.000
  0.020,301.903,  0.000,  0.000
  0.020,301.903,  0.000,  0.000
  0.020,301.903,  0.000,  0.000
  0.020,301.910,  0.000,  0.000
  0.020,301.916,  0.000,  0.000
  0.020,301.916,  0.000,  0.000
  0.020,301.912,  0.000,  0.000
  0.020,301.904,  0.000,  0.000
  0.020,301.904,  0.000,  0.000
  0.020,301.901,  0.000,  0.000
  0.020,302.003,  0.000,  0.000
  0.020,301.983,  0.000,  0.000
  0.020,301.988,  0.000,  0.000
  0.020,302.008,  0.000,  0.000
  0.020,302.015,  0.000,  0.000
  0.020,301.999,  0.000,  0.000
  0.020,301.969,  0.000,  0.000
  0.020,301.951,  0.000,  0.000
  0.020,301.949,  0.000,  0.000
  0.020,301.970,  0.000,  0.000
  0.020,301.959,  0.000,  0.000
  0.020,301.930,  0.000,  0.000
  0.020,301.910,  0.000,  0.000
  0.020,301.903,  0.000,  0.000
  0.020,301.905,  0.000,  0.000
  0.020,301.908,  0.000,  0.000
  0.020,301.903,  0.000,  0.000
  0.020,301.898,  0.000,  0.000
  0.020,301.901,  0.000,  0.000
  0.020,301.906,  0.000,  0.000
  0.020,301.906,  0.000,  0.000
  0.020,301.906,  0.000,  0.000
  0.020,301.902,  0.000,  0.000
  0.020,301.901,  0.000,  0.000
  0.020,301.897,  0.000,  0.000
  0.020,302.045,  0.000,  0.000
  0.020,302.006,  0.000,  0.000
  0.020,301.992,  0.000,  0.000
  0.020,302.001,  0.000,  0.000
  0.020,302.018,  0.000,  0.000
  0.020,302.029,  0.000,  0.000
  0.020,302.022,  0.000,  0.000
  0.020,301.994,  0.000,  0.000
  0.020,301.969,  0.000,  0.000
  0.020,301.974,  0.000,  0.000
  0.020,301.970,  0.000,  0.000
  0.020,301.959,  0.000,  0.000
  0.020,301.943,  0.000,  0.000
  0.020,301.929,  0.000,  0.000
  0.020,301.923,  0.000,  0.000
  0.020,301.915,  0.000,  0.000
  0.020,301.902,  0.000,  0.000
  0.020,301.895,  0.000,  0.000
  0.020,301.896,  0.000,  0.000
  0.020,301.895,  0.000,  0.000
  0.020,301.898,  0.000,  0.000
  0.020,301.904,  0.000,  0.000
  0.020,301.906,  0.000,  0.000
  0.020,301.898,  0.000,  0.000
  0.020,301.883,  0.000,  0.000
  0.020,302.054,  0.000,  0.000
  0.020,302.017,  0.000,  0.000
  0.020,301.984,  0.000,  0.000
  0.020,301.979,  0.000,  0.000
  0.020,301.997,  0.000,  0.000
  0.020,302.021,  0.000,  0.000
  0.020,302.030,  0.000,  0.000
  0.020,302.019,  0.000,  0.000
  0.020,301.989,  0.000,  0.000
  0.020,301.982,  0.000,  0.000
  0.020,301.962,  0.000,  0.000
  0.020,301.978,  0.000,  0.000
  0.020,301.972,  0.000,  0.000
  0.020,301.955,  0.000,  0.000
  0.020,301.940,  0.000,  0.000
  0.020,301.918,  0.000,  0.000
  0.020,301.898,  0.000,  0.000
  0.020,301.892,  0.000,  0.000
  0.020,301.887,  0.000,  0.000
  0.020,301.887,  0.000,  0.000
  0.020,301.896,  0.000,  0.000
  0.020,301.905,  0.000,  0.000
  0.020,301.900,  0.000,  0.000
  0.020,301.893,  0.000,  0.000
  0.020,301.891,  0.000,  0.000
  0.020,302.017,  0.000,  0.000
  0.020,302.036,  0.000,  0.000
  0.020,301.985,  0.000,  0.000
  0.020,301.975,  0.000,  0.000
  0.020,301.992,  0.000,  0.000
  0.020,302.007,  0.000,  0.000
  0.020,302.011,  0.000,  0.000
  0.020,302.014,  0.000,  0.000
  0.020,302.014,  0.000,  0.000
  0.020,301.995,  0.000,  0.000
  0.020,301.963,  0.000,  0.000
  0.020,301.982,  0.000,  0.000
  0.020,301.990,  0.000,  0.000
  0.020,301.977,  0.000,  0.000
  0.020,301.948,  0.000,  0.000
  0.020,301.916,  0.000,  0.000
  0.020,301.907,  0.000,  0.000
  0.020,301.894,  0.000,  0.000
  0.020,301.888,  0.000,  0.000
  0.020,301.892,  0.000,  0.000
  0.020,301.900,  0.000,  0.000
  0.020,301.902,  0.000,  0.000
  0.020,301.897,  0.000,  0.000
  0.020,301.894,  0.000,  0.000
  0.020,301.898,  0.000,  0.000
  0.020,302.039,  0.000,  0.000
  0.020,302.062,  0.000,  0.000
  0.020,302.008,  0.000,  0.000
  0.020,301.996,  0.000,  0.000
  0.020,302.000,  0.000,  0.000
  0.020,301.996,  0.000,  0.000
  0.020,301.993,  0.000,  0.000
  0.019,302.003,  0.000,  0.000
  0.019,302.004,  0.000,  0.000
  0.020,301.996,  0.000,  0.000
  0.020,301.976,  0.000,  0.000
  0.020,301.968,  0.000,  0.000
  0.020,301.975,  0.000,  0.000
  0.020,301.980,  0.000,  0.000
  0.020,301.949,  0.000,  0.000
  0.020,301.930,  0.000,  0.000
  0.020,301.921,  0.000,  0.000
  0.020,301.906,  0.000,  0.000
  0.020,301.903,  0.000,  0.000
  0.020,301.904,  0.000,  0.000
  0.020,301.899,  0.000,  0.000
  0.020,301.894,  0.000,  0.000
  0.020,301.900,  0.000,  0.000
  0.020,301.903,  0.000,  0.000
  0.020,301.908,  0.000,  0.000
  0.019,302.019,  0.000,  0.000
  0.019,302.028,  0.000,  0.000
  0.020,302.042,  0.000,  0.000
  0.020,302.005,  0.000,  0.000
  0.020,302.014,  0.000,  0.000
  0.020,301.994,  0.000,  0.000
  0.019,301.989,  0.000,  0.000
  0.020,301.997,  0.000,  0.000
  0.020,301.985,  0.000,  0.000
  0.020,301.976,  0.000,  0.000
  0.020,301.977,  0.000,  0.000
  0.020,301.970,  0.000,  0.000
  0.020,301.950,  0.000,  0.000
  0.020,301.963,  0.000,  0.000
  0.020,301.961,  0.000,  0.000
  0.019,301.956,  0.000,  0.000
  0.020,301.939,  0.000,  0.000
  0.020,301.914,  0.000,  0.000
  0.020,301.910,  0.000,  0.000
  0.020,301.911,  0.000,  0.000
  0.020,301.906,  0.000,  0.000
  0.020,301.904,  0.000,  0.000
  0.020,301.908,  0.000,  0.000
  0.020,301.911,  0.000,  0.000
  0.020,301.909,  0.000,  0.000
