  0.016,299.194,  0.000,  0.000
  0.016,299.179,  0.000,  0.000
  0.016,299.116,  0.000,  0.000
  0.016,299.055,  0.000,  0.000
  0.016,299.035,  0.000,  0.000
  0.017,299.044,  0.000,  0.000
  0.017,299.033,  0.000,  0.000
  0.016,298.994,  0.000,  0.000
  0.016,298.978,  0.000,  0.000
  0.016,298.993,  0.000,  0.000
  0.017,299.002,  0.000,  0.000
  0.017,299.006,  0.000,  0.000
  0.017,299.007,  0.000,  0.000
  0.017,299.012,  0.000,  0.000
  0.017,299.020,  0.000,  0.000
  0.017,299.023,  0.000,  0.000
  0.017,299.029,  0.000,  0.000
  0.017,299.046,  0.000,  0.000
  0.016,299.070,  0.000,  0.000
  0.016,299.090,  0.000,  0.000
  0.016,299.099,  0.000,  0.000
  0.016,299.092,  0.000,  0.000
  0.017,299.080,  0.000,  0.000
  0.017,299.095,  0.000,  0.000
  0.017,299.104,  0.000,  0.000
  0.016,299.235,  0.000,  0.000
  0.016,299.167,  0.000,  0.000
  0.016,299.104,  0.000,  0.000
  0.016,299.098,  0.000,  0.000
  0.017,299.104,  0.000,  0.000
  0.016,299.092,  0.000,  0.000
  0.016,299.049,  0.000,  0.000
  0.017,299.011,  0.000,  0.000
  0.017,299.017,  0.000,  0.000
  0.017,299.029,  0.000,  0.000
  0.017,299.034,  0.000,  0.000
  0.017,299.037,  0.000,  0.000
  0.017,299.037,  0.000,  0.000
  0.017,299.038,  0.000,  0.000
  0.017,299.045,  0.000,  0.000
  0.017,299.051,  0.000,  0.000
  0.017,299.055,  0.000,  0.000
  0.017,299.068,  0.000,  0.000
  0.016,299.090,  0.000,  0.000
  0.016,299.114,  0.000,  0.000
  0.016,299.125,  0.000,  0.000
  0.017,299.115,  0.000,  0.000
  0.017,299.098,  0.000,  0.000
  0.017,299.114,  0.000,  0.000
  0.017,299.130,  0.000,  0.000
  0.016,299.250,  0.000,  0.000
  0.016,299.146,  0.000,  0.000
  0.016,299.090,  0.000,  0.000
  0.017,299.127,  0.000,  0.000
  0.017,299.161,  0.000,  0.000
  0.016,299.123,  0.000,  0.000
  0.016,299.059,  0.000,  0.000
  0.017,299.040,  0.000,  0.000
  0.017,299.058,  0.000,  0.000
  0.017,299.064,  0.000,  0.000
  0.017,299.066,  0.000,  0.000
  0.017,299.068,  0.000,  0.000
  0.017,299.066,  0.000,  0.000
  0.017,299.065,  0.000,  0.000
  0.017,299.067,  0.000,  0.000
  0.017,299.076,  0.000,  0.000
  0.017,299.084,  0.000,  0.000
  0.017,299.094,  0.000,  0.000
  0.016,299.113,  0.000,  0.000
  0.016,299.131,  0.000,  0.000
  0.016,299.138,  0.000,  0.000
  0.017,299.131,  0.000,  0.000
  0.017,299.124,  0.000,  0.000
  0.017,299.144,  0.000,  0.000
  0.017,299.157,  0.000,  0.000
  0.016,299.246,  0.000,  0.000
  0.016,299.139,  0.000,  0.000
  0.016,299.101,  0.000,  0.000
  0.017,299.162,  0.000,  0.000
  0.017,299.202,  0.000,  0.000
  0.016,299.145,  0.000,  0.000
  0.016,299.080,  0.000,  0.000
  0.017,299.079,  0.000,  0.000
  0.017,299.099,  0.000,  0.000
  0.017,299.099,  0.000,  0.000
  0.017,299.097,  0.000,  0.000
  0.017,299.099,  0.000,  0.000
  0.017,299.096,  0.000,  0.000
  0.017,299.092,  0.000,  0.000
  0.017,299.090,  0.000,  0.000
  0.017,299.099,  0.000,  0.000
  0.017,299.113,  0.000,  0.000
  0.017,299.127,  0.000,  0.000
  0.017,299.140,  0.000,  0.000
  0.016,299.147,  0.000,  0.000
  0.017,299.144,  0.000,  0.000
  0.017,299.140,  0.000,  0.000
  0.017,299.150,  0.000,  0.000
  0.017,299.179,  0.000,  0.000
  0.017,299.183,  0.000,  0.000
  0.016,299.233,  0.000,  0.000
  0.016,299.160,  0.000,  0.000
  0.016,299.149,  0.000,  0.000
  0.017,299.206,  0.000,  0.000
  0.017,299.228,  0.000,  0.000
  0.017,299.166,  0.000,  0.000
  0.016,299.111,  0.000,  0.000
  0.017,299.120,  0.000,  0.000
  0.017,299.136,  0.000,  0.000
  0.017,299.135,  0.000,  0.000
  0.017,299.133,  0.000,  0.000
  0.017,299.130,  0.000,  0.000
  0.017,299.126,  0.000,  0.000
  0.017,299.120,  0.000,  0.000
  0.017,299.116,  0.000,  0.000
  0.017,299.122,  0.000,  0.000
  0.017,299.140,  0.000,  0.000
  0.017,299.156,  0.000,  0.000
  0.017,299.168,  0.000,  0.000
  0.017,299.168,  0.000,  0.000
  0.017,299.160,  0.000,  0.000
  0.017,299.162,  0.000,  0.000
  0.017,299.181,  0.000,  0.000
  0.017,299.208,  0.000,  0.000
  0.017,299.208,  0.000,  0.000
  0.016,299.213,  0.000,  0.000
  0.016,299.197,  0.000,  0.000
  0.016,299.217,  0.000,  0.000
  0.016,299.240,  0.000,  0.000
  0.017,299.229,  0.000,  0.000
  0.017,299.182,  0.000,  0.000
  0.017,299.151,  0.000,  0.000
  0.017,299.154,  0.000,  0.000
  0.017,299.166,  0.000,  0.000
  0.016,299.170,  0.000,  0.000
  0.017,299.171,  0.000,  0.000
  0.017,299.163,  0.000,  0.000
  0.017,299.152,  0.000,  0.000
  0.017,299.146,  0.000,  0.000
  0.017,299.143,  0.000,  0.000
  0.017,299.148,  0.000,  0.000
  0.017,299.163,  0.000,  0.000
  0.017,299.182,  0.000,  0.000
  0.017,299.193,  0.000,  0.000
  0.017,299.193,  0.000,  0.000
  0.017,299.195,  0.000,  0.000
  0.017,299.206,  0.000,  0.000
  0.017,299.218,  0.000,  0.000
  0.017,299.230,  0.000,  0.000
  0.017,299.234,  0.000,  0.000
  0.016,299.202,  0.000,  0.000
  0.016,299.232,  0.000,  0.000
  0.016,299.272,  0.000,  0.000
  0.016,299.250,  0.000,  0.000
  0.017,299.208,  0.000,  0.000
  0.017,299.201,  0.000,  0.000
  0.017,299.195,  0.000,  0.000
  0.017,299.185,  0.000,  0.000
  0.017,299.192,  0.000,  0.000
  0.017,299.200,  0.000,  0.000
  0.016,299.201,  0.000,  0.000
  0.017,299.192,  0.000,  0.000
  0.017,299.175,  0.000,  0.000
  0.017,299.167,  0.000,  0.000
  0.017,299.168,  0.000,  0.000
  0.017,299.175,  0.000,  0.000
  0.017,299.188,  0.000,  0.000
  0.017,299.204,  0.000,  0.000
  0.017,299.212,  0.000,  0.000
  0.017,299.215,  0.000,  0.000
  0.017,299.232,  0.000,  0.000
  0.017,299.255,  0.000,  0.000
  0.017,299.255,  0.000,  0.000
  0.017,299.253,  0.000,  0.000
  0.017,299.268,  0.000,  0.000
  0.016,299.214,  0.000,  0.000
  0.017,299.269,  0.000,  0.000
  0.017,299.313,  0.000,  0.000
  0.016,299.262,  0.000,  0.000
  0.017,299.208,  0.000,  0.000
  0.017,299.228,  0.000,  0.000
  0.017,299.239,  0.000,  0.000
  0.017,299.222,  0.000,  0.000
  0.017,299.219,  0.000,  0.000
  0.017,299.226,  0.000,  0.000
  0.016,299.224,  0.000,  0.000
  0.017,299.213,  0.000,  0.000
  0.017,299.195,  0.000,  0.000
  0.017,299.186,  0.000,  0.000
  0.017,299.192,  0.000,  0.000
  0.017,299.203,  0.000,  0.000
  0.017,299.217,  0.000,  0.000
  0.017,299.226,  0.000,  0.000
  0.017,299.224,  0.000,  0.000
  0.017,299.228,  0.000,  0.000
  0.017,299.263,  0.000,  0.000
  0.017,299.297,  0.000,  0.000
  0.017,299.288,  0.000,  0.000
  0.017,299.275,  0.000,  0.000
  0.017,299.295,  0.000,  0.000
  0.016,299.263,  0.000,  0.000
  0.017,299.311,  0.000,  0.000
  0.017,299.345,  0.000,  0.000
  0.016,299.292,  0.000,  0.000
  0.016,299.244,  0.000,  0.000
  0.017,299.265,  0.000,  0.000
  0.017,299.280,  0.000,  0.000
  0.017,299.265,  0.000,  0.000
  0.017,299.254,  0.000,  0.000
  0.017,299.252,  0.000,  0.000
  0.017,299.245,  0.000,  0.000
  0.017,299.232,  0.000,  0.000
  0.017,299.218,  0.000,  0.000
  0.017,299.209,  0.000,  0.000
  0.017,299.214,  0.000,  0.000
  0.017,299.230,  0.000,  0.000
  0.017,299.246,  0.000,  0.000
  0.017,299.250,  0.000,  0.000
  0.017,299.242,  0.000,  0.000
  0.017,299.256,  0.000,  0.000
  0.017,299.302,  0.000,  0.000
  0.017,299.333,  0.000,  0.000
  0.017,299.316,  0.000,  0.000
  0.017,299.292,  0.000,  0.000
  0.017,299.313,  0.000,  0.000
  0.016,299.329,  0.000,  0.000
  0.017,299.355,  0.000,  0.000
  0.017,299.363,  0.000,  0.000
  0.016,299.321,  0.000,  0.000
  0.016,299.290,  0.000,  0.000
  0.017,299.305,  0.000,  0.000
  0.017,299.313,  0.000,  0.000
  0.017,299.304,  0.000,  0.000
  0.017,299.293,  0.000,  0.000
  0.017,299.282,  0.000,  0.000
  0.017,299.268,  0.000,  0.000
  0.017,299.253,  0.000,  0.000
  0.017,299.243,  0.000,  0.000
  0.017,299.237,  0.000,  0.000
  0.017,299.239,  0.000,  0.000
  0.017,299.254,  0.000,  0.000
  0.017,299.271,  0.000,  0.000
  0.017,299.272,  0.000,  0.000
  0.017,299.275,  0.000,  0.000
  0.017,299.304,  0.000,  0.000
  0.017,299.345,  0.000,  0.000
  0.017,299.361,  0.000,  0.000
  0.017,299.341,  0.000,  0.000
  0.017,299.320,  0.000,  0.000
  0.017,299.342,  0.000,  0.000
  0.016,299.386,  0.000,  0.000
  0.016,299.382,  0.000,  0.000
  0.017,299.357,  0.000,  0.000
  0.017,299.331,  0.000,  0.000
  0.016,299.328,  0.000,  0.000
  0.016,299.336,  0.000,  0.000
  0.017,299.339,  0.000,  0.000
  0.017,299.335,  0.000,  0.000
  0.017,299.327,  0.000,  0.000
  0.017,299.312,  0.000,  0.000
  0.017,299.290,  0.000,  0.000
  0.017,299.273,  0.000,  0.000
  0.017,299.268,  0.000,  0.000
  0.017,299.267,  0.000,  0.000
  0.017,299.267,  0.000,  0.000
  0.017,299.279,  0.000,  0.000
  0.017,299.294,  0.000,  0.000
  0.017,299.299,  0.000,  0.000
  0.017,299.318,  0.000,  0.000
  0.017,299.355,  0.000,  0.000
  0.017,299.381,  0.000,  0.000
  0.017,299.379,  0.000,  0.000
  0.017,299.362,  0.000,  0.000
  0.017,299.358,  0.000,  0.000
  0.017,299.380,  0.000,  0.000
  0.016,299.426,  0.000,  0.000
  0.016,299.396,  0.000,  0.000
  0.017,299.352,  0.000,  0.000
  0.017,299.346,  0.000,  0.000
  0.017,299.359,  0.000,  0.000
  0.017,299.358,  0.000,  0.000
  0.017,299.359,  0.000,  0.000
  0.017,299.364,  0.000,  0.000
  0.017,299.359,  0.000,  0.000
  0.017,299.339,  0.000,  0.000
  0.017,299.313,  0.000,  0.000
  0.017,299.294,  0.000,  0.000
  0.017,299.291,  0.000,  0.000
  0.017,299.291,  0.000,  0.000
  0.017,299.292,  0.000,  0.000
  0.017,299.301,  0.000,  0.000
  0.017,299.312,  0.000,  0.000
  0.017,299.326,  0.000,  0.000
  0.017,299.354,  0.000,  0.000
  0.017,299.388,  0.000,  0.000
  0.017,299.400,  0.000,  0.000
  0.017,299.391,  0.000,  0.000
  0.017,299.376,  0.000,  0.000
  0.017,299.387,  0.000,  0.000
  0.017,299.412,  0.000,  0.000
  0.017,299.454,  0.000,  0.000
  0.016,299.415,  0.000,  0.000
  0.016,299.372,  0.000,  0.000
  0.017,299.376,  0.000,  0.000
  0.017,299.389,  0.000,  0.000
  0.017,299.382,  0.000,  0.000
  0.017,299.382,  0.000,  0.000
  0.017,299.388,  0.000,  0.000
  0.017,299.383,  0.000,  0.000
  0.017,299.365,  0.000,  0.000
  0.017,299.336,  0.000,  0.000
  0.017,299.318,  0.000,  0.000
  0.017,299.311,  0.000,  0.000
  0.017,299.309,  0.000,  0.000
  0.017,299.314,  0.000,  0.000
  0.017,299.323,  0.000,  0.000
  0.017,299.336,  0.000,  0.000
  0.017,299.355,  0.000,  0.000
  0.017,299.382,  0.000,  0.000
  0.017,299.405,  0.000,  0.000
  0.017,299.418,  0.000,  0.000
  0.017,299.415,  0.000,  0.000
  0.017,299.404,  0.000,  0.000
  0.017,299.415,  0.000,  0.000
  0.017,299.435,  0.000,  0.000
  0.017,299.475,  0.000,  0.000
  0.016,299.444,  0.000,  0.000
  0.016,299.412,  0.000,  0.000
  0.017,299.414,  0.000,  0.000
  0.017,299.416,  0.000,  0.000
  0.017,299.406,  0.000,  0.000
  0.017,299.406,  0.000,  0.000
  0.017,299.412,  0.000,  0.000
  0.017,299.405,  0.000,  0.000
  0.017,299.384,  0.000,  0.000
  0.017,299.356,  0.000,  0.000
  0.017,299.337,  0.000,  0.000
  0.017,299.330,  0.000,  0.000
  0.017,299.330,  0.000,  0.000
  0.017,299.338,  0.000,  0.000
  0.017,299.347,  0.000,  0.000
  0.017,299.361,  0.000,  0.000
  0.017,299.387,  0.000,  0.000
  0.017,299.407,  0.000,  0.000
  0.017,299.417,  0.000,  0.000
  0.017,299.439,  0.000,  0.000
  0.017,299.451,  0.000,  0.000
  0.017,299.446,  0.000,  0.000
  0.017,299.447,  0.000,  0.000
  0.017,299.453,  0.000,  0.000
  0.017,299.491,  0.000,  0.000
  0.017,299.473,  0.000,  0.000
  0.017,299.455,  0.000,  0.000
  0.017,299.449,  0.000,  0.000
  0.017,299.441,  0.000,  0.000
  0.017,299.434,  0.000,  0.000
  0.017,299.444,  0.000,  0.000
  0.017,299.453,  0.000,  0.000
  0.017,299.436,  0.000,  0.000
  0.017,299.400,  0.000,  0.000
  0.017,299.364,  0.000,  0.000
  0.017,299.356,  0.000,  0.000
  0.017,299.353,  0.000,  0.000
  0.017,299.358,  0.000,  0.000
  0.017,299.365,  0.000,  0.000
  0.017,299.372,  0.000,  0.000
  0.017,299.394,  0.000,  0.000
  0.017,299.423,  0.000,  0.000
  0.017,299.430,  0.000,  0.000
  0.017,299.434,  0.000,  0.000
  0.017,299.456,  0.000,  0.000
  0.017,299.473,  0.000,  0.000
  0.017,299.473,  0.000,  0.000
  0.017,299.469,  0.000,  0.000
  0.017,299.467,  0.000,  0.000
