  0.020,300.618, 10.051,  0.000
  0.020,300.594,  8.646,  0.000
  0.020,300.570,  7.397,  1.200
  0.020,300.567,  6.452,  1.200
  0.020,300.579,  5.406,  1.200
  0.020,300.592,  4.314,  1.200
  0.020,300.597,  3.530,  1.510
  0.019,300.600,  3.026,  1.510
  0.019,300.612,  2.268,  1.510
  0.019,300.614,  1.595,  2.520
  0.020,300.608,  1.102,  2.520
  0.020,300.615,  0.656,  2.520
  0.020,300.613,  0.464,  2.520
  0.020,300.614,  0.302,  2.410
  0.020,300.631,  0.181,  2.410
  0.020,300.654,  0.104,  2.410
  0.020,300.679,  0.065,  2.340
  0.019,300.719,  0.040,  2.340
  0.019,300.741,  0.027,  2.340
  0.020,300.707,  0.028,  2.340
  0.020,300.666,  0.024,  0.850
  0.020,300.679,  0.012,  0.850
  0.020,300.688,  0.004,  0.850
  0.020,300.704,  0.002,  0.000
  0.020,300.703,  0.001,  0.000
  0.020,300.625,  9.134,  0.000
  0.020,300.599,  8.024,  0.000
  0.020,300.577,  6.967,  0.000
  0.020,300.575,  6.103,  0.000
  0.020,300.586,  5.375,  0.000
  0.020,300.599,  4.388,  0.000
  0.020,300.612,  3.905,  2.400
  0.019,300.619,  4.116,  2.400
  0.019,300.627,  4.249,  2.400
  0.019,300.626,  3.128,  5.420
  0.020,300.622,  2.850,  5.420
  0.020,300.629,  4.283,  5.420
  0.020,300.623,  2.968,  5.420
  0.020,300.629,  1.356,  6.270
  0.020,300.652,  0.587,  6.270
  0.020,300.665,  0.287,  6.270
  0.020,300.676,  0.173,  3.470
  0.019,300.723,  0.092,  3.470
  0.020,300.761,  0.042,  3.470
  0.020,300.735,  0.029,  3.470
  0.019,300.697,  0.024,  2.970
  0.019,300.711,  0.015,  2.970
  0.020,300.711,  0.007,  2.970
  0.020,300.718,  0.004,  2.120
  0.020,300.700,  0.003,  2.120
  0.020,300.643,  7.202,  0.000
  0.020,300.625,  6.517,  0.000
  0.020,300.600,  5.846,  0.000
  0.020,300.586,  4.865,  0.000
  0.020,300.588,  4.278,  0.000
  0.020,300.600,  3.780,  0.000
  0.019,300.617,  3.509,  2.400
  0.019,300.640,  3.157,  2.400
  0.019,300.653,  4.316,  2.400
  0.019,300.649,  6.295,  5.420
  0.020,300.638,  7.156,  5.420
  0.020,300.634,  9.147,  5.420
  0.020,300.632,  4.510,  5.420
  0.020,300.654,  2.860,  6.270
  0.020,300.684,  3.010,  6.270
  0.020,300.683,  2.358,  6.270
  0.020,300.673,  1.436,  3.470
  0.020,300.716,  0.716,  3.470
  0.020,300.780,  0.297,  3.470
  0.019,300.767,  0.117,  3.470
  0.019,300.728,  0.061,  2.970
  0.020,300.742,  0.039,  2.970
  0.020,300.756,  0.022,  2.970
  0.020,300.739,  0.011,  2.120
  0.020,300.706,  0.007,  2.120
  0.020,300.660,  5.060,  0.000
  0.020,300.644,  4.993,  0.000
  0.020,300.612,  4.525,  0.000
  0.020,300.585,  3.635,  0.000
  0.020,300.575,  3.020,  0.000
  0.020,300.589,  2.740,  0.000
  0.020,300.626,  2.501,  2.400
  0.019,300.667,  2.292,  2.400
  0.019,300.686,  3.840,  2.400
  0.019,300.673,  9.213,  5.420
  0.020,300.648, 11.336,  5.420
  0.020,300.634, 14.432,  5.420
  0.020,300.638, 13.135,  5.420
  0.020,300.674,  8.741,  6.270
  0.020,300.706,  5.728,  6.270
  0.020,300.697,  3.923,  6.270
  0.020,300.676,  2.934,  3.470
  0.020,300.702,  1.959,  3.470
  0.020,300.789,  1.024,  3.470
  0.019,300.804,  0.418,  3.470
  0.020,300.773,  0.169,  2.970
  0.020,300.780,  0.108,  2.970
  0.019,300.782,  0.083,  2.970
  0.019,300.770,  0.052,  2.120
  0.020,300.726,  0.028,  2.120
  0.020,300.670,  4.874,  0.000
  0.020,300.648,  3.620,  0.000
  0.020,300.610,  2.822,  0.000
  0.020,300.581,  2.276,  0.000
  0.020,300.571,  1.924,  0.000
  0.020,300.589,  1.655,  0.000
  0.020,300.640,  2.516,  2.400
  0.020,300.691,  1.964,  2.400
  0.019,300.702,  1.759,  2.400
  0.019,300.681,  2.224,  5.420
  0.020,300.657,  5.009,  5.420
  0.020,300.638, 11.152,  5.420
  0.020,300.641, 11.833,  5.420
  0.020,300.680,  6.561,  6.270
  0.020,300.718,  2.863,  6.270
  0.020,300.713,  2.110,  6.270
  0.020,300.688,  1.987,  3.470
  0.020,300.713,  1.541,  3.470
  0.020,300.812,  0.980,  3.470
  0.020,300.825,  0.531,  3.470
  0.020,300.809,  0.281,  2.970
  0.019,300.817,  0.206,  2.970
  0.019,300.823,  0.191,  2.970
  0.019,300.796,  0.147,  2.120
  0.019,300.747,  0.091,  2.120
  0.020,300.673, 12.052,  0.350
  0.020,300.647,  8.683,  0.350
  0.020,300.610,  2.607,  0.540
  0.020,300.583,  1.171,  0.540
  0.020,300.582,  1.220,  0.540
  0.020,300.610,  1.084,  0.540
  0.020,300.661,  2.719,  5.200
  0.020,300.693,  1.914,  5.200
  0.019,300.693,  0.963,  5.200
  0.019,300.681,  3.057,  9.180
  0.020,300.663,  9.040,  9.180
  0.020,300.640, 12.407,  9.180
  0.020,300.638, 11.752,  9.180
  0.020,300.677,  5.035,  7.960
  0.020,300.730,  1.674,  7.960
  0.020,300.732,  1.132,  7.960
  0.020,300.697,  0.957,  8.430
  0.020,300.715,  0.731,  8.430
  0.020,300.802,  0.537,  8.430
  0.020,300.841,  0.381,  8.430
  0.019,300.823,  0.273,  4.970
  0.019,300.828,  0.252,  4.970
  0.019,300.851,  0.310,  4.970
  0.019,300.821,  0.313,  1.650
  0.019,300.765,  0.222,  1.650
  0.020,300.670,  1.752,  0.350
  0.020,300.649,  3.624,  0.350
  0.020,300.617,  1.429,  0.540
  0.020,300.595,  0.504,  0.540
  0.020,300.605,  0.587,  0.540
  0.020,300.640,  0.688,  0.540
  0.020,300.670,  1.077,  5.200
  0.020,300.680,  0.918,  5.200
  0.020,300.686,  0.543,  5.200
  0.020,300.685,  1.019,  9.180
  0.020,300.663,  2.029,  9.180
  0.020,300.635,  4.285,  9.180
  0.020,300.627,  4.919,  9.180
  0.020,300.668,  3.152,  7.960
  0.020,300.743,  1.585,  7.960
  0.020,300.757,  0.831,  7.960
  0.020,300.712,  0.479,  8.430
  0.020,300.729,  0.317,  8.430
  0.020,300.824,  0.249,  8.430
  0.020,300.853,  0.209,  8.430
  0.019,300.840,  0.177,  4.970
  0.019,300.849,  0.214,  4.970
  0.019,300.869,  0.333,  4.970
  0.019,300.846,  0.408,  1.650
  0.019,300.791,  0.351,  1.650
  0.020,300.669,  0.102,  0.350
  0.020,300.659,  0.535,  0.350
  0.020,300.633,  0.347,  0.540
  0.020,300.605,  0.213,  0.540
  0.020,300.615,  0.261,  0.540
  0.020,300.648,  0.344,  0.540
  0.020,300.667,  0.375,  5.200
  0.020,300.679,  0.479,  5.200
  0.020,300.692,  0.388,  5.200
  0.020,300.689,  1.188,  9.180
  0.020,300.662,  6.788,  9.180
  0.020,300.629,  4.500,  9.180
  0.020,300.615,  3.781,  9.180
  0.020,300.658,  3.267,  7.960
  0.020,300.745,  2.072,  7.960
  0.020,300.781,  1.009,  7.960
  0.020,300.742,  0.506,  8.430
  0.020,300.748,  0.314,  8.430
  0.020,300.834,  0.230,  8.430
  0.020,300.865,  0.177,  8.430
  0.020,300.857,  0.137,  4.970
  0.020,300.844,  0.182,  4.970
  0.019,300.846,  0.318,  4.970
  0.019,300.835,  0.423,  1.650
  0.019,300.807,  0.415,  1.650
  0.020,300.674,  0.017,  0.350
  0.020,300.682,  0.022,  0.350
  0.020,300.662,  0.035,  0.540
  0.020,300.618,  0.062,  0.540
  0.020,300.608,  0.091,  0.540
  0.020,300.636,  0.132,  0.540
  0.020,300.666,  0.156,  5.200
  0.020,300.686,  0.225,  5.200
  0.020,300.698,  0.241,  5.200
  0.020,300.695,  0.286,  9.180
  0.020,300.671,  6.165,  9.180
  0.020,300.633, 10.194,  9.180
  0.020,300.614,  5.470,  9.180
  0.020,300.652,  2.226,  7.960
  0.020,300.743,  1.270,  7.960
  0.020,300.793,  1.434,  7.960
  0.020,300.768,  0.989,  8.430
  0.020,300.769,  0.433,  8.430
  0.020,300.821,  0.201,  8.430
  0.020,300.859,  0.129,  8.430
  0.020,300.859,  0.111,  4.970
  0.020,300.843,  0.156,  4.970
  0.019,300.824,  0.285,  4.970
  0.019,300.825,  0.426,  1.650
  0.019,300.808,  0.477,  1.650
  0.020,300.686,  0.005,  0.000
  0.020,300.707,  0.005,  0.000
  0.020,300.692,  0.004,  0.160
  0.020,300.642,  0.009,  0.160
  0.020,300.609,  0.018,  0.160
  0.020,300.616,  0.032,  0.160
  0.020,300.652,  0.049,  5.810
  0.020,300.680,  0.076,  5.810
  0.020,300.694,  0.085,  5.810
  0.020,300.703,  0.071,  8.870
  0.019,300.691,  0.690,  8.870
  0.020,300.652,  2.528,  8.870
  0.020,300.630,  1.786,  8.870
  0.020,300.669,  2.715, 11.160
  0.020,300.760,  5.090, 11.160
  0.020,300.799,  2.913, 11.160
  0.020,300.777,  1.165,  7.030
  0.020,300.772,  0.627,  7.030
  0.020,300.816,  0.394,  7.030
  0.020,300.850,  0.202,  7.030
  0.020,300.853,  0.107,  8.220
  0.020,300.838,  0.117,  8.220
  0.020,300.818,  0.201,  8.220
  0.019,300.809,  0.310,  5.500
  0.019,300.790,  0.398,  5.500
  0.020,300.697,  0.001,  0.000
  0.020,300.715,  0.003,  0.000
  0.020,300.709,  0.002,  0.160
  0.020,300.682,  0.001,  0.160
  0.020,300.644,  0.002,  0.160
  0.020,300.613,  0.004,  0.160
  0.020,300.624,  0.008,  5.810
  0.020,300.656,  0.013,  5.810
  0.020,300.684,  0.021,  5.810
  0.019,300.706,  0.032,  8.870
  0.019,300.707,  0.032,  8.870
  0.020,300.679,  0.127,  8.870
  0.020,300.667,  0.134,  8.870
  0.020,300.729,  6.551, 11.160
  0.020,300.807,  9.822, 11.160
  0.020,300.813,  4.449, 11.160
  0.020,300.780,  1.334,  7.030
  0.020,300.776,  0.674,  7.030
  0.020,300.793,  0.434,  7.030
  0.020,300.819,  0.218,  7.030
  0.020,300.860,  0.111,  8.220
  0.020,300.867,  0.070,  8.220
  0.020,300.824,  0.084,  8.220
  0.020,300.788,  0.133,  5.500
  0.020,300.769,  0.193,  5.500
  0.020,300.694,  0.000,  0.000
  0.020,300.697,  0.000,  0.000
  0.020,300.703,  0.001,  0.160
  0.020,300.708,  0.001,  0.160
  0.020,300.692,  0.001,  0.160
  0.020,300.648,  0.001,  0.160
  0.020,300.614,  0.001,  5.810
  0.020,300.626,  0.002,  5.810
  0.020,300.667,  0.003,  5.810
  0.019,300.691,  0.007,  8.870
  0.019,300.701,  0.007,  8.870
  0.020,300.690,  0.030,  8.870
  0.020,300.697,  0.023,  8.870
  0.020,300.768,  0.755, 11.160
  0.020,300.860,  3.626, 11.160
  0.020,300.825,  9.226, 11.160
  0.020,300.790, 12.923,  7.030
  0.020,300.778, 10.469,  7.030
  0.020,300.779,  6.071,  7.030
  0.020,300.802,  1.845,  7.030
  0.020,300.853,  0.178,  8.220
  0.020,300.887,  0.037,  8.220
  0.020,300.835,  0.035,  8.220
  0.020,300.769,  0.033,  5.500
  0.020,300.758,  0.052,  5.500
  0.020,300.686,  0.000,  0.000
  0.020,300.677,  0.000,  0.000
  0.020,300.684,  0.000,  0.160
  0.020,300.708,  0.000,  0.160
  0.020,300.722,  0.001,  0.160
  0.020,300.698,  0.000,  0.160
  0.020,300.659,  0.001,  5.810
  0.020,300.641,  0.000,  5.810
  0.020,300.665,  0.000,  5.810
  0.019,300.682,  0.000,  8.870
  0.019,300.690,  0.002,  8.870
  0.020,300.620,  0.004,  8.870
  0.020,300.509,  0.004,  8.870
  0.020,300.628,  0.018, 11.160
  0.020,300.871,  0.110, 11.160
  0.020,300.814,  0.599, 11.160
  0.020,300.811,  2.422,  7.030
  0.020,300.792,  5.709,  7.030
  0.020,300.783,  6.019,  7.030
  0.020,300.804,  1.518,  7.030
  0.020,300.850,  0.041,  8.220
  0.020,300.874,  0.012,  8.220
  0.020,300.832,  0.011,  8.220
  0.020,300.763,  0.007,  5.500
  0.020,300.745,  0.009,  5.500
  0.020,300.676,  0.000,  0.000
  0.020,300.669,  0.000,  0.000
  0.020,300.673,  0.000,  0.000
  0.020,300.698,  0.000,  0.000
  0.020,300.719,  0.000,  0.000
  0.020,300.723,  0.000,  0.000
  0.020,300.718,  0.000,  0.000
  0.020,300.706,  0.000,  0.000
  0.019,300.693,  0.000,  0.000
  0.019,300.708,  0.000,  1.970
  0.020,300.706,  0.000,  1.970
  0.020,300.493,  0.001,  1.970
  0.020,300.205,  0.000,  1.970
  0.020,300.442,  0.007,  2.580
  0.020,300.863,  0.012,  2.580
  0.020,300.812,  0.022,  2.580
  0.020,300.825,  0.060,  2.210
  0.020,300.804,  0.144,  2.210
  0.020,300.789,  0.097,  2.210
  0.020,300.796,  0.004,  2.210
  0.020,300.837,  0.003,  3.310
  0.020,300.867,  0.003,  3.310
  0.020,300.832,  0.004,  3.310
  0.020,300.759,  0.003,  3.340
  0.020,300.726,  0.002,  3.340
  0.020,300.660,  0.000,  0.000
  0.020,300.665,  0.000,  0.000
  0.020,300.670,  0.000,  0.000
  0.020,300.691,  0.000,  0.000
  0.020,300.700,  0.000,  0.000
  0.020,300.707,  0.000,  0.000
  0.020,300.725,  0.000,  0.000
  0.019,300.741,  0.000,  0.000
  0.019,300.752,  0.000,  0.000
  0.020,300.764,  0.000,  1.970
  0.020,300.755,  0.000,  1.970
  0.020,300.656,  0.000,  1.970
  0.020,300.465,  0.000,  1.970
  0.020,300.619,  0.001,  2.580
  0.020,300.867,  0.003,  2.580
  0.020,300.826,  0.006,  2.580
  0.020,300.828,  0.012,  2.210
  0.020,300.824,  0.023,  2.210
  0.020,300.815,  0.021,  2.210
  0.020,300.811,  0.004,  2.210
  0.020,300.835,  0.001,  3.310
  0.020,300.869,  0.001,  3.310
  0.020,300.856,  0.002,  3.310
  0.020,300.777,  0.001,  3.340
  0.020,300.729,  0.001,  3.340
