  0.018,299.434,  0.000,  0.000
  0.017,299.410,  0.000,  0.000
  0.017,299.408,  0.000,  0.000
  0.017,299.410,  0.000,  0.000
  0.017,299.401,  0.000,  0.000
  0.017,299.382,  0.000,  0.000
  0.017,299.371,  0.000,  0.000
  0.017,299.370,  0.000,  0.000
  0.017,299.378,  0.000,  0.000
  0.017,299.391,  0.000,  0.000
  0.017,299.397,  0.000,  0.000
  0.017,299.386,  0.000,  0.000
  0.017,299.357,  0.000,  0.000
  0.017,299.333,  0.000,  0.000
  0.017,299.332,  0.000,  0.000
  0.017,299.345,  0.000,  0.000
  0.017,299.347,  0.000,  0.000
  0.017,299.326,  0.000,  0.000
  0.017,299.298,  0.000,  0.000
  0.017,299.292,  0.000,  0.000
  0.017,299.305,  0.000,  0.000
  0.017,299.322,  0.000,  0.000
  0.017,299.306,  0.000,  0.000
  0.017,299.270,  0.000,  0.000
  0.017,299.244,  0.000,  0.000
  0.017,299.437,  0.000,  0.000
  0.017,299.422,  0.000,  0.000
  0.017,299.424,  0.000,  0.000
  0.017,299.429,  0.000,  0.000
  0.017,299.420,  0.000,  0.000
  0.017,299.400,  0.000,  0.000
  0.017,299.383,  0.000,  0.000
  0.017,299.382,  0.000,  0.000
  0.017,299.394,  0.000,  0.000
  0.017,299.408,  0.000,  0.000
  0.017,299.407,  0.000,  0.000
  0.017,299.397,  0.000,  0.000
  0.017,299.388,  0.000,  0.000
  0.017,299.366,  0.000,  0.000
  0.017,299.339,  0.000,  0.000
  0.017,299.335,  0.000,  0.000
  0.017,299.348,  0.000,  0.000
  0.017,299.351,  0.000,  0.000
  0.017,299.328,  0.000,  0.000
  0.017,299.283,  0.000,  0.000
  0.017,299.260,  0.000,  0.000
  0.017,299.281,  0.000,  0.000
  0.017,299.318,  0.000,  0.000
  0.018,299.327,  0.000,  0.000
  0.017,299.277,  0.000,  0.000
  0.017,299.445,  0.000,  0.000
  0.017,299.428,  0.000,  0.000
  0.017,299.424,  0.000,  0.000
  0.017,299.433,  0.000,  0.000
  0.017,299.430,  0.000,  0.000
  0.017,299.410,  0.000,  0.000
  0.017,299.380,  0.000,  0.000
  0.017,299.365,  0.000,  0.000
  0.017,299.377,  0.000,  0.000
  0.017,299.405,  0.000,  0.000
  0.017,299.429,  0.000,  0.000
  0.017,299.434,  0.000,  0.000
  0.017,299.419,  0.000,  0.000
  0.017,299.386,  0.000,  0.000
  0.017,299.353,  0.000,  0.000
  0.017,299.340,  0.000,  0.000
  0.017,299.350,  0.000,  0.000
  0.017,299.371,  0.000,  0.000
  0.017,299.361,  0.000,  0.000
  0.017,299.310,  0.000,  0.000
  0.017,299.265,  0.000,  0.000
  0.017,299.265,  0.000,  0.000
  0.017,299.302,  0.000,  0.000
  0.017,299.354,  0.000,  0.000
  0.018,299.335,  0.000,  0.000
  0.017,299.513,  0.000,  0.000
  0.018,299.472,  0.000,  0.000
  0.018,299.448,  0.000,  0.000
  0.017,299.447,  0.000,  0.000
  0.017,299.452,  0.000,  0.000
  0.017,299.437,  0.000,  0.000
  0.017,299.405,  0.000,  0.000
  0.017,299.387,  0.000,  0.000
  0.018,299.396,  0.000,  0.000
  0.018,299.414,  0.000,  0.000
  0.017,299.424,  0.000,  0.000
  0.017,299.426,  0.000,  0.000
  0.017,299.421,  0.000,  0.000
  0.017,299.410,  0.000,  0.000
  0.017,299.393,  0.000,  0.000
  0.017,299.372,  0.000,  0.000
  0.017,299.363,  0.000,  0.000
  0.017,299.373,  0.000,  0.000
  0.017,299.388,  0.000,  0.000
  0.017,299.365,  0.000,  0.000
  0.017,299.307,  0.000,  0.000
  0.017,299.269,  0.000,  0.000
  0.017,299.280,  0.000,  0.000
  0.017,299.342,  0.000,  0.000
  0.017,299.377,  0.000,  0.000
  0.017,299.580,  0.000,  0.000
  0.017,299.542,  0.000,  0.000
  0.017,299.511,  0.000,  0.000
  0.017,299.492,  0.000,  0.000
  0.017,299.470,  0.000,  0.000
  0.017,299.447,  0.000,  0.000
  0.017,299.434,  0.000,  0.000
  0.017,299.437,  0.000,  0.000
  0.017,299.448,  0.000,  0.000
  0.017,299.449,  0.000,  0.000
  0.017,299.427,  0.000,  0.000
  0.017,299.401,  0.000,  0.000
  0.017,299.390,  0.000,  0.000
  0.017,299.397,  0.000,  0.000
  0.017,299.405,  0.000,  0.000
  0.017,299.396,  0.000,  0.000
  0.017,299.375,  0.000,  0.000
  0.017,299.368,  0.000,  0.000
  0.017,299.379,  0.000,  0.000
  0.017,299.385,  0.000,  0.000
  0.018,299.347,  0.000,  0.000
  0.017,299.289,  0.000,  0.000
  0.017,299.272,  0.000,  0.000
  0.017,299.319,  0.000,  0.000
  0.017,299.375,  0.000,  0.000
  0.017,299.589,  0.000,  0.000
  0.017,299.551,  0.000,  0.000
  0.017,299.506,  0.000,  0.000
  0.017,299.481,  0.000,  0.000
  0.017,299.477,  0.000,  0.000
  0.017,299.480,  0.000,  0.000
  0.017,299.477,  0.000,  0.000
  0.017,299.471,  0.000,  0.000
  0.017,299.470,  0.000,  0.000
  0.017,299.465,  0.000,  0.000
  0.017,299.451,  0.000,  0.000
  0.017,299.426,  0.000,  0.000
  0.017,299.408,  0.000,  0.000
  0.017,299.404,  0.000,  0.000
  0.017,299.414,  0.000,  0.000
  0.018,299.407,  0.000,  0.000
  0.018,299.378,  0.000,  0.000
  0.017,299.351,  0.000,  0.000
  0.017,299.353,  0.000,  0.000
  0.017,299.377,  0.000,  0.000
  0.017,299.384,  0.000,  0.000
  0.018,299.340,  0.000,  0.000
  0.017,299.292,  0.000,  0.000
  0.017,299.306,  0.000,  0.000
  0.017,299.353,  0.000,  0.000
  0.017,299.562,  0.000,  0.000
  0.017,299.553,  0.000,  0.000
  0.018,299.517,  0.000,  0.000
  0.018,299.492,  0.000,  0.000
  0.017,299.493,  0.000,  0.000
  0.017,299.507,  0.000,  0.000
  0.017,299.511,  0.000,  0.000
  0.018,299.501,  0.000,  0.000
  0.017,299.492,  0.000,  0.000
  0.017,299.489,  0.000,  0.000
  0.017,299.485,  0.000,  0.000
  0.017,299.471,  0.000,  0.000
  0.017,299.444,  0.000,  0.000
  0.017,299.431,  0.000,  0.000
  0.017,299.430,  0.000,  0.000
  0.017,299.434,  0.000,  0.000
  0.018,299.411,  0.000,  0.000
  0.018,299.373,  0.000,  0.000
  0.017,299.351,  0.000,  0.000
  0.017,299.363,  0.000,  0.000
  0.017,299.391,  0.000,  0.000
  0.018,299.390,  0.000,  0.000
  0.018,299.347,  0.000,  0.000
  0.017,299.328,  0.000,  0.000
  0.017,299.343,  0.000,  0.000
  0.017,299.569,  0.000,  0.000
  0.017,299.570,  0.000,  0.000
  0.017,299.546,  0.000,  0.000
  0.018,299.523,  0.000,  0.000
  0.017,299.518,  0.000,  0.000
  0.017,299.533,  0.000,  0.000
  0.017,299.541,  0.000,  0.000
  0.017,299.522,  0.000,  0.000
  0.017,299.486,  0.000,  0.000
  0.017,299.464,  0.000,  0.000
  0.017,299.468,  0.000,  0.000
  0.017,299.478,  0.000,  0.000
  0.017,299.471,  0.000,  0.000
  0.017,299.453,  0.000,  0.000
  0.017,299.445,  0.000,  0.000
  0.017,299.450,  0.000,  0.000
  0.017,299.451,  0.000,  0.000
  0.018,299.423,  0.000,  0.000
  0.017,299.375,  0.000,  0.000
  0.017,299.357,  0.000,  0.000
  0.017,299.378,  0.000,  0.000
  0.017,299.408,  0.000,  0.000
  0.018,299.401,  0.000,  0.000
  0.017,299.367,  0.000,  0.000
  0.017,299.345,  0.000,  0.000
  0.017,299.595,  0.000,  0.000
  0.017,299.604,  0.000,  0.000
  0.017,299.599,  0.000,  0.000
  0.017,299.576,  0.000,  0.000
  0.017,299.553,  0.000,  0.000
  0.017,299.547,  0.000,  0.000
  0.017,299.553,  0.000,  0.000
  0.017,299.544,  0.000,  0.000
  0.018,299.515,  0.000,  0.000
  0.017,299.487,  0.000,  0.000
  0.017,299.487,  0.000,  0.000
  0.017,299.501,  0.000,  0.000
  0.017,299.495,  0.000,  0.000
  0.018,299.472,  0.000,  0.000
  0.017,299.451,  0.000,  0.000
  0.017,299.450,  0.000,  0.000
  0.017,299.458,  0.000,  0.000
  0.018,299.449,  0.000,  0.000
  0.018,299.409,  0.000,  0.000
  0.017,299.373,  0.000,  0.000
  0.017,299.375,  0.000,  0.000
  0.017,299.403,  0.000,  0.000
  0.018,299.426,  0.000,  0.000
  0.018,299.406,  0.000,  0.000
  0.017,299.363,  0.000,  0.000
  0.018,299.601,  0.000,  0.000
  0.017,299.613,  0.000,  0.000
  0.017,299.629,  0.000,  0.000
  0.017,299.628,  0.000,  0.000
  0.017,299.609,  0.000,  0.000
  0.017,299.585,  0.000,  0.000
  0.017,299.569,  0.000,  0.000
  0.017,299.555,  0.000,  0.000
  0.018,299.534,  0.000,  0.000
  0.018,299.504,  0.000,  0.000
  0.017,299.493,  0.000,  0.000
  0.017,299.502,  0.000,  0.000
  0.017,299.510,  0.000,  0.000
  0.018,299.498,  0.000,  0.000
  0.018,299.466,  0.000,  0.000
  0.017,299.435,  0.000,  0.000
  0.017,299.435,  0.000,  0.000
  0.017,299.451,  0.000,  0.000
  0.018,299.448,  0.000,  0.000
  0.018,299.413,  0.000,  0.000
  0.017,299.384,  0.000,  0.000
  0.017,299.385,  0.000,  0.000
  0.017,299.410,  0.000,  0.000
  0.018,299.429,  0.000,  0.000
  0.018,299.404,  0.000,  0.000
  0.017,299.613,  0.000,  0.000
  0.017,299.607,  0.000,  0.000
  0.017,299.625,  0.000,  0.000
  0.017,299.627,  0.000,  0.000
  0.017,299.604,  0.000,  0.000
  0.018,299.564,  0.000,  0.000
  0.018,299.542,  0.000,  0.000
  0.017,299.537,  0.000,  0.000
  0.018,299.537,  0.000,  0.000
  0.018,299.523,  0.000,  0.000
  0.018,299.506,  0.000,  0.000
  0.018,299.494,  0.000,  0.000
  0.017,299.494,  0.000,  0.000
  0.018,299.498,  0.000,  0.000
  0.018,299.490,  0.000,  0.000
  0.018,299.461,  0.000,  0.000
  0.017,299.439,  0.000,  0.000
  0.017,299.448,  0.000,  0.000
  0.017,299.469,  0.000,  0.000
  0.018,299.462,  0.000,  0.000
  0.018,299.422,  0.000,  0.000
  0.017,299.389,  0.000,  0.000
  0.017,299.389,  0.000,  0.000
  0.017,299.414,  0.000,  0.000
  0.018,299.432,  0.000,  0.000
  0.017,299.638,  0.000,  0.000
  0.018,299.617,  0.000,  0.000
  0.017,299.627,  0.000,  0.000
  0.017,299.634,  0.000,  0.000
  0.017,299.606,  0.000,  0.000
  0.018,299.558,  0.000,  0.000
  0.017,299.536,  0.000,  0.000
  0.017,299.550,  0.000,  0.000
  0.017,299.569,  0.000,  0.000
  0.017,299.565,  0.000,  0.000
  0.018,299.532,  0.000,  0.000
  0.018,299.495,  0.000,  0.000
  0.017,299.486,  0.000,  0.000
  0.017,299.500,  0.000,  0.000
  0.018,299.505,  0.000,  0.000
  0.018,299.482,  0.000,  0.000
  0.018,299.452,  0.000,  0.000
  0.017,299.451,  0.000,  0.000
  0.017,299.476,  0.000,  0.000
  0.017,299.493,  0.000,  0.000
  0.018,299.470,  0.000,  0.000
  0.018,299.420,  0.000,  0.000
  0.017,299.391,  0.000,  0.000
  0.017,299.396,  0.000,  0.000
  0.017,299.425,  0.000,  0.000
  0.017,299.672,  0.000,  0.000
  0.017,299.643,  0.000,  0.000
  0.018,299.627,  0.000,  0.000
  0.017,299.630,  0.000,  0.000
  0.017,299.630,  0.000,  0.000
  0.018,299.602,  0.000,  0.000
  0.018,299.560,  0.000,  0.000
  0.018,299.538,  0.000,  0.000
  0.018,299.554,  0.000,  0.000
  0.017,299.574,  0.000,  0.000
  0.017,299.564,  0.000,  0.000
  0.018,299.525,  0.000,  0.000
  0.017,299.502,  0.000,  0.000
  0.017,299.515,  0.000,  0.000
  0.017,299.536,  0.000,  0.000
  0.018,299.530,  0.000,  0.000
  0.018,299.492,  0.000,  0.000
  0.017,299.462,  0.000,  0.000
  0.017,299.467,  0.000,  0.000
  0.017,299.494,  0.000,  0.000
  0.017,299.507,  0.000,  0.000
  0.018,299.473,  0.000,  0.000
  0.018,299.416,  0.000,  0.000
  0.017,299.395,  0.000,  0.000
  0.017,299.416,  0.000,  0.000
  0.017,299.678,  0.000,  0.000
  0.017,299.657,  0.000,  0.000
  0.017,299.633,  0.000,  0.000
  0.017,299.621,  0.000,  0.000
  0.017,299.619,  0.000,  0.000
  0.017,299.617,  0.000,  0.000
  0.017,299.605,  0.000,  0.000
  0.018,299.579,  0.000,  0.000
  0.018,299.562,  0.000,  0.000
  0.018,299.571,  0.000,  0.000
  0.017,299.583,  0.000,  0.000
  0.018,299.565,  0.000,  0.000
  0.018,299.535,  0.000,  0.000
  0.017,299.525,  0.000,  0.000
  0.017,299.539,  0.000,  0.000
  0.017,299.545,  0.000,  0.000
  0.018,299.521,  0.000,  0.000
  0.018,299.477,  0.000,  0.000
  0.017,299.454,  0.000,  0.000
  0.017,299.465,  0.000,  0.000
  0.017,299.490,  0.000,  0.000
  0.017,299.498,  0.000,  0.000
  0.018,299.463,  0.000,  0.000
  0.018,299.416,  0.000,  0.000
  0.017,299.409,  0.000,  0.000
  0.017,299.691,  0.000,  0.000
  0.017,299.693,  0.000,  0.000
  0.018,299.665,  0.000,  0.000
  0.018,299.633,  0.000,  0.000
  0.017,299.628,  0.000,  0.000
  0.017,299.647,  0.000,  0.000
  0.017,299.658,  0.000,  0.000
  0.017,299.639,  0.000,  0.000
  0.018,299.602,  0.000,  0.000
  0.017,299.586,  0.000,  0.000
  0.017,299.592,  0.000,  0.000
  0.017,299.590,  0.000,  0.000
  0.018,299.563,  0.000,  0.000
  0.018,299.540,  0.000,  0.000
  0.017,299.539,  0.000,  0.000
  0.017,299.545,  0.000,  0.000
  0.017,299.534,  0.000,  0.000
  0.018,299.499,  0.000,  0.000
  0.018,299.458,  0.000,  0.000
  0.017,299.443,  0.000,  0.000
  0.017,299.458,  0.000,  0.000
  0.017,299.485,  0.000,  0.000
  0.018,299.494,  0.000,  0.000
  0.018,299.460,  0.000,  0.000
  0.018,299.419,  0.000,  0.000
