  0.018,300.056,  0.000,  0.000
  0.018,300.058,  0.000,  0.000
  0.019,300.042,  0.000,  0.000
  0.019,300.021,  0.000,  0.000
  0.019,300.022,  0.000,  0.000
  0.018,300.053,  0.000,  0.000
  0.018,300.078,  0.000,  0.000
  0.018,300.048,  0.000,  0.000
  0.019,299.985,  0.000,  0.000
  0.019,299.938,  0.000,  0.000
  0.019,299.923,  0.000,  0.000
  0.019,299.944,  0.000,  0.000
  0.019,299.967,  0.000,  0.000
  0.019,299.964,  0.000,  0.000
  0.019,299.948,  0.000,  0.000
  0.019,299.934,  0.000,  0.000
  0.019,299.917,  0.000,  0.000
  0.019,299.901,  0.000,  0.000
  0.019,299.909,  0.000,  0.000
  0.018,299.937,  0.000,  0.000
  0.019,299.926,  0.000,  0.000
  0.019,299.878,  0.000,  0.000
  0.019,299.882,  0.000,  0.000
  0.018,299.952,  0.000,  0.000
  0.018,299.993,  0.000,  0.000
  0.019,300.016,  0.000,  0.000
  0.018,300.044,  0.000,  0.000
  0.018,300.072,  0.000,  0.000
  0.018,300.072,  0.000,  0.000
  0.018,300.046,  0.000,  0.000
  0.019,300.023,  0.000,  0.000
  0.019,300.011,  0.000,  0.000
  0.019,300.004,  0.000,  0.000
  0.018,300.002,  0.000,  0.000
  0.018,299.996,  0.000,  0.000
  0.019,299.989,  0.000,  0.000
  0.019,299.980,  0.000,  0.000
  0.019,299.972,  0.000,  0.000
  0.019,299.960,  0.000,  0.000
  0.019,299.959,  0.000,  0.000
  0.019,299.972,  0.000,  0.000
  0.019,299.986,  0.000,  0.000
  0.018,299.982,  0.000,  0.000
  0.019,299.964,  0.000,  0.000
  0.019,299.928,  0.000,  0.000
  0.019,299.890,  0.000,  0.000
  0.019,299.894,  0.000,  0.000
  0.018,299.924,  0.000,  0.000
  0.018,299.965,  0.000,  0.000
  0.018,299.962,  0.000,  0.000
  0.019,300.046,  0.000,  0.000
  0.019,300.034,  0.000,  0.000
  0.019,300.054,  0.000,  0.000
  0.018,300.091,  0.000,  0.000
  0.018,300.094,  0.000,  0.000
  0.019,300.041,  0.000,  0.000
  0.019,299.986,  0.000,  0.000
  0.019,299.983,  0.000,  0.000
  0.018,300.002,  0.000,  0.000
  0.018,300.020,  0.000,  0.000
  0.019,300.030,  0.000,  0.000
  0.019,300.027,  0.000,  0.000
  0.018,300.014,  0.000,  0.000
  0.019,299.977,  0.000,  0.000
  0.019,299.939,  0.000,  0.000
  0.019,299.914,  0.000,  0.000
  0.019,299.920,  0.000,  0.000
  0.018,299.943,  0.000,  0.000
  0.019,299.942,  0.000,  0.000
  0.019,299.928,  0.000,  0.000
  0.019,299.934,  0.000,  0.000
  0.019,299.955,  0.000,  0.000
  0.018,299.972,  0.000,  0.000
  0.019,299.984,  0.000,  0.000
  0.019,299.943,  0.000,  0.000
  0.018,300.077,  0.000,  0.000
  0.019,300.074,  0.000,  0.000
  0.019,300.062,  0.000,  0.000
  0.019,300.052,  0.000,  0.000
  0.019,300.043,  0.000,  0.000
  0.019,300.030,  0.000,  0.000
  0.019,300.040,  0.000,  0.000
  0.018,300.052,  0.000,  0.000
  0.018,300.056,  0.000,  0.000
  0.019,300.040,  0.000,  0.000
  0.019,300.021,  0.000,  0.000
  0.019,300.010,  0.000,  0.000
  0.019,300.016,  0.000,  0.000
  0.019,300.021,  0.000,  0.000
  0.019,300.023,  0.000,  0.000
  0.018,300.013,  0.000,  0.000
  0.018,299.993,  0.000,  0.000
  0.019,299.977,  0.000,  0.000
  0.019,299.967,  0.000,  0.000
  0.019,299.973,  0.000,  0.000
  0.018,299.998,  0.000,  0.000
  0.018,300.033,  0.000,  0.000
  0.018,300.034,  0.000,  0.000
  0.019,299.997,  0.000,  0.000
  0.019,299.967,  0.000,  0.000
  0.019,300.104,  0.000,  0.000
  0.019,300.114,  0.000,  0.000
  0.018,300.106,  0.000,  0.000
  0.019,300.091,  0.000,  0.000
  0.019,300.079,  0.000,  0.000
  0.019,300.074,  0.000,  0.000
  0.019,300.059,  0.000,  0.000
  0.019,300.054,  0.000,  0.000
  0.019,300.059,  0.000,  0.000
  0.019,300.054,  0.000,  0.000
  0.019,300.037,  0.000,  0.000
  0.018,300.017,  0.000,  0.000
  0.019,300.021,  0.000,  0.000
  0.019,300.032,  0.000,  0.000
  0.019,300.042,  0.000,  0.000
  0.019,300.033,  0.000,  0.000
  0.019,300.008,  0.000,  0.000
  0.019,299.998,  0.000,  0.000
  0.019,300.004,  0.000,  0.000
  0.019,300.003,  0.000,  0.000
  0.019,300.001,  0.000,  0.000
  0.019,299.981,  0.000,  0.000
  0.019,299.945,  0.000,  0.000
  0.019,299.962,  0.000,  0.000
  0.018,299.991,  0.000,  0.000
  0.019,300.105,  0.000,  0.000
  0.019,300.110,  0.000,  0.000
  0.019,300.118,  0.000,  0.000
  0.019,300.119,  0.000,  0.000
  0.019,300.112,  0.000,  0.000
  0.018,300.103,  0.000,  0.000
  0.018,300.096,  0.000,  0.000
  0.019,300.087,  0.000,  0.000
  0.019,300.059,  0.000,  0.000
  0.019,300.031,  0.000,  0.000
  0.019,300.015,  0.000,  0.000
  0.019,300.023,  0.000,  0.000
  0.019,300.045,  0.000,  0.000
  0.019,300.056,  0.000,  0.000
  0.019,300.057,  0.000,  0.000
  0.019,300.054,  0.000,  0.000
  0.019,300.038,  0.000,  0.000
  0.019,300.030,  0.000,  0.000
  0.019,300.043,  0.000,  0.000
  0.018,300.060,  0.000,  0.000
  0.018,300.059,  0.000,  0.000
  0.019,300.039,  0.000,  0.000
  0.019,300.032,  0.000,  0.000
  0.018,300.042,  0.000,  0.000
  0.018,300.046,  0.000,  0.000
  0.019,300.125,  0.000,  0.000
  0.019,300.130,  0.000,  0.000
  0.019,300.130,  0.000,  0.000
  0.019,300.134,  0.000,  0.000
  0.018,300.137,  0.000,  0.000
  0.018,300.133,  0.000,  0.000
  0.018,300.132,  0.000,  0.000
  0.019,300.119,  0.000,  0.000
  0.019,300.107,  0.000,  0.000
  0.018,300.092,  0.000,  0.000
  0.018,300.080,  0.000,  0.000
  0.019,300.082,  0.000,  0.000
  0.019,300.081,  0.000,  0.000
  0.018,300.071,  0.000,  0.000
  0.018,300.062,  0.000,  0.000
  0.018,300.073,  0.000,  0.000
  0.019,300.095,  0.000,  0.000
  0.018,300.094,  0.000,  0.000
  0.018,300.069,  0.000,  0.000
  0.019,300.036,  0.000,  0.000
  0.019,300.025,  0.000,  0.000
  0.019,300.047,  0.000,  0.000
  0.018,300.073,  0.000,  0.000
  0.018,300.076,  0.000,  0.000
  0.019,300.042,  0.000,  0.000
  0.019,300.122,  0.000,  0.000
  0.019,300.135,  0.000,  0.000
  0.019,300.143,  0.000,  0.000
  0.019,300.152,  0.000,  0.000
  0.018,300.159,  0.000,  0.000
  0.018,300.162,  0.000,  0.000
  0.018,300.147,  0.000,  0.000
  0.019,300.117,  0.000,  0.000
  0.018,300.113,  0.000,  0.000
  0.018,300.123,  0.000,  0.000
  0.018,300.123,  0.000,  0.000
  0.019,300.088,  0.000,  0.000
  0.019,300.051,  0.000,  0.000
  0.019,300.037,  0.000,  0.000
  0.018,300.052,  0.000,  0.000
  0.019,300.084,  0.000,  0.000
  0.019,300.114,  0.000,  0.000
  0.018,300.113,  0.000,  0.000
  0.018,300.080,  0.000,  0.000
  0.019,300.043,  0.000,  0.000
  0.019,300.026,  0.000,  0.000
  0.019,300.037,  0.000,  0.000
  0.019,300.055,  0.000,  0.000
  0.018,300.071,  0.000,  0.000
  0.018,300.068,  0.000,  0.000
  0.019,300.133,  0.000,  0.000
  0.019,300.128,  0.000,  0.000
  0.019,300.152,  0.000,  0.000
  0.018,300.175,  0.000,  0.000
  0.018,300.169,  0.000,  0.000
  0.019,300.145,  0.000,  0.000
  0.019,300.128,  0.000,  0.000
  0.019,300.131,  0.000,  0.000
  0.018,300.146,  0.000,  0.000
  0.018,300.142,  0.000,  0.000
  0.019,300.118,  0.000,  0.000
  0.019,300.086,  0.000,  0.000
  0.018,300.080,  0.000,  0.000
  0.018,300.096,  0.000,  0.000
  0.018,300.105,  0.000,  0.000
  0.019,300.100,  0.000,  0.000
  0.019,300.091,  0.000,  0.000
  0.019,300.080,  0.000,  0.000
  0.019,300.068,  0.000,  0.000
  0.019,300.055,  0.000,  0.000
  0.019,300.034,  0.000,  0.000
  0.019,300.024,  0.000,  0.000
  0.019,300.037,  0.000,  0.000
  0.019,300.066,  0.000,  0.000
  0.018,300.080,  0.000,  0.000
  0.018,300.208,  0.000,  0.000
  0.018,300.193,  0.000,  0.000
  0.019,300.172,  0.000,  0.000
  0.019,300.162,  0.000,  0.000
  0.018,300.164,  0.000,  0.000
  0.018,300.159,  0.000,  0.000
  0.019,300.150,  0.000,  0.000
  0.019,300.137,  0.000,  0.000
  0.019,300.128,  0.000,  0.000
  0.019,300.131,  0.000,  0.000
  0.019,300.128,  0.000,  0.000
  0.018,300.102,  0.000,  0.000
  0.018,300.085,  0.000,  0.000
  0.019,300.102,  0.000,  0.000
  0.019,300.113,  0.000,  0.000
  0.019,300.119,  0.000,  0.000
  0.018,300.123,  0.000,  0.000
  0.019,300.110,  0.000,  0.000
  0.019,300.091,  0.000,  0.000
  0.019,300.078,  0.000,  0.000
  0.019,300.069,  0.000,  0.000
  0.019,300.056,  0.000,  0.000
  0.019,300.046,  0.000,  0.000
  0.019,300.051,  0.000,  0.000
  0.019,300.059,  0.000,  0.000
  0.018,300.225,  0.000,  0.000
  0.018,300.249,  0.000,  0.000
  0.018,300.246,  0.000,  0.000
  0.018,300.229,  0.000,  0.000
  0.018,300.206,  0.000,  0.000
  0.019,300.179,  0.000,  0.000
  0.019,300.138,  0.000,  0.000
  0.019,300.098,  0.000,  0.000
  0.019,300.102,  0.000,  0.000
  0.019,300.141,  0.000,  0.000
  0.018,300.154,  0.000,  0.000
  0.018,300.145,  0.000,  0.000
  0.018,300.138,  0.000,  0.000
  0.019,300.122,  0.000,  0.000
  0.019,300.101,  0.000,  0.000
  0.019,300.076,  0.000,  0.000
  0.019,300.069,  0.000,  0.000
  0.019,300.076,  0.000,  0.000
  0.019,300.087,  0.000,  0.000
  0.018,300.105,  0.000,  0.000
  0.018,300.120,  0.000,  0.000
  0.018,300.124,  0.000,  0.000
  0.019,300.108,  0.000,  0.000
  0.019,300.078,  0.000,  0.000
  0.019,300.044,  0.000,  0.000
  0.019,300.201,  0.000,  0.000
  0.019,300.207,  0.000,  0.000
  0.019,300.204,  0.000,  0.000
  0.019,300.200,  0.000,  0.000
  0.018,300.204,  0.000,  0.000
  0.018,300.213,  0.000,  0.000
  0.018,300.212,  0.000,  0.000
  0.019,300.196,  0.000,  0.000
  0.019,300.160,  0.000,  0.000
  0.019,300.130,  0.000,  0.000
  0.019,300.110,  0.000,  0.000
  0.018,300.122,  0.000,  0.000
  0.019,300.150,  0.000,  0.000
  0.019,300.154,  0.000,  0.000
  0.019,300.145,  0.000,  0.000
  0.018,300.123,  0.000,  0.000
  0.019,300.098,  0.000,  0.000
  0.019,300.090,  0.000,  0.000
  0.019,300.072,  0.000,  0.000
  0.019,300.064,  0.000,  0.000
  0.019,300.078,  0.000,  0.000
  0.019,300.099,  0.000,  0.000
  0.019,300.115,  0.000,  0.000
  0.018,300.107,  0.000,  0.000
  0.018,300.062,  0.000,  0.000
  0.019,300.188,  0.000,  0.000
  0.018,300.178,  0.000,  0.000
  0.018,300.173,  0.000,  0.000
  0.019,300.175,  0.000,  0.000
  0.019,300.168,  0.000,  0.000
  0.019,300.167,  0.000,  0.000
  0.018,300.171,  0.000,  0.000
  0.018,300.189,  0.000,  0.000
  0.018,300.199,  0.000,  0.000
  0.018,300.189,  0.000,  0.000
  0.018,300.173,  0.000,  0.000
  0.019,300.160,  0.000,  0.000
  0.019,300.130,  0.000,  0.000
  0.019,300.107,  0.000,  0.000
  0.019,300.106,  0.000,  0.000
  0.018,300.122,  0.000,  0.000
  0.019,300.138,  0.000,  0.000
  0.019,300.138,  0.000,  0.000
  0.019,300.118,  0.000,  0.000
  0.019,300.080,  0.000,  0.000
  0.019,300.038,  0.000,  0.000
  0.019,300.011,  0.000,  0.000
  0.019,300.020,  0.000,  0.000
  0.018,300.043,  0.000,  0.000
  0.019,300.037,  0.000,  0.000
  0.018,300.208,  0.000,  0.000
  0.018,300.221,  0.000,  0.000
  0.018,300.214,  0.000,  0.000
  0.019,300.182,  0.000,  0.000
  0.019,300.160,  0.000,  0.000
  0.018,300.150,  0.000,  0.000
  0.018,300.158,  0.000,  0.000
  0.019,300.165,  0.000,  0.000
  0.019,300.175,  0.000,  0.000
  0.018,300.183,  0.000,  0.000
  0.018,300.188,  0.000,  0.000
  0.019,300.176,  0.000,  0.000
  0.019,300.143,  0.000,  0.000
  0.019,300.127,  0.000,  0.000
  0.018,300.131,  0.000,  0.000
  0.018,300.142,  0.000,  0.000
  0.019,300.132,  0.000,  0.000
  0.019,300.111,  0.000,  0.000
  0.019,300.097,  0.000,  0.000
  0.019,300.089,  0.000,  0.000
  0.019,300.072,  0.000,  0.000
  0.019,300.039,  0.000,  0.000
  0.019,300.030,  0.000,  0.000
  0.019,300.055,  0.000,  0.000
  0.019,300.086,  0.000,  0.000
  0.018,300.227,  0.000,  0.000
  0.018,300.248,  0.000,  0.000
  0.018,300.252,  0.000,  0.000
  0.019,300.221,  0.000,  0.000
  0.019,300.185,  0.000,  0.000
  0.019,300.164,  0.000,  0.000
  0.019,300.176,  0.000,  0.000
  0.019,300.197,  0.000,  0.000
  0.018,300.210,  0.000,  0.000
  0.018,300.201,  0.000,  0.000
  0.019,300.185,  0.000,  0.000
  0.019,300.162,  0.000,  0.000
  0.019,300.145,  0.000,  0.000
  0.019,300.135,  0.000,  0.000
  0.019,300.137,  0.000,  0.000
  0.019,300.140,  0.000,  0.000
  0.019,300.130,  0.000,  0.000
  0.019,300.118,  0.000,  0.000
  0.019,300.119,  0.000,  0.000
  0.019,300.126,  0.000,  0.000
  0.019,300.116,  0.000,  0.000
  0.019,300.087,  0.000,  0.000
  0.019,300.054,  0.000,  0.000
  0.019,300.065,  0.000,  0.000
  0.019,300.110,  0.000,  0.000
