  0.018,299.773,  0.000,  0.000
  0.018,299.769,  0.000,  0.000
  0.018,299.764,  0.000,  0.000
  0.018,299.759,  0.000,  0.000
  0.018,299.754,  0.000,  0.000
  0.018,299.749,  0.000,  0.000
  0.018,299.746,  0.000,  0.000
  0.018,299.743,  0.000,  0.000
  0.018,299.741,  0.000,  0.000
  0.018,299.739,  0.000,  0.810
  0.018,299.738,  0.000,  0.810
  0.018,299.736,  0.000,  0.810
  0.018,299.735,  0.000,  0.810
  0.018,299.735,  0.000,  3.090
  0.018,299.735,  0.000,  3.090
  0.018,299.736,  0.000,  3.090
  0.018,299.737,  0.000,  5.210
  0.018,299.740,  0.000,  5.210
  0.018,299.742,  0.000,  5.210
  0.018,299.745,  0.000,  5.210
  0.018,299.749,  0.000,  5.960
  0.018,299.753,  0.000,  5.960
  0.018,299.755,  0.000,  5.960
  0.018,299.775,  0.000,  4.600
  0.018,299.773,  0.000,  4.600
  0.018,299.781,  0.000,  0.000
  0.018,299.777,  0.000,  0.000
  0.018,299.772,  0.000,  0.000
  0.018,299.767,  0.000,  0.000
  0.018,299.762,  0.000,  0.000
  0.018,299.757,  0.000,  0.000
  0.018,299.754,  0.000,  0.000
  0.018,299.751,  0.000,  0.000
  0.018,299.749,  0.000,  0.000
  0.018,299.747,  0.000,  0.170
  0.018,299.745,  0.000,  0.170
  0.018,299.744,  0.000,  0.170
  0.018,299.743,  0.000,  0.170
  0.018,299.743,  0.000,  1.910
  0.018,299.743,  0.000,  1.910
  0.018,299.744,  0.000,  1.910
  0.018,299.745,  0.000,  4.340
  0.018,299.747,  0.000,  4.340
  0.018,299.750,  0.000,  4.340
  0.018,299.753,  0.000,  4.340
  0.018,299.756,  0.000,  2.170
  0.018,299.760,  0.000,  2.170
  0.018,299.764,  0.000,  2.170
  0.018,299.786,  0.000,  0.280
  0.018,299.787,  0.000,  0.280
  0.018,299.790,  0.000,  0.000
  0.018,299.785,  0.000,  0.000
  0.018,299.780,  0.000,  0.000
  0.018,299.775,  0.000,  0.000
  0.018,299.770,  0.000,  0.000
  0.018,299.765,  0.000,  0.000
  0.018,299.762,  0.000,  0.000
  0.018,299.759,  0.000,  0.000
  0.018,299.757,  0.000,  0.000
  0.018,299.755,  0.000,  0.170
  0.018,299.754,  0.000,  0.170
  0.018,299.752,  0.000,  0.170
  0.018,299.751,  0.000,  0.170
  0.018,299.751,  0.000,  1.910
  0.018,299.751,  0.000,  1.910
  0.018,299.752,  0.000,  1.910
  0.018,299.754,  0.000,  4.340
  0.018,299.756,  0.000,  4.340
  0.018,299.758,  0.000,  4.340
  0.018,299.761,  0.000,  4.340
  0.018,299.764,  0.000,  2.170
  0.018,299.767,  0.000,  2.170
  0.018,299.772,  0.000,  2.170
  0.018,299.793,  0.000,  0.280
  0.018,299.797,  0.000,  0.280
  0.018,299.798,  0.000,  0.000
  0.018,299.794,  0.000,  0.000
  0.018,299.789,  0.000,  0.000
  0.018,299.784,  0.000,  0.000
  0.018,299.779,  0.000,  0.000
  0.018,299.774,  0.000,  0.000
  0.018,299.770,  0.000,  0.000
  0.018,299.768,  0.000,  0.000
  0.018,299.766,  0.000,  0.000
  0.018,299.764,  0.000,  0.170
  0.018,299.762,  0.000,  0.170
  0.018,299.761,  0.000,  0.170
  0.018,299.760,  0.000,  0.170
  0.018,299.760,  0.000,  1.910
  0.018,299.760,  0.000,  1.910
  0.018,299.761,  0.000,  1.910
  0.018,299.762,  0.000,  4.340
  0.018,299.764,  0.000,  4.340
  0.018,299.766,  0.000,  4.340
  0.018,299.769,  0.000,  4.340
  0.018,299.772,  0.000,  2.170
  0.018,299.775,  0.000,  2.170
  0.018,299.779,  0.000,  2.170
  0.018,299.798,  0.000,  0.280
  0.018,299.802,  0.000,  0.280
  0.018,299.808,  0.000,  0.000
  0.018,299.803,  0.000,  0.000
  0.018,299.798,  0.000,  0.000
  0.018,299.793,  0.000,  0.000
  0.018,299.788,  0.000,  0.000
  0.018,299.783,  0.000,  0.000
  0.018,299.779,  0.000,  0.000
  0.018,299.777,  0.000,  0.000
  0.018,299.774,  0.000,  0.000
  0.018,299.772,  0.000,  0.170
  0.018,299.770,  0.000,  0.170
  0.018,299.769,  0.000,  0.170
  0.018,299.768,  0.000,  0.170
  0.018,299.768,  0.000,  1.910
  0.018,299.768,  0.000,  1.910
  0.018,299.769,  0.000,  1.910
  0.018,299.770,  0.000,  4.340
  0.018,299.772,  0.000,  4.340
  0.018,299.774,  0.000,  4.340
  0.018,299.777,  0.000,  4.340
  0.018,299.780,  0.000,  2.170
  0.018,299.782,  0.000,  2.170
  0.018,299.786,  0.000,  2.170
  0.018,299.803,  0.000,  0.280
  0.018,299.806,  0.000,  0.280
  0.018,299.817,  0.000,  0.480
  0.018,299.812,  0.000,  0.480
  0.018,299.807,  0.000,  0.260
  0.018,299.802,  0.000,  0.260
  0.018,299.797,  0.000,  0.260
  0.018,299.792,  0.000,  0.260
  0.018,299.788,  0.000,  0.000
  0.018,299.786,  0.000,  0.000
  0.018,299.783,  0.000,  0.000
  0.018,299.781,  0.000,  0.000
  0.018,299.779,  0.000,  0.000
  0.018,299.778,  0.000,  0.000
  0.018,299.777,  0.000,  0.000
  0.018,299.777,  0.000,  0.100
  0.018,299.777,  0.000,  0.100
  0.018,299.778,  0.000,  0.100
  0.018,299.779,  0.000,  0.250
  0.018,299.781,  0.000,  0.250
  0.018,299.783,  0.000,  0.250
  0.018,299.785,  0.000,  0.250
  0.018,299.787,  0.000,  0.140
  0.018,299.790,  0.000,  0.140
  0.018,299.793,  0.000,  0.140
  0.018,299.807,  0.000,  0.000
  0.018,299.811,  0.000,  0.000
  0.018,299.828,  0.000,  0.480
  0.018,299.822,  0.000,  0.480
  0.018,299.817,  0.000,  0.260
  0.018,299.812,  0.000,  0.260
  0.018,299.807,  0.000,  0.260
  0.018,299.802,  0.000,  0.260
  0.018,299.798,  0.000,  0.000
  0.018,299.795,  0.000,  0.000
  0.018,299.793,  0.000,  0.000
  0.018,299.791,  0.000,  0.000
  0.018,299.789,  0.000,  0.000
  0.018,299.787,  0.000,  0.000
  0.018,299.786,  0.000,  0.000
  0.018,299.786,  0.000,  0.100
  0.018,299.786,  0.000,  0.100
  0.018,299.786,  0.000,  0.100
  0.018,299.788,  0.000,  0.250
  0.018,299.789,  0.000,  0.250
  0.018,299.791,  0.000,  0.250
  0.018,299.793,  0.000,  0.250
  0.018,299.795,  0.000,  0.140
  0.018,299.797,  0.000,  0.140
  0.018,299.800,  0.000,  0.140
  0.018,299.812,  0.000,  0.000
  0.018,299.815,  0.000,  0.000
  0.018,299.839,  0.000,  0.480
  0.018,299.833,  0.000,  0.480
  0.018,299.828,  0.000,  0.260
  0.018,299.822,  0.000,  0.260
  0.018,299.817,  0.000,  0.260
  0.018,299.812,  0.000,  0.260
  0.018,299.808,  0.000,  0.000
  0.018,299.805,  0.000,  0.000
  0.018,299.803,  0.000,  0.000
  0.018,299.801,  0.000,  0.000
  0.018,299.799,  0.000,  0.000
  0.018,299.797,  0.000,  0.000
  0.018,299.796,  0.000,  0.000
  0.018,299.795,  0.000,  0.100
  0.018,299.795,  0.000,  0.100
  0.018,299.795,  0.000,  0.100
  0.018,299.796,  0.000,  0.250
  0.018,299.798,  0.000,  0.250
  0.018,299.799,  0.000,  0.250
  0.018,299.801,  0.000,  0.250
  0.018,299.803,  0.000,  0.140
  0.018,299.805,  0.000,  0.140
  0.018,299.807,  0.000,  0.140
  0.018,299.816,  0.000,  0.000
  0.018,299.819,  0.000,  0.000
  0.018,299.851,  0.000,  0.480
  0.018,299.845,  0.000,  0.480
  0.018,299.839,  0.000,  0.260
  0.018,299.834,  0.000,  0.260
  0.018,299.828,  0.000,  0.260
  0.018,299.823,  0.000,  0.260
  0.018,299.819,  0.000,  0.000
  0.018,299.816,  0.000,  0.000
  0.018,299.814,  0.000,  0.000
  0.018,299.811,  0.000,  0.000
  0.018,299.809,  0.000,  0.000
  0.018,299.808,  0.000,  0.000
  0.018,299.806,  0.000,  0.000
  0.018,299.806,  0.000,  0.100
  0.018,299.805,  0.000,  0.100
  0.018,299.805,  0.000,  0.100
  0.018,299.806,  0.000,  0.250
  0.018,299.807,  0.000,  0.250
  0.018,299.808,  0.000,  0.250
  0.018,299.810,  0.000,  0.250
  0.018,299.811,  0.000,  0.140
  0.018,299.813,  0.000,  0.140
  0.018,299.815,  0.000,  0.140
  0.018,299.821,  0.000,  0.000
  0.018,299.824,  0.000,  0.000
  0.018,299.863,  0.000,  1.000
  0.018,299.857,  0.000,  1.000
  0.018,299.851,  0.000,  0.940
  0.018,299.846,  0.000,  0.940
  0.018,299.840,  0.000,  0.940
  0.018,299.835,  0.000,  0.940
  0.018,299.831,  0.000,  0.530
  0.018,299.828,  0.000,  0.530
  0.018,299.825,  0.000,  0.530
  0.018,299.823,  0.000,  0.130
  0.018,299.821,  0.000,  0.130
  0.018,299.819,  0.000,  0.130
  0.018,299.817,  0.000,  0.130
  0.018,299.816,  0.000,  0.000
  0.018,299.816,  0.000,  0.000
  0.018,299.816,  0.000,  0.000
  0.018,299.816,  0.000,  0.000
  0.018,299.817,  0.000,  0.000
  0.018,299.818,  0.000,  0.000
  0.018,299.819,  0.000,  0.000
  0.018,299.820,  0.000,  0.000
  0.018,299.822,  0.000,  0.000
  0.018,299.824,  0.000,  0.000
  0.018,299.827,  0.000,  0.000
  0.018,299.829,  0.000,  0.000
  0.018,299.872,  0.000,  1.000
  0.018,299.866,  0.000,  1.000
  0.018,299.860,  0.000,  0.940
  0.018,299.855,  0.000,  0.940
  0.018,299.850,  0.000,  0.940
  0.018,299.846,  0.000,  0.940
  0.018,299.842,  0.000,  0.530
  0.018,299.838,  0.000,  0.530
  0.018,299.834,  0.000,  0.530
  0.018,299.831,  0.000,  0.130
  0.018,299.829,  0.000,  0.130
  0.018,299.827,  0.000,  0.130
  0.018,299.825,  0.000,  0.130
  0.018,299.824,  0.000,  0.000
  0.018,299.824,  0.000,  0.000
  0.018,299.824,  0.000,  0.000
  0.018,299.824,  0.000,  0.000
  0.018,299.825,  0.000,  0.000
  0.018,299.826,  0.000,  0.000
  0.018,299.828,  0.000,  0.000
  0.018,299.829,  0.000,  0.000
  0.018,299.830,  0.000,  0.000
  0.018,299.832,  0.000,  0.000
  0.018,299.833,  0.000,  0.000
  0.018,299.835,  0.000,  0.000
  0.018,299.884,  0.000,  1.000
  0.018,299.878,  0.000,  1.000
  0.018,299.871,  0.000,  0.940
  0.018,299.866,  0.000,  0.940
  0.018,299.860,  0.000,  0.940
  0.018,299.856,  0.000,  0.940
  0.018,299.852,  0.000,  0.530
  0.018,299.847,  0.000,  0.530
  0.018,299.844,  0.000,  0.530
  0.018,299.841,  0.000,  0.130
  0.018,299.838,  0.000,  0.130
  0.018,299.836,  0.000,  0.130
  0.018,299.835,  0.000,  0.130
  0.018,299.834,  0.000,  0.000
  0.018,299.833,  0.000,  0.000
  0.018,299.833,  0.000,  0.000
  0.018,299.833,  0.000,  0.000
  0.018,299.834,  0.000,  0.000
  0.018,299.835,  0.000,  0.000
  0.018,299.835,  0.000,  0.000
  0.018,299.836,  0.000,  0.000
  0.018,299.837,  0.000,  0.000
  0.018,299.838,  0.000,  0.000
  0.018,299.839,  0.000,  0.000
  0.018,299.840,  0.000,  0.000
  0.018,299.895,  0.000,  1.000
  0.018,299.889,  0.000,  1.000
  0.018,299.883,  0.000,  0.940
  0.018,299.876,  0.000,  0.940
  0.018,299.870,  0.000,  0.940
  0.018,299.866,  0.000,  0.940
  0.018,299.861,  0.000,  0.530
  0.018,299.857,  0.000,  0.530
  0.018,299.854,  0.000,  0.530
  0.018,299.850,  0.000,  0.130
  0.018,299.848,  0.000,  0.130
  0.018,299.846,  0.000,  0.130
  0.018,299.844,  0.000,  0.130
  0.018,299.843,  0.000,  0.000
  0.018,299.842,  0.000,  0.000
  0.018,299.842,  0.000,  0.000
  0.018,299.842,  0.000,  0.000
  0.018,299.842,  0.000,  0.000
  0.018,299.843,  0.000,  0.000
  0.018,299.843,  0.000,  0.000
  0.018,299.843,  0.000,  0.000
  0.018,299.844,  0.000,  0.000
  0.018,299.845,  0.000,  0.000
  0.018,299.845,  0.000,  0.000
  0.018,299.846,  0.000,  0.000
  0.018,299.906,  0.000, 11.810
  0.018,299.900,  0.000, 11.810
  0.018,299.894,  0.000,  7.660
  0.018,299.887,  0.000,  7.660
  0.018,299.880,  0.000,  7.660
  0.018,299.875,  0.000,  7.660
  0.018,299.871,  0.000,  1.060
  0.018,299.867,  0.000,  1.060
  0.018,299.863,  0.000,  1.060
  0.018,299.860,  0.000,  0.330
  0.018,299.857,  0.000,  0.330
  0.018,299.855,  0.000,  0.330
  0.018,299.853,  0.000,  0.330
  0.018,299.852,  0.000,  0.070
  0.018,299.851,  0.000,  0.070
  0.018,299.851,  0.000,  0.070
  0.018,299.851,  0.000,  0.000
  0.018,299.851,  0.000,  0.000
  0.018,299.851,  0.000,  0.000
  0.018,299.851,  0.000,  0.000
  0.018,299.851,  0.000,  0.000
  0.018,299.851,  0.000,  0.000
  0.018,299.851,  0.000,  0.000
  0.018,299.851,  0.000,  0.000
  0.018,299.851,  0.000,  0.000
  0.018,299.917,  0.000, 11.810
  0.018,299.910,  0.000, 11.810
  0.018,299.904,  0.000,  7.660
  0.018,299.897,  0.000,  7.660
  0.018,299.891,  0.000,  7.660
  0.018,299.885,  0.000,  7.660
  0.018,299.880,  0.000,  1.060
  0.018,299.876,  0.000,  1.060
  0.018,299.872,  0.000,  1.060
  0.018,299.869,  0.000,  0.330
  0.018,299.866,  0.000,  0.330
  0.018,299.864,  0.000,  0.330
  0.018,299.862,  0.000,  0.330
  0.018,299.861,  0.000,  0.070
  0.018,299.860,  0.000,  0.070
  0.018,299.859,  0.000,  0.070
  0.018,299.859,  0.000,  0.000
  0.018,299.859,  0.000,  0.000
  0.018,299.859,  0.000,  0.000
  0.018,299.858,  0.000,  0.000
  0.018,299.858,  0.000,  0.000
  0.018,299.857,  0.000,  0.000
  0.018,299.857,  0.000,  0.000
  0.018,299.857,  0.000,  0.000
  0.018,299.856,  0.000,  0.000
