  0.019,299.652,  0.000,  0.000
  0.019,299.642,  0.000,  0.000
  0.019,299.615,  0.000,  0.000
  0.018,299.446,  0.000,  0.000
  0.018,299.378,  0.000,  0.000
  0.018,299.315,  0.000,  0.000
  0.019,299.456,  0.000,  0.210
  0.019,299.536,  0.000,  0.210
  0.018,299.595,  0.000,  0.210
  0.018,299.696,  0.000,  0.880
  0.018,299.672,  0.000,  0.880
  0.018,299.707,  0.000,  0.880
  0.018,299.718,  0.000,  0.880
  0.018,299.689,  0.000,  0.880
  0.018,299.652,  0.000,  0.880
  0.018,299.621,  0.000,  0.880
  0.018,299.620,  0.000,  0.330
  0.018,299.624,  0.000,  0.330
  0.018,299.612,  0.000,  0.330
  0.018,299.592,  0.000,  0.330
  0.018,299.572,  0.000,  0.310
  0.018,299.558,  0.000,  0.310
  0.018,299.555,  0.000,  0.310
  0.018,299.571,  0.000,  0.600
  0.018,299.556,  0.000,  0.600
  0.019,299.648,  0.000,  0.000
  0.019,299.619,  0.000,  0.000
  0.019,299.605,  0.000,  0.000
  0.019,299.600,  0.000,  0.000
  0.019,299.598,  0.000,  0.000
  0.019,299.616,  0.000,  0.000
  0.019,299.679,  0.000,  0.190
  0.019,299.754,  0.000,  0.190
  0.019,299.786,  0.000,  0.190
  0.019,299.778,  0.000,  0.850
  0.018,299.693,  0.000,  0.850
  0.018,299.693,  0.000,  0.850
  0.018,299.694,  0.000,  0.850
  0.018,299.686,  0.000,  0.850
  0.018,299.687,  0.000,  0.850
  0.018,299.690,  0.000,  0.850
  0.018,299.681,  0.000,  0.830
  0.018,299.661,  0.000,  0.830
  0.018,299.631,  0.000,  0.830
  0.018,299.615,  0.000,  0.830
  0.018,299.611,  0.000,  0.320
  0.018,299.606,  0.000,  0.320
  0.018,299.602,  0.000,  0.320
  0.018,299.612,  0.000,  0.300
  0.018,299.584,  0.000,  0.300
  0.019,299.667,  0.000,  0.000
  0.019,299.655,  0.000,  0.000
  0.019,299.682,  0.000,  0.000
  0.019,299.747,  0.000,  0.000
  0.019,299.792,  0.000,  0.000
  0.019,299.785,  0.000,  0.000
  0.019,299.783,  0.000,  0.190
  0.019,299.810,  0.000,  0.190
  0.019,299.818,  0.000,  0.190
  0.018,299.733,  0.000,  0.850
  0.018,299.725,  0.000,  0.850
  0.018,299.720,  0.000,  0.850
  0.018,299.696,  0.000,  0.850
  0.018,299.677,  0.000,  0.850
  0.018,299.686,  0.000,  0.850
  0.018,299.708,  0.000,  0.850
  0.018,299.711,  0.000,  0.830
  0.018,299.686,  0.000,  0.830
  0.018,299.651,  0.000,  0.830
  0.018,299.638,  0.000,  0.830
  0.018,299.634,  0.000,  0.320
  0.018,299.605,  0.000,  0.320
  0.018,299.576,  0.000,  0.320
  0.018,299.577,  0.000,  0.300
  0.018,299.573,  0.000,  0.300
  0.019,299.683,  0.000,  0.000
  0.019,299.735,  0.000,  0.000
  0.019,299.817,  0.000,  0.000
  0.019,299.857,  0.000,  0.000
  0.019,299.830,  0.000,  0.000
  0.019,299.805,  0.000,  0.000
  0.018,299.742,  0.000,  0.190
  0.018,299.767,  0.000,  0.190
  0.018,299.777,  0.000,  0.190
  0.018,299.779,  0.000,  0.850
  0.018,299.770,  0.000,  0.850
  0.018,299.748,  0.000,  0.850
  0.018,299.730,  0.000,  0.850
  0.018,299.714,  0.000,  0.850
  0.018,299.702,  0.000,  0.850
  0.018,299.704,  0.000,  0.850
  0.018,299.708,  0.000,  0.830
  0.018,299.700,  0.000,  0.830
  0.018,299.683,  0.000,  0.830
  0.018,299.670,  0.000,  0.830
  0.018,299.656,  0.000,  0.320
  0.018,299.632,  0.000,  0.320
  0.018,299.597,  0.000,  0.320
  0.018,299.585,  0.000,  0.300
  0.018,299.583,  0.000,  0.300
  0.019,299.831,  0.000,  0.000
  0.019,299.885,  0.000,  0.000
  0.019,299.880,  0.000,  0.000
  0.019,299.842,  0.000,  0.000
  0.019,299.804,  0.000,  0.000
  0.019,299.786,  0.000,  0.000
  0.018,299.757,  0.000,  0.190
  0.018,299.793,  0.000,  0.190
  0.018,299.824,  0.000,  0.190
  0.018,299.841,  0.000,  0.850
  0.018,299.820,  0.000,  0.850
  0.018,299.776,  0.000,  0.850
  0.018,299.757,  0.000,  0.850
  0.018,299.750,  0.000,  0.850
  0.018,299.733,  0.000,  0.850
  0.018,299.711,  0.000,  0.850
  0.018,299.694,  0.000,  0.830
  0.018,299.685,  0.000,  0.830
  0.018,299.685,  0.000,  0.830
  0.018,299.673,  0.000,  0.830
  0.018,299.649,  0.000,  0.320
  0.018,299.624,  0.000,  0.320
  0.018,299.605,  0.000,  0.320
  0.018,299.602,  0.000,  0.300
  0.018,299.597,  0.000,  0.300
  0.018,299.891,  0.000,  0.000
  0.018,299.958,  0.000,  0.000
  0.019,299.906,  0.000,  0.000
  0.018,299.686,  0.000,  0.000
  0.018,299.548,  0.000,  0.000
  0.018,299.548,  0.000,  0.000
  0.019,299.783,  0.000,  0.390
  0.018,299.830,  0.000,  0.390
  0.018,299.849,  0.000,  0.390
  0.018,299.835,  0.000,  0.410
  0.018,299.816,  0.000,  0.410
  0.018,299.786,  0.000,  0.410
  0.018,299.766,  0.000,  0.410
  0.018,299.761,  0.000,  0.420
  0.018,299.757,  0.000,  0.420
  0.018,299.743,  0.000,  0.420
  0.018,299.711,  0.000,  0.410
  0.018,299.683,  0.000,  0.410
  0.018,299.682,  0.000,  0.410
  0.018,299.684,  0.000,  0.410
  0.018,299.671,  0.000,  0.150
  0.018,299.653,  0.000,  0.150
  0.018,299.640,  0.000,  0.150
  0.018,299.637,  0.000,  0.290
  0.018,299.615,  0.000,  0.290
  0.018,299.855,  0.000,  0.000
  0.018,299.920,  0.000,  0.000
  0.019,299.855,  0.000,  0.000
  0.018,299.547,  0.000,  0.000
  0.019,299.526,  0.000,  0.000
  0.019,299.530,  0.000,  0.000
  0.019,299.678,  0.000,  0.390
  0.019,299.856,  0.000,  0.390
  0.018,299.851,  0.000,  0.390
  0.018,299.819,  0.000,  0.410
  0.018,299.796,  0.000,  0.410
  0.018,299.781,  0.000,  0.410
  0.018,299.780,  0.000,  0.410
  0.018,299.785,  0.000,  0.420
  0.018,299.766,  0.000,  0.420
  0.018,299.731,  0.000,  0.420
  0.018,299.709,  0.000,  0.410
  0.018,299.710,  0.000,  0.410
  0.018,299.707,  0.000,  0.410
  0.018,299.690,  0.000,  0.410
  0.018,299.673,  0.000,  0.150
  0.018,299.658,  0.000,  0.150
  0.018,299.633,  0.000,  0.150
  0.018,299.610,  0.000,  0.290
  0.018,299.590,  0.000,  0.290
  0.019,299.840,  0.000,  0.000
  0.019,299.857,  0.000,  0.000
  0.019,299.798,  0.000,  0.000
  0.018,299.567,  0.000,  0.000
  0.018,299.441,  0.000,  0.000
  0.019,299.512,  0.000,  0.000
  0.019,299.512,  0.000,  0.390
  0.019,299.711,  0.000,  0.390
  0.018,299.851,  0.000,  0.390
  0.018,299.847,  0.000,  0.410
  0.018,299.817,  0.000,  0.410
  0.018,299.820,  0.000,  0.410
  0.018,299.804,  0.000,  0.410
  0.018,299.782,  0.000,  0.420
  0.018,299.751,  0.000,  0.420
  0.018,299.732,  0.000,  0.420
  0.018,299.762,  0.000,  0.410
  0.018,299.761,  0.000,  0.410
  0.018,299.718,  0.000,  0.410
  0.018,299.678,  0.000,  0.410
  0.018,299.652,  0.000,  0.150
  0.018,299.636,  0.000,  0.150
  0.018,299.627,  0.000,  0.150
  0.018,299.632,  0.000,  0.290
  0.018,299.638,  0.000,  0.290
  0.019,299.849,  0.000,  0.000
  0.019,299.818,  0.000,  0.000
  0.019,299.766,  0.000,  0.000
  0.019,299.694,  0.000,  0.000
  0.019,299.613,  0.000,  0.000
  0.019,299.514,  0.000,  0.000
  0.019,299.458,  0.000,  0.390
  0.019,299.676,  0.000,  0.390
  0.018,299.941,  0.000,  0.390
  0.018,299.919,  0.000,  0.410
  0.018,299.862,  0.000,  0.410
  0.018,299.849,  0.000,  0.410
  0.018,299.781,  0.000,  0.410
  0.018,299.754,  0.000,  0.420
  0.018,299.784,  0.000,  0.420
  0.018,299.813,  0.000,  0.420
  0.018,299.814,  0.000,  0.410
  0.018,299.751,  0.000,  0.410
  0.018,299.700,  0.000,  0.410
  0.018,299.681,  0.000,  0.410
  0.018,299.674,  0.000,  0.150
  0.018,299.669,  0.000,  0.150
  0.018,299.669,  0.000,  0.150
  0.018,299.673,  0.000,  0.290
  0.018,299.664,  0.000,  0.290
  0.019,299.859,  0.000,  0.000
  0.019,299.833,  0.000,  0.000
  0.019,299.807,  0.000,  0.000
  0.019,299.755,  0.000,  0.000
  0.019,299.703,  0.000,  0.000
  0.019,299.684,  0.000,  0.000
  0.019,299.780,  0.000,  0.000
  0.019,299.975,  0.000,  0.000
  0.018,299.983,  0.000,  0.000
  0.018,299.922,  0.000,  0.130
  0.018,299.914,  0.000,  0.130
  0.018,299.888,  0.000,  0.130
  0.018,299.851,  0.000,  0.130
  0.018,299.840,  0.000,  0.410
  0.018,299.849,  0.000,  0.410
  0.018,299.855,  0.000,  0.410
  0.018,299.827,  0.000,  0.410
  0.018,299.769,  0.000,  0.410
  0.018,299.735,  0.000,  0.410
  0.018,299.743,  0.000,  0.410
  0.018,299.749,  0.000,  0.150
  0.018,299.720,  0.000,  0.150
  0.018,299.678,  0.000,  0.150
  0.018,299.656,  0.000,  0.470
  0.018,299.658,  0.000,  0.470
  0.019,299.906,  0.000,  0.000
  0.019,299.821,  0.000,  0.000
  0.019,299.757,  0.000,  0.000
  0.018,299.755,  0.000,  0.000
  0.018,299.864,  0.000,  0.000
  0.018,299.996,  0.000,  0.000
  0.018,300.022,  0.000,  0.000
  0.018,299.963,  0.000,  0.000
  0.018,299.980,  0.000,  0.000
  0.018,299.969,  0.000,  0.130
  0.018,299.922,  0.000,  0.130
  0.018,299.899,  0.000,  0.130
  0.018,299.884,  0.000,  0.130
  0.018,299.870,  0.000,  0.410
  0.018,299.864,  0.000,  0.410
  0.018,299.853,  0.000,  0.410
  0.018,299.835,  0.000,  0.410
  0.018,299.797,  0.000,  0.410
  0.018,299.757,  0.000,  0.410
  0.018,299.742,  0.000,  0.410
  0.018,299.743,  0.000,  0.150
  0.018,299.728,  0.000,  0.150
  0.018,299.683,  0.000,  0.150
  0.018,299.650,  0.000,  0.470
  0.018,299.655,  0.000,  0.470
  0.018,299.922,  0.000,  0.000
  0.019,299.862,  0.000,  0.000
  0.019,299.816,  0.000,  0.000
  0.019,299.858,  0.000,  0.000
  0.018,299.982,  0.000,  0.000
  0.018,300.055,  0.000,  0.000
  0.018,300.039,  0.000,  0.000
  0.018,299.973,  0.000,  0.000
  0.018,299.968,  0.000,  0.000
  0.018,299.952,  0.000,  0.130
  0.018,299.923,  0.000,  0.130
  0.018,299.899,  0.000,  0.130
  0.018,299.883,  0.000,  0.130
  0.018,299.867,  0.000,  0.410
  0.018,299.850,  0.000,  0.410
  0.018,299.837,  0.000,  0.410
  0.018,299.828,  0.000,  0.410
  0.018,299.809,  0.000,  0.410
  0.018,299.780,  0.000,  0.410
  0.018,299.751,  0.000,  0.410
  0.018,299.753,  0.000,  0.150
  0.018,299.764,  0.000,  0.150
  0.018,299.745,  0.000,  0.150
  0.018,299.700,  0.000,  0.470
  0.018,299.667,  0.000,  0.470
  0.018,299.870,  0.000,  0.000
  0.018,299.861,  0.000,  0.000
  0.019,299.862,  0.000,  0.000
  0.019,299.919,  0.000,  0.000
  0.018,300.007,  0.000,  0.000
  0.018,300.054,  0.000,  0.000
  0.018,300.044,  0.000,  0.000
  0.019,300.026,  0.000,  0.000
  0.018,299.972,  0.000,  0.000
  0.018,299.956,  0.000,  0.130
  0.018,299.938,  0.000,  0.130
  0.018,299.928,  0.000,  0.130
  0.018,299.910,  0.000,  0.130
  0.018,299.883,  0.000,  0.410
  0.018,299.860,  0.000,  0.410
  0.018,299.857,  0.000,  0.410
  0.018,299.858,  0.000,  0.410
  0.018,299.841,  0.000,  0.410
  0.018,299.812,  0.000,  0.410
  0.018,299.782,  0.000,  0.410
  0.018,299.763,  0.000,  0.150
  0.018,299.756,  0.000,  0.150
  0.018,299.753,  0.000,  0.150
  0.018,299.739,  0.000,  0.470
  0.018,299.707,  0.000,  0.470
  0.018,299.901,  0.000,  0.000
  0.018,299.905,  0.000,  0.000
  0.019,299.899,  0.000,  0.000
  0.019,299.922,  0.000,  0.000
  0.019,299.973,  0.000,  0.000
  0.018,300.013,  0.000,  0.000
  0.018,300.024,  0.000,  0.000
  0.018,300.030,  0.000,  0.000
  0.018,300.040,  0.000,  0.000
  0.018,299.984,  0.000,  0.300
  0.018,299.963,  0.000,  0.300
  0.018,299.941,  0.000,  0.300
  0.018,299.911,  0.000,  0.300
  0.018,299.880,  0.000,  0.310
  0.018,299.863,  0.000,  0.310
  0.018,299.865,  0.000,  0.310
  0.018,299.861,  0.000,  0.330
  0.018,299.840,  0.000,  0.330
  0.018,299.824,  0.000,  0.330
  0.018,299.818,  0.000,  0.330
  0.018,299.808,  0.000,  0.100
  0.018,299.786,  0.000,  0.100
  0.018,299.761,  0.000,  0.100
  0.018,299.738,  0.000,  0.070
  0.018,299.708,  0.000,  0.070
  0.018,299.923,  0.000,  0.000
  0.018,299.923,  0.000,  0.000
  0.019,299.905,  0.000,  0.000
  0.019,299.904,  0.000,  0.000
  0.019,299.936,  0.000,  0.000
  0.019,299.969,  0.000,  0.000
  0.019,299.989,  0.000,  0.000
  0.018,300.011,  0.000,  0.000
  0.017,299.978,  0.000,  0.000
  0.018,299.966,  0.000,  0.300
  0.018,299.948,  0.000,  0.300
  0.018,299.934,  0.000,  0.300
  0.018,299.902,  0.000,  0.300
  0.018,299.866,  0.000,  0.310
  0.018,299.854,  0.000,  0.310
  0.018,299.852,  0.000,  0.310
  0.018,299.844,  0.000,  0.330
  0.018,299.839,  0.000,  0.330
  0.018,299.832,  0.000,  0.330
  0.018,299.818,  0.000,  0.330
  0.018,299.805,  0.000,  0.100
  0.018,299.792,  0.000,  0.100
  0.018,299.776,  0.000,  0.100
  0.018,299.756,  0.000,  0.070
  0.018,299.735,  0.000,  0.070
