  0.017,300.613,  0.002,  0.000
  0.017,300.620,  0.013,  0.000
  0.017,300.615,  0.184,  0.000
  0.017,300.614,  0.545,  0.000
  0.017,300.615,  0.322,  0.000
  0.017,300.618,  0.053,  0.000
  0.017,300.626,  0.007,  0.000
  0.017,300.638,  0.033,  0.000
  0.017,300.651,  0.590,  0.000
  0.017,300.652,  0.759,  0.000
  0.017,300.632,  0.738,  0.000
  0.017,300.610,  0.479,  0.000
  0.017,300.613,  0.152,  0.000
  0.017,300.629,  0.020,  0.000
  0.018,300.635,  0.002,  0.000
  0.018,300.616,  0.001,  0.000
  0.018,300.588,  0.000,  0.000
  0.018,300.576,  0.001,  0.000
  0.018,300.577,  0.040,  0.000
  0.018,300.573,  0.199,  0.000
  0.018,300.565,  0.177,  0.000
  0.018,300.559,  0.052,  0.000
  0.018,300.555,  0.004,  0.000
  0.018,300.555,  0.000,  0.000
  0.018,300.531,  0.000,  0.000
  0.017,300.616,  0.003,  0.000
  0.017,300.621,  0.031,  0.000
  0.017,300.617,  0.204,  0.000
  0.017,300.613,  0.200,  0.000
  0.018,300.609,  0.050,  0.000
  0.018,300.608,  0.005,  0.000
  0.018,300.617,  0.001,  0.000
  0.017,300.637,  0.022,  0.000
  0.017,300.660,  0.097,  0.000
  0.017,300.662,  0.149,  0.000
  0.017,300.635,  0.317,  0.000
  0.017,300.612,  0.229,  0.000
  0.017,300.616,  0.049,  0.000
  0.018,300.631,  0.003,  0.000
  0.018,300.635,  0.000,  0.000
  0.017,300.623,  0.000,  0.000
  0.017,300.605,  0.001,  0.000
  0.017,300.592,  0.001,  0.000
  0.017,300.584,  0.096,  0.000
  0.017,300.578,  0.260,  0.000
  0.017,300.576,  0.136,  0.000
  0.018,300.574,  0.022,  0.000
  0.017,300.562,  0.002,  0.000
  0.018,300.548,  0.000,  0.000
  0.018,300.515,  0.000,  0.000
  0.017,300.608,  0.002,  0.000
  0.017,300.615,  0.034,  0.000
  0.017,300.613,  0.055,  0.000
  0.017,300.606,  0.024,  0.000
  0.018,300.602,  0.005,  0.000
  0.018,300.605,  0.002,  0.000
  0.018,300.618,  0.000,  0.000
  0.017,300.641,  0.000,  0.000
  0.017,300.666,  0.003,  0.000
  0.017,300.669,  0.014,  0.000
  0.017,300.647,  0.045,  0.000
  0.017,300.627,  0.034,  0.000
  0.018,300.624,  0.006,  0.000
  0.018,300.629,  0.001,  0.000
  0.017,300.632,  0.000,  0.000
  0.017,300.629,  0.000,  0.000
  0.017,300.618,  0.000,  0.000
  0.017,300.603,  0.000,  0.000
  0.017,300.589,  0.061,  0.000
  0.017,300.584,  0.103,  0.000
  0.017,300.585,  0.039,  0.000
  0.017,300.578,  0.004,  0.000
  0.017,300.552,  0.000,  0.000
  0.018,300.532,  0.000,  0.000
  0.018,300.502,  0.000,  0.000
  0.018,300.596,  0.004,  0.000
  0.017,300.607,  0.010,  0.000
  0.017,300.606,  0.007,  0.000
  0.017,300.600,  0.003,  0.000
  0.018,300.600,  0.002,  0.000
  0.018,300.610,  0.000,  0.000
  0.017,300.626,  0.000,  0.000
  0.017,300.646,  0.001,  0.000
  0.017,300.664,  0.011,  0.000
  0.017,300.668,  0.038,  0.000
  0.017,300.658,  0.057,  0.000
  0.017,300.647,  0.026,  0.000
  0.018,300.638,  0.003,  0.000
  0.018,300.633,  0.000,  0.000
  0.017,300.632,  0.000,  0.000
  0.017,300.631,  0.000,  0.000
  0.017,300.622,  0.000,  0.000
  0.017,300.609,  0.000,  0.000
  0.017,300.595,  0.001,  0.000
  0.017,300.589,  0.003,  0.000
  0.017,300.583,  0.002,  0.000
  0.017,300.564,  0.000,  0.000
  0.017,300.535,  0.000,  0.000
  0.018,300.520,  0.000,  0.000
  0.018,300.502,  0.000,  0.000
  0.018,300.591,  0.001,  0.000
  0.018,300.603,  0.001,  0.000
  0.017,300.606,  0.002,  0.000
  0.017,300.604,  0.001,  0.000
  0.017,300.606,  0.001,  0.000
  0.018,300.615,  0.000,  0.000
  0.018,300.627,  0.001,  0.000
  0.018,300.638,  0.008,  0.000
  0.017,300.650,  0.029,  0.000
  0.017,300.662,  0.047,  0.000
  0.017,300.672,  0.027,  0.000
  0.017,300.668,  0.006,  0.000
  0.017,300.654,  0.000,  0.000
  0.017,300.640,  0.000,  0.000
  0.017,300.635,  0.000,  0.000
  0.017,300.633,  0.000,  0.000
  0.017,300.627,  0.000,  0.000
  0.017,300.618,  0.000,  0.000
  0.017,300.605,  0.001,  0.000
  0.018,300.589,  0.001,  0.000
  0.018,300.568,  0.001,  0.000
  0.018,300.548,  0.000,  0.000
  0.018,300.529,  0.000,  0.000
  0.018,300.525,  0.000,  0.000
  0.018,300.514,  0.000,  0.000
  0.018,300.599,  0.000,  0.000
  0.018,300.609,  0.001,  0.000
  0.017,300.614,  0.001,  0.000
  0.017,300.614,  0.003,  0.000
  0.017,300.610,  0.017,  0.000
  0.018,300.611,  0.018,  0.000
  0.018,300.618,  0.012,  0.000
  0.018,300.628,  0.025,  0.000
  0.018,300.637,  0.037,  0.000
  0.018,300.658,  0.018,  0.000
  0.017,300.679,  0.003,  0.000
  0.017,300.680,  0.001,  0.000
  0.017,300.665,  0.000,  0.000
  0.017,300.649,  0.000,  0.000
  0.017,300.648,  0.000,  0.000
  0.017,300.650,  0.000,  0.000
  0.018,300.644,  0.000,  0.000
  0.018,300.628,  0.000,  0.000
  0.018,300.606,  0.000,  0.000
  0.018,300.583,  0.000,  0.000
  0.018,300.563,  0.000,  0.000
  0.018,300.549,  0.000,  0.000
  0.018,300.539,  0.000,  0.000
  0.018,300.532,  0.000,  0.000
  0.018,300.513,  0.000,  0.000
  0.018,300.620,  0.000,  0.000
  0.018,300.618,  0.001,  0.000
  0.018,300.616,  0.005,  0.000
  0.018,300.614,  0.025,  0.000
  0.018,300.607,  0.083,  0.000
  0.018,300.603,  0.085,  0.000
  0.018,300.608,  0.040,  0.000
  0.018,300.621,  0.030,  0.000
  0.018,300.636,  0.013,  0.000
  0.018,300.656,  0.002,  0.000
  0.017,300.675,  0.000,  0.000
  0.017,300.682,  0.000,  0.000
  0.017,300.668,  0.000,  0.000
  0.017,300.656,  0.000,  0.000
  0.017,300.670,  0.000,  0.000
  0.018,300.684,  0.000,  0.000
  0.018,300.664,  0.000,  0.000
  0.018,300.631,  0.000,  0.000
  0.018,300.606,  0.000,  0.000
  0.018,300.591,  0.000,  0.000
  0.018,300.583,  0.000,  0.000
  0.018,300.571,  0.000,  0.000
  0.018,300.546,  0.000,  0.000
  0.018,300.517,  0.000,  0.000
  0.018,300.487,  0.000,  0.000
  0.018,300.642,  0.001,  0.000
  0.018,300.626,  0.010,  0.000
  0.018,300.613,  0.039,  0.000
  0.018,300.604,  0.097,  0.000
  0.018,300.600,  0.157,  0.000
  0.018,300.601,  0.121,  0.000
  0.018,300.607,  0.044,  0.000
  0.018,300.623,  0.010,  0.000
  0.018,300.647,  0.001,  0.000
  0.018,300.663,  0.000,  0.000
  0.017,300.671,  0.000,  0.000
  0.017,300.676,  0.000,  0.000
  0.017,300.664,  0.000,  0.000
  0.017,300.665,  0.000,  0.000
  0.017,300.701,  0.000,  0.000
  0.018,300.715,  0.000,  0.000
  0.018,300.672,  0.000,  0.000
  0.018,300.627,  0.000,  0.000
  0.018,300.613,  0.000,  0.000
  0.018,300.615,  0.000,  0.000
  0.017,300.612,  0.000,  0.000
  0.017,300.591,  0.000,  0.000
  0.017,300.545,  0.000,  0.000
  0.018,300.497,  0.000,  0.000
  0.018,300.464,  0.000,  0.000
  0.017,300.661,  0.012,  0.000
  0.018,300.640,  0.058,  0.000
  0.018,300.618,  0.133,  0.000
  0.018,300.603,  0.173,  0.000
  0.018,300.602,  0.127,  0.000
  0.018,300.609,  0.052,  0.000
  0.018,300.615,  0.012,  0.000
  0.018,300.633,  0.001,  0.000
  0.018,300.663,  0.001,  0.000
  0.018,300.680,  0.000,  0.000
  0.018,300.677,  0.000,  0.000
  0.017,300.672,  0.000,  0.000
  0.017,300.666,  0.000,  0.000
  0.017,300.687,  0.000,  0.000
  0.017,300.726,  0.000,  0.000
  0.018,300.718,  0.000,  0.000
  0.018,300.662,  0.000,  0.000
  0.018,300.625,  0.000,  0.000
  0.017,300.622,  0.000,  0.000
  0.017,300.631,  0.000,  0.000
  0.017,300.630,  0.000,  0.000
  0.017,300.608,  0.000,  0.000
  0.018,300.556,  0.000,  0.000
  0.018,300.502,  0.000,  0.000
  0.018,300.473,  0.000,  0.000
  0.017,300.689,  0.057,  0.000
  0.018,300.671,  0.153,  0.000
  0.018,300.644,  0.197,  0.000
  0.018,300.622,  0.130,  0.000
  0.018,300.617,  0.050,  0.000
  0.018,300.624,  0.012,  0.000
  0.018,300.633,  0.002,  0.000
  0.018,300.651,  0.000,  0.000
  0.018,300.678,  0.000,  0.000
  0.018,300.688,  0.000,  0.000
  0.018,300.680,  0.000,  0.000
  0.018,300.674,  0.000,  0.000
  0.017,300.683,  0.000,  0.000
  0.018,300.711,  0.000,  0.000
  0.018,300.724,  0.000,  0.000
  0.018,300.692,  0.000,  0.000
  0.018,300.646,  0.000,  0.000
  0.017,300.622,  0.000,  0.000
  0.017,300.628,  0.000,  0.000
  0.017,300.647,  0.000,  0.000
  0.017,300.646,  0.000,  0.000
  0.018,300.619,  0.000,  0.000
  0.018,300.572,  0.000,  0.000
  0.018,300.534,  0.000,  0.000
  0.018,300.520,  0.000,  0.000
  0.018,300.729,  0.109,  0.000
  0.018,300.712,  0.166,  0.000
  0.018,300.686,  0.112,  0.000
  0.018,300.659,  0.041,  0.000
  0.018,300.646,  0.011,  0.000
  0.018,300.650,  0.002,  0.000
  0.018,300.664,  0.000,  0.000
  0.018,300.680,  0.000,  0.000
  0.018,300.695,  0.000,  0.000
  0.018,300.690,  0.000,  0.000
  0.018,300.676,  0.000,  0.000
  0.018,300.681,  0.000,  0.000
  0.018,300.701,  0.000,  0.000
  0.018,300.712,  0.000,  0.000
  0.018,300.695,  0.000,  0.000
  0.018,300.660,  0.000,  0.000
  0.018,300.630,  0.000,  0.000
  0.017,300.624,  0.000,  0.000
  0.017,300.645,  0.000,  0.000
  0.017,300.659,  0.000,  0.000
  0.018,300.646,  0.000,  0.000
  0.018,300.619,  0.000,  0.000
  0.018,300.594,  0.000,  0.000
  0.018,300.576,  0.000,  0.000
  0.017,300.558,  0.000,  0.000
  0.018,300.765,  0.080,  0.000
  0.017,300.745,  0.058,  0.000
  0.018,300.717,  0.022,  0.000
  0.018,300.691,  0.007,  0.000
  0.018,300.677,  0.001,  0.000
  0.018,300.679,  0.000,  0.000
  0.018,300.691,  0.000,  0.000
  0.018,300.703,  0.000,  0.000
  0.018,300.703,  0.000,  0.000
  0.018,300.686,  0.000,  0.000
  0.018,300.671,  0.000,  0.000
  0.018,300.682,  0.000,  0.000
  0.018,300.701,  0.000,  0.000
  0.018,300.695,  0.000,  0.000
  0.018,300.666,  0.000,  0.000
  0.018,300.640,  0.000,  0.000
  0.017,300.626,  0.000,  0.000
  0.017,300.636,  0.000,  0.000
  0.018,300.654,  0.000,  0.000
  0.018,300.652,  0.000,  0.000
  0.018,300.634,  0.000,  0.000
  0.018,300.616,  0.000,  0.000
  0.017,300.602,  0.001,  0.000
  0.017,300.584,  0.001,  0.000
  0.017,300.561,  0.000,  0.000
  0.017,300.771,  0.017,  0.000
  0.017,300.751,  0.005,  0.000
  0.017,300.725,  0.002,  0.000
  0.018,300.704,  0.001,  0.000
  0.018,300.695,  0.000,  0.000
  0.018,300.696,  0.000,  0.000
  0.018,300.701,  0.000,  0.000
  0.018,300.703,  0.000,  0.000
  0.018,300.694,  0.000,  0.000
  0.018,300.678,  0.000,  0.000
  0.018,300.672,  0.000,  0.000
  0.018,300.690,  0.000,  0.000
  0.018,300.700,  0.000,  0.000
  0.018,300.686,  0.000,  0.000
  0.018,300.660,  0.000,  0.000
  0.017,300.643,  0.000,  0.000
  0.017,300.639,  0.000,  0.000
  0.018,300.646,  0.000,  0.000
  0.018,300.650,  0.000,  0.000
  0.018,300.640,  0.000,  0.000
  0.017,300.618,  0.000,  0.000
  0.017,300.602,  0.000,  0.000
  0.017,300.589,  0.001,  0.000
  0.017,300.573,  0.001,  0.000
  0.018,300.555,  0.002,  0.000
  0.017,300.741,  0.001,  0.000
  0.017,300.734,  0.001,  0.000
  0.017,300.725,  0.000,  0.000
  0.018,300.719,  0.000,  0.000
  0.018,300.716,  0.000,  0.000
  0.018,300.710,  0.000,  0.000
  0.018,300.700,  0.000,  0.000
  0.018,300.686,  0.000,  0.000
  0.018,300.673,  0.000,  0.000
  0.018,300.667,  0.000,  0.000
  0.018,300.682,  0.000,  0.000
  0.018,300.703,  0.000,  0.000
  0.017,300.710,  0.000,  0.000
  0.017,300.693,  0.000,  0.000
  0.017,300.672,  0.000,  0.000
  0.017,300.657,  0.000,  0.000
  0.018,300.651,  0.000,  0.000
  0.018,300.651,  0.000,  0.000
  0.018,300.646,  0.000,  0.000
  0.017,300.621,  0.000,  0.000
  0.017,300.598,  0.001,  0.000
  0.017,300.590,  0.001,  0.000
  0.018,300.582,  0.001,  0.000
  0.018,300.566,  0.006,  0.000
  0.018,300.554,  0.116,  0.000
  0.018,300.714,  0.000,  0.000
  0.018,300.724,  0.000,  0.000
  0.018,300.742,  0.000,  0.000
  0.018,300.753,  0.000,  0.000
  0.018,300.746,  0.000,  0.000
  0.018,300.727,  0.000,  0.000
  0.018,300.713,  0.000,  0.000
  0.018,300.701,  0.000,  0.000
  0.018,300.684,  0.000,  0.000
  0.018,300.680,  0.000,  0.000
  0.018,300.694,  0.000,  0.000
  0.018,300.705,  0.000,  0.000
  0.017,300.710,  0.000,  0.000
  0.017,300.705,  0.000,  0.000
  0.017,300.693,  0.000,  0.000
  0.017,300.677,  0.000,  0.000
  0.017,300.662,  0.000,  0.000
  0.018,300.648,  0.000,  0.000
  0.017,300.627,  0.000,  0.000
  0.017,300.608,  0.001,  0.000
  0.018,300.597,  0.001,  0.000
  0.018,300.595,  0.002,  0.000
  0.018,300.586,  0.016,  0.000
  0.018,300.572,  0.211,  0.000
  0.018,300.571,  0.552,  0.000
