  0.016,298.662,  0.000,  0.000
  0.016,298.685,  0.000,  0.000
  0.016,298.682,  0.000,  0.000
  0.016,298.599,  0.000,  0.000
  0.016,298.469,  0.000,  0.000
  0.016,298.374,  0.000,  0.000
  0.016,298.344,  0.000,  0.000
  0.016,298.407,  0.000,  0.000
  0.016,298.564,  0.000,  0.000
  0.016,298.683,  0.000,  0.000
  0.016,298.709,  0.000,  0.000
  0.016,298.723,  0.000,  0.000
  0.016,298.720,  0.000,  0.000
  0.016,298.628,  0.000,  0.000
  0.016,298.497,  0.000,  0.000
  0.016,298.448,  0.000,  0.000
  0.016,298.514,  0.000,  0.000
  0.016,298.601,  0.000,  0.000
  0.016,298.632,  0.000,  0.000
  0.016,298.625,  0.000,  0.000
  0.016,298.605,  0.000,  0.000
  0.016,298.606,  0.000,  0.000
  0.016,298.605,  0.000,  0.000
  0.016,298.552,  0.000,  0.000
  0.016,298.477,  0.000,  0.000
  0.016,298.661,  0.000,  0.000
  0.016,298.623,  0.000,  0.000
  0.016,298.528,  0.000,  0.000
  0.016,298.429,  0.000,  0.000
  0.016,298.396,  0.000,  0.000
  0.016,298.428,  0.000,  0.000
  0.016,298.449,  0.000,  0.000
  0.016,298.467,  0.000,  0.000
  0.016,298.554,  0.000,  0.000
  0.016,298.691,  0.000,  0.000
  0.016,298.787,  0.000,  0.000
  0.016,298.819,  0.000,  0.000
  0.016,298.814,  0.000,  0.000
  0.016,298.727,  0.000,  0.000
  0.016,298.592,  0.000,  0.000
  0.016,298.531,  0.000,  0.000
  0.016,298.634,  0.000,  0.000
  0.016,298.674,  0.000,  0.000
  0.016,298.630,  0.000,  0.000
  0.016,298.516,  0.000,  0.000
  0.016,298.448,  0.000,  0.000
  0.016,298.466,  0.000,  0.000
  0.016,298.556,  0.000,  0.000
  0.016,298.600,  0.000,  0.000
  0.016,298.522,  0.000,  0.000
  0.016,298.653,  0.000,  0.000
  0.016,298.565,  0.000,  0.000
  0.016,298.473,  0.000,  0.000
  0.016,298.456,  0.000,  0.000
  0.016,298.507,  0.000,  0.000
  0.016,298.560,  0.000,  0.000
  0.016,298.581,  0.000,  0.000
  0.016,298.568,  0.000,  0.000
  0.016,298.548,  0.000,  0.000
  0.016,298.603,  0.000,  0.000
  0.016,298.759,  0.000,  0.000
  0.016,298.881,  0.000,  0.000
  0.016,298.866,  0.000,  0.000
  0.016,298.809,  0.000,  0.000
  0.016,298.750,  0.000,  0.000
  0.016,298.729,  0.000,  0.000
  0.016,298.740,  0.000,  0.000
  0.016,298.698,  0.000,  0.000
  0.016,298.643,  0.000,  0.000
  0.016,298.549,  0.000,  0.000
  0.016,298.503,  0.000,  0.000
  0.016,298.535,  0.000,  0.000
  0.016,298.591,  0.000,  0.000
  0.016,298.593,  0.000,  0.000
  0.016,298.549,  0.000,  0.000
  0.016,298.624,  0.000,  0.000
  0.016,298.540,  0.000,  0.000
  0.016,298.513,  0.000,  0.000
  0.016,298.560,  0.000,  0.000
  0.016,298.625,  0.000,  0.000
  0.016,298.641,  0.000,  0.000
  0.016,298.608,  0.000,  0.000
  0.016,298.561,  0.000,  0.000
  0.016,298.510,  0.000,  0.000
  0.016,298.487,  0.000,  0.000
  0.016,298.591,  0.000,  0.000
  0.016,298.789,  0.000,  0.000
  0.016,298.873,  0.000,  0.000
  0.016,298.831,  0.000,  0.000
  0.016,298.810,  0.000,  0.000
  0.016,298.806,  0.000,  0.000
  0.016,298.790,  0.000,  0.000
  0.016,298.750,  0.000,  0.000
  0.016,298.686,  0.000,  0.000
  0.016,298.627,  0.000,  0.000
  0.016,298.593,  0.000,  0.000
  0.016,298.583,  0.000,  0.000
  0.016,298.598,  0.000,  0.000
  0.016,298.623,  0.000,  0.000
  0.016,298.613,  0.000,  0.000
  0.016,298.590,  0.000,  0.000
  0.016,298.545,  0.000,  0.000
  0.016,298.580,  0.000,  0.000
  0.016,298.665,  0.000,  0.000
  0.016,298.717,  0.000,  0.000
  0.016,298.708,  0.000,  0.000
  0.016,298.635,  0.000,  0.000
  0.016,298.494,  0.000,  0.000
  0.016,298.306,  0.000,  0.000
  0.016,298.172,  0.000,  0.000
  0.016,298.234,  0.000,  0.000
  0.016,298.505,  0.000,  0.000
  0.016,298.782,  0.000,  0.000
  0.016,298.812,  0.000,  0.000
  0.016,298.771,  0.000,  0.000
  0.016,298.773,  0.000,  0.000
  0.016,298.776,  0.000,  0.000
  0.016,298.741,  0.000,  0.000
  0.016,298.680,  0.000,  0.000
  0.016,298.637,  0.000,  0.000
  0.016,298.611,  0.000,  0.000
  0.016,298.608,  0.000,  0.000
  0.016,298.635,  0.000,  0.000
  0.016,298.667,  0.000,  0.000
  0.016,298.648,  0.000,  0.000
  0.016,298.584,  0.000,  0.000
  0.016,298.582,  0.000,  0.000
  0.016,298.647,  0.000,  0.000
  0.015,298.711,  0.000,  0.000
  0.015,298.727, -0.000,  0.000
  0.016,298.696,  0.000,  0.000
  0.016,298.637,  0.000,  0.000
  0.016,298.524,  0.000,  0.000
  0.016,298.353,  0.000,  0.000
  0.016,298.228,  0.000,  0.000
  0.016,298.352,  0.000,  0.000
  0.016,298.674,  0.000,  0.000
  0.016,298.783,  0.000,  0.000
  0.016,298.740,  0.000,  0.000
  0.016,298.728,  0.000,  0.000
  0.016,298.723,  0.000,  0.000
  0.016,298.705,  0.000,  0.000
  0.016,298.693,  0.000,  0.000
  0.016,298.685,  0.000,  0.000
  0.016,298.695,  0.000,  0.000
  0.016,298.683,  0.000,  0.000
  0.016,298.664,  0.000,  0.000
  0.016,298.672,  0.000,  0.000
  0.016,298.703,  0.000,  0.000
  0.016,298.691,  0.000,  0.000
  0.016,298.566,  0.000,  0.000
  0.016,298.581,  0.000,  0.000
  0.016,298.660,  0.000,  0.000
  0.016,298.719,  0.000,  0.000
  0.016,298.731,  0.000,  0.000
  0.016,298.707,  0.000,  0.000
  0.016,298.665,  0.000,  0.000
  0.016,298.604,  0.000,  0.000
  0.016,298.550,  0.000,  0.000
  0.016,298.578,  0.000,  0.000
  0.016,298.704,  0.000,  0.000
  0.016,298.790,  0.000,  0.000
  0.016,298.771,  0.000,  0.000
  0.016,298.745,  0.000,  0.000
  0.016,298.738,  0.000,  0.000
  0.016,298.711,  0.000,  0.000
  0.016,298.682,  0.000,  0.000
  0.016,298.688,  0.000,  0.000
  0.016,298.707, -0.000,  0.000
  0.016,298.705, -0.000,  0.000
  0.016,298.683,  0.000,  0.000
  0.016,298.664,  0.000,  0.000
  0.016,298.672,  0.000,  0.000
  0.016,298.707,  0.000,  0.000
  0.016,298.712,  0.000,  0.000
  0.016,298.558,  0.000,  0.000
  0.016,298.556,  0.000,  0.000
  0.016,298.614,  0.000,  0.000
  0.016,298.685,  0.000,  0.000
  0.016,298.737,  0.000,  0.000
  0.016,298.756,  0.000,  0.000
  0.016,298.749,  0.000,  0.000
  0.016,298.746,  0.000,  0.000
  0.016,298.779,  0.000,  0.000
  0.016,298.826,  0.000,  0.000
  0.016,298.842,  0.000,  0.000
  0.016,298.820,  0.000,  0.000
  0.016,298.783,  0.000,  0.000
  0.016,298.755,  0.000,  0.000
  0.016,298.749,  0.000,  0.000
  0.016,298.742,  0.000,  0.000
  0.016,298.734,  0.000,  0.000
  0.016,298.748,  0.000,  0.000
  0.016,298.759,  0.000,  0.000
  0.016,298.736,  0.000,  0.000
  0.016,298.685,  0.000,  0.000
  0.016,298.655,  0.000,  0.000
  0.016,298.667,  0.000,  0.000
  0.016,298.705,  0.000,  0.000
  0.016,298.709,  0.000,  0.000
  0.017,298.577,  0.000,  0.000
  0.016,298.558,  0.000,  0.000
  0.016,298.608,  0.000,  0.000
  0.016,298.690,  0.000,  0.000
  0.016,298.762,  0.000,  0.000
  0.016,298.798,  0.000,  0.000
  0.016,298.792,  0.000,  0.000
  0.016,298.790,  0.000,  0.000
  0.016,298.828,  0.000,  0.000
  0.016,298.867,  0.000,  0.000
  0.016,298.856,  0.000,  0.000
  0.016,298.799,  0.000,  0.000
  0.016,298.742,  0.000,  0.000
  0.016,298.728,  0.000,  0.000
  0.016,298.759,  0.000,  0.000
  0.016,298.795,  0.000,  0.000
  0.016,298.806,  0.000,  0.000
  0.016,298.800,  0.000,  0.000
  0.016,298.780,  0.000,  0.000
  0.016,298.742,  0.000,  0.000
  0.016,298.699,  0.000,  0.000
  0.016,298.681,  0.000,  0.000
  0.016,298.696,  0.000,  0.000
  0.016,298.726,  0.000,  0.000
  0.016,298.724,  0.000,  0.000
  0.017,298.667,  0.000,  0.000
  0.016,298.617,  0.000,  0.000
  0.016,298.645,  0.000,  0.000
  0.016,298.710,  0.000,  0.000
  0.016,298.772,  0.000,  0.000
  0.016,298.817,  0.000,  0.000
  0.016,298.823,  0.000,  0.000
  0.016,298.804,  0.000,  0.000
  0.016,298.807,  0.000,  0.000
  0.016,298.818,  0.000,  0.000
  0.016,298.813,  0.000,  0.000
  0.016,298.785,  0.000,  0.000
  0.016,298.766,  0.000,  0.000
  0.016,298.778,  0.000,  0.000
  0.016,298.811,  0.000,  0.000
  0.016,298.828,  0.000,  0.000
  0.016,298.823,  0.000,  0.000
  0.016,298.808,  0.000,  0.000
  0.016,298.781,  0.000,  0.000
  0.016,298.738,  0.000,  0.000
  0.016,298.695,  0.000,  0.000
  0.016,298.679,  0.000,  0.000
  0.016,298.694,  0.000,  0.000
  0.016,298.723,  0.000,  0.000
  0.016,298.733,  0.000,  0.000
  0.016,298.789,  0.000,  0.000
  0.017,298.705,  0.000,  0.000
  0.017,298.687,  0.000,  0.000
  0.016,298.739,  0.000,  0.000
  0.016,298.795,  0.000,  0.000
  0.016,298.837,  0.000,  0.000
  0.016,298.862,  0.000,  0.000
  0.016,298.850,  0.000,  0.000
  0.016,298.827,  0.000,  0.000
  0.016,298.807,  0.000,  0.000
  0.016,298.783,  0.000,  0.000
  0.016,298.775,  0.000,  0.000
  0.016,298.796,  0.000,  0.000
  0.016,298.827,  0.000,  0.000
  0.016,298.858,  0.000,  0.000
  0.016,298.850,  0.000,  0.000
  0.016,298.815,  0.000,  0.000
  0.016,298.784,  0.000,  0.000
  0.016,298.761,  0.000,  0.000
  0.016,298.733,  0.000,  0.000
  0.016,298.698,  0.000,  0.000
  0.016,298.676,  0.000,  0.000
  0.016,298.683,  0.000,  0.000
  0.016,298.703,  0.000,  0.000
  0.016,298.708,  0.000,  0.000
  0.016,298.897,  0.000,  0.000
  0.017,298.823,  0.000,  0.000
  0.017,298.790,  0.000,  0.000
  0.016,298.812,  0.000,  0.000
  0.016,298.857,  0.000,  0.000
  0.016,298.885,  0.000,  0.000
  0.016,298.885,  0.000,  0.000
  0.016,298.874,  0.000,  0.000
  0.016,298.873,  0.000,  0.000
  0.016,298.847,  0.000,  0.000
  0.016,298.802,  0.000,  0.000
  0.016,298.772,  0.000,  0.000
  0.016,298.779,  0.000,  0.000
  0.016,298.803,  0.000,  0.000
  0.016,298.816,  0.000,  0.000
  0.016,298.799,  0.000,  0.000
  0.016,298.764,  0.000,  0.000
  0.016,298.740,  0.000,  0.000
  0.016,298.727,  0.000,  0.000
  0.016,298.706,  0.000,  0.000
  0.016,298.675,  0.000,  0.000
  0.016,298.656,  0.000,  0.000
  0.016,298.660,  0.000,  0.000
  0.016,298.675,  0.000,  0.000
  0.016,298.685,  0.000,  0.000
  0.017,298.944,  0.000,  0.000
  0.016,298.916,  0.000,  0.000
  0.016,298.934,  0.000,  0.000
  0.016,298.939,  0.000,  0.000
  0.016,298.916,  0.000,  0.000
  0.016,298.895,  0.000,  0.000
  0.016,298.874,  0.000,  0.000
  0.016,298.880,  0.000,  0.000
  0.016,298.913,  0.000,  0.000
  0.016,298.900,  0.000,  0.000
  0.016,298.846,  0.000,  0.000
  0.016,298.791,  0.000,  0.000
  0.016,298.779,  0.000,  0.000
  0.016,298.780,  0.000,  0.000
  0.016,298.761,  0.000,  0.000
  0.016,298.730,  0.000,  0.000
  0.016,298.714,  0.000,  0.000
  0.016,298.708,  0.000,  0.000
  0.016,298.699,  0.000,  0.000
  0.016,298.690,  0.000,  0.000
  0.016,298.674,  0.000,  0.000
  0.016,298.662,  0.000,  0.000
  0.016,298.659,  0.000,  0.000
  0.016,298.663,  0.000,  0.000
  0.016,298.667,  0.000,  0.000
  0.016,298.967,  0.000,  0.000
  0.016,298.965,  0.000,  0.000
  0.016,298.991,  0.000,  0.000
  0.016,298.981,  0.000,  0.000
  0.016,298.921,  0.000,  0.000
  0.016,298.855,  0.000,  0.000
  0.016,298.844,  0.000,  0.000
  0.016,298.888,  0.000,  0.000
  0.016,298.926,  0.000,  0.000
  0.016,298.894,  0.000,  0.000
  0.016,298.846,  0.000,  0.000
  0.016,298.820,  0.000,  0.000
  0.016,298.807,  0.000,  0.000
  0.016,298.778,  0.000,  0.000
  0.016,298.734,  0.000,  0.000
  0.016,298.697,  0.000,  0.000
  0.016,298.686,  0.000,  0.000
  0.016,298.693,  0.000,  0.000
  0.016,298.710,  0.000,  0.000
  0.016,298.718,  0.000,  0.000
  0.016,298.711,  0.000,  0.000
  0.016,298.694,  0.000,  0.000
  0.016,298.678,  0.000,  0.000
  0.016,298.665,  0.000,  0.000
  0.016,298.659,  0.000,  0.000
  0.016,299.021,  0.000,  0.000
  0.016,298.996,  0.000,  0.000
  0.016,298.996,  0.000,  0.000
  0.016,298.995,  0.000,  0.000
  0.016,298.958,  0.000,  0.000
  0.016,298.901,  0.000,  0.000
  0.016,298.882,  0.000,  0.000
  0.016,298.896,  0.000,  0.000
  0.016,298.904,  0.000,  0.000
  0.016,298.880,  0.000,  0.000
  0.016,298.868,  0.000,  0.000
  0.016,298.866,  0.000,  0.000
  0.016,298.849,  0.000,  0.000
  0.016,298.802,  0.000,  0.000
  0.016,298.729,  0.000,  0.000
  0.016,298.687,  0.000,  0.000
  0.016,298.692,  0.000,  0.000
  0.016,298.723,  0.000,  0.000
  0.016,298.749,  0.000,  0.000
  0.016,298.748,  0.000,  0.000
  0.016,298.725,  0.000,  0.000
  0.016,298.712,  0.000,  0.000
  0.016,298.698,  0.000,  0.000
  0.016,298.682,  0.000,  0.000
  0.016,298.674,  0.001,  0.000
