  0.022,302.862,  0.000,  2.720
  0.021,302.925,  0.000,  2.720
  0.021,302.999,  0.000,  1.790
  0.021,303.041,  0.000,  1.790
  0.021,303.016,  0.000,  1.790
  0.022,302.922,  0.000,  1.790
  0.022,302.837,  0.000,  1.390
  0.022,302.842,  0.000,  1.390
  0.021,302.899,  0.000,  1.390
  0.021,302.924,  0.000,  1.050
  0.021,302.884,  0.000,  1.050
  0.022,302.832,  0.000,  1.050
  0.021,302.862,  0.000,  1.050
  0.021,302.949,  0.001,  1.040
  0.021,302.973,  0.000,  1.040
  0.022,302.869,  0.000,  1.040
  0.022,302.746,  0.000,  0.020
  0.022,302.730,  0.000,  0.020
  0.022,302.773,  0.000,  0.020
  0.021,302.799,  0.000,  0.020
  0.021,302.805,  0.000,  0.020
  0.021,302.811,  0.000,  0.020
  0.021,302.821,  0.000,  0.020
  0.021,302.838,  0.000,  0.010
  0.022,302.809,  0.000,  0.010
  0.022,302.812,  0.000,  1.840
  0.022,302.892,  0.000,  1.840
  0.021,302.989,  0.000,  2.100
  0.021,303.059,  0.000,  2.100
  0.021,303.063,  0.000,  2.100
  0.021,302.979,  0.000,  2.100
  0.022,302.856,  0.000,  1.540
  0.022,302.818,  0.000,  1.540
  0.021,302.874,  0.000,  1.540
  0.021,302.913,  0.000,  0.610
  0.021,302.891,  0.000,  0.610
  0.022,302.839,  0.000,  0.610
  0.022,302.845,  0.000,  0.610
  0.021,302.935,  0.000,  1.820
  0.021,303.007,  0.000,  1.820
  0.021,302.981,  0.000,  1.820
  0.022,302.869,  0.000,  1.820
  0.022,302.769,  0.000,  1.820
  0.022,302.741,  0.000,  1.820
  0.022,302.747,  0.000,  1.820
  0.022,302.755,  0.000,  0.520
  0.022,302.774,  0.000,  0.520
  0.021,302.814,  0.000,  0.520
  0.021,302.866,  0.000,  0.000
  0.021,302.843,  0.000,  0.000
  0.022,302.826,  0.000,  1.840
  0.022,302.862,  0.000,  1.840
  0.022,302.926,  0.000,  2.100
  0.021,302.994,  0.000,  2.100
  0.021,303.029,  0.000,  2.100
  0.021,303.014,  0.000,  2.100
  0.022,302.930,  0.000,  1.540
  0.022,302.831,  0.000,  1.540
  0.022,302.818,  0.000,  1.540
  0.022,302.859,  0.000,  0.610
  0.021,302.875,  0.000,  0.610
  0.022,302.860,  0.000,  0.610
  0.022,302.833,  0.000,  0.610
  0.022,302.857,  0.000,  1.820
  0.021,302.924,  0.000,  1.820
  0.021,302.955,  0.000,  1.820
  0.021,302.927,  0.000,  1.820
  0.021,302.866,  0.000,  1.820
  0.022,302.804,  0.000,  1.820
  0.022,302.758,  0.000,  1.820
  0.022,302.733,  0.000,  0.520
  0.022,302.734,  0.000,  0.520
  0.022,302.769,  0.000,  0.520
  0.021,302.841,  0.000,  0.000
  0.021,302.859,  0.000,  0.000
  0.022,302.901,  0.000,  1.840
  0.022,302.912,  0.000,  1.840
  0.022,302.912,  0.000,  2.100
  0.022,302.929,  0.000,  2.100
  0.021,302.966,  0.000,  2.100
  0.021,302.998,  0.000,  2.100
  0.021,302.992,  0.000,  1.540
  0.022,302.909,  0.000,  1.540
  0.022,302.814,  0.000,  1.540
  0.022,302.814,  0.000,  0.610
  0.022,302.879,  0.000,  0.610
  0.021,302.926,  0.000,  0.610
  0.021,302.914,  0.000,  0.610
  0.022,302.847,  0.000,  1.820
  0.022,302.816,  0.000,  1.820
  0.022,302.839,  0.000,  1.820
  0.021,302.852,  0.000,  1.820
  0.021,302.846,  0.000,  1.820
  0.021,302.849,  0.000,  1.820
  0.022,302.839,  0.000,  1.820
  0.022,302.793,  0.000,  0.520
  0.022,302.742,  0.000,  0.520
  0.022,302.727,  0.000,  0.520
  0.022,302.773,  0.000,  0.000
  0.022,302.809,  0.000,  0.000
  0.022,302.949,  0.000,  1.840
  0.021,302.969,  0.000,  1.840
  0.022,302.964,  0.000,  2.100
  0.022,302.932,  0.000,  2.100
  0.022,302.918,  0.000,  2.100
  0.021,302.946,  0.000,  2.100
  0.021,302.987,  0.000,  1.540
  0.021,302.986,  0.000,  1.540
  0.022,302.914,  0.000,  1.540
  0.022,302.843,  0.000,  0.610
  0.022,302.873,  0.000,  0.610
  0.021,302.956,  0.000,  0.610
  0.021,302.990,  0.000,  0.610
  0.021,302.943,  0.000,  1.820
  0.022,302.834,  0.000,  1.820
  0.022,302.759,  0.000,  1.820
  0.022,302.756,  0.000,  1.820
  0.022,302.790,  0.000,  1.820
  0.021,302.843,  0.000,  1.820
  0.021,302.895,  0.000,  1.820
  0.021,302.885,  0.000,  0.520
  0.022,302.804,  0.000,  0.520
  0.022,302.728,  0.000,  0.520
  0.022,302.720,  0.000,  0.000
  0.022,302.732,  0.000,  0.000
  0.022,302.950,  0.000,  0.670
  0.021,302.972,  0.000,  0.670
  0.021,302.992,  0.000,  1.810
  0.022,302.974,  0.000,  1.810
  0.022,302.917,  0.000,  1.810
  0.022,302.893,  0.000,  1.810
  0.022,302.941,  0.000,  0.680
  0.021,303.008,  0.000,  0.680
  0.021,303.029,  0.000,  0.680
  0.022,302.972,  0.000,  0.030
  0.022,302.902,  0.000,  0.030
  0.022,302.911,  0.000,  0.030
  0.021,302.959,  0.000,  0.030
  0.021,302.972,  0.000,  1.730
  0.021,302.933,  0.000,  1.730
  0.022,302.833,  0.000,  1.730
  0.022,302.756,  0.000,  2.160
  0.022,302.772,  0.000,  2.160
  0.021,302.839,  0.000,  2.160
  0.021,302.901,  0.000,  2.160
  0.021,302.915,  0.000,  0.530
  0.022,302.849,  0.000,  0.530
  0.022,302.752,  0.000,  0.530
  0.022,302.714,  0.000,  0.000
  0.022,302.707,  0.000,  0.000
  0.022,302.930,  0.000,  0.670
  0.022,302.941,  0.000,  0.670
  0.021,302.982,  0.000,  1.810
  0.021,303.001,  0.000,  1.810
  0.022,302.956,  0.000,  1.810
  0.022,302.878,  0.000,  1.810
  0.022,302.884,  0.000,  0.680
  0.021,302.977,  0.000,  0.680
  0.021,303.057,  0.000,  0.680
  0.021,303.058,  0.000,  0.030
  0.022,302.967,  0.000,  0.030
  0.022,302.870,  0.000,  0.030
  0.022,302.865,  0.000,  0.030
  0.021,302.913,  0.000,  1.730
  0.021,302.947,  0.000,  1.730
  0.021,302.930,  0.000,  1.730
  0.022,302.857,  0.000,  2.160
  0.022,302.816,  0.000,  2.160
  0.022,302.841,  0.000,  2.160
  0.021,302.863,  0.000,  2.160
  0.021,302.867,  0.000,  0.530
  0.022,302.845,  0.000,  0.530
  0.022,302.780,  0.000,  0.530
  0.022,302.723,  0.000,  0.000
  0.022,302.698,  0.000,  0.000
  0.022,302.953,  0.000,  0.670
  0.022,302.939,  0.000,  0.670
  0.022,302.975,  0.000,  1.810
  0.021,303.018,  0.000,  1.810
  0.021,303.014,  0.000,  1.810
  0.022,302.938,  0.000,  1.810
  0.022,302.872,  0.000,  0.680
  0.022,302.904,  0.000,  0.680
  0.021,302.982,  0.000,  0.680
  0.021,303.031,  0.000,  0.030
  0.021,303.004,  0.000,  0.030
  0.022,302.895,  0.000,  0.030
  0.022,302.819,  0.000,  0.030
  0.022,302.851,  0.000,  1.730
  0.021,302.921,  0.000,  1.730
  0.021,302.963,  0.000,  1.730
  0.021,302.932,  0.000,  2.160
  0.022,302.851,  0.000,  2.160
  0.022,302.814,  0.000,  2.160
  0.022,302.819,  0.000,  2.160
  0.021,302.824,  0.000,  0.530
  0.021,302.837,  0.000,  0.530
  0.022,302.823,  0.000,  0.530
  0.022,302.771,  0.000,  0.000
  0.022,302.708,  0.000,  0.000
  0.022,303.033,  0.000,  0.670
  0.022,302.996,  0.000,  0.670
  0.022,302.987,  0.000,  1.810
  0.022,303.019,  0.000,  1.810
  0.021,303.045,  0.000,  1.810
  0.022,303.016,  0.000,  1.810
  0.022,302.933,  0.000,  0.680
  0.022,302.876,  0.000,  0.680
  0.022,302.907,  0.000,  0.680
  0.021,302.978,  0.000,  0.030
  0.021,303.015,  0.000,  0.030
  0.022,302.971,  0.000,  0.030
  0.022,302.859,  0.000,  0.030
  0.022,302.814,  0.000,  1.730
  0.022,302.849,  0.000,  1.730
  0.022,302.878,  0.000,  1.730
  0.022,302.871,  0.000,  2.160
  0.022,302.811,  0.000,  2.160
  0.022,302.761,  0.000,  2.160
  0.022,302.763,  0.000,  2.160
  0.022,302.783,  0.000,  0.530
  0.021,302.800,  0.000,  0.530
  0.021,302.825,  0.000,  0.530
  0.022,302.834,  0.000,  0.000
  0.022,302.781,  0.000,  0.000
  0.022,303.067,  0.000,  0.000
  0.022,303.014,  0.000,  0.000
  0.022,302.957,  0.000,  0.040
  0.022,302.953,  0.000,  0.040
  0.022,302.987,  0.000,  0.040
  0.022,303.025,  0.000,  0.040
  0.022,303.012,  0.000,  0.020
  0.022,302.943,  0.000,  0.020
  0.022,302.901,  0.000,  0.020
  0.022,302.936,  0.000,  0.000
  0.021,302.987,  0.000,  0.000
  0.022,302.980,  0.000,  0.000
  0.022,302.894,  0.000,  0.000
  0.022,302.810,  0.000,  0.000
  0.022,302.790,  0.000,  0.000
  0.022,302.798,  0.000,  0.000
  0.022,302.808,  0.000,  0.000
  0.022,302.778,  0.000,  0.000
  0.022,302.726,  0.000,  0.000
  0.022,302.706,  0.000,  0.000
  0.022,302.733,  0.000,  0.000
  0.022,302.778,  0.000,  0.000
  0.021,302.827,  0.000,  0.000
  0.021,302.867,  0.000,  0.040
  0.021,302.866,  0.000,  0.040
  0.022,303.036,  0.000,  0.000
  0.022,302.968,  0.000,  0.000
  0.022,302.893,  0.000,  0.040
  0.022,302.862,  0.000,  0.040
  0.022,302.882,  0.000,  0.040
  0.022,302.945,  0.000,  0.040
  0.022,302.997,  0.000,  0.020
  0.022,302.973,  0.000,  0.020
  0.022,302.909,  0.000,  0.020
  0.022,302.892,  0.000,  0.000
  0.022,302.913,  0.000,  0.000
  0.022,302.905,  0.000,  0.000
  0.022,302.858,  0.000,  0.000
  0.022,302.806,  0.000,  0.000
  0.022,302.789,  0.000,  0.000
  0.022,302.807,  0.000,  0.000
  0.022,302.833,  0.000,  0.000
  0.022,302.826,  0.000,  0.000
  0.022,302.763,  0.000,  0.000
  0.023,302.702,  0.000,  0.000
  0.022,302.703,  0.000,  0.000
  0.022,302.745,  0.000,  0.000
  0.022,302.796,  0.000,  0.000
  0.021,302.836,  0.000,  0.040
  0.021,302.862,  0.000,  0.040
  0.022,303.029,  0.000,  0.000
  0.022,302.972,  0.000,  0.000
  0.022,302.894,  0.000,  0.040
  0.022,302.860,  0.000,  0.040
  0.022,302.868,  0.000,  0.040
  0.022,302.891,  0.000,  0.040
  0.022,302.921,  0.000,  0.020
  0.022,302.927,  0.000,  0.020
  0.022,302.897,  0.000,  0.020
  0.022,302.878,  0.000,  0.000
  0.022,302.869,  0.000,  0.000
  0.022,302.847,  0.000,  0.000
  0.022,302.817,  0.000,  0.000
  0.022,302.800,  0.000,  0.000
  0.022,302.805,  0.000,  0.000
  0.022,302.827,  0.000,  0.000
  0.022,302.845,  0.000,  0.000
  0.022,302.846,  0.000,  0.000
  0.022,302.825,  0.000,  0.000
  0.022,302.792,  0.000,  0.000
  0.022,302.768,  0.000,  0.000
  0.022,302.755,  0.000,  0.000
  0.022,302.767,  0.000,  0.000
  0.022,302.801,  0.000,  0.040
  0.022,302.845,  0.000,  0.040
  0.021,303.025,  0.000,  0.000
  0.022,303.019,  0.000,  0.000
  0.022,302.968,  0.000,  0.040
  0.022,302.913,  0.000,  0.040
  0.022,302.903,  0.000,  0.040
  0.022,302.916,  0.000,  0.040
  0.022,302.926,  0.000,  0.020
  0.022,302.918,  0.000,  0.020
  0.022,302.900,  0.000,  0.020
  0.022,302.881,  0.000,  0.000
  0.022,302.854,  0.000,  0.000
  0.022,302.821,  0.000,  0.000
  0.022,302.813,  0.000,  0.000
  0.022,302.816,  0.000,  0.000
  0.022,302.820,  0.000,  0.000
  0.022,302.820,  0.000,  0.000
  0.022,302.819,  0.000,  0.000
  0.022,302.806,  0.000,  0.000
  0.022,302.818,  0.000,  0.000
  0.022,302.873,  0.000,  0.000
  0.022,302.889,  0.000,  0.000
  0.022,302.851,  0.000,  0.000
  0.022,302.809,  0.000,  0.000
  0.022,302.782,  0.000,  0.040
  0.022,302.799,  0.000,  0.040
  0.022,302.967,  0.000,  0.000
  0.021,302.988,  0.000,  0.000
  0.022,302.994,  0.000,  0.000
  0.022,302.965,  0.000,  0.000
  0.022,302.931,  0.000,  0.000
  0.022,302.926,  0.000,  0.000
  0.022,302.925,  0.000,  0.000
  0.022,302.909,  0.000,  0.000
  0.022,302.889,  0.000,  0.000
  0.022,302.868,  0.000,  0.000
  0.022,302.842,  0.000,  0.000
  0.022,302.823,  0.000,  0.000
  0.022,302.820,  0.000,  0.000
  0.022,302.831,  0.000,  0.000
  0.022,302.850,  0.000,  0.000
  0.022,302.846,  0.000,  0.000
  0.022,302.804,  0.000,  0.000
  0.022,302.772,  0.000,  0.000
  0.022,302.811,  0.000,  0.000
  0.021,302.892,  0.000,  0.000
  0.021,302.949,  0.000,  0.000
  0.021,302.932,  0.000,  0.000
  0.022,302.849,  0.000,  0.000
  0.022,302.770,  0.000,  0.000
  0.022,302.755,  0.000,  0.000
  0.022,302.909,  0.000,  0.000
  0.022,302.935,  0.000,  0.000
  0.022,302.952,  0.000,  0.000
  0.022,302.950,  0.000,  0.000
  0.022,302.927,  0.000,  0.000
  0.022,302.894,  0.000,  0.000
  0.022,302.870,  0.000,  0.000
  0.022,302.846,  0.000,  0.000
  0.022,302.827,  0.000,  0.000
  0.022,302.819,  0.000,  0.000
  0.022,302.801,  0.000,  0.000
  0.022,302.782,  0.000,  0.000
  0.022,302.791,  0.000,  0.000
  0.022,302.830,  0.000,  0.000
  0.021,302.860,  0.000,  0.000
  0.022,302.859,  0.000,  0.000
  0.022,302.810,  0.000,  0.000
  0.022,302.758,  0.000,  0.000
  0.022,302.771,  0.000,  0.000
  0.021,302.821,  0.000,  0.000
  0.021,302.852,  0.000,  0.000
  0.022,302.836,  0.000,  0.000
  0.022,302.797,  0.000,  0.000
  0.022,302.758,  0.000,  0.000
  0.022,302.730,  0.000,  0.000
