  0.021,301.723,  0.258,  0.000
  0.021,301.706,  2.350,  0.000
  0.021,301.704, 13.363,  0.000
  0.021,301.783, 30.092,  0.000
  0.021,301.849, 24.607,  0.000
  0.021,301.893, 11.781,  0.000
  0.021,301.917,  4.723,  0.000
  0.021,301.920,  2.524,  0.000
  0.021,301.926,  1.649,  0.000
  0.021,301.922,  0.913,  0.000
  0.021,301.914,  1.450,  0.000
  0.021,301.913,  1.267,  0.000
  0.021,301.925,  0.618,  0.000
  0.021,301.944,  0.356,  0.000
  0.021,301.960,  0.161,  0.000
  0.021,301.967,  0.188,  0.000
  0.021,301.966,  0.385,  0.000
  0.021,301.974,  0.630,  0.000
  0.021,301.980,  1.079,  0.000
  0.021,302.001,  2.091,  0.000
  0.021,302.032,  4.213,  0.000
  0.021,302.008,  7.326,  0.000
  0.021,301.340,  6.775,  0.000
  0.020,300.876,  1.992,  0.000
  0.019,300.807,  0.700,  0.000
  0.021,301.722,  0.127,  0.000
  0.021,301.728,  1.764,  0.000
  0.021,301.722,  7.442,  0.000
  0.021,301.801, 17.363,  0.000
  0.021,301.870, 27.479,  0.000
  0.021,301.903, 21.578,  0.000
  0.021,301.912,  5.839,  0.000
  0.021,301.913,  2.264,  0.000
  0.021,301.922,  0.947,  0.000
  0.021,301.926,  1.052,  0.000
  0.021,301.919,  0.902,  0.000
  0.021,301.911,  0.906,  0.000
  0.021,301.920,  0.419,  0.000
  0.021,301.926,  0.061,  0.000
  0.021,301.923,  0.046,  0.000
  0.021,301.914,  0.118,  0.000
  0.021,301.912,  0.223,  0.000
  0.021,301.931,  0.264,  0.000
  0.021,301.943,  0.273,  0.000
  0.021,301.948,  0.298,  0.000
  0.021,301.957,  0.325,  0.000
  0.021,301.969,  0.474,  0.000
  0.022,301.801,  0.892,  0.000
  0.022,301.390,  0.943,  0.000
  0.020,300.696,  0.092,  0.000
  0.021,301.715,  0.004,  0.000
  0.021,301.747,  0.013,  0.000
  0.021,301.744,  0.081,  0.000
  0.021,301.813,  0.664,  0.000
  0.021,301.863,  3.104,  0.000
  0.021,301.874,  7.069,  0.000
  0.021,301.879,  4.692,  0.000
  0.021,301.893,  3.501,  0.000
  0.021,301.910,  2.422,  0.000
  0.021,301.915,  2.230,  0.000
  0.021,301.909,  1.717,  0.000
  0.021,301.897,  1.724,  0.000
  0.021,301.897,  0.760,  0.000
  0.021,301.888,  0.085,  0.000
  0.021,301.872,  0.046,  0.000
  0.021,301.860,  0.091,  0.000
  0.021,301.871,  0.125,  0.000
  0.021,301.898,  0.107,  0.000
  0.021,301.913,  0.078,  0.000
  0.021,301.910,  0.081,  0.000
  0.021,301.882,  0.110,  0.000
  0.022,301.866,  0.097,  0.000
  0.022,301.842,  0.073,  0.000
  0.022,301.560,  0.020,  0.000
  0.021,301.201,  0.004,  0.000
  0.021,301.725,  0.003,  0.000
  0.021,301.761,  0.041,  0.000
  0.021,301.770,  0.165,  0.000
  0.021,301.818,  0.359,  0.000
  0.021,301.833,  0.391,  0.000
  0.021,301.824,  0.172,  0.000
  0.021,301.838,  0.921,  0.000
  0.021,301.866,  2.415,  0.000
  0.021,301.890,  4.066,  0.000
  0.021,301.894,  3.941,  0.000
  0.021,301.885,  3.037,  0.000
  0.021,301.877,  2.995,  0.000
  0.021,301.872,  1.430,  0.000
  0.021,301.854,  0.113,  0.000
  0.021,301.838,  0.098,  0.000
  0.021,301.830,  0.177,  0.000
  0.021,301.843,  0.210,  0.000
  0.021,301.873,  0.180,  0.000
  0.021,301.892,  0.064,  0.000
  0.021,301.880,  0.013,  0.000
  0.022,301.848,  0.015,  0.000
  0.022,301.837,  0.025,  0.000
  0.022,301.862,  0.033,  0.000
  0.021,301.754,  0.022,  0.000
  0.021,301.276,  0.003,  0.000
  0.021,301.765,  0.001,  0.000
  0.021,301.786,  0.006,  0.000
  0.021,301.800,  0.029,  0.000
  0.021,301.814,  0.043,  0.000
  0.021,301.803,  0.055,  0.000
  0.021,301.795,  0.226,  0.000
  0.021,301.816,  0.893,  0.000
  0.021,301.850,  3.088,  0.000
  0.021,301.873,  6.581,  0.000
  0.021,301.873,  9.520,  0.000
  0.021,301.859,  9.305,  0.000
  0.021,301.852,  5.359,  0.000
  0.021,301.855,  1.423,  0.000
  0.021,301.854,  0.119,  0.000
  0.021,301.854,  0.315,  0.000
  0.021,301.851,  0.767,  0.000
  0.021,301.851,  1.159,  0.000
  0.021,301.864,  1.044,  0.000
  0.021,301.868,  0.410,  0.000
  0.022,301.853,  0.032,  0.000
  0.022,301.856,  0.013,  0.000
  0.021,301.876,  0.002,  0.000
  0.021,301.898,  0.000,  0.000
  0.021,301.918,  0.000,  0.000
  0.021,301.701,  0.003,  0.000
  0.021,301.808,  0.000,  0.000
  0.021,301.796,  0.002,  0.000
  0.021,301.779,  0.007,  0.000
  0.021,301.756,  0.032,  0.000
  0.021,301.738,  0.211,  0.000
  0.021,301.742,  0.800,  0.000
  0.021,301.779,  1.649,  0.000
  0.021,301.839,  4.069,  0.000
  0.021,301.866, 11.223,  0.000
  0.021,301.858, 23.815,  0.000
  0.021,301.849, 37.143,  0.000
  0.021,301.848, 37.251,  0.000
  0.021,301.866, 17.317,  0.000
  0.021,301.894,  2.852,  0.000
  0.021,301.904,  5.503,  0.000
  0.021,301.898, 10.386,  0.000
  0.021,301.884, 10.002,  0.000
  0.021,301.863, 10.817,  0.000
  0.022,301.851,  6.302,  0.000
  0.022,301.874,  0.602,  0.000
  0.021,301.898,  0.070,  0.000
  0.021,301.924,  0.022,  0.000
  0.021,301.952,  0.000,  0.000
  0.021,301.968,  0.001,  0.000
  0.021,301.945,  0.023,  0.000
  0.021,301.774,  0.000,  0.000
  0.021,301.713,  0.002,  0.000
  0.021,301.648,  0.005,  0.000
  0.021,301.599,  0.049,  0.000
  0.021,301.580,  0.509,  0.000
  0.021,301.583,  2.178,  0.000
  0.021,301.631,  2.709,  0.000
  0.021,301.746,  1.003,  0.000
  0.021,301.844,  3.742,  0.000
  0.021,301.856, 14.527,  0.000
  0.021,301.847, 31.427,  0.000
  0.021,301.866, 38.223,  0.000
  0.021,301.899, 26.461,  0.000
  0.021,301.935,  6.888,  0.000
  0.021,301.953,  5.950,  0.000
  0.021,301.940, 11.698,  0.000
  0.021,301.897, 17.638,  0.000
  0.021,301.829, 21.077,  0.000
  0.022,301.819, 13.054,  0.000
  0.021,301.898,  3.012,  0.000
  0.021,301.929,  0.100,  0.000
  0.021,301.934,  0.073,  0.000
  0.021,301.961,  0.003,  0.000
  0.021,301.987,  0.003,  0.000
  0.021,301.980,  0.075,  0.000
  0.021,301.633,  0.000,  0.000
  0.021,301.558,  0.000,  0.000
  0.021,301.494,  0.000,  0.000
  0.021,301.464,  0.001,  0.000
  0.021,301.453,  0.001,  0.000
  0.021,301.434,  0.005,  0.000
  0.021,301.446,  0.013,  0.000
  0.022,301.549,  0.048,  0.000
  0.021,301.722,  0.760,  0.000
  0.021,301.838,  4.806,  0.000
  0.021,301.844,  8.439,  0.000
  0.021,301.872,  4.333,  0.000
  0.021,301.902,  0.677,  0.000
  0.021,301.930,  0.197,  0.000
  0.021,301.958,  0.429,  0.000
  0.021,301.938,  0.560,  0.000
  0.021,301.850,  0.614,  0.000
  0.021,301.729,  0.837,  0.000
  0.021,301.702,  0.722,  0.000
  0.021,301.830,  0.142,  0.000
  0.021,301.917,  0.005,  0.000
  0.021,301.899,  0.006,  0.000
  0.021,301.923,  0.000,  0.000
  0.021,301.942,  0.001,  0.000
  0.021,301.959,  0.015,  0.000
  0.021,301.542,  0.000,  0.000
  0.021,301.529,  0.000,  0.000
  0.021,301.521,  0.000,  0.000
  0.021,301.523,  0.000,  0.000
  0.021,301.502,  0.002,  0.000
  0.021,301.442,  0.007,  0.000
  0.021,301.403,  0.008,  0.000
  0.022,301.421,  0.005,  0.000
  0.022,301.534,  0.025,  0.000
  0.021,301.736,  0.244,  0.000
  0.021,301.838,  0.613,  0.000
  0.021,301.849,  0.534,  0.000
  0.021,301.860,  0.236,  0.000
  0.021,301.882,  0.080,  0.000
  0.021,301.913,  0.088,  0.000
  0.021,301.900,  0.054,  0.000
  0.021,301.784,  0.047,  0.000
  0.021,301.605,  0.067,  0.000
  0.021,301.552,  0.066,  0.000
  0.021,301.724,  0.020,  0.000
  0.021,301.896,  0.000,  0.000
  0.021,301.864,  0.000,  0.000
  0.021,301.877,  0.001,  0.000
  0.021,301.885,  0.001,  0.000
  0.021,301.888,  0.004,  0.000
  0.021,301.570,  0.000,  0.000
  0.021,301.617,  0.000,  0.000
  0.021,301.649,  0.000,  0.000
  0.021,301.643,  0.000,  0.000
  0.021,301.561,  0.000,  0.000
  0.021,301.469,  0.000,  0.000
  0.021,301.457,  0.000,  0.000
  0.021,301.476,  0.000,  0.000
  0.021,301.492,  0.004,  0.000
  0.021,301.609,  0.017,  0.030
  0.021,301.810,  0.027,  0.030
  0.021,301.846,  0.016,  0.030
  0.021,301.843,  0.031,  0.030
  0.021,301.848,  0.111,  0.000
  0.021,301.851,  0.108,  0.000
  0.021,301.862,  0.023,  0.000
  0.021,301.781,  0.018,  0.000
  0.021,301.658,  0.014,  0.000
  0.021,301.652,  0.006,  0.000
  0.021,301.741,  0.000,  0.000
  0.021,301.898,  0.000,  0.000
  0.021,301.832,  0.000,  0.000
  0.021,301.838,  0.000,  0.000
  0.021,301.855,  0.000,  0.000
  0.021,301.857,  0.001,  0.000
  0.019,301.255,  0.000,  0.000
  0.019,301.249,  0.000,  0.000
  0.020,301.563,  0.000,  0.000
  0.020,301.526,  0.000,  0.000
  0.020,301.413,  0.000,  0.000
  0.021,301.360,  0.000,  0.000
  0.021,301.442,  0.000,  0.000
  0.021,301.562,  0.000,  0.000
  0.021,301.597,  0.000,  0.000
  0.021,301.612,  0.003,  0.030
  0.021,301.745,  0.003,  0.030
  0.021,301.891,  0.003,  0.030
  0.020,301.875,  0.003,  0.030
  0.021,301.866,  0.006,  0.000
  0.021,301.836,  0.006,  0.000
  0.021,301.877,  0.003,  0.000
  0.021,301.865,  0.003,  0.000
  0.021,301.798,  0.002,  0.000
  0.021,301.825,  0.000,  0.000
  0.021,301.891,  0.000,  0.000
  0.022,301.652,  0.000,  0.000
  0.022,301.547,  0.000,  0.000
  0.021,301.805,  0.000,  0.000
  0.021,301.863,  0.000,  0.000
  0.021,301.860,  0.000,  0.000
  0.020,301.303,  0.002,  0.000
  0.019,301.015,  0.001,  0.000
  0.020,301.293,  0.000,  0.000
  0.020,301.265,  0.000,  0.000
  0.021,301.222,  0.000,  0.000
  0.021,301.234,  0.000,  0.000
  0.021,301.336,  0.000,  0.000
  0.021,301.494,  0.000,  0.000
  0.021,301.587,  0.000,  0.000
  0.021,301.567,  0.000,  0.030
  0.021,301.570,  0.001,  0.030
  0.021,301.848,  0.000,  0.030
  0.021,301.896,  0.000,  0.030
  0.021,301.890,  0.000,  0.000
  0.021,301.908,  0.000,  0.000
  0.021,301.970,  0.000,  0.000
  0.021,301.959,  0.000,  0.000
  0.021,301.952,  0.000,  0.000
  0.021,301.951,  0.000,  0.000
  0.022,301.794,  0.000,  0.000
  0.021,300.735,  0.000,  0.000
  0.022,301.023,  0.000,  0.000
  0.021,301.596,  0.000,  0.000
  0.021,301.887,  0.000,  0.000
  0.021,301.869,  0.000,  0.000
  0.021,301.363,  0.004,  0.000
  0.021,301.227,  0.002,  0.000
  0.021,301.143,  0.000,  0.000
  0.021,301.147,  0.001,  0.000
  0.021,301.165,  0.000,  0.000
  0.021,301.203,  0.000,  0.000
  0.021,301.261,  0.000,  0.000
  0.021,301.309,  0.000,  0.000
  0.022,301.333,  0.000,  0.000
  0.021,301.277,  0.000,  0.030
  0.021,301.278,  0.000,  0.030
  0.021,301.621,  0.000,  0.030
  0.021,301.914,  0.000,  0.030
  0.021,301.921,  0.000,  0.000
  0.021,301.961,  0.000,  0.000
  0.021,301.975,  0.001,  0.000
  0.021,301.967,  0.001,  0.000
  0.021,301.936,  0.001,  0.000
  0.022,301.892,  0.001,  0.000
  0.022,301.696,  0.000,  0.000
  0.021,301.158,  0.000,  0.000
  0.021,300.845,  0.000,  0.000
  0.021,301.447,  0.001,  0.000
  0.021,301.863,  0.001,  0.000
  0.022,301.860,  0.000,  0.000
  0.021,301.219,  0.008,  0.000
  0.021,301.134,  0.005,  0.000
  0.021,301.114,  0.002,  0.010
  0.021,301.089,  0.000,  0.010
  0.021,301.087,  0.000,  0.010
  0.021,301.169,  0.000,  0.010
  0.021,301.273,  0.000,  0.000
  0.021,301.218,  0.000,  0.000
  0.021,301.047,  0.000,  0.000
  0.021,300.998,  0.000,  0.000
  0.021,301.053,  0.000,  0.000
  0.022,301.441,  0.000,  0.000
  0.021,301.935,  0.000,  0.000
  0.021,301.935,  0.000,  0.010
  0.021,301.912,  0.000,  0.010
  0.022,301.877,  0.001,  0.010
  0.022,301.868,  0.003,  0.020
  0.022,301.839,  0.003,  0.020
  0.022,301.826,  0.003,  0.020
  0.021,301.797,  0.001,  0.020
  0.021,301.630,  0.001,  0.120
  0.021,301.529,  0.002,  0.120
  0.021,301.759,  0.004,  0.120
  0.022,301.842,  0.005,  0.000
  0.022,301.846,  0.005,  0.000
  0.020,300.728,  0.017,  0.000
  0.021,301.060,  0.011,  0.000
  0.021,301.003,  0.004,  0.010
  0.021,301.003,  0.001,  0.010
  0.021,301.033,  0.000,  0.010
  0.021,301.163,  0.000,  0.010
  0.021,301.323,  0.000,  0.000
  0.021,301.253,  0.000,  0.000
  0.021,301.000,  0.000,  0.000
  0.021,300.946,  0.000,  0.000
  0.021,301.109,  0.000,  0.000
  0.022,301.604,  0.000,  0.000
  0.021,301.932,  0.000,  0.000
  0.021,301.912,  0.000,  0.010
  0.022,301.833,  0.001,  0.010
  0.022,301.785,  0.001,  0.010
  0.022,301.790,  0.003,  0.020
  0.022,301.799,  0.006,  0.020
  0.022,301.804,  0.005,  0.020
  0.022,301.792,  0.004,  0.020
  0.021,301.797,  0.003,  0.120
  0.021,301.816,  0.006,  0.120
  0.021,301.849,  0.013,  0.120
  0.021,301.831,  0.018,  0.000
  0.022,301.845,  0.018,  0.000
