  0.022,302.794,  0.000,  0.000
  0.022,302.828,  0.000,  0.000
  0.022,302.897,  0.000,  0.000
  0.022,302.947,  0.000,  0.000
  0.022,302.940,  0.000,  0.000
  0.022,302.898,  0.000,  0.000
  0.022,302.860,  0.000,  0.000
  0.022,302.843,  0.000,  0.000
  0.022,302.847,  0.000,  0.000
  0.022,302.852,  0.000,  0.000
  0.022,302.779,  0.000,  0.000
  0.022,302.710,  0.000,  0.000
  0.021,302.648,  0.000,  0.000
  0.021,302.609,  0.000,  0.000
  0.021,302.573,  0.000,  0.000
  0.021,302.525,  0.000,  0.000
  0.021,302.485,  0.000,  0.000
  0.021,302.460,  0.000,  0.000
  0.021,302.430,  0.000,  0.000
  0.021,302.389,  0.000,  0.000
  0.021,302.373,  0.000,  0.000
  0.021,302.394,  0.000,  0.000
  0.021,302.428,  0.000,  0.000
  0.021,302.442,  0.000,  0.000
  0.021,302.452,  0.000,  0.000
  0.022,302.795,  0.000,  0.000
  0.022,302.851,  0.000,  0.000
  0.022,302.908,  0.000,  0.000
  0.022,302.929,  0.000,  0.000
  0.022,302.907,  0.000,  0.000
  0.022,302.871,  0.000,  0.000
  0.022,302.846,  0.000,  0.000
  0.022,302.837,  0.000,  0.000
  0.022,302.840,  0.000,  0.000
  0.022,302.838,  0.000,  0.000
  0.022,302.756,  0.000,  0.000
  0.022,302.694,  0.000,  0.000
  0.021,302.644,  0.000,  0.000
  0.021,302.613,  0.000,  0.000
  0.021,302.571,  0.000,  0.000
  0.021,302.504,  0.000,  0.000
  0.021,302.442,  0.000,  0.000
  0.021,302.410,  0.000,  0.000
  0.021,302.394,  0.000,  0.000
  0.021,302.379,  0.000,  0.000
  0.021,302.381,  0.000,  0.000
  0.021,302.394,  0.000,  0.000
  0.021,302.408,  0.000,  0.000
  0.021,302.411,  0.000,  0.000
  0.021,302.420,  0.000,  0.000
  0.022,302.816,  0.000,  0.000
  0.022,302.871,  0.000,  0.000
  0.022,302.900,  0.000,  0.000
  0.022,302.896,  0.000,  0.000
  0.022,302.872,  0.000,  0.000
  0.022,302.845,  0.000,  0.000
  0.022,302.827,  0.000,  0.000
  0.022,302.824,  0.000,  0.000
  0.022,302.829,  0.000,  0.000
  0.022,302.823,  0.000,  0.000
  0.022,302.740,  0.000,  0.000
  0.021,302.682,  0.000,  0.000
  0.021,302.638,  0.000,  0.000
  0.021,302.607,  0.000,  0.000
  0.021,302.558,  0.000,  0.000
  0.021,302.485,  0.000,  0.000
  0.021,302.420,  0.000,  0.000
  0.021,302.385,  0.000,  0.000
  0.021,302.367,  0.000,  0.000
  0.021,302.363,  0.000,  0.000
  0.021,302.389,  0.000,  0.000
  0.021,302.412,  0.000,  0.000
  0.021,302.421,  0.000,  0.000
  0.021,302.423,  0.000,  0.000
  0.021,302.425,  0.000,  0.000
  0.022,302.835,  0.000,  0.000
  0.022,302.874,  0.000,  0.000
  0.022,302.878,  0.000,  0.000
  0.022,302.860,  0.000,  0.000
  0.022,302.839,  0.000,  0.000
  0.022,302.818,  0.000,  0.000
  0.022,302.805,  0.000,  0.000
  0.022,302.807,  0.000,  0.000
  0.022,302.814,  0.000,  0.000
  0.022,302.807,  0.000,  0.000
  0.022,302.726,  0.000,  0.000
  0.021,302.673,  0.000,  0.000
  0.021,302.635,  0.000,  0.000
  0.021,302.605,  0.000,  0.000
  0.021,302.550,  0.000,  0.000
  0.021,302.476,  0.000,  0.000
  0.021,302.417,  0.000,  0.000
  0.021,302.382,  0.000,  0.000
  0.021,302.370,  0.000,  0.000
  0.021,302.374,  0.000,  0.000
  0.021,302.398,  0.000,  0.000
  0.021,302.431,  0.000,  0.000
  0.021,302.462,  0.000,  0.000
  0.021,302.486,  0.000,  0.000
  0.021,302.494,  0.000,  0.000
  0.022,302.838,  0.000,  0.000
  0.022,302.862,  0.000,  0.000
  0.022,302.854,  0.000,  0.000
  0.022,302.829,  0.000,  0.000
  0.022,302.809,  0.000,  0.000
  0.022,302.793,  0.000,  0.000
  0.022,302.785,  0.000,  0.000
  0.022,302.790,  0.000,  0.000
  0.022,302.798,  0.000,  0.000
  0.021,302.750,  0.000,  0.000
  0.022,302.713,  0.000,  0.000
  0.021,302.663,  0.000,  0.000
  0.021,302.632,  0.000,  0.000
  0.021,302.609,  0.000,  0.000
  0.021,302.559,  0.000,  0.000
  0.021,302.485,  0.000,  0.000
  0.021,302.419,  0.000,  0.000
  0.021,302.385,  0.000,  0.000
  0.021,302.391,  0.000,  0.000
  0.021,302.402,  0.000,  0.000
  0.021,302.409,  0.000,  0.000
  0.021,302.438,  0.000,  0.000
  0.020,302.493,  0.000,  0.000
  0.020,302.553,  0.000,  0.000
  0.020,302.595,  0.000,  0.000
  0.022,302.833,  0.000,  0.000
  0.022,302.844,  0.000,  0.000
  0.022,302.831,  0.000,  0.000
  0.022,302.804,  0.000,  0.000
  0.022,302.783,  0.000,  0.000
  0.022,302.772,  0.000,  0.000
  0.022,302.768,  0.000,  0.000
  0.021,302.734,  0.000,  0.000
  0.022,302.782,  0.000,  0.000
  0.021,302.737,  0.000,  0.000
  0.022,302.701,  0.000,  0.000
  0.021,302.653,  0.000,  0.000
  0.021,302.623,  0.000,  0.000
  0.021,302.605,  0.000,  0.000
  0.021,302.567,  0.000,  0.000
  0.021,302.499,  0.000,  0.000
  0.021,302.436,  0.000,  0.000
  0.021,302.405,  0.000,  0.000
  0.021,302.404,  0.000,  0.000
  0.021,302.407,  0.000,  0.000
  0.021,302.407,  0.000,  0.000
  0.021,302.435,  0.000,  0.000
  0.021,302.510,  0.000,  0.000
  0.020,302.606,  0.000,  0.000
  0.019,302.704,  0.000,  0.000
  0.022,302.822,  0.000,  0.000
  0.022,302.825,  0.000,  0.000
  0.022,302.808,  0.000,  0.000
  0.022,302.783,  0.000,  0.000
  0.022,302.764,  0.000,  0.000
  0.022,302.755,  0.000,  0.000
  0.022,302.754,  0.000,  0.000
  0.021,302.721,  0.000,  0.000
  0.021,302.731,  0.000,  0.000
  0.021,302.726,  0.000,  0.000
  0.022,302.692,  0.000,  0.000
  0.022,302.642,  0.000,  0.000
  0.021,302.609,  0.000,  0.000
  0.021,302.594,  0.000,  0.000
  0.021,302.566,  0.000,  0.000
  0.021,302.506,  0.000,  0.000
  0.021,302.446,  0.000,  0.000
  0.021,302.416,  0.000,  0.000
  0.021,302.410,  0.000,  0.000
  0.021,302.415,  0.000,  0.000
  0.021,302.419,  0.000,  0.000
  0.021,302.444,  0.000,  0.000
  0.021,302.523,  0.000,  0.000
  0.020,302.640,  0.000,  0.000
  0.019,302.773,  0.000,  0.000
  0.022,302.806,  0.000,  0.000
  0.022,302.802,  0.000,  0.000
  0.022,302.787,  0.000,  0.000
  0.022,302.766,  0.000,  0.000
  0.022,302.748,  0.000,  0.000
  0.022,302.741,  0.000,  0.000
  0.022,302.742,  0.000,  0.000
  0.021,302.713,  0.000,  0.000
  0.021,302.725,  0.000,  0.000
  0.021,302.721,  0.000,  0.000
  0.022,302.684,  0.000,  0.000
  0.022,302.627,  0.000,  0.000
  0.021,302.598,  0.000,  0.000
  0.021,302.596,  0.000,  0.000
  0.021,302.580,  0.000,  0.000
  0.021,302.524,  0.000,  0.000
  0.021,302.450,  0.000,  0.000
  0.021,302.405,  0.000,  0.000
  0.021,302.409,  0.000,  0.000
  0.021,302.424,  0.000,  0.000
  0.021,302.434,  0.000,  0.000
  0.021,302.454,  0.000,  0.000
  0.021,302.505,  0.000,  0.000
  0.020,302.601,  0.000,  0.000
  0.020,302.744,  0.000,  0.000
  0.022,302.788,  0.000,  0.000
  0.022,302.781,  0.000,  0.000
  0.022,302.766,  0.000,  0.000
  0.022,302.749,  0.000,  0.000
  0.022,302.734,  0.000,  0.000
  0.022,302.728,  0.000,  0.000
  0.021,302.696,  0.000,  0.000
  0.021,302.708,  0.000,  0.000
  0.021,302.722,  0.000,  0.000
  0.021,302.719,  0.000,  0.000
  0.022,302.677,  0.000,  0.000
  0.022,302.613,  0.000,  0.000
  0.021,302.586,  0.000,  0.000
  0.021,302.601,  0.000,  0.000
  0.021,302.605,  0.000,  0.000
  0.021,302.563,  0.000,  0.000
  0.021,302.475,  0.000,  0.000
  0.022,302.395,  0.000,  0.000
  0.021,302.393,  0.000,  0.000
  0.021,302.427,  0.000,  0.000
  0.021,302.458,  0.000,  0.000
  0.021,302.497,  0.000,  0.000
  0.021,302.538,  0.000,  0.000
  0.021,302.585,  0.000,  0.000
  0.020,302.668,  0.000,  0.000
  0.022,302.771,  0.000,  0.000
  0.022,302.762,  0.000,  0.000
  0.022,302.747,  0.000,  0.000
  0.022,302.733,  0.000,  0.000
  0.022,302.721,  0.000,  0.000
  0.022,302.719,  0.000,  0.000
  0.021,302.690,  0.000,  0.000
  0.021,302.703,  0.000,  0.000
  0.021,302.716,  0.000,  0.000
  0.021,302.714,  0.000,  0.000
  0.022,302.678,  0.000,  0.000
  0.022,302.615,  0.000,  0.000
  0.022,302.581,  0.000,  0.000
  0.021,302.599,  0.000,  0.000
  0.021,302.622,  0.000,  0.000
  0.021,302.605,  0.000,  0.000
  0.021,302.532,  0.000,  0.000
  0.021,302.432,  0.000,  0.000
  0.022,302.389,  0.000,  0.000
  0.021,302.439,  0.000,  0.000
  0.021,302.512,  0.000,  0.000
  0.021,302.580,  0.000,  0.000
  0.020,302.635,  0.000,  0.000
  0.020,302.665,  0.000,  0.000
  0.020,302.683,  0.000,  0.000
  0.022,302.753,  0.000,  0.000
  0.022,302.745,  0.000,  0.000
  0.022,302.730,  0.000,  0.000
  0.022,302.716,  0.000,  0.000
  0.022,302.710,  0.000,  0.000
  0.021,302.679,  0.000,  0.000
  0.021,302.687,  0.000,  0.000
  0.021,302.697,  0.000,  0.000
  0.021,302.705,  0.000,  0.000
  0.021,302.705,  0.000,  0.000
  0.021,302.688,  0.000,  0.000
  0.022,302.644,  0.000,  0.000
  0.022,302.595,  0.000,  0.000
  0.021,302.588,  0.000,  0.000
  0.021,302.618,  0.000,  0.000
  0.021,302.631,  0.000,  0.000
  0.021,302.598,  0.000,  0.000
  0.021,302.505,  0.000,  0.000
  0.021,302.420,  0.000,  0.000
  0.021,302.444,  0.000,  0.000
  0.021,302.553,  0.000,  0.000
  0.020,302.648,  0.000,  0.000
  0.020,302.696,  0.000,  0.000
  0.020,302.719,  0.000,  0.000
  0.020,302.726,  0.000,  0.000
  0.022,302.731,  0.000,  0.000
  0.022,302.725,  0.000,  0.000
  0.022,302.711,  0.000,  0.000
  0.022,302.697,  0.000,  0.000
  0.021,302.661,  0.000,  0.000
  0.021,302.667,  0.000,  0.000
  0.021,302.677,  0.000,  0.000
  0.021,302.686,  0.000,  0.000
  0.021,302.693,  0.000,  0.000
  0.021,302.694,  0.000,  0.000
  0.021,302.684,  0.000,  0.000
  0.021,302.661,  0.000,  0.000
  0.022,302.620,  0.000,  0.000
  0.021,302.593,  0.000,  0.000
  0.021,302.612,  0.000,  0.000
  0.021,302.652,  0.000,  0.000
  0.021,302.659,  0.000,  0.000
  0.021,302.592,  0.000,  0.000
  0.021,302.476,  0.000,  0.000
  0.021,302.432,  0.000,  0.000
  0.021,302.528,  0.000,  0.000
  0.020,302.636,  0.000,  0.000
  0.020,302.684,  0.000,  0.000
  0.020,302.706,  0.000,  0.000
  0.020,302.728,  0.000,  0.000
  0.022,302.705,  0.000,  0.000
  0.022,302.702,  0.000,  0.000
  0.022,302.692,  0.000,  0.000
  0.022,302.679,  0.000,  0.000
  0.022,302.674,  0.000,  0.000
  0.021,302.648,  0.000,  0.000
  0.021,302.658,  0.000,  0.000
  0.021,302.670,  0.000,  0.000
  0.021,302.682,  0.000,  0.000
  0.021,302.686,  0.000,  0.000
  0.021,302.673,  0.000,  0.000
  0.021,302.653,  0.000,  0.000
  0.022,302.629,  0.000,  0.000
  0.021,302.601,  0.000,  0.000
  0.021,302.607,  0.000,  0.000
  0.021,302.663,  0.000,  0.000
  0.020,302.705,  0.000,  0.000
  0.020,302.670,  0.000,  0.000
  0.021,302.541,  0.000,  0.000
  0.021,302.452,  0.000,  0.000
  0.021,302.539,  0.000,  0.000
  0.020,302.673,  0.000,  0.000
  0.020,302.714,  0.000,  0.000
  0.020,302.696,  0.000,  0.000
  0.020,302.694,  0.000,  0.000
  0.022,302.676,  0.000,  0.000
  0.022,302.674,  0.000,  0.000
  0.022,302.670,  0.000,  0.000
  0.022,302.662,  0.000,  0.000
  0.022,302.656,  0.000,  0.000
  0.021,302.625,  0.000,  0.000
  0.021,302.632,  0.000,  0.000
  0.021,302.646,  0.000,  0.000
  0.021,302.662,  0.000,  0.000
  0.021,302.669,  0.000,  0.000
  0.021,302.658,  0.000,  0.000
  0.021,302.636,  0.000,  0.000
  0.022,302.617,  0.000,  0.000
  0.021,302.597,  0.000,  0.000
  0.021,302.593,  0.000,  0.000
  0.021,302.642,  0.000,  0.000
  0.020,302.705,  0.000,  0.000
  0.020,302.709,  0.000,  0.000
  0.021,302.622,  0.000,  0.000
  0.021,302.522,  0.000,  0.000
  0.021,302.577,  0.000,  0.000
  0.020,302.722,  0.000,  0.000
  0.020,302.774,  0.000,  0.000
  0.020,302.731,  0.000,  0.000
  0.020,302.684,  0.000,  0.000
  0.022,302.649,  0.000,  0.000
  0.022,302.645,  0.000,  0.000
  0.022,302.643,  0.000,  0.000
  0.022,302.643,  0.000,  0.000
  0.022,302.639,  0.000,  0.000
  0.022,302.635,  0.000,  0.000
  0.021,302.606,  0.000,  0.000
  0.021,302.619,  0.000,  0.000
  0.021,302.638,  0.000,  0.000
  0.021,302.652,  0.000,  0.000
  0.021,302.650,  0.000,  0.000
  0.021,302.629,  0.000,  0.000
  0.021,302.608,  0.000,  0.000
  0.022,302.594,  0.000,  0.000
  0.021,302.588,  0.000,  0.000
  0.021,302.605,  0.000,  0.000
  0.021,302.655,  0.000,  0.000
  0.020,302.686,  0.000,  0.000
  0.020,302.648,  0.000,  0.000
  0.021,302.557,  0.000,  0.000
  0.021,302.533,  0.000,  0.000
  0.021,302.650,  0.000,  0.000
  0.020,302.748,  0.000,  0.000
  0.020,302.764,  0.000,  0.000
  0.020,302.721,  0.000,  0.000
