  0.020,302.294,  9.118,  0.090
  0.020,302.283,  2.601,  0.090
  0.020,302.275,  1.957,  0.000
  0.020,302.267,  4.517,  0.000
  0.020,302.255,  3.147,  0.000
  0.020,302.249,  1.095,  0.000
  0.020,302.268,  1.600,  0.060
  0.020,302.303,  2.368,  0.060
  0.020,302.315,  2.242,  0.060
  0.020,302.291,  0.567,  0.000
  0.020,302.260,  0.022,  0.000
  0.020,302.254,  0.005,  0.000
  0.020,302.274,  0.001,  0.000
  0.020,302.293,  0.003,  0.000
  0.020,302.287,  0.022,  0.000
  0.021,302.264,  0.066,  0.000
  0.021,302.265,  0.087,  0.000
  0.020,302.299,  0.029,  0.000
  0.020,302.325,  0.005,  0.000
  0.021,302.318,  0.003,  0.000
  0.021,302.318,  0.011,  0.000
  0.020,302.363,  0.108,  0.000
  0.020,302.417,  0.438,  0.000
  0.020,302.447,  1.049,  0.000
  0.020,302.413,  1.673,  0.000
  0.020,302.317,  8.009,  0.000
  0.020,302.313,  3.817,  0.000
  0.020,302.304,  3.252,  0.000
  0.020,302.292,  3.743,  0.000
  0.020,302.270,  2.665,  0.000
  0.020,302.244,  0.576,  0.000
  0.021,302.236,  0.302,  0.000
  0.020,302.258,  0.307,  0.000
  0.020,302.285,  0.176,  0.000
  0.020,302.288,  0.055,  0.000
  0.020,302.268,  0.008,  0.000
  0.020,302.255,  0.002,  0.000
  0.020,302.265,  0.000,  0.000
  0.020,302.280,  0.001,  0.000
  0.020,302.264,  0.002,  0.000
  0.021,302.228,  0.002,  0.000
  0.021,302.230,  0.002,  0.000
  0.020,302.301,  0.001,  0.000
  0.020,302.388,  0.004,  0.000
  0.020,302.417,  0.007,  0.000
  0.021,302.388,  0.011,  0.000
  0.020,302.371,  0.067,  0.000
  0.020,302.409,  0.340,  0.000
  0.020,302.455,  1.080,  0.000
  0.020,302.421,  2.280,  0.000
  0.020,302.334,  7.351,  0.000
  0.020,302.328,  3.794,  0.000
  0.020,302.310,  1.873,  0.000
  0.020,302.298,  2.297,  0.000
  0.020,302.286,  1.765,  0.000
  0.020,302.264,  0.617,  0.000
  0.020,302.245,  0.234,  0.000
  0.021,302.245,  0.157,  0.000
  0.021,302.265,  0.060,  0.000
  0.020,302.279,  0.021,  0.000
  0.020,302.276,  0.007,  0.000
  0.020,302.267,  0.007,  0.000
  0.020,302.284,  0.003,  0.000
  0.020,302.307,  0.001,  0.000
  0.021,302.298,  0.000,  0.000
  0.021,302.261,  0.001,  0.000
  0.021,302.249,  0.001,  0.000
  0.020,302.305,  0.002,  0.000
  0.020,302.388,  0.005,  0.000
  0.020,302.435,  0.012,  0.000
  0.020,302.433,  0.026,  0.000
  0.020,302.395,  0.051,  0.000
  0.020,302.372,  0.117,  0.000
  0.020,302.380,  0.346,  0.000
  0.020,302.338,  0.953,  0.000
  0.020,302.320, 17.459,  0.000
  0.020,302.313, 16.815,  0.000
  0.020,302.301,  9.253,  0.000
  0.020,302.300,  3.582,  0.000
  0.020,302.303,  2.498,  0.000
  0.020,302.297,  1.145,  0.000
  0.020,302.284,  0.566,  0.000
  0.020,302.278,  0.306,  0.000
  0.020,302.282,  0.110,  0.000
  0.020,302.285,  0.029,  0.000
  0.020,302.280,  0.012,  0.000
  0.020,302.288,  0.013,  0.000
  0.020,302.326,  0.017,  0.000
  0.020,302.364,  0.021,  0.000
  0.020,302.375,  0.012,  0.000
  0.021,302.351,  0.004,  0.000
  0.021,302.320,  0.001,  0.000
  0.021,302.306,  0.000,  0.000
  0.021,302.312,  0.002,  0.000
  0.020,302.350,  0.011,  0.000
  0.020,302.395,  0.040,  0.000
  0.020,302.402,  0.101,  0.000
  0.021,302.334,  0.200,  0.000
  0.021,302.260,  0.287,  0.000
  0.021,302.181,  0.317,  0.000
  0.020,302.274, 17.887,  0.000
  0.020,302.291, 22.013,  0.000
  0.021,302.286, 17.858,  0.000
  0.021,302.281,  9.720,  0.000
  0.020,302.294,  6.639,  0.000
  0.020,302.303,  4.095,  0.000
  0.020,302.304,  1.341,  0.000
  0.020,302.305,  1.016,  0.000
  0.020,302.305,  0.610,  0.000
  0.020,302.301,  0.186,  0.000
  0.020,302.295,  0.092,  0.000
  0.021,302.295,  0.041,  0.000
  0.020,302.318,  0.022,  0.000
  0.020,302.349,  0.026,  0.000
  0.020,302.357,  0.016,  0.000
  0.020,302.336,  0.008,  0.000
  0.020,302.300,  0.004,  0.000
  0.021,302.258,  0.001,  0.000
  0.021,302.242,  0.001,  0.000
  0.021,302.276,  0.003,  0.000
  0.020,302.330,  0.020,  0.000
  0.020,302.360,  0.084,  0.000
  0.021,302.310,  0.249,  0.000
  0.021,302.186,  0.527,  0.000
  0.021,302.058,  0.796,  0.000
  0.020,302.246, 11.252,  0.000
  0.020,302.279, 15.802,  0.000
  0.021,302.268, 18.548,  0.000
  0.021,302.249, 14.482,  0.000
  0.021,302.246,  7.313,  0.000
  0.021,302.265,  4.619,  0.000
  0.021,302.272,  4.529,  0.000
  0.021,302.266,  6.304,  0.000
  0.021,302.264,  4.733,  0.000
  0.020,302.266,  2.051,  0.000
  0.020,302.273,  1.017,  0.000
  0.021,302.277,  0.553,  0.000
  0.021,302.264,  0.309,  0.000
  0.021,302.251,  0.201,  0.000
  0.020,302.243,  0.060,  0.000
  0.020,302.227,  0.021,  0.000
  0.021,302.261,  0.007,  0.000
  0.022,302.364,  0.005,  0.000
  0.021,302.218,  0.001,  0.000
  0.021,302.267,  0.002,  0.000
  0.021,302.304,  0.007,  0.000
  0.021,302.322,  0.033,  0.000
  0.021,302.289,  0.134,  0.000
  0.021,302.179,  0.403,  0.000
  0.021,302.042,  0.930,  0.000
  0.021,302.201, 14.138,  0.000
  0.020,302.241, 11.250,  0.000
  0.020,302.246, 11.394,  0.000
  0.021,302.220, 12.543,  0.000
  0.021,302.187,  9.706,  0.000
  0.021,302.189,  7.692,  0.000
  0.021,302.197, 10.117,  0.000
  0.021,302.186, 11.587,  0.000
  0.021,302.180,  9.725,  0.000
  0.021,302.193,  7.095,  0.000
  0.020,302.211,  4.837,  0.000
  0.020,302.228,  4.328,  0.000
  0.021,302.212,  5.620,  0.000
  0.021,302.161,  6.131,  0.000
  0.021,302.132,  2.727,  0.000
  0.020,302.133,  0.388,  0.000
  0.020,302.155,  0.071,  0.000
  0.020,302.141,  0.017,  0.000
  0.021,302.202,  0.004,  0.000
  0.021,302.277,  0.001,  0.000
  0.021,302.321,  0.001,  0.000
  0.021,302.320,  0.003,  0.000
  0.021,302.275,  0.021,  0.000
  0.021,302.186,  0.116,  0.000
  0.021,302.072,  0.400,  0.000
  0.021,302.167, 11.416,  0.000
  0.021,302.201, 10.411,  0.000
  0.020,302.231,  8.069,  0.000
  0.021,302.215,  7.245,  0.000
  0.021,302.172,  6.963,  0.000
  0.021,302.149,  9.281,  0.000
  0.021,302.146, 12.367,  0.000
  0.021,302.132, 14.262,  0.000
  0.021,302.123, 12.156,  0.000
  0.021,302.136, 10.654,  0.000
  0.020,302.164,  9.851,  0.000
  0.020,302.192, 11.075,  0.000
  0.020,302.186, 16.193,  0.000
  0.021,302.126, 19.652,  0.000
  0.021,302.083, 15.747,  0.000
  0.021,302.087,  7.127,  0.000
  0.020,302.092,  1.432,  0.000
  0.021,302.113,  0.316,  0.000
  0.021,302.185,  0.049,  0.000
  0.020,302.288,  0.010,  0.000
  0.020,302.361,  0.002,  0.000
  0.021,302.358,  0.000,  0.000
  0.021,302.277,  0.001,  0.000
  0.021,302.166,  0.001,  0.000
  0.021,302.083,  0.003,  0.000
  0.021,302.195,  5.486,  0.000
  0.021,302.215,  3.667,  0.000
  0.021,302.229,  2.145,  0.000
  0.021,302.220,  0.488,  0.000
  0.021,302.203,  0.529,  0.000
  0.020,302.191,  1.669,  0.000
  0.020,302.177,  4.581,  0.000
  0.021,302.145,  6.529,  0.000
  0.021,302.107,  6.154,  0.000
  0.021,302.102,  6.295,  0.000
  0.020,302.140,  6.981,  0.000
  0.020,302.183,  8.256,  0.000
  0.020,302.185, 11.743,  0.000
  0.021,302.122, 15.821,  0.000
  0.021,302.074, 16.373,  0.000
  0.021,302.086, 13.515,  0.000
  0.021,302.104,  8.905,  0.000
  0.021,302.129,  3.581,  0.000
  0.021,302.187,  0.626,  0.000
  0.020,302.281,  0.049,  0.000
  0.020,302.373,  0.012,  0.000
  0.020,302.384,  0.002,  0.000
  0.021,302.269,  0.002,  0.000
  0.021,302.095,  0.005,  0.000
  0.021,302.007,  0.006,  0.000
  0.021,302.238, 18.190,  0.000
  0.020,302.278, 10.169,  0.000
  0.020,302.284,  1.326,  0.000
  0.020,302.252,  0.192,  0.000
  0.020,302.227,  0.062,  0.000
  0.020,302.225,  0.060,  0.000
  0.020,302.219,  0.234,  0.000
  0.020,302.185,  0.646,  0.000
  0.020,302.130,  0.874,  0.000
  0.020,302.107,  0.425,  0.000
  0.020,302.136,  0.315,  0.000
  0.020,302.186,  1.031,  0.000
  0.020,302.190,  2.527,  0.000
  0.021,302.133,  4.332,  0.000
  0.021,302.076,  6.040,  0.000
  0.021,302.080,  7.957,  0.000
  0.021,302.114,  9.056,  0.000
  0.021,302.145,  7.173,  0.000
  0.021,302.176,  2.256,  0.000
  0.021,302.223,  0.121,  0.000
  0.020,302.289,  0.037,  0.000
  0.020,302.321,  0.009,  0.000
  0.021,302.244,  0.003,  0.000
  0.021,302.066,  0.000,  0.000
  0.021,301.910,  0.001,  0.000
  0.021,302.212, 17.469,  0.000
  0.020,302.281, 15.663,  0.000
  0.020,302.321,  5.367,  0.000
  0.020,302.279,  0.815,  0.000
  0.020,302.228,  0.155,  0.000
  0.020,302.206,  0.028,  0.000
  0.020,302.204,  0.024,  0.000
  0.020,302.199,  0.035,  0.000
  0.020,302.171,  0.052,  0.000
  0.020,302.143,  0.089,  0.000
  0.020,302.142,  0.099,  0.000
  0.020,302.169,  0.067,  0.000
  0.020,302.183,  0.112,  0.000
  0.021,302.137,  0.366,  0.000
  0.021,302.053,  0.845,  0.000
  0.021,302.020,  1.319,  0.000
  0.021,302.052,  2.199,  0.000
  0.021,302.091,  2.496,  0.000
  0.021,302.108,  1.967,  0.000
  0.021,302.135,  1.152,  0.000
  0.021,302.201,  0.446,  0.000
  0.021,302.252,  0.131,  0.000
  0.021,302.197,  0.034,  0.000
  0.021,302.022,  0.007,  0.000
  0.021,301.815,  0.002,  0.000
  0.021,302.138,  2.862,  0.000
  0.021,302.190,  6.215,  0.000
  0.020,302.251,  4.896,  0.000
  0.020,302.244,  1.933,  0.000
  0.020,302.205,  0.474,  0.000
  0.020,302.187,  0.180,  0.000
  0.020,302.188,  0.083,  0.000
  0.020,302.188,  0.028,  0.000
  0.020,302.177,  0.011,  0.000
  0.020,302.162,  0.004,  0.000
  0.020,302.154,  0.003,  0.000
  0.020,302.163,  0.009,  0.000
  0.020,302.168,  0.058,  0.000
  0.021,302.131,  0.226,  0.000
  0.021,302.063,  0.256,  0.000
  0.021,302.019,  0.077,  0.000
  0.021,302.024,  0.142,  0.000
  0.021,302.047,  0.756,  0.000
  0.021,302.062,  2.121,  0.000
  0.021,302.082,  3.303,  0.000
  0.021,302.163,  3.155,  0.000
  0.021,302.266,  1.700,  0.000
  0.021,302.218,  0.616,  0.000
  0.021,301.981,  0.138,  0.000
  0.021,301.724,  0.010,  0.000
  0.021,302.124,  0.073,  0.000
  0.021,302.102,  0.025,  0.000
  0.021,302.115,  0.098,  0.000
  0.021,302.137,  0.566,  0.000
  0.021,302.151,  0.763,  0.000
  0.020,302.161,  0.769,  0.000
  0.020,302.165,  0.645,  0.000
  0.020,302.159,  0.343,  0.000
  0.020,302.147,  0.077,  0.000
  0.020,302.147,  0.012,  0.000
  0.020,302.160,  0.004,  0.000
  0.020,302.177,  0.002,  0.000
  0.020,302.166,  0.278,  0.000
  0.021,302.122,  1.523,  0.000
  0.021,302.066,  1.362,  0.000
  0.021,302.021,  0.152,  0.000
  0.021,302.018,  0.033,  0.000
  0.021,302.050,  0.011,  0.000
  0.021,302.066,  0.099,  0.000
  0.021,302.059,  0.877,  0.000
  0.021,302.090,  2.660,  0.000
  0.021,302.184,  3.714,  0.000
  0.021,302.241,  2.719,  0.000
  0.021,302.064,  0.628,  0.000
  0.021,301.752,  0.019,  0.000
  0.021,302.152,  0.057,  0.000
  0.021,302.108,  0.090,  0.000
  0.021,302.087,  0.062,  0.000
  0.021,302.100,  0.023,  0.000
  0.021,302.127,  0.245,  0.000
  0.021,302.144,  0.780,  0.000
  0.020,302.148,  1.271,  0.020
  0.020,302.152,  1.007,  0.020
  0.020,302.151,  0.346,  0.020
  0.020,302.153,  0.209,  0.020
  0.020,302.160,  0.113,  0.020
  0.020,302.180,  0.035,  0.020
  0.020,302.165,  0.162,  0.020
  0.021,302.079,  1.004,  0.030
  0.021,301.970,  1.351,  0.030
  0.021,301.907,  0.318,  0.030
  0.021,301.912,  0.030,  0.040
  0.021,301.975,  0.015,  0.040
  0.021,302.028,  0.009,  0.040
  0.021,302.038,  0.007,  0.040
  0.021,302.024,  0.036,  0.000
  0.021,302.053,  0.155,  0.000
  0.021,302.146,  0.321,  0.000
  0.021,302.162,  0.242,  0.020
  0.021,301.961,  0.005,  0.020
  0.021,302.233,  0.000,  0.000
  0.021,302.206,  0.000,  0.000
  0.021,302.201,  0.001,  0.000
  0.021,302.194,  0.008,  0.000
  0.021,302.184,  0.002,  0.000
  0.021,302.164,  0.024,  0.000
  0.021,302.130,  0.179,  0.020
  0.021,302.130,  0.389,  0.020
  0.020,302.161,  0.435,  0.020
  0.020,302.173,  0.592,  0.020
  0.020,302.160,  0.544,  0.020
  0.020,302.148,  0.291,  0.020
  0.021,302.096,  0.080,  0.020
  0.021,301.953,  0.008,  0.030
  0.020,301.794,  0.003,  0.030
  0.020,301.739,  0.005,  0.030
  0.020,301.802,  0.013,  0.040
  0.021,301.900,  0.008,  0.040
  0.021,301.982,  0.006,  0.040
  0.021,302.023,  0.011,  0.040
  0.021,302.027,  0.016,  0.000
  0.021,302.040,  0.010,  0.000
  0.021,302.117,  0.003,  0.000
  0.021,302.209,  0.003,  0.020
  0.021,302.179,  0.000,  0.020
