  0.021,301.851,  0.000,  0.000
  0.022,301.852,  0.000,  0.000
  0.021,301.790,  0.000,  0.000
  0.021,301.726,  0.000,  0.000
  0.021,301.745,  0.000,  0.000
  0.021,301.786,  0.000,  0.000
  0.021,301.840,  0.000,  0.000
  0.021,301.851,  0.000,  0.000
  0.021,301.837,  0.000,  0.000
  0.021,301.729,  0.000,  0.000
  0.020,301.699,  0.000,  0.000
  0.020,301.743,  0.000,  0.000
  0.021,301.730,  0.000,  0.000
  0.020,301.710,  0.000,  0.000
  0.020,301.699,  0.000,  0.000
  0.020,301.720,  0.000,  0.000
  0.020,301.757,  0.000,  0.000
  0.020,301.788,  0.000,  0.000
  0.021,301.804,  0.000,  0.000
  0.021,301.828,  0.000,  0.000
  0.021,301.805,  0.000,  0.000
  0.021,301.764,  0.000,  0.000
  0.020,301.758,  0.000,  0.000
  0.020,301.779,  0.000,  0.000
  0.020,301.762,  0.000,  0.000
  0.021,301.834,  0.000,  0.000
  0.022,301.897,  0.000,  0.000
  0.022,301.812,  0.000,  0.000
  0.021,301.714,  0.000,  0.000
  0.021,301.723,  0.000,  0.000
  0.021,301.782,  0.000,  0.000
  0.022,301.829,  0.000,  0.000
  0.021,301.790,  0.000,  0.000
  0.021,301.810,  0.000,  0.000
  0.021,301.725,  0.000,  0.000
  0.021,301.695,  0.000,  0.000
  0.021,301.677,  0.000,  0.000
  0.021,301.658,  0.000,  0.000
  0.021,301.658,  0.000,  0.000
  0.021,301.681,  0.000,  0.000
  0.021,301.657,  0.000,  0.000
  0.020,301.699,  0.000,  0.000
  0.021,301.712,  0.000,  0.000
  0.020,301.737,  0.000,  0.000
  0.020,301.760,  0.000,  0.000
  0.021,301.742,  0.000,  0.000
  0.021,301.730,  0.000,  0.000
  0.020,301.732,  0.000,  0.000
  0.020,301.755,  0.000,  0.000
  0.020,301.752,  0.000,  0.000
  0.021,301.833,  0.000,  0.000
  0.021,301.876,  0.000,  0.000
  0.021,301.854,  0.000,  0.000
  0.021,301.790,  0.000,  0.000
  0.021,301.714,  0.000,  0.000
  0.021,301.741,  0.000,  0.000
  0.021,301.804,  0.000,  0.000
  0.021,301.821,  0.000,  0.000
  0.021,301.800,  0.000,  0.000
  0.021,301.746,  0.000,  0.000
  0.021,301.723,  0.000,  0.000
  0.021,301.701,  0.000,  0.000
  0.021,301.707,  0.000,  0.000
  0.021,301.717,  0.000,  0.000
  0.021,301.701,  0.000,  0.000
  0.021,301.671,  0.000,  0.000
  0.021,301.650,  0.000,  0.000
  0.021,301.635,  0.000,  0.000
  0.021,301.657,  0.000,  0.000
  0.021,301.685,  0.000,  0.000
  0.021,301.702,  0.000,  0.000
  0.021,301.707,  0.000,  0.000
  0.020,301.710,  0.000,  0.000
  0.020,301.713,  0.000,  0.000
  0.020,301.706,  0.000,  0.000
  0.021,301.790,  0.000,  0.000
  0.021,301.803,  0.000,  0.000
  0.021,301.838,  0.000,  0.000
  0.021,301.827,  0.000,  0.000
  0.021,301.798,  0.000,  0.000
  0.021,301.787,  0.000,  0.000
  0.021,301.806,  0.000,  0.000
  0.021,301.794,  0.000,  0.000
  0.021,301.772,  0.000,  0.000
  0.021,301.765,  0.000,  0.000
  0.021,301.751,  0.000,  0.000
  0.021,301.752,  0.000,  0.000
  0.021,301.765,  0.000,  0.000
  0.021,301.787,  0.000,  0.000
  0.021,301.768,  0.000,  0.000
  0.021,301.701,  0.000,  0.000
  0.021,301.654,  0.000,  0.000
  0.021,301.645,  0.000,  0.000
  0.021,301.652,  0.000,  0.000
  0.021,301.664,  0.000,  0.000
  0.021,301.679,  0.000,  0.000
  0.021,301.689,  0.000,  0.000
  0.021,301.683,  0.000,  0.000
  0.021,301.678,  0.000,  0.000
  0.021,301.661,  0.000,  0.000
  0.022,301.845,  0.000,  0.000
  0.022,301.841,  0.000,  0.000
  0.021,301.771,  0.000,  0.000
  0.021,301.756,  0.000,  0.000
  0.021,301.777,  0.000,  0.000
  0.021,301.806,  0.000,  0.000
  0.021,301.810,  0.000,  0.000
  0.021,301.780,  0.000,  0.000
  0.021,301.763,  0.000,  0.000
  0.021,301.798,  0.000,  0.000
  0.021,301.809,  0.000,  0.000
  0.021,301.794,  0.000,  0.000
  0.021,301.792,  0.000,  0.000
  0.021,301.791,  0.000,  0.000
  0.021,301.790,  0.000,  0.000
  0.021,301.745,  0.000,  0.000
  0.021,301.683,  0.000,  0.000
  0.021,301.655,  0.000,  0.000
  0.021,301.651,  0.000,  0.000
  0.021,301.658,  0.000,  0.000
  0.021,301.670,  0.000,  0.000
  0.021,301.673,  0.000,  0.000
  0.021,301.666,  0.000,  0.000
  0.021,301.666,  0.000,  0.000
  0.021,301.647,  0.000,  0.000
  0.022,301.844,  0.000,  0.000
  0.022,301.837,  0.000,  0.000
  0.022,301.810,  0.000,  0.000
  0.022,301.785,  0.000,  0.000
  0.021,301.742,  0.000,  0.000
  0.021,301.714,  0.000,  0.000
  0.021,301.776,  0.000,  0.000
  0.021,301.823,  0.000,  0.000
  0.021,301.828,  0.000,  0.000
  0.021,301.813,  0.000,  0.000
  0.021,301.796,  0.000,  0.000
  0.021,301.795,  0.000,  0.000
  0.021,301.796,  0.000,  0.000
  0.021,301.796,  0.000,  0.000
  0.021,301.805,  0.000,  0.000
  0.021,301.758,  0.000,  0.000
  0.021,301.669,  0.000,  0.000
  0.021,301.628,  0.000,  0.000
  0.021,301.618,  0.000,  0.000
  0.021,301.623,  0.000,  0.000
  0.021,301.644,  0.000,  0.000
  0.021,301.651,  0.000,  0.000
  0.021,301.649,  0.000,  0.000
  0.021,301.652,  0.000,  0.000
  0.021,301.637,  0.000,  0.000
  0.022,301.814,  0.000,  0.000
  0.022,301.822,  0.000,  0.000
  0.022,301.817,  0.000,  0.000
  0.022,301.812,  0.000,  0.000
  0.021,301.769,  0.000,  0.000
  0.021,301.805,  0.000,  0.000
  0.021,301.810,  0.000,  0.000
  0.021,301.782,  0.000,  0.000
  0.021,301.772,  0.000,  0.000
  0.021,301.756,  0.000,  0.000
  0.021,301.734,  0.000,  0.000
  0.021,301.773,  0.000,  0.000
  0.021,301.808,  0.000,  0.000
  0.021,301.829,  0.000,  0.000
  0.021,301.839,  0.000,  0.000
  0.021,301.779,  0.000,  0.000
  0.021,301.690,  0.000,  0.000
  0.021,301.637,  0.000,  0.000
  0.021,301.620,  0.000,  0.000
  0.021,301.614,  0.000,  0.000
  0.021,301.613,  0.000,  0.000
  0.021,301.615,  0.000,  0.000
  0.021,301.617,  0.000,  0.000
  0.021,301.623,  0.000,  0.000
  0.021,301.616,  0.000,  0.000
  0.022,301.813,  0.000,  0.000
  0.022,301.808,  0.000,  0.000
  0.022,301.793,  0.000,  0.000
  0.021,301.827,  0.000,  0.000
  0.021,301.843,  0.000,  0.000
  0.021,301.838,  0.000,  0.000
  0.021,301.820,  0.000,  0.000
  0.021,301.803,  0.000,  0.000
  0.021,301.790,  0.000,  0.000
  0.021,301.775,  0.000,  0.000
  0.021,301.758,  0.000,  0.000
  0.021,301.742,  0.000,  0.000
  0.021,301.740,  0.000,  0.000
  0.021,301.739,  0.000,  0.000
  0.021,301.751,  0.000,  0.000
  0.021,301.745,  0.000,  0.000
  0.021,301.701,  0.000,  0.000
  0.021,301.656,  0.000,  0.000
  0.021,301.628,  0.000,  0.000
  0.021,301.612,  0.000,  0.000
  0.021,301.603,  0.000,  0.000
  0.021,301.597,  0.000,  0.000
  0.021,301.595,  0.000,  0.000
  0.021,301.598,  0.000,  0.000
  0.021,301.596,  0.000,  0.000
  0.022,301.836,  0.000,  0.000
  0.022,301.813,  0.000,  0.000
  0.021,301.843,  0.000,  0.000
  0.021,301.849,  0.000,  0.000
  0.021,301.840,  0.000,  0.000
  0.021,301.836,  0.000,  0.000
  0.021,301.830,  0.000,  0.000
  0.021,301.819,  0.000,  0.000
  0.021,301.804,  0.000,  0.000
  0.021,301.788,  0.000,  0.000
  0.021,301.768,  0.000,  0.000
  0.021,301.755,  0.000,  0.000
  0.021,301.754,  0.000,  0.000
  0.021,301.754,  0.000,  0.000
  0.021,301.753,  0.000,  0.000
  0.021,301.739,  0.000,  0.000
  0.021,301.740,  0.000,  0.000
  0.021,301.697,  0.000,  0.000
  0.021,301.650,  0.000,  0.000
  0.021,301.623,  0.000,  0.000
  0.021,301.610,  0.000,  0.000
  0.021,301.600,  0.000,  0.000
  0.021,301.593,  0.000,  0.000
  0.021,301.591,  0.000,  0.000
  0.021,301.588,  0.000,  0.000
  0.022,301.840,  0.000,  0.000
  0.022,301.843,  0.000,  0.000
  0.022,301.856,  0.000,  0.000
  0.021,301.853,  0.000,  0.000
  0.021,301.849,  0.000,  0.000
  0.021,301.850,  0.000,  0.000
  0.021,301.826,  0.000,  0.000
  0.021,301.844,  0.000,  0.000
  0.021,301.827,  0.000,  0.000
  0.021,301.809,  0.000,  0.000
  0.021,301.790,  0.000,  0.000
  0.021,301.782,  0.000,  0.000
  0.021,301.769,  0.000,  0.000
  0.021,301.756,  0.000,  0.000
  0.021,301.746,  0.000,  0.000
  0.021,301.728,  0.000,  0.000
  0.021,301.730,  0.000,  4.330
  0.021,301.691,  0.000,  4.330
  0.021,301.648,  0.000,  4.330
  0.021,301.626,  0.000,  4.330
  0.021,301.616,  0.000,  8.290
  0.021,301.607,  0.000,  8.290
  0.021,301.596,  0.000,  8.290
  0.021,301.589,  0.000,  5.260
  0.021,301.586,  0.000,  5.260
  0.022,301.844,  0.000,  0.000
  0.022,301.844,  0.000,  0.000
  0.022,301.855,  0.000,  0.000
  0.022,301.857,  0.000,  0.000
  0.021,301.854,  0.000,  0.000
  0.021,301.849,  0.000,  0.000
  0.021,301.842,  0.000,  0.000
  0.021,301.837,  0.000,  0.000
  0.021,301.814,  0.000,  0.000
  0.021,301.831,  0.000,  0.000
  0.021,301.818,  0.000,  0.000
  0.021,301.798,  0.000,  0.000
  0.021,301.776,  0.000,  0.000
  0.021,301.760,  0.000,  0.000
  0.021,301.745,  0.000,  0.000
  0.021,301.724,  0.000,  0.000
  0.021,301.718,  0.000,  4.330
  0.021,301.665,  0.000,  4.330
  0.021,301.631,  0.000,  4.330
  0.021,301.619,  0.000,  4.330
  0.021,301.614,  0.000,  8.290
  0.021,301.606,  0.000,  8.290
  0.021,301.599,  0.000,  8.290
  0.021,301.592,  0.000,  5.260
  0.021,301.588,  0.000,  5.260
  0.022,301.839,  0.000,  0.000
  0.022,301.840,  0.000,  0.000
  0.022,301.840,  0.000,  0.000
  0.022,301.839,  0.000,  0.000
  0.022,301.838,  0.000,  0.000
  0.021,301.834,  0.000,  0.000
  0.021,301.830,  0.000,  0.000
  0.021,301.825,  0.000,  0.000
  0.021,301.817,  0.000,  0.000
  0.021,301.811,  0.000,  0.000
  0.021,301.800,  0.000,  0.000
  0.021,301.799,  0.000,  0.000
  0.021,301.737,  0.000,  0.000
  0.021,301.731,  0.000,  0.000
  0.021,301.724,  0.000,  0.000
  0.021,301.716,  0.000,  0.000
  0.021,301.672,  0.000,  4.330
  0.021,301.634,  0.000,  4.330
  0.021,301.617,  0.000,  4.330
  0.021,301.612,  0.000,  4.330
  0.021,301.610,  0.000,  8.290
  0.021,301.606,  0.000,  8.290
  0.021,301.601,  0.000,  8.290
  0.021,301.596,  0.000,  5.260
  0.021,301.592,  0.000,  5.260
  0.022,301.823,  0.000,  0.000
  0.022,301.828,  0.000,  0.000
  0.022,301.824,  0.000,  0.000
  0.022,301.821,  0.000,  0.000
  0.022,301.818,  0.000,  0.000
  0.022,301.816,  0.000,  0.000
  0.021,301.814,  0.000,  0.000
  0.021,301.806,  0.000,  0.000
  0.021,301.798,  0.000,  0.000
  0.021,301.792,  0.000,  0.000
  0.021,301.783,  0.000,  0.000
  0.021,301.774,  0.000,  0.000
  0.021,301.754,  0.000,  0.000
  0.021,301.733,  0.000,  0.000
  0.021,301.708,  0.000,  0.000
  0.021,301.692,  0.000,  0.000
  0.021,301.679,  0.000,  4.330
  0.021,301.643,  0.000,  4.330
  0.021,301.619,  0.000,  4.330
  0.021,301.609,  0.000,  4.330
  0.021,301.606,  0.000,  8.290
  0.021,301.606,  0.000,  8.290
  0.021,301.603,  0.000,  8.290
  0.021,301.595,  0.000,  5.260
  0.021,301.590,  0.000,  5.260
  0.022,301.817,  0.000,  0.000
  0.022,301.826,  0.000,  0.000
  0.022,301.825,  0.000,  0.000
  0.022,301.830,  0.000,  0.000
  0.022,301.812,  0.000,  0.000
  0.022,301.801,  0.000,  0.000
  0.022,301.794,  0.000,  0.000
  0.022,301.771,  0.000,  0.000
  0.022,301.764,  0.000,  0.000
  0.022,301.761,  0.000,  0.000
  0.021,301.756,  0.000,  0.000
  0.021,301.757,  0.000,  0.000
  0.021,301.749,  0.000,  0.000
  0.021,301.734,  0.000,  0.400
  0.021,301.715,  0.000,  0.400
  0.021,301.688,  0.000,  0.400
  0.021,301.659,  0.000,  3.750
  0.021,301.638,  0.000,  3.750
  0.021,301.626,  0.000,  3.750
  0.021,301.615,  0.000,  3.750
  0.021,301.604,  0.000,  6.920
  0.021,301.594,  0.000,  6.920
  0.021,301.594,  0.000,  6.920
  0.021,301.598,  0.000,  4.000
  0.021,301.596,  0.000,  4.000
  0.021,301.833,  0.000,  0.000
  0.021,301.822,  0.000,  0.000
  0.021,301.834,  0.000,  0.000
  0.022,301.856,  0.000,  0.000
  0.022,301.833,  0.000,  0.000
  0.022,301.795,  0.000,  0.000
  0.022,301.784,  0.000,  0.000
  0.022,301.784,  0.000,  0.000
  0.022,301.779,  0.000,  0.000
  0.022,301.749,  0.000,  0.000
  0.022,301.731,  0.000,  0.000
  0.021,301.733,  0.000,  0.000
  0.021,301.726,  0.000,  0.000
  0.021,301.712,  0.000,  0.400
  0.021,301.703,  0.000,  0.400
  0.021,301.690,  0.000,  0.400
  0.021,301.664,  0.000,  3.750
  0.021,301.648,  0.000,  3.750
  0.021,301.633,  0.000,  3.750
  0.021,301.611,  0.000,  3.750
  0.021,301.608,  0.000,  6.920
  0.021,301.610,  0.000,  6.920
  0.021,301.606,  0.000,  6.920
  0.021,301.601,  0.000,  4.000
  0.021,301.597,  0.000,  4.000
