  0.018,299.223,  0.000,  0.000
  0.017,299.240,  0.000,  0.000
  0.018,299.246,  0.000,  0.000
  0.018,299.257,  0.000,  0.000
  0.018,299.271,  0.000,  0.000
  0.018,299.282,  0.000,  0.000
  0.018,299.286,  0.000,  0.000
  0.018,299.294,  0.000,  0.000
  0.018,299.290,  0.000,  0.000
  0.018,299.280,  0.000,  0.000
  0.018,299.287,  0.000,  0.000
  0.018,299.325,  0.000,  0.000
  0.018,299.401,  0.000,  0.000
  0.018,299.483,  0.000,  0.000
  0.018,299.552,  0.000,  0.000
  0.019,299.719,  0.000,  0.000
  0.019,299.730,  0.000,  0.000
  0.019,299.705,  0.000,  0.000
  0.019,299.674,  0.000,  0.000
  0.018,299.660,  0.000,  0.000
  0.018,299.657,  0.000,  0.000
  0.018,299.652,  0.000,  0.000
  0.018,299.646,  0.000,  0.000
  0.018,299.665,  0.000,  0.000
  0.018,299.669,  0.000,  0.000
  0.018,299.175,  0.000,  0.000
  0.018,299.239,  0.000,  0.000
  0.018,299.292,  0.000,  0.000
  0.018,299.304,  0.000,  0.000
  0.018,299.306,  0.000,  0.000
  0.018,299.329,  0.000,  0.000
  0.018,299.354,  0.000,  0.000
  0.018,299.332,  0.000,  0.000
  0.018,299.317,  0.000,  0.000
  0.018,299.318,  0.000,  0.000
  0.018,299.364,  0.000,  0.000
  0.018,299.427,  0.000,  0.000
  0.018,299.497,  0.000,  0.000
  0.018,299.543,  0.000,  0.000
  0.019,299.690,  0.000,  0.000
  0.019,299.697,  0.000,  0.000
  0.019,299.686,  0.000,  0.000
  0.019,299.667,  0.000,  0.000
  0.018,299.658,  0.000,  0.000
  0.018,299.655,  0.000,  0.000
  0.018,299.652,  0.000,  0.000
  0.018,299.648,  0.000,  0.000
  0.018,299.645,  0.000,  0.000
  0.018,299.668,  0.000,  0.000
  0.018,299.671,  0.000,  0.000
  0.018,299.132,  0.000,  0.000
  0.018,299.253,  0.000,  0.000
  0.018,299.330,  0.000,  0.000
  0.018,299.389,  0.000,  0.000
  0.018,299.403,  0.000,  0.000
  0.018,299.416,  0.000,  0.000
  0.018,299.420,  0.000,  0.000
  0.018,299.375,  0.000,  0.000
  0.018,299.362,  0.000,  0.000
  0.017,299.403,  0.000,  0.000
  0.018,299.444,  0.000,  0.000
  0.018,299.465,  0.000,  0.000
  0.018,299.469,  0.000,  0.000
  0.018,299.484,  0.000,  0.000
  0.019,299.654,  0.000,  0.000
  0.019,299.666,  0.000,  0.000
  0.018,299.662,  0.000,  0.000
  0.018,299.656,  0.000,  0.000
  0.018,299.654,  0.000,  0.000
  0.018,299.652,  0.000,  0.000
  0.018,299.649,  0.000,  0.000
  0.018,299.646,  0.000,  0.000
  0.018,299.646,  0.000,  0.000
  0.018,299.670,  0.000,  0.000
  0.018,299.673,  0.000,  0.000
  0.017,299.172,  0.000,  0.000
  0.018,299.275,  0.000,  0.000
  0.018,299.368,  0.000,  0.000
  0.018,299.315,  0.000,  0.000
  0.018,299.292,  0.000,  0.000
  0.019,299.524,  0.000,  0.000
  0.019,299.482,  0.000,  0.000
  0.018,299.477,  0.000,  0.000
  0.017,299.371,  0.000,  0.000
  0.017,299.426,  0.000,  0.000
  0.018,299.452,  0.000,  0.000
  0.018,299.437,  0.000,  0.000
  0.018,299.430,  0.000,  0.000
  0.018,299.471,  0.000,  0.000
  0.019,299.652,  0.000,  0.000
  0.018,299.658,  0.000,  0.000
  0.018,299.654,  0.000,  0.000
  0.018,299.652,  0.000,  0.000
  0.018,299.650,  0.000,  0.000
  0.018,299.650,  0.000,  0.000
  0.018,299.647,  0.000,  0.000
  0.018,299.644,  0.000,  0.000
  0.018,299.648,  0.000,  0.000
  0.018,299.670,  0.000,  0.000
  0.018,299.670,  0.000,  0.000
  0.017,299.181,  0.000,  0.000
  0.017,299.249,  0.000,  0.000
  0.018,299.510,  0.000,  0.000
  0.018,299.327,  0.000,  0.000
  0.018,299.305,  0.000,  0.000
  0.018,299.404,  0.000,  0.000
  0.018,299.403,  0.000,  0.000
  0.018,299.448,  0.000,  0.000
  0.018,299.542,  0.000,  0.000
  0.018,299.427,  0.000,  0.000
  0.018,299.443,  0.000,  0.000
  0.018,299.440,  0.000,  0.000
  0.018,299.468,  0.000,  0.000
  0.019,299.648,  0.000,  0.000
  0.018,299.654,  0.000,  0.000
  0.018,299.651,  0.000,  0.000
  0.018,299.648,  0.000,  0.000
  0.018,299.648,  0.000,  0.000
  0.018,299.649,  0.000,  0.000
  0.018,299.648,  0.000,  0.000
  0.018,299.644,  0.000,  0.000
  0.018,299.646,  0.000,  0.000
  0.018,299.651,  0.000,  0.000
  0.018,299.666,  0.000,  0.000
  0.018,299.662,  0.000,  0.000
  0.017,299.240,  0.000,  0.000
  0.018,299.486,  0.000,  0.000
  0.018,299.547,  0.000,  0.000
  0.018,299.470,  0.000,  0.000
  0.018,299.464,  0.000,  0.000
  0.019,299.512,  0.000,  0.000
  0.019,299.537,  0.000,  0.000
  0.019,299.570,  0.000,  0.000
  0.019,299.607,  0.000,  0.000
  0.019,299.624,  0.000,  0.000
  0.018,299.477,  0.000,  0.000
  0.019,299.639,  0.000,  0.000
  0.019,299.648,  0.000,  0.000
  0.018,299.649,  0.000,  0.000
  0.018,299.645,  0.000,  0.000
  0.018,299.643,  0.000,  0.000
  0.018,299.643,  0.000,  0.000
  0.018,299.645,  0.000,  0.000
  0.018,299.646,  0.000,  0.000
  0.018,299.644,  0.000,  0.000
  0.018,299.645,  0.000,  0.000
  0.018,299.650,  0.000,  0.000
  0.018,299.653,  0.000,  0.000
  0.018,299.658,  0.000,  0.000
  0.018,299.651,  0.000,  0.000
  0.019,299.628,  0.000,  0.000
  0.019,299.640,  0.000,  0.000
  0.019,299.657,  0.001,  0.000
  0.019,299.654,  0.001,  0.000
  0.019,299.653,  0.000,  0.000
  0.019,299.654,  0.000,  0.000
  0.019,299.657,  0.000,  0.000
  0.019,299.660,  0.000,  0.000
  0.019,299.658,  0.000,  0.000
  0.019,299.652,  0.000,  0.000
  0.019,299.646,  0.000,  0.000
  0.018,299.642,  0.000,  0.000
  0.018,299.639,  0.000,  0.000
  0.018,299.637,  0.000,  0.000
  0.018,299.638,  0.000,  0.000
  0.018,299.639,  0.000,  0.000
  0.018,299.642,  0.000,  0.000
  0.018,299.644,  0.000,  0.000
  0.018,299.643,  0.000,  0.000
  0.018,299.643,  0.000,  0.000
  0.018,299.649,  0.000,  0.000
  0.018,299.653,  0.000,  0.000
  0.018,299.649,  0.000,  0.000
  0.018,299.649,  0.000,  0.000
  0.018,299.647,  0.000,  0.000
  0.019,299.727,  0.000,  0.000
  0.019,299.708,  0.000,  0.000
  0.019,299.687,  0.000,  0.000
  0.019,299.674,  0.000,  0.000
  0.019,299.666,  0.000,  0.000
  0.019,299.659,  0.000,  0.000
  0.019,299.652,  0.000,  0.000
  0.019,299.645,  0.000,  0.000
  0.019,299.638,  0.000,  0.000
  0.018,299.632,  0.000,  0.000
  0.018,299.628,  0.000,  0.000
  0.018,299.627,  0.001,  0.000
  0.018,299.629,  0.002,  0.000
  0.018,299.632,  0.002,  0.000
  0.018,299.635,  0.001,  0.000
  0.018,299.640,  0.000,  0.000
  0.018,299.643,  0.000,  0.000
  0.018,299.644,  0.000,  0.000
  0.018,299.645,  0.000,  0.000
  0.018,299.649,  0.000,  0.000
  0.018,299.652,  0.000,  0.000
  0.018,299.648,  0.000,  0.000
  0.018,299.644,  0.000,  0.000
  0.018,299.649,  0.000,  0.000
  0.018,299.649,  0.000,  0.000
  0.019,299.673,  0.000,  0.000
  0.019,299.658,  0.000,  0.000
  0.019,299.641,  0.000,  0.000
  0.019,299.630,  0.000,  0.000
  0.019,299.624,  0.000,  0.000
  0.019,299.620,  0.000,  0.000
  0.018,299.618,  0.000,  0.000
  0.018,299.616,  0.000,  0.000
  0.018,299.615,  0.000,  0.000
  0.018,299.615,  0.000,  0.000
  0.018,299.618,  0.000,  0.000
  0.018,299.623,  0.004,  0.000
  0.018,299.628,  0.010,  0.000
  0.018,299.633,  0.008,  0.000
  0.018,299.639,  0.003,  0.000
  0.018,299.644,  0.001,  0.000
  0.018,299.647,  0.000,  0.000
  0.018,299.650,  0.000,  0.000
  0.018,299.654,  0.000,  0.000
  0.018,299.654,  0.000,  0.000
  0.018,299.648,  0.000,  0.000
  0.018,299.646,  0.000,  0.000
  0.018,299.648,  0.000,  0.000
  0.018,299.649,  0.000,  0.000
  0.018,299.642,  0.000,  0.000
  0.019,299.621,  0.000,  0.000
  0.019,299.613,  0.000,  0.000
  0.019,299.608,  0.000,  0.000
  0.018,299.604,  0.000,  0.000
  0.018,299.601,  0.000,  0.000
  0.018,299.601,  0.000,  0.000
  0.018,299.603,  0.000,  0.000
  0.018,299.605,  0.000,  0.000
  0.018,299.609,  0.000,  0.000
  0.018,299.614,  0.000,  0.000
  0.018,299.621,  0.000,  0.000
  0.018,299.627,  0.011,  0.000
  0.018,299.634,  0.018,  0.000
  0.018,299.640,  0.009,  0.000
  0.018,299.645,  0.002,  0.000
  0.018,299.650,  0.000,  0.000
  0.018,299.656,  0.000,  0.000
  0.018,299.662,  0.000,  0.000
  0.018,299.661,  0.000,  0.000
  0.018,299.653,  0.000,  0.000
  0.018,299.650,  0.000,  0.000
  0.018,299.654,  0.001,  0.000
  0.018,299.651,  0.001,  0.000
  0.018,299.640,  0.004,  0.000
  0.018,299.637,  0.010,  0.000
  0.018,299.595,  0.000,  0.000
  0.018,299.591,  0.000,  0.000
  0.018,299.590,  0.000,  0.000
  0.018,299.590,  0.000,  0.000
  0.018,299.591,  0.000,  0.000
  0.018,299.595,  0.000,  0.000
  0.018,299.600,  0.000,  0.000
  0.018,299.606,  0.000,  0.000
  0.018,299.612,  0.000,  0.000
  0.018,299.620,  0.000,  0.000
  0.018,299.627,  0.000,  0.000
  0.018,299.635,  0.000,  0.000
  0.018,299.643,  0.000,  0.000
  0.018,299.648,  0.000,  0.000
  0.018,299.653,  0.000,  0.000
  0.018,299.659,  0.000,  0.000
  0.018,299.665,  0.000,  0.000
  0.018,299.666,  0.000,  0.000
  0.018,299.660,  0.000,  0.000
  0.018,299.658,  0.001,  0.000
  0.018,299.659,  0.003,  0.000
  0.018,299.654,  0.012,  0.000
  0.018,299.646,  0.028,  0.000
  0.018,299.644,  0.049,  0.000
  0.018,299.644,  0.065,  0.000
  0.018,299.571,  0.000,  0.000
  0.018,299.572,  0.000,  0.000
  0.018,299.575,  0.000,  0.000
  0.018,299.579,  0.000,  0.000
  0.018,299.586,  0.000,  0.000
  0.018,299.594,  0.000,  0.000
  0.018,299.602,  0.000,  0.000
  0.018,299.610,  0.000,  0.000
  0.018,299.617,  0.000,  0.000
  0.018,299.624,  0.000,  0.000
  0.018,299.633,  0.000,  0.000
  0.018,299.642,  0.000,  0.000
  0.018,299.649,  0.000,  0.000
  0.018,299.655,  0.000,  0.000
  0.018,299.660,  0.000,  0.000
  0.018,299.663,  0.000,  0.000
  0.018,299.663,  0.000,  0.000
  0.018,299.661,  0.000,  0.000
  0.018,299.661,  0.001,  0.000
  0.018,299.661,  0.007,  0.000
  0.018,299.653,  0.026,  0.000
  0.018,299.645,  0.064,  0.000
  0.018,299.651,  0.099,  0.000
  0.018,299.654,  0.100,  0.000
  0.018,299.631,  0.065,  0.000
  0.018,299.555,  0.000,  0.000
  0.018,299.560,  0.000,  0.000
  0.018,299.567,  0.000,  0.000
  0.018,299.576,  0.000,  0.000
  0.018,299.587,  0.000,  0.000
  0.018,299.597,  0.000,  0.000
  0.018,299.606,  0.000,  0.000
  0.018,299.614,  0.000,  0.000
  0.018,299.622,  0.000,  0.000
  0.018,299.631,  0.000,  0.000
  0.018,299.639,  0.000,  0.000
  0.018,299.647,  0.000,  0.000
  0.018,299.653,  0.000,  0.000
  0.018,299.658,  0.000,  0.000
  0.018,299.659,  0.000,  0.000
  0.018,299.658,  0.000,  0.000
  0.018,299.656,  0.000,  0.000
  0.018,299.656,  0.000,  0.000
  0.018,299.657,  0.002,  0.000
  0.018,299.651,  0.017,  0.000
  0.018,299.642,  0.044,  0.000
  0.018,299.647,  0.055,  0.000
  0.018,299.654,  0.033,  0.000
  0.018,299.635,  0.010,  0.000
  0.018,299.603,  0.002,  0.000
  0.018,299.551,  0.000,  0.000
  0.018,299.560,  0.000,  0.000
  0.018,299.569,  0.000,  0.000
  0.018,299.581,  0.000,  0.000
  0.018,299.591,  0.000,  0.000
  0.018,299.600,  0.000,  0.000
  0.018,299.609,  0.000,  0.000
  0.018,299.618,  0.000,  0.000
  0.018,299.628,  0.000,  0.000
  0.018,299.637,  0.000,  0.000
  0.018,299.644,  0.000,  0.000
  0.018,299.648,  0.000,  0.000
  0.018,299.651,  0.000,  0.000
  0.018,299.652,  0.000,  0.000
  0.018,299.652,  0.000,  0.000
  0.018,299.650,  0.000,  0.000
  0.018,299.648,  0.000,  0.000
  0.018,299.647,  0.000,  0.000
  0.018,299.644,  0.001,  0.000
  0.018,299.638,  0.002,  0.000
  0.018,299.637,  0.002,  0.000
  0.018,299.639,  0.000,  0.000
  0.018,299.627,  0.000,  0.000
  0.018,299.606,  0.001,  0.000
  0.018,299.612,  0.000,  0.000
  0.018,299.556,  0.000,  0.000
  0.018,299.565,  0.000,  0.000
  0.018,299.576,  0.000,  0.000
  0.018,299.586,  0.000,  0.000
  0.018,299.594,  0.000,  0.000
  0.018,299.601,  0.000,  0.000
  0.018,299.610,  0.000,  0.000
  0.018,299.622,  0.000,  0.000
  0.018,299.632,  0.000,  0.000
  0.018,299.639,  0.000,  0.000
  0.018,299.642,  0.000,  0.000
  0.018,299.643,  0.000,  0.000
  0.018,299.643,  0.000,  0.000
  0.018,299.644,  0.000,  0.000
  0.018,299.643,  0.000,  0.000
  0.018,299.639,  0.000,  0.000
  0.018,299.636,  0.000,  0.000
  0.018,299.635,  0.000,  0.000
  0.018,299.631,  0.000,  0.000
  0.018,299.626,  0.000,  0.000
  0.018,299.623,  0.000,  0.000
  0.018,299.614,  0.000,  0.000
  0.018,299.604,  0.000,  0.000
  0.018,299.614,  0.000,  0.000
  0.018,299.641,  0.000,  0.000
