  0.018,300.089,  0.003,  0.000
  0.018,300.089,  0.004,  0.000
  0.018,300.099,  0.001,  0.000
  0.018,300.125,  0.001,  0.000
  0.018,300.147,  0.000,  0.000
  0.018,300.132,  0.168,  0.000
  0.018,300.078,  1.456,  0.000
  0.018,300.050,  2.650,  0.000
  0.018,300.066,  1.616,  0.000
  0.018,300.079,  0.261,  0.000
  0.018,300.070,  0.009,  0.000
  0.018,300.044,  0.005,  0.000
  0.018,300.036,  0.001,  0.000
  0.018,300.054,  0.001,  0.000
  0.018,300.070,  0.000,  0.000
  0.018,300.058,  0.000,  0.000
  0.018,300.018,  0.001,  0.000
  0.018,300.000,  0.002,  0.000
  0.018,300.029,  0.005,  0.000
  0.018,300.057,  0.004,  0.000
  0.018,300.052,  0.001,  0.000
  0.018,300.020,  0.000,  0.000
  0.018,300.002,  0.000,  0.000
  0.018,300.047,  0.000,  0.000
  0.018,300.079,  0.000,  0.000
  0.018,300.102,  0.060,  0.000
  0.018,300.098,  0.066,  0.000
  0.018,300.096,  0.009,  0.000
  0.018,300.121,  0.004,  0.000
  0.018,300.155,  0.000,  0.000
  0.018,300.164,  0.000,  0.000
  0.018,300.134,  0.001,  0.000
  0.018,300.084,  0.034,  0.000
  0.018,300.061,  0.040,  0.000
  0.018,300.065,  0.010,  0.000
  0.018,300.069,  0.000,  0.000
  0.018,300.060,  0.000,  0.000
  0.018,300.049,  0.001,  0.000
  0.018,300.055,  0.010,  0.000
  0.018,300.073,  0.043,  0.000
  0.018,300.078,  0.101,  0.000
  0.018,300.048,  0.116,  0.000
  0.018,300.004,  0.031,  0.000
  0.018,299.988,  0.001,  0.000
  0.018,299.998,  0.002,  0.000
  0.018,300.014,  0.001,  0.000
  0.018,300.021,  0.000,  0.000
  0.018,300.001,  0.000,  0.000
  0.018,300.006,  0.000,  0.000
  0.018,300.030,  0.000,  0.000
  0.018,300.133,  1.163,  0.000
  0.018,300.136,  1.568,  0.000
  0.018,300.114,  0.191,  0.000
  0.018,300.100,  0.012,  0.000
  0.018,300.118,  0.002,  0.000
  0.018,300.139,  0.001,  0.000
  0.018,300.143,  0.007,  0.000
  0.018,300.121,  0.011,  0.000
  0.018,300.091,  0.006,  0.000
  0.018,300.081,  0.003,  0.000
  0.018,300.076,  0.013,  0.000
  0.018,300.062,  0.049,  0.000
  0.018,300.056,  0.113,  0.000
  0.018,300.054,  0.242,  0.000
  0.018,300.056,  0.573,  0.000
  0.018,300.055,  1.088,  0.000
  0.018,300.050,  1.263,  0.000
  0.018,300.035,  0.426,  0.000
  0.018,300.020,  0.005,  0.000
  0.018,300.018,  0.005,  0.000
  0.018,300.028,  0.001,  0.000
  0.018,300.043,  0.000,  0.000
  0.018,300.046,  0.000,  0.000
  0.018,300.050,  0.000,  0.000
  0.018,300.036,  0.000,  0.000
  0.018,300.139,  3.610,  0.000
  0.018,300.147,  2.418,  0.000
  0.018,300.132,  0.706,  0.000
  0.018,300.105,  0.017,  0.000
  0.018,300.105,  0.005,  0.000
  0.018,300.130,  0.000,  0.000
  0.018,300.149,  0.001,  0.000
  0.018,300.140,  0.001,  0.000
  0.018,300.099,  0.005,  0.000
  0.018,300.064,  0.042,  0.000
  0.018,300.056,  0.169,  0.000
  0.018,300.052,  0.494,  0.000
  0.018,300.045,  1.123,  0.000
  0.018,300.039,  1.767,  0.000
  0.018,300.038,  1.544,  0.000
  0.018,300.043,  0.672,  0.000
  0.018,300.049,  0.261,  0.000
  0.018,300.041,  0.110,  0.000
  0.018,300.024,  0.013,  0.000
  0.018,300.025,  0.000,  0.000
  0.018,300.049,  0.000,  0.000
  0.018,300.070,  0.000,  0.000
  0.018,300.083,  0.000,  0.000
  0.018,300.092,  0.000,  0.000
  0.018,300.060,  0.000,  0.000
  0.018,300.123,  0.776,  0.000
  0.018,300.141,  0.117,  0.000
  0.018,300.146,  0.038,  0.000
  0.018,300.122,  0.004,  0.000
  0.018,300.101,  0.000,  0.000
  0.018,300.119,  0.000,  0.000
  0.018,300.151,  0.000,  0.000
  0.018,300.169,  0.000,  0.000
  0.018,300.134,  0.021,  0.000
  0.018,300.073,  0.169,  0.000
  0.018,300.048,  0.413,  0.000
  0.018,300.060,  0.379,  0.000
  0.018,300.074,  0.205,  0.000
  0.018,300.070,  0.117,  0.000
  0.018,300.056,  0.060,  0.000
  0.018,300.058,  0.023,  0.000
  0.018,300.074,  0.006,  0.000
  0.018,300.079,  0.002,  0.000
  0.018,300.059,  0.001,  0.000
  0.018,300.026,  0.000,  0.000
  0.018,300.018,  0.000,  0.000
  0.018,300.042,  0.000,  0.000
  0.018,300.062,  0.000,  0.000
  0.018,300.079,  0.000,  0.000
  0.018,300.064,  0.000,  0.000
  0.018,300.144,  0.047,  0.000
  0.018,300.160,  0.010,  0.000
  0.018,300.162,  0.002,  0.000
  0.018,300.133,  0.000,  0.000
  0.018,300.086,  0.000,  0.000
  0.018,300.077,  0.000,  0.000
  0.018,300.109,  0.000,  0.000
  0.018,300.136,  0.000,  0.000
  0.018,300.133,  0.001,  0.000
  0.018,300.096,  0.010,  0.000
  0.018,300.063,  0.017,  0.000
  0.018,300.074,  0.009,  0.000
  0.018,300.107,  0.004,  0.000
  0.018,300.126,  0.005,  0.000
  0.018,300.111,  0.005,  0.000
  0.018,300.079,  0.003,  0.000
  0.018,300.074,  0.001,  0.000
  0.018,300.101,  0.000,  0.000
  0.018,300.122,  0.000,  0.000
  0.018,300.103,  0.000,  0.000
  0.018,300.056,  0.000,  0.000
  0.018,300.037,  0.000,  0.000
  0.018,300.050,  0.000,  0.000
  0.018,300.072,  0.000,  0.000
  0.018,300.070,  0.000,  0.000
  0.018,300.127,  0.002,  0.000
  0.018,300.132,  0.001,  0.000
  0.018,300.131,  0.000,  0.000
  0.018,300.128,  0.000,  0.000
  0.018,300.111,  0.000,  0.000
  0.018,300.079,  0.000,  0.000
  0.018,300.062,  0.000,  0.000
  0.018,300.076,  0.000,  0.000
  0.018,300.106,  0.000,  0.000
  0.018,300.123,  0.000,  0.000
  0.018,300.105,  0.001,  0.000
  0.018,300.084,  0.001,  0.000
  0.018,300.092,  0.002,  0.000
  0.018,300.117,  0.001,  0.000
  0.018,300.133,  0.001,  0.000
  0.018,300.119,  0.000,  0.000
  0.018,300.097,  0.000,  0.000
  0.018,300.109,  0.001,  0.000
  0.018,300.138,  0.000,  0.000
  0.018,300.147,  0.000,  0.000
  0.018,300.125,  0.000,  0.000
  0.018,300.085,  0.000,  0.000
  0.018,300.057,  0.000,  0.000
  0.018,300.061,  0.000,  0.000
  0.018,300.055,  0.000,  0.000
  0.018,300.146,  0.002,  0.000
  0.018,300.146,  0.001,  0.000
  0.018,300.133,  0.000,  0.000
  0.018,300.120,  0.000,  0.000
  0.018,300.109,  0.000,  0.000
  0.018,300.095,  0.000,  0.000
  0.018,300.094,  0.000,  0.000
  0.018,300.122,  0.000,  0.000
  0.018,300.147,  0.000,  0.000
  0.018,300.137,  0.000,  0.000
  0.018,300.106,  0.000,  0.000
  0.018,300.080,  0.000,  0.000
  0.018,300.073,  0.000,  0.000
  0.018,300.080,  0.000,  0.000
  0.018,300.089,  0.000,  0.000
  0.018,300.096,  0.000,  0.000
  0.018,300.098,  0.000,  0.000
  0.018,300.099,  0.000,  0.000
  0.018,300.110,  0.000,  0.000
  0.018,300.126,  0.000,  0.000
  0.018,300.135,  0.000,  0.000
  0.018,300.128,  0.000,  0.000
  0.018,300.097,  0.000,  0.000
  0.018,300.069,  0.000,  0.000
  0.018,300.052,  0.000,  0.000
  0.018,300.210,  0.000,  0.000
  0.018,300.209,  0.000,  0.000
  0.018,300.173,  0.000,  0.000
  0.018,300.132,  0.000,  0.000
  0.018,300.098,  0.000,  0.000
  0.018,300.082,  0.000,  0.000
  0.018,300.085,  0.000,  0.000
  0.018,300.100,  0.000,  0.000
  0.018,300.108,  0.000,  0.000
  0.018,300.097,  0.000,  0.000
  0.018,300.078,  0.000,  0.000
  0.018,300.068,  0.000,  0.000
  0.018,300.068,  0.000,  0.000
  0.018,300.068,  0.000,  0.000
  0.018,300.066,  0.000,  0.000
  0.018,300.067,  0.000,  0.000
  0.018,300.074,  0.000,  0.000
  0.018,300.078,  0.000,  0.000
  0.018,300.080,  0.000,  0.000
  0.018,300.089,  0.000,  0.000
  0.018,300.103,  0.000,  0.000
  0.018,300.108,  0.000,  0.000
  0.018,300.096,  0.000,  0.000
  0.018,300.070,  0.000,  0.000
  0.018,300.049,  0.000,  0.000
  0.018,300.249,  0.000,  0.000
  0.018,300.240,  0.000,  0.000
  0.018,300.190,  0.000,  0.000
  0.018,300.149,  0.000,  0.000
  0.018,300.123,  0.000,  0.000
  0.018,300.106,  0.000,  0.000
  0.018,300.100,  0.000,  0.000
  0.018,300.102,  0.000,  0.000
  0.018,300.102,  0.000,  0.000
  0.018,300.086,  0.000,  0.000
  0.018,300.064,  0.000,  0.000
  0.018,300.060,  0.000,  0.000
  0.018,300.071,  0.000,  0.000
  0.018,300.080,  0.000,  0.000
  0.018,300.081,  0.000,  0.000
  0.018,300.071,  0.000,  0.000
  0.018,300.065,  0.000,  0.000
  0.018,300.064,  0.000,  0.000
  0.018,300.071,  0.000,  0.000
  0.018,300.084,  0.000,  0.000
  0.018,300.093,  0.000,  0.000
  0.018,300.090,  0.000,  0.000
  0.018,300.079,  0.000,  0.000
  0.018,300.069,  0.000,  0.000
  0.018,300.054,  0.000,  0.000
  0.018,300.197,  0.000,  0.000
  0.018,300.194,  0.000,  0.000
  0.018,300.186,  0.000,  0.000
  0.018,300.190,  0.000,  0.000
  0.018,300.184,  0.000,  0.000
  0.018,300.153,  0.000,  0.000
  0.018,300.125,  0.000,  0.000
  0.018,300.132,  0.000,  0.000
  0.018,300.156,  0.000,  0.000
  0.018,300.151,  0.000,  0.000
  0.018,300.122,  0.000,  0.000
  0.018,300.101,  0.000,  0.000
  0.018,300.107,  0.000,  0.000
  0.018,300.117,  0.000,  0.000
  0.018,300.115,  0.000,  0.000
  0.018,300.101,  0.000,  0.000
  0.018,300.082,  0.000,  0.000
  0.018,300.066,  0.000,  0.000
  0.018,300.062,  0.000,  0.000
  0.018,300.070,  0.000,  0.000
  0.018,300.078,  0.000,  0.000
  0.018,300.078,  0.000,  0.000
  0.018,300.066,  0.000,  0.000
  0.018,300.054,  0.000,  0.000
  0.018,300.050,  0.000,  0.000
  0.018,300.179,  0.000,  0.000
  0.018,300.163,  0.000,  0.000
  0.018,300.156,  0.000,  0.000
  0.018,300.174,  0.000,  0.000
  0.018,300.197,  0.000,  0.000
  0.018,300.192,  0.000,  0.000
  0.018,300.160,  0.000,  0.000
  0.018,300.139,  0.000,  0.000
  0.018,300.161,  0.000,  0.000
  0.018,300.185,  0.000,  0.000
  0.018,300.176,  0.000,  0.000
  0.018,300.140,  0.000,  0.000
  0.018,300.108,  0.000,  0.000
  0.018,300.094,  0.000,  0.000
  0.018,300.096,  0.000,  0.000
  0.018,300.103,  0.000,  0.000
  0.018,300.108,  0.000,  0.000
  0.018,300.096,  0.000,  0.000
  0.018,300.080,  0.000,  0.000
  0.018,300.078,  0.000,  0.000
  0.018,300.090,  0.000,  0.000
  0.018,300.100,  0.000,  0.000
  0.018,300.095,  0.000,  0.000
  0.018,300.082,  0.000,  0.000
  0.018,300.079,  0.000,  0.000
  0.018,300.204,  0.000,  0.000
  0.018,300.202,  0.000,  0.000
  0.018,300.190,  0.000,  0.000
  0.018,300.179,  0.000,  0.000
  0.018,300.174,  0.000,  0.000
  0.018,300.163,  0.000,  0.000
  0.018,300.152,  0.000,  0.000
  0.018,300.151,  0.000,  0.000
  0.018,300.157,  0.000,  0.000
  0.018,300.168,  0.000,  0.000
  0.018,300.166,  0.000,  0.000
  0.018,300.152,  0.000,  0.000
  0.018,300.134,  0.000,  0.000
  0.018,300.119,  0.000,  0.000
  0.018,300.116,  0.000,  0.000
  0.018,300.118,  0.000,  0.000
  0.018,300.119,  0.000,  0.000
  0.018,300.121,  0.000,  0.000
  0.018,300.120,  0.000,  0.000
  0.018,300.114,  0.000,  0.000
  0.018,300.101,  0.000,  0.000
  0.018,300.104,  0.000,  0.000
  0.018,300.116,  0.000,  0.000
  0.018,300.121,  0.000,  0.000
  0.018,300.109,  0.000,  0.000
  0.018,300.218,  0.000,  0.000
  0.018,300.231,  0.000,  0.000
  0.018,300.209,  0.000,  0.000
  0.018,300.156,  0.000,  0.000
  0.018,300.118,  0.000,  0.000
  0.018,300.112,  0.000,  0.000
  0.018,300.116,  0.000,  0.000
  0.018,300.119,  0.000,  0.000
  0.018,300.123,  0.000,  0.000
  0.018,300.131,  0.000,  0.000
  0.018,300.132,  0.000,  0.000
  0.018,300.121,  0.000,  0.000
  0.018,300.117,  0.000,  0.000
  0.018,300.129,  0.000,  0.000
  0.018,300.142,  0.000,  0.000
  0.018,300.135,  0.000,  0.000
  0.018,300.115,  0.000,  0.000
  0.018,300.122,  0.000,  0.000
  0.018,300.157,  0.000,  0.000
  0.018,300.172,  0.000,  0.000
  0.018,300.141,  0.000,  0.000
  0.018,300.102,  0.000,  0.000
  0.018,300.111,  0.000,  0.000
  0.018,300.149,  0.000,  0.000
  0.018,300.165,  0.000,  0.000
  0.018,300.184,  0.000,  0.000
  0.018,300.181,  0.000,  0.000
  0.018,300.171,  0.000,  0.000
  0.018,300.143,  0.000,  0.000
  0.018,300.115,  0.000,  0.000
  0.018,300.115,  0.000,  0.000
  0.018,300.137,  0.000,  0.000
  0.018,300.150,  0.000,  0.000
  0.018,300.147,  0.000,  0.000
  0.018,300.152,  0.000,  0.000
  0.018,300.167,  0.000,  0.000
  0.018,300.172,  0.000,  0.000
  0.018,300.154,  0.000,  0.000
  0.018,300.144,  0.000,  0.000
  0.018,300.158,  0.000,  0.000
  0.018,300.174,  0.000,  0.000
  0.018,300.165,  0.000,  0.000
  0.018,300.142,  0.000,  0.000
  0.018,300.143,  0.000,  0.000
  0.018,300.163,  0.000,  0.000
  0.018,300.171,  0.000,  0.000
  0.018,300.153,  0.000,  0.000
  0.018,300.134,  0.000,  0.000
  0.018,300.148,  0.000,  0.000
  0.018,300.175,  0.000,  0.000
