  0.020,301.994,  0.002,  0.000
  0.020,301.989,  0.001,  0.000
  0.020,301.986,  0.001,  0.020
  0.020,301.984,  0.001,  0.020
  0.020,301.982,  0.001,  0.020
  0.020,301.981,  0.002,  0.020
  0.020,301.980,  0.002,  0.000
  0.020,301.981,  0.002,  0.000
  0.020,301.981,  0.003,  0.000
  0.021,302.048,  0.003,  0.020
  0.021,302.050,  0.003,  0.020
  0.021,302.053,  0.003,  0.020
  0.021,302.056,  0.003,  0.020
  0.021,302.061,  0.003,  0.020
  0.021,302.068,  0.003,  0.020
  0.021,302.074,  0.003,  0.020
  0.021,302.077,  0.003,  0.080
  0.021,302.082,  0.002,  0.080
  0.021,302.086,  0.002,  0.080
  0.021,302.091,  0.001,  0.080
  0.021,302.096,  0.001,  0.070
  0.021,302.101,  0.001,  0.070
  0.021,302.104,  0.001,  0.070
  0.021,302.132,  0.000,  0.070
  0.021,302.134,  0.000,  0.070
  0.020,301.997,  0.001,  0.020
  0.020,301.996,  0.001,  0.020
  0.020,301.992,  0.002,  0.140
  0.020,301.988,  0.002,  0.140
  0.020,301.986,  0.002,  0.140
  0.020,301.985,  0.002,  0.140
  0.020,301.984,  0.003,  0.010
  0.020,301.983,  0.003,  0.010
  0.020,301.982,  0.003,  0.010
  0.021,302.051,  0.004,  0.000
  0.021,302.052,  0.004,  0.000
  0.021,302.055,  0.004,  0.000
  0.021,302.058,  0.004,  0.000
  0.021,302.062,  0.004,  0.080
  0.021,302.068,  0.004,  0.080
  0.021,302.074,  0.003,  0.080
  0.021,302.078,  0.003,  0.160
  0.021,302.081,  0.003,  0.160
  0.021,302.086,  0.002,  0.160
  0.021,302.090,  0.002,  0.160
  0.021,302.094,  0.001,  0.150
  0.021,302.098,  0.001,  0.150
  0.021,302.102,  0.001,  0.150
  0.021,302.128,  0.001,  0.070
  0.021,302.130,  0.000,  0.070
  0.020,302.001,  0.002,  0.020
  0.020,302.002,  0.002,  0.020
  0.020,302.000,  0.002,  0.140
  0.020,301.995,  0.002,  0.140
  0.020,301.991,  0.002,  0.140
  0.020,301.987,  0.003,  0.140
  0.020,301.986,  0.003,  0.010
  0.020,301.985,  0.004,  0.010
  0.021,302.053,  0.004,  0.010
  0.021,302.054,  0.005,  0.000
  0.021,302.055,  0.005,  0.000
  0.021,302.057,  0.005,  0.000
  0.021,302.059,  0.005,  0.000
  0.021,302.063,  0.005,  0.080
  0.021,302.068,  0.005,  0.080
  0.021,302.074,  0.004,  0.080
  0.021,302.078,  0.004,  0.160
  0.021,302.081,  0.003,  0.160
  0.021,302.086,  0.003,  0.160
  0.021,302.090,  0.002,  0.160
  0.021,302.092,  0.002,  0.150
  0.021,302.096,  0.001,  0.150
  0.021,302.101,  0.001,  0.150
  0.021,302.127,  0.001,  0.070
  0.021,302.127,  0.001,  0.070
  0.020,302.004,  0.003,  0.020
  0.020,302.005,  0.003,  0.020
  0.020,302.005,  0.003,  0.140
  0.020,302.002,  0.003,  0.140
  0.020,301.997,  0.003,  0.140
  0.020,301.992,  0.003,  0.140
  0.020,301.988,  0.004,  0.010
  0.020,301.986,  0.005,  0.010
  0.021,302.056,  0.006,  0.010
  0.021,302.057,  0.006,  0.000
  0.021,302.058,  0.007,  0.000
  0.021,302.059,  0.007,  0.000
  0.021,302.062,  0.007,  0.000
  0.021,302.065,  0.007,  0.080
  0.021,302.069,  0.006,  0.080
  0.021,302.074,  0.006,  0.080
  0.021,302.078,  0.005,  0.160
  0.021,302.080,  0.004,  0.160
  0.021,302.084,  0.003,  0.160
  0.021,302.089,  0.003,  0.160
  0.021,302.091,  0.002,  0.150
  0.021,302.096,  0.002,  0.150
  0.021,302.099,  0.001,  0.150
  0.021,302.122,  0.001,  0.070
  0.021,302.122,  0.001,  0.070
  0.020,302.006,  0.003,  0.020
  0.020,302.007,  0.003,  0.020
  0.020,302.008,  0.004,  0.140
  0.020,302.007,  0.004,  0.140
  0.020,302.003,  0.004,  0.140
  0.020,301.998,  0.004,  0.140
  0.020,301.991,  0.005,  0.010
  0.021,302.059,  0.006,  0.010
  0.021,302.059,  0.007,  0.010
  0.021,302.059,  0.009,  0.000
  0.021,302.060,  0.009,  0.000
  0.021,302.061,  0.009,  0.000
  0.021,302.063,  0.009,  0.000
  0.021,302.067,  0.009,  0.080
  0.021,302.071,  0.008,  0.080
  0.021,302.075,  0.008,  0.080
  0.021,302.077,  0.007,  0.160
  0.021,302.080,  0.005,  0.160
  0.021,302.083,  0.004,  0.160
  0.021,302.087,  0.003,  0.160
  0.021,302.090,  0.002,  0.150
  0.021,302.093,  0.002,  0.150
  0.021,302.097,  0.001,  0.150
  0.021,302.116,  0.001,  0.070
  0.021,302.116,  0.001,  0.070
  0.020,302.008,  0.003,  0.370
  0.020,302.009,  0.003,  0.370
  0.020,302.010,  0.003,  0.840
  0.020,302.010,  0.004,  0.840
  0.020,302.008,  0.005,  0.840
  0.020,302.003,  0.006,  0.840
  0.020,301.997,  0.006,  0.080
  0.021,302.064,  0.007,  0.080
  0.021,302.062,  0.009,  0.080
  0.021,302.061,  0.011,  0.010
  0.021,302.062,  0.012,  0.010
  0.021,302.063,  0.012,  0.010
  0.021,302.065,  0.012,  0.010
  0.021,302.069,  0.012,  0.070
  0.021,302.073,  0.011,  0.070
  0.021,302.075,  0.009,  0.070
  0.021,302.077,  0.008,  0.100
  0.021,302.080,  0.006,  0.100
  0.021,302.083,  0.005,  0.100
  0.021,302.085,  0.004,  0.100
  0.021,302.088,  0.003,  0.250
  0.021,302.091,  0.002,  0.250
  0.021,302.093,  0.002,  0.250
  0.021,302.109,  0.001,  0.250
  0.021,302.110,  0.001,  0.250
  0.020,302.010,  0.003,  0.370
  0.020,302.011,  0.003,  0.370
  0.020,302.011,  0.004,  0.840
  0.020,302.011,  0.004,  0.840
  0.020,302.010,  0.004,  0.840
  0.020,302.007,  0.006,  0.840
  0.020,302.003,  0.007,  0.080
  0.021,302.070,  0.008,  0.080
  0.021,302.066,  0.010,  0.080
  0.021,302.063,  0.012,  0.010
  0.021,302.063,  0.014,  0.010
  0.021,302.065,  0.015,  0.010
  0.021,302.067,  0.015,  0.010
  0.021,302.070,  0.014,  0.070
  0.021,302.074,  0.012,  0.070
  0.021,302.076,  0.010,  0.070
  0.021,302.078,  0.008,  0.100
  0.021,302.080,  0.006,  0.100
  0.021,302.082,  0.005,  0.100
  0.021,302.084,  0.004,  0.100
  0.021,302.086,  0.003,  0.250
  0.021,302.088,  0.002,  0.250
  0.021,302.089,  0.002,  0.250
  0.021,302.102,  0.001,  0.250
  0.021,302.103,  0.001,  0.250
  0.020,302.012,  0.004,  0.370
  0.020,302.012,  0.002,  0.370
  0.020,302.012,  0.003,  0.840
  0.020,302.012,  0.004,  0.840
  0.020,302.010,  0.005,  0.840
  0.020,302.009,  0.005,  0.840
  0.020,302.006,  0.006,  0.080
  0.021,302.076,  0.008,  0.080
  0.021,302.072,  0.010,  0.080
  0.021,302.068,  0.012,  0.010
  0.021,302.065,  0.014,  0.010
  0.021,302.066,  0.016,  0.010
  0.021,302.068,  0.017,  0.010
  0.021,302.072,  0.016,  0.070
  0.021,302.075,  0.014,  0.070
  0.021,302.076,  0.011,  0.070
  0.021,302.077,  0.009,  0.100
  0.021,302.079,  0.007,  0.100
  0.021,302.081,  0.005,  0.100
  0.021,302.082,  0.004,  0.100
  0.021,302.083,  0.003,  0.250
  0.021,302.084,  0.003,  0.250
  0.021,302.086,  0.002,  0.250
  0.021,302.095,  0.001,  0.250
  0.021,302.095,  0.001,  0.250
  0.020,302.013,  0.010,  0.370
  0.020,302.013,  0.005,  0.370
  0.020,302.013,  0.003,  0.840
  0.020,302.012,  0.002,  0.840
  0.020,302.011,  0.003,  0.840
  0.020,302.009,  0.004,  0.840
  0.020,302.007,  0.005,  0.080
  0.020,302.005,  0.006,  0.080
  0.021,302.077,  0.008,  0.080
  0.021,302.073,  0.010,  0.010
  0.021,302.069,  0.013,  0.010
  0.021,302.067,  0.016,  0.010
  0.021,302.069,  0.018,  0.010
  0.021,302.073,  0.018,  0.070
  0.021,302.076,  0.016,  0.070
  0.021,302.076,  0.013,  0.070
  0.021,302.077,  0.010,  0.100
  0.021,302.079,  0.008,  0.100
  0.021,302.080,  0.006,  0.100
  0.021,302.080,  0.005,  0.100
  0.021,302.080,  0.004,  0.250
  0.021,302.081,  0.003,  0.250
  0.021,302.082,  0.002,  0.250
  0.021,302.088,  0.001,  0.250
  0.021,302.088,  0.001,  0.250
  0.020,302.014,  0.053,  0.830
  0.020,302.014,  0.020,  0.830
  0.020,302.013,  0.009,  1.530
  0.020,302.012,  0.006,  1.530
  0.020,302.011,  0.004,  1.530
  0.020,302.009,  0.004,  1.530
  0.020,302.007,  0.005,  0.080
  0.020,302.005,  0.005,  0.080
  0.020,302.002,  0.006,  0.080
  0.021,302.077,  0.007,  0.070
  0.021,302.074,  0.010,  0.070
  0.021,302.070,  0.014,  0.070
  0.021,302.070,  0.018,  0.070
  0.021,302.073,  0.020,  0.090
  0.021,302.076,  0.018,  0.090
  0.021,302.076,  0.015,  0.090
  0.021,302.076,  0.012,  0.240
  0.021,302.077,  0.009,  0.240
  0.021,302.077,  0.007,  0.240
  0.021,302.077,  0.005,  0.240
  0.021,302.078,  0.004,  1.040
  0.021,302.079,  0.002,  1.040
  0.021,302.079,  0.002,  1.040
  0.021,302.080,  0.001,  1.300
  0.021,302.080,  0.001,  1.300
  0.020,302.014,  0.150,  0.830
  0.020,302.015,  0.082,  0.830
  0.020,302.013,  0.035,  1.530
  0.020,302.012,  0.018,  1.530
  0.020,302.010,  0.012,  1.530
  0.020,302.009,  0.007,  1.530
  0.020,302.007,  0.006,  0.080
  0.020,302.004,  0.005,  0.080
  0.020,302.002,  0.005,  0.080
  0.020,302.001,  0.006,  0.070
  0.020,301.997,  0.008,  0.070
  0.021,302.076,  0.011,  0.070
  0.021,302.074,  0.016,  0.070
  0.021,302.075,  0.020,  0.090
  0.021,302.077,  0.020,  0.090
  0.021,302.077,  0.017,  0.090
  0.021,302.076,  0.014,  0.240
  0.021,302.075,  0.011,  0.240
  0.021,302.075,  0.008,  0.240
  0.021,302.075,  0.005,  0.240
  0.021,302.075,  0.004,  1.040
  0.021,302.075,  0.002,  1.040
  0.021,302.074,  0.002,  1.040
  0.021,302.073,  0.001,  1.300
  0.021,302.072,  0.001,  1.300
  0.020,302.011,  0.281,  0.830
  0.020,302.011,  0.206,  0.830
  0.020,302.010,  0.114,  1.530
  0.020,302.007,  0.051,  1.530
  0.020,302.006,  0.028,  1.530
  0.020,302.005,  0.019,  1.530
  0.020,302.003,  0.013,  0.080
  0.020,302.001,  0.011,  0.080
  0.020,301.998,  0.008,  0.080
  0.020,301.997,  0.007,  0.070
  0.020,301.994,  0.007,  0.070
  0.020,301.992,  0.009,  0.070
  0.021,302.072,  0.014,  0.070
  0.021,302.072,  0.019,  0.090
  0.021,302.072,  0.022,  0.090
  0.021,302.072,  0.020,  0.090
  0.021,302.071,  0.016,  0.240
  0.021,302.070,  0.012,  0.240
  0.021,302.070,  0.009,  0.240
  0.021,302.069,  0.006,  0.240
  0.021,302.068,  0.004,  1.040
  0.021,302.067,  0.002,  1.040
  0.021,302.066,  0.001,  1.040
  0.021,302.066,  0.001,  1.300
  0.021,302.066,  0.001,  1.300
  0.020,302.007,  0.382,  0.830
  0.020,302.006,  0.345,  0.830
  0.020,302.005,  0.252,  1.530
  0.020,302.003,  0.143,  1.530
  0.020,302.002,  0.066,  1.530
  0.020,302.000,  0.036,  1.530
  0.020,301.999,  0.027,  0.080
  0.020,301.997,  0.022,  0.080
  0.020,301.994,  0.020,  0.080
  0.020,301.992,  0.015,  0.070
  0.020,301.990,  0.011,  0.070
  0.020,301.988,  0.010,  0.070
  0.020,301.988,  0.013,  0.070
  0.020,301.987,  0.018,  0.090
  0.021,302.067,  0.023,  0.090
  0.021,302.066,  0.023,  0.090
  0.021,302.065,  0.018,  0.240
  0.021,302.064,  0.013,  0.240
  0.021,302.063,  0.009,  0.240
  0.021,302.062,  0.006,  0.240
  0.021,302.060,  0.004,  1.040
  0.021,302.059,  0.002,  1.040
  0.021,302.059,  0.001,  1.040
  0.021,302.060,  0.001,  1.300
  0.021,302.061,  0.001,  1.300
  0.020,302.003,  0.391,  0.460
  0.020,302.002,  0.428,  0.460
  0.020,302.000,  0.388,  2.840
  0.020,301.998,  0.289,  2.840
  0.020,301.997,  0.171,  2.840
  0.020,301.995,  0.088,  2.840
  0.020,301.993,  0.055,  0.130
  0.020,301.992,  0.044,  0.130
  0.020,301.990,  0.038,  0.130
  0.020,301.988,  0.033,  0.140
  0.020,301.986,  0.025,  0.140
  0.020,301.985,  0.018,  0.140
  0.020,301.985,  0.016,  0.140
  0.020,301.985,  0.019,  0.150
  0.020,301.982,  0.024,  0.150
  0.021,302.060,  0.025,  0.150
  0.021,302.058,  0.021,  0.850
  0.021,302.056,  0.015,  0.850
  0.021,302.054,  0.010,  0.850
  0.021,302.053,  0.007,  0.850
  0.021,302.052,  0.004,  0.810
  0.021,302.052,  0.003,  0.810
  0.021,302.053,  0.002,  0.810
  0.021,302.054,  0.001,  1.770
  0.021,302.054,  0.001,  1.770
  0.020,301.998,  0.314,  0.460
  0.020,301.997,  0.419,  0.460
  0.020,301.995,  0.467,  2.840
  0.020,301.994,  0.425,  2.840
  0.020,301.992,  0.321,  2.840
  0.020,301.990,  0.202,  2.840
  0.020,301.987,  0.121,  0.130
  0.020,301.986,  0.089,  0.130
  0.020,301.984,  0.076,  0.130
  0.020,301.982,  0.066,  0.140
  0.020,301.981,  0.054,  0.140
  0.020,301.982,  0.040,  0.140
  0.020,301.982,  0.029,  0.140
  0.020,301.979,  0.025,  0.150
  0.020,301.976,  0.027,  0.150
  0.020,301.974,  0.028,  0.150
  0.021,302.051,  0.024,  0.850
  0.021,302.047,  0.017,  0.850
  0.021,302.043,  0.011,  0.850
  0.021,302.044,  0.008,  0.850
  0.021,302.045,  0.005,  0.810
  0.021,302.046,  0.003,  0.810
  0.021,302.047,  0.002,  0.810
  0.021,302.047,  0.001,  1.770
  0.021,302.048,  0.000,  1.770
