  0.020,301.919,  3.494,  1.750
  0.020,301.926,  5.137,  1.750
  0.020,301.933,  6.612,  0.460
  0.020,301.940,  9.101,  0.460
  0.020,301.936, 10.106,  0.460
  0.020,301.928,  9.955,  0.460
  0.020,301.927, 13.349,  0.990
  0.020,301.933, 18.565,  0.990
  0.020,301.936, 12.251,  0.990
  0.020,301.936,  5.399,  4.150
  0.020,301.943,  2.833,  4.150
  0.020,301.953,  1.643,  4.150
  0.020,301.959,  1.433,  4.150
  0.020,301.956,  1.322,  3.080
  0.020,301.950,  1.177,  3.080
  0.020,301.952,  1.296,  3.080
  0.020,301.963,  2.068,  0.940
  0.020,301.963,  1.972,  0.940
  0.020,301.945,  0.777,  0.940
  0.020,301.926,  0.359,  0.940
  0.020,301.918,  0.678,  0.320
  0.020,301.918,  2.585,  0.320
  0.020,301.928,  5.067,  0.320
  0.020,301.960,  5.174,  0.580
  0.020,301.966,  3.797,  0.580
  0.020,301.909,  4.141,  2.900
  0.020,301.917,  5.552,  2.900
  0.020,301.927,  7.193,  3.390
  0.020,301.934,  9.111,  3.390
  0.020,301.936,  9.049,  3.390
  0.020,301.932, 10.872,  3.390
  0.020,301.927, 17.017,  4.770
  0.020,301.925, 16.664,  4.770
  0.020,301.929,  7.918,  4.770
  0.020,301.935,  3.816,  4.490
  0.020,301.940,  2.370,  4.490
  0.020,301.945,  1.615,  4.490
  0.020,301.952,  1.531,  4.490
  0.020,301.952,  1.309,  2.670
  0.020,301.947,  1.215,  2.670
  0.020,301.948,  2.000,  2.670
  0.020,301.957,  2.821,  0.470
  0.020,301.965,  1.417,  0.470
  0.020,301.955,  0.418,  0.470
  0.020,301.933,  0.453,  0.470
  0.020,301.919,  1.319,  0.490
  0.020,301.919,  3.522,  0.490
  0.020,301.928,  4.738,  0.490
  0.020,301.957,  4.181,  1.040
  0.020,301.960,  2.998,  1.040
  0.020,301.907,  4.452,  2.900
  0.020,301.914,  5.738,  2.900
  0.020,301.921,  7.283,  3.390
  0.020,301.930,  8.218,  3.390
  0.020,301.937,  8.939,  3.390
  0.020,301.937, 13.639,  3.390
  0.020,301.926, 18.124,  4.770
  0.020,301.922, 11.783,  4.770
  0.020,301.929,  5.463,  4.770
  0.020,301.936,  3.403,  4.490
  0.020,301.936,  2.141,  4.490
  0.020,301.938,  1.674,  4.490
  0.020,301.944,  1.591,  4.490
  0.020,301.948,  1.312,  2.670
  0.020,301.947,  1.595,  2.670
  0.020,301.946,  3.324,  2.670
  0.020,301.950,  2.548,  0.470
  0.020,301.958,  0.579,  0.470
  0.020,301.961,  0.365,  0.470
  0.020,301.946,  0.754,  0.470
  0.020,301.927,  2.142,  0.490
  0.020,301.920,  3.660,  0.490
  0.020,301.923,  3.847,  0.490
  0.020,301.949,  2.885,  1.040
  0.020,301.952,  2.056,  1.040
  0.020,301.912,  4.453,  2.900
  0.020,301.916,  5.657,  2.900
  0.020,301.920,  6.845,  3.390
  0.020,301.929,  7.625,  3.390
  0.020,301.939, 10.677,  3.390
  0.020,301.939, 16.400,  3.390
  0.020,301.931, 14.761,  4.770
  0.020,301.925,  7.860,  4.770
  0.020,301.928,  4.491,  4.770
  0.020,301.932,  3.140,  4.490
  0.020,301.932,  1.977,  4.490
  0.020,301.934,  1.686,  4.490
  0.020,301.938,  1.522,  4.490
  0.020,301.942,  1.347,  2.670
  0.020,301.944,  2.535,  2.670
  0.020,301.944,  3.994,  2.670
  0.020,301.944,  1.238,  0.470
  0.020,301.954,  0.249,  0.470
  0.020,301.962,  0.375,  0.470
  0.020,301.956,  0.854,  0.470
  0.020,301.937,  2.030,  0.490
  0.020,301.921,  2.656,  0.490
  0.020,301.916,  2.430,  0.490
  0.020,301.939,  1.565,  1.040
  0.020,301.947,  1.176,  1.040
  0.020,301.918,  4.215,  2.900
  0.020,301.918,  5.183,  2.900
  0.020,301.920,  6.322,  3.390
  0.020,301.929,  8.641,  3.390
  0.020,301.937, 13.679,  3.390
  0.020,301.940, 15.640,  3.390
  0.020,301.935, 10.313,  4.770
  0.020,301.929,  5.767,  4.770
  0.020,301.927,  3.993,  4.770
  0.020,301.927,  2.721,  4.490
  0.020,301.930,  1.866,  4.490
  0.020,301.931,  1.544,  4.490
  0.020,301.932,  1.250,  4.490
  0.020,301.937,  1.534,  2.670
  0.020,301.942,  3.672,  2.670
  0.020,301.940,  3.200,  2.670
  0.020,301.941,  0.363,  0.470
  0.020,301.948,  0.196,  0.470
  0.020,301.958,  0.289,  0.470
  0.020,301.961,  0.486,  0.470
  0.020,301.946,  0.975,  0.490
  0.020,301.925,  1.185,  0.490
  0.020,301.915,  1.010,  0.490
  0.020,301.932,  0.680,  1.040
  0.020,301.940,  0.636,  1.040
  0.020,301.923,  3.822,  7.030
  0.020,301.919,  4.704,  7.030
  0.020,301.921,  6.872,  6.170
  0.020,301.926, 11.067,  6.170
  0.020,301.933, 14.703,  6.170
  0.020,301.938, 12.078,  6.170
  0.020,301.939,  7.308,  5.210
  0.020,301.934,  4.795,  5.210
  0.020,301.928,  3.456,  5.210
  0.020,301.927,  2.408,  5.530
  0.020,301.931,  1.831,  5.530
  0.020,301.931,  1.269,  5.530
  0.020,301.931,  0.975,  5.530
  0.020,301.934,  2.494,  2.670
  0.020,301.936,  4.467,  2.670
  0.020,301.938,  1.829,  2.670
  0.020,301.939,  0.118,  2.600
  0.020,301.942,  0.185,  2.600
  0.020,301.950,  0.170,  2.600
  0.020,301.959,  0.162,  2.600
  0.020,301.956,  0.210,  1.750
  0.020,301.935,  0.281,  1.750
  0.020,301.918,  0.262,  1.750
  0.020,301.926,  0.319,  1.840
  0.020,301.931,  0.398,  1.840
  0.020,301.928,  3.523,  7.030
  0.020,301.922,  5.025,  7.030
  0.020,301.922,  8.613,  6.170
  0.020,301.924, 12.719,  6.170
  0.020,301.927, 12.644,  6.170
  0.020,301.935,  8.812,  6.170
  0.020,301.939,  5.739,  5.210
  0.020,301.937,  4.177,  5.210
  0.020,301.930,  2.997,  5.210
  0.020,301.928,  2.380,  5.530
  0.020,301.931,  1.927,  5.530
  0.020,301.932,  1.132,  5.530
  0.020,301.931,  1.452,  5.530
  0.020,301.930,  4.327,  2.670
  0.020,301.932,  4.409,  2.670
  0.020,301.934,  0.575,  2.670
  0.020,301.935,  0.095,  2.600
  0.020,301.934,  0.143,  2.600
  0.020,301.941,  0.089,  2.600
  0.020,301.953,  0.067,  2.600
  0.020,301.959,  0.044,  1.750
  0.020,301.946,  0.055,  1.750
  0.020,301.925,  0.088,  1.750
  0.020,301.922,  0.205,  1.840
  0.020,301.921,  0.263,  1.840
  0.020,301.938,  3.805,  7.030
  0.020,301.926,  6.425,  7.030
  0.020,301.922, 10.371,  6.170
  0.020,301.921, 12.035,  6.170
  0.020,301.922,  9.863,  6.170
  0.020,301.930,  6.809,  6.170
  0.020,301.937,  4.910,  5.210
  0.020,301.936,  3.704,  5.210
  0.020,301.931,  2.781,  5.210
  0.020,301.929,  2.653,  5.530
  0.020,301.931,  2.094,  5.530
  0.020,301.933,  1.059,  5.530
  0.020,301.931,  2.372,  5.530
  0.020,301.928,  4.809,  2.670
  0.020,301.927,  2.866,  2.670
  0.020,301.929,  0.160,  2.670
  0.020,301.930,  0.093,  2.600
  0.020,301.930,  0.080,  2.600
  0.020,301.934,  0.047,  2.600
  0.020,301.946,  0.044,  2.600
  0.020,301.958,  0.032,  1.750
  0.020,301.954,  0.038,  1.750
  0.020,301.934,  0.066,  1.750
  0.020,301.921,  0.126,  1.840
  0.020,301.913,  0.141,  1.840
  0.020,301.949,  4.972,  7.030
  0.020,301.934,  8.172,  7.030
  0.020,301.925, 10.659,  6.170
  0.020,301.919, 10.134,  6.170
  0.020,301.919,  7.775,  6.170
  0.020,301.926,  5.651,  6.170
  0.020,301.933,  4.462,  5.210
  0.020,301.934,  3.309,  5.210
  0.020,301.929,  2.719,  5.210
  0.020,301.927,  2.842,  5.530
  0.020,301.930,  1.940,  5.530
  0.020,301.933,  0.928,  5.530
  0.020,301.932,  1.849,  5.530
  0.020,301.927,  2.753,  2.670
  0.020,301.922,  1.171,  2.670
  0.020,301.923,  0.102,  2.670
  0.020,301.926,  0.075,  2.600
  0.020,301.928,  0.044,  2.600
  0.020,301.932,  0.031,  2.600
  0.020,301.942,  0.028,  2.600
  0.020,301.954,  0.025,  1.750
  0.020,301.957,  0.028,  1.750
  0.020,301.942,  0.040,  1.750
  0.020,301.922,  0.056,  1.840
  0.020,301.909,  0.054,  1.840
  0.020,301.956,  6.508,  7.980
  0.020,301.942,  9.029,  7.980
  0.020,301.928,  9.624,  7.640
  0.020,301.921,  8.282,  7.640
  0.020,301.919,  6.359,  7.640
  0.020,301.924,  5.114,  7.640
  0.020,301.931,  4.176,  6.140
  0.020,301.931,  2.908,  6.140
  0.020,301.925,  2.836,  6.140
  0.020,301.923,  2.645,  4.550
  0.020,301.928,  1.486,  4.550
  0.020,301.933,  0.847,  4.550
  0.020,301.932,  0.884,  4.550
  0.020,301.925,  0.830,  4.230
  0.020,301.919,  0.342,  4.230
  0.020,301.918,  0.101,  4.230
  0.020,301.923,  0.067,  3.050
  0.020,301.928,  0.037,  3.050
  0.020,301.933,  0.027,  3.050
  0.020,301.939,  0.019,  3.050
  0.020,301.948,  0.016,  2.910
  0.020,301.954,  0.016,  2.910
  0.020,301.947,  0.019,  2.910
  0.020,301.928,  0.021,  2.190
  0.020,301.910,  0.022,  2.190
  0.020,301.953,  7.460,  7.980
  0.020,301.946,  8.680,  7.980
  0.020,301.933,  8.130,  7.640
  0.020,301.926,  6.711,  7.640
  0.020,301.923,  5.566,  7.640
  0.020,301.923,  5.124,  7.640
  0.020,301.926,  3.667,  6.140
  0.020,301.928,  2.639,  6.140
  0.020,301.924,  2.884,  6.140
  0.020,301.919,  2.054,  4.550
  0.020,301.923,  1.156,  4.550
  0.020,301.931,  0.921,  4.550
  0.020,301.931,  0.568,  4.550
  0.020,301.924,  0.297,  4.230
  0.020,301.918,  0.187,  4.230
  0.020,301.917,  0.122,  4.230
  0.020,301.923,  0.077,  3.050
  0.020,301.930,  0.049,  3.050
  0.020,301.935,  0.029,  3.050
  0.020,301.937,  0.018,  3.050
  0.020,301.942,  0.012,  2.910
  0.020,301.949,  0.011,  2.910
  0.020,301.950,  0.012,  2.910
  0.020,301.935,  0.015,  2.190
  0.020,301.914,  0.020,  2.190
  0.020,301.934,  7.426,  7.980
  0.020,301.941,  7.587,  7.980
  0.020,301.936,  6.638,  7.640
  0.020,301.929,  5.684,  7.640
  0.020,301.924,  5.574,  7.640
  0.020,301.919,  4.995,  7.640
  0.020,301.919,  2.790,  6.140
  0.020,301.923,  2.396,  6.140
  0.020,301.922,  2.415,  6.140
  0.020,301.917,  1.555,  4.550
  0.020,301.915,  1.146,  4.550
  0.020,301.920,  0.980,  4.550
  0.020,301.923,  0.508,  4.550
  0.020,301.919,  0.270,  4.230
  0.020,301.915,  0.204,  4.230
  0.020,301.914,  0.146,  4.230
  0.020,301.918,  0.092,  3.050
  0.020,301.924,  0.055,  3.050
  0.020,301.929,  0.034,  3.050
  0.020,301.931,  0.017,  3.050
  0.020,301.935,  0.010,  2.910
  0.020,301.942,  0.009,  2.910
  0.020,301.947,  0.012,  2.910
  0.020,301.939,  0.015,  2.190
  0.020,301.917,  0.021,  2.190
  0.020,301.909,  6.608,  7.980
  0.020,301.929,  6.265,  7.980
  0.020,301.935,  5.404,  7.640
  0.020,301.929,  5.374,  7.640
  0.020,301.922,  5.898,  7.640
  0.020,301.916,  3.990,  7.640
  0.020,301.916,  2.147,  6.140
  0.020,301.919,  2.249,  6.140
  0.020,301.920,  1.961,  6.140
  0.020,301.913,  1.433,  4.550
  0.020,301.906,  1.271,  4.550
  0.020,301.908,  0.886,  4.550
  0.020,301.914,  0.406,  4.550
  0.020,301.916,  0.270,  4.230
  0.020,301.913,  0.218,  4.230
  0.020,301.911,  0.146,  4.230
  0.020,301.913,  0.089,  3.050
  0.020,301.916,  0.058,  3.050
  0.020,301.921,  0.036,  3.050
  0.020,301.926,  0.014,  3.050
  0.020,301.930,  0.009,  2.910
  0.020,301.935,  0.008,  2.910
  0.020,301.940,  0.010,  2.910
  0.020,301.939,  0.012,  2.190
  0.020,301.923,  0.019,  2.190
  0.020,301.883,  5.366,  8.070
  0.020,301.908,  4.863,  8.070
  0.020,301.924,  4.698,  7.070
  0.020,301.925,  5.880,  7.070
  0.020,301.918,  5.936,  7.070
  0.020,301.913,  2.590,  7.070
  0.020,301.913,  1.950,  3.900
  0.020,301.914,  2.264,  3.900
  0.020,301.914,  1.803,  3.900
  0.020,301.907,  1.500,  3.970
  0.020,301.899,  1.292,  3.970
  0.020,301.898,  0.648,  3.970
  0.020,301.904,  0.307,  3.970
  0.020,301.909,  0.247,  2.080
  0.020,301.909,  0.194,  2.080
  0.020,301.907,  0.117,  2.080
  0.020,301.906,  0.075,  2.130
  0.020,301.908,  0.059,  2.130
  0.020,301.913,  0.029,  2.130
  0.020,301.920,  0.011,  2.130
  0.020,301.923,  0.007,  0.440
  0.020,301.926,  0.007,  0.440
  0.020,301.930,  0.008,  0.440
  0.020,301.935,  0.011,  0.530
  0.020,301.929,  0.019,  0.530
  0.020,301.863,  4.047,  8.070
  0.020,301.882,  3.887,  8.070
  0.020,301.903,  5.176,  7.070
  0.020,301.914,  7.756,  7.070
  0.020,301.915,  5.804,  7.070
  0.020,301.910,  1.627,  7.070
  0.020,301.907,  2.134,  3.900
  0.020,301.906,  2.199,  3.900
  0.020,301.905,  1.760,  3.900
  0.020,301.902,  1.705,  3.970
  0.020,301.896,  1.137,  3.970
  0.020,301.892,  0.435,  3.970
  0.020,301.896,  0.262,  3.970
  0.020,301.901,  0.226,  2.080
  0.020,301.903,  0.157,  2.080
  0.020,301.902,  0.085,  2.080
  0.020,301.901,  0.059,  2.130
  0.020,301.901,  0.047,  2.130
  0.020,301.905,  0.020,  2.130
  0.020,301.910,  0.008,  2.130
  0.020,301.913,  0.006,  0.440
  0.020,301.916,  0.007,  0.440
  0.020,301.920,  0.010,  0.440
  0.020,301.927,  0.015,  0.530
  0.020,301.930,  0.027,  0.530
