  0.015,298.127,  0.000,  0.000
  0.015,298.127,  0.000,  0.000
  0.016,298.096,  0.000,  0.000
  0.016,298.052,  0.000,  0.000
  0.015,298.044,  0.000,  0.000
  0.015,298.061,  0.000,  0.000
  0.015,298.079,  0.000,  0.000
  0.015,298.077,  0.000,  0.000
  0.016,298.027,  0.000,  0.000
  0.016,297.947,  0.000,  0.000
  0.016,297.880,  0.000,  0.000
  0.016,297.852,  0.000,  0.000
  0.016,297.877,  0.000,  0.000
  0.016,297.949,  0.000,  0.000
  0.016,298.034,  0.000,  0.000
  0.015,298.105,  0.000,  0.000
  0.015,298.141,  0.000,  0.000
  0.016,298.038,  0.000,  0.000
  0.016,297.714,  0.000,  0.000
  0.016,297.417,  0.000,  0.000
  0.016,297.399,  0.000,  0.000
  0.015,297.572,  0.000,  0.000
  0.015,297.668,  0.000,  0.000
  0.016,297.677,  0.000,  0.000
  0.016,297.691,  0.000,  0.000
  0.015,298.134,  0.000,  0.000
  0.015,298.149,  0.000,  0.000
  0.016,298.132,  0.000,  0.000
  0.016,298.076,  0.000,  0.000
  0.016,298.039,  0.000,  0.000
  0.015,298.039,  0.000,  0.000
  0.015,298.061,  0.000,  0.000
  0.015,298.086,  0.000,  0.000
  0.016,298.079,  0.000,  0.000
  0.016,298.029,  0.000,  0.000
  0.016,297.969,  0.000,  0.000
  0.015,297.936,  0.000,  0.000
  0.015,297.946,  0.000,  0.000
  0.016,297.994,  0.000,  0.000
  0.016,298.060,  0.000,  0.000
  0.015,298.133,  0.000,  0.000
  0.015,298.135,  0.000,  0.000
  0.016,297.869,  0.000,  0.000
  0.016,297.362,  0.000,  0.000
  0.016,297.030,  0.000,  0.000
  0.016,297.049,  0.000,  0.000
  0.015,297.316,  0.000,  0.000
  0.015,297.613,  0.000,  0.000
  0.016,297.729,  0.000,  0.000
  0.016,297.679,  0.000,  0.000
  0.015,298.111,  0.000,  0.000
  0.015,298.149,  0.000,  0.000
  0.015,298.165,  0.000,  0.000
  0.016,298.113,  0.000,  0.000
  0.016,298.044,  0.000,  0.000
  0.015,298.016,  0.000,  0.000
  0.015,298.026,  0.000,  0.000
  0.015,298.058,  0.000,  0.000
  0.015,298.093,  0.000,  0.000
  0.016,298.097,  0.000,  0.000
  0.016,298.070,  0.000,  0.000
  0.016,298.046,  0.000,  0.000
  0.015,298.051,  0.000,  0.000
  0.015,298.071,  0.000,  0.000
  0.015,298.084,  0.000,  0.000
  0.015,298.100,  0.000,  0.000
  0.015,298.075,  0.000,  0.000
  0.016,297.863,  0.000,  0.000
  0.016,297.462,  0.000,  0.000
  0.016,297.144,  0.000,  0.000
  0.016,297.112,  0.000,  0.000
  0.016,297.318,  0.000,  0.000
  0.015,297.623,  0.000,  0.000
  0.016,297.839,  0.000,  0.000
  0.016,297.825,  0.000,  0.000
  0.015,298.075,  0.000,  0.000
  0.015,298.078,  0.000,  0.000
  0.015,298.102,  0.000,  0.000
  0.016,298.114,  0.000,  0.000
  0.016,298.078,  0.000,  0.000
  0.015,298.035,  0.000,  0.000
  0.015,298.021,  0.000,  0.000
  0.015,298.033,  0.000,  0.000
  0.015,298.059,  0.000,  0.000
  0.016,298.083,  0.000,  0.000
  0.016,298.099,  0.000,  0.000
  0.016,298.127,  0.000,  0.000
  0.015,298.153,  0.000,  0.000
  0.015,298.135,  0.000,  0.000
  0.015,298.081,  0.000,  0.000
  0.015,298.046,  0.000,  0.000
  0.015,298.033,  0.000,  0.000
  0.016,297.933,  0.000,  0.000
  0.016,297.692,  0.000,  0.000
  0.016,297.460,  0.000,  0.000
  0.016,297.404,  0.000,  0.000
  0.016,297.538,  0.000,  0.000
  0.015,297.765,  0.000,  0.000
  0.016,297.956,  0.000,  0.000
  0.016,297.978,  0.000,  0.000
  0.015,298.076,  0.008,  0.000
  0.015,298.075,  0.005,  0.000
  0.015,298.099,  0.003,  0.000
  0.016,298.118,  0.001,  0.000
  0.016,298.112,  0.001,  0.000
  0.016,298.081,  0.000,  0.000
  0.016,298.048,  0.000,  0.000
  0.015,298.031,  0.000,  0.000
  0.015,298.056,  0.000,  0.000
  0.016,298.124,  0.000,  0.000
  0.016,298.197,  0.000,  0.000
  0.016,298.230,  0.000,  0.000
  0.015,298.244,  0.000,  0.000
  0.015,298.183,  0.000,  0.000
  0.015,298.107,  0.000,  0.000
  0.015,298.044,  0.000,  0.000
  0.015,298.022,  0.000,  0.000
  0.015,297.984,  0.000,  0.000
  0.016,297.863,  0.000,  0.000
  0.016,297.707,  0.000,  0.000
  0.016,297.646,  0.000,  0.000
  0.016,297.733,  0.000,  0.000
  0.016,297.896,  0.000,  0.000
  0.016,298.032,  0.000,  0.000
  0.016,298.050,  0.000,  0.000
  0.015,298.183,  0.030,  0.000
  0.015,298.123,  0.023,  0.000
  0.016,298.118,  0.017,  0.000
  0.016,298.146,  0.012,  0.000
  0.016,298.151,  0.008,  0.000
  0.016,298.133,  0.006,  0.000
  0.016,298.116,  0.004,  0.000
  0.016,298.119,  0.003,  0.000
  0.016,298.131,  0.002,  0.000
  0.016,298.068,  0.000,  0.000
  0.016,297.914,  0.000,  0.000
  0.016,297.832,  0.000,  0.000
  0.016,297.974,  0.000,  0.000
  0.016,298.133,  0.000,  0.000
  0.016,298.135,  0.000,  0.000
  0.015,298.066,  0.000,  0.000
  0.015,298.018,  0.000,  0.000
  0.015,298.001,  0.000,  0.000
  0.015,297.974,  0.000,  0.000
  0.016,297.895,  0.000,  0.000
  0.016,297.815,  0.000,  0.000
  0.016,297.831,  0.001,  0.000
  0.016,297.940,  0.000,  0.000
  0.015,298.061,  0.000,  0.000
  0.015,298.106,  0.000,  0.000
  0.016,297.901,  0.005,  0.000
  0.016,297.761,  0.010,  0.000
  0.015,297.831,  0.015,  0.000
  0.016,298.037,  0.018,  0.000
  0.016,298.184,  0.018,  0.000
  0.016,298.217,  0.018,  0.000
  0.016,298.214,  0.015,  0.000
  0.016,298.204,  0.011,  0.000
  0.016,298.145,  0.006,  0.000
  0.016,297.950,  0.002,  0.000
  0.016,297.706,  0.001,  0.000
  0.015,297.584,  0.000,  0.000
  0.015,297.656,  0.000,  0.000
  0.015,297.879,  0.000,  0.000
  0.016,298.053,  0.001,  0.000
  0.016,298.071,  0.000,  0.000
  0.016,298.011,  0.000,  0.000
  0.015,297.992,  0.000,  0.000
  0.015,298.013,  0.001,  0.000
  0.015,298.005,  0.000,  0.000
  0.016,297.926,  0.001,  0.000
  0.016,297.858,  0.001,  0.000
  0.016,297.897,  0.001,  0.000
  0.016,298.018,  0.000,  0.000
  0.015,298.071,  0.000,  0.000
  0.016,297.610,  0.000,  0.000
  0.015,297.564,  0.000,  0.000
  0.015,297.646,  0.000,  0.000
  0.015,297.841,  0.001,  0.000
  0.016,298.125,  0.004,  0.000
  0.016,298.270,  0.008,  0.000
  0.016,298.252,  0.011,  0.000
  0.015,298.206,  0.008,  0.000
  0.016,298.130,  0.004,  0.000
  0.016,297.938,  0.003,  0.000
  0.016,297.725,  0.004,  0.000
  0.015,297.620,  0.006,  0.000
  0.015,297.650,  0.008,  0.000
  0.015,297.781,  0.009,  0.000
  0.015,297.952,  0.010,  0.000
  0.016,298.044,  0.009,  0.000
  0.016,298.027,  0.009,  0.000
  0.016,298.006,  0.007,  0.000
  0.016,298.019,  0.006,  0.000
  0.016,298.027,  0.006,  0.000
  0.016,297.987,  0.004,  0.000
  0.016,297.924,  0.004,  0.000
  0.016,297.919,  0.003,  0.000
  0.016,297.952,  0.001,  0.000
  0.015,297.851,  0.000,  0.000
  0.016,297.589,  0.000,  0.000
  0.015,297.617,  0.000,  0.000
  0.015,297.728,  0.000,  0.000
  0.015,297.858,  0.000,  0.000
  0.015,298.075,  0.001,  0.000
  0.016,298.227,  0.000,  0.000
  0.016,298.220,  0.000,  0.000
  0.015,298.197,  0.000,  0.000
  0.015,298.161,  0.001,  0.000
  0.016,298.004,  0.005,  0.000
  0.016,297.798,  0.014,  0.000
  0.015,297.702,  0.025,  0.000
  0.015,297.717,  0.034,  0.000
  0.015,297.790,  0.043,  0.000
  0.015,297.918,  0.053,  0.000
  0.016,298.065,  0.062,  0.000
  0.016,298.113,  0.068,  0.000
  0.016,298.077,  0.082,  0.000
  0.016,298.057,  0.120,  0.000
  0.016,298.083,  0.164,  0.000
  0.016,298.128,  0.162,  0.000
  0.016,298.149,  0.116,  0.000
  0.016,298.114,  0.062,  0.000
  0.016,297.975,  0.030,  0.000
  0.015,297.795,  0.018,  0.000
  0.016,297.667,  0.022,  0.000
  0.015,297.700,  0.011,  0.000
  0.015,297.814,  0.006,  0.000
  0.015,297.922,  0.004,  0.000
  0.015,298.066,  0.002,  0.000
  0.016,298.174,  0.002,  0.000
  0.016,298.167,  0.001,  0.000
  0.015,298.163,  0.001,  0.000
  0.015,298.182,  0.002,  0.000
  0.016,298.111,  0.009,  0.000
  0.016,297.917,  0.020,  0.000
  0.016,297.768,  0.033,  0.000
  0.015,297.746,  0.053,  0.000
  0.015,297.823,  0.081,  0.000
  0.015,298.001,  0.125,  0.000
  0.015,298.197,  0.176,  0.000
  0.016,298.241,  0.218,  0.000
  0.016,298.167,  0.282,  0.000
  0.016,298.137,  0.465,  0.000
  0.016,298.187,  0.752,  0.000
  0.015,298.276,  0.929,  0.000
  0.015,298.369,  0.836,  0.000
  0.016,298.342,  0.518,  0.000
  0.016,298.132,  0.249,  0.000
  0.016,297.923,  0.134,  0.000
  0.016,297.825,  0.096,  0.000
  0.015,297.779,  0.060,  0.000
  0.015,297.842,  0.039,  0.000
  0.015,297.941,  0.029,  0.000
  0.015,298.058,  0.021,  0.000
  0.016,298.137,  0.018,  0.000
  0.016,298.126,  0.014,  0.000
  0.015,298.113,  0.012,  0.000
  0.015,298.141,  0.010,  0.000
  0.015,298.142,  0.009,  0.000
  0.016,298.047,  0.011,  0.000
  0.016,297.910,  0.018,  0.000
  0.016,297.877,  0.034,  0.000
  0.016,297.992,  0.069,  0.000
  0.015,298.173,  0.135,  0.000
  0.015,298.283,  0.239,  0.000
  0.016,298.280,  0.358,  0.000
  0.016,298.222,  0.459,  0.000
  0.016,298.182,  0.582,  0.000
  0.016,298.218,  0.777,  0.000
  0.015,298.311,  0.960,  0.000
  0.015,298.389,  1.002,  0.000
  0.015,298.405,  0.828,  0.000
  0.016,298.308,  0.522,  0.000
  0.016,298.164,  0.278,  0.000
  0.016,298.004,  0.041,  0.000
  0.016,297.926,  0.038,  0.000
  0.016,297.908,  0.044,  0.000
  0.016,297.957,  0.056,  0.000
  0.016,298.042,  0.067,  0.000
  0.016,298.109,  0.074,  0.000
  0.016,298.109,  0.078,  0.000
  0.016,298.087,  0.071,  0.000
  0.016,298.098,  0.052,  0.000
  0.015,298.118,  0.037,  0.000
  0.016,298.119,  0.033,  0.000
  0.016,298.097,  0.029,  0.000
  0.016,298.115,  0.027,  0.000
  0.016,298.192,  0.027,  0.000
  0.015,298.251,  0.030,  0.000
  0.016,298.261,  0.036,  0.000
  0.016,298.270,  0.041,  0.000
  0.016,298.270,  0.049,  0.000
  0.016,298.244,  0.072,  0.000
  0.016,298.247,  0.152,  0.000
  0.016,298.300,  0.298,  0.000
  0.015,298.347,  0.362,  0.000
  0.015,298.366,  0.260,  0.000
  0.015,298.370,  0.134,  0.000
  0.015,298.351,  0.068,  0.000
  0.015,298.145,  0.005,  0.000
  0.016,298.092,  0.010,  0.000
  0.016,298.034,  0.022,  0.000
  0.016,298.014,  0.043,  0.000
  0.016,298.038,  0.078,  0.000
  0.016,298.079,  0.130,  0.000
  0.016,298.106,  0.179,  0.000
  0.016,298.114,  0.171,  0.000
  0.016,298.121,  0.087,  0.000
  0.016,298.116,  0.032,  0.000
  0.016,298.129,  0.041,  0.000
  0.016,298.193,  0.053,  0.000
  0.016,298.263,  0.069,  0.000
  0.015,298.281,  0.090,  0.000
  0.016,298.251,  0.121,  0.000
  0.016,298.239,  0.159,  0.000
  0.016,298.283,  0.194,  0.000
  0.016,298.347,  0.206,  0.000
  0.016,298.375,  0.153,  0.000
  0.016,298.360,  0.053,  0.000
  0.016,298.335,  0.006,  0.000
  0.016,298.321,  0.006,  0.000
  0.015,298.330,  0.004,  0.000
  0.015,298.366,  0.002,  0.000
  0.015,298.394,  0.001,  0.000
  0.015,298.184,  0.001,  0.000
  0.015,298.167,  0.000,  0.000
  0.016,298.120,  0.001,  0.000
  0.016,298.070,  0.000,  0.000
  0.016,298.050,  0.003,  0.000
  0.016,298.080,  0.024,  0.000
  0.016,298.165,  0.081,  0.000
  0.016,298.245,  0.106,  0.000
  0.016,298.237,  0.052,  0.000
  0.016,298.159,  0.003,  0.000
  0.016,298.140,  0.001,  0.000
  0.016,298.206,  0.002,  0.000
  0.016,298.257,  0.006,  0.000
  0.016,298.246,  0.021,  0.000
  0.016,298.214,  0.056,  0.000
  0.016,298.214,  0.122,  0.000
  0.016,298.278,  0.214,  0.000
  0.015,298.389,  0.284,  0.000
  0.015,298.483,  0.224,  0.000
  0.015,298.482,  0.065,  0.000
  0.015,298.401,  0.003,  0.000
  0.016,298.327,  0.003,  0.000
  0.016,298.310,  0.001,  0.000
  0.015,298.322,  0.001,  0.000
  0.015,298.334,  0.001,  0.000
  0.015,298.171,  0.000,  0.000
  0.015,298.151,  0.000,  0.000
  0.016,298.121,  0.000,  0.000
  0.016,298.079,  0.000,  0.000
  0.016,298.071,  0.000,  0.000
  0.016,298.142,  0.000,  0.000
  0.016,298.286,  0.001,  0.000
  0.016,298.402,  0.002,  0.000
  0.016,298.388,  0.001,  0.000
  0.016,298.305,  0.000,  0.000
  0.016,298.263,  0.001,  0.000
  0.016,298.261,  0.000,  0.000
  0.015,298.250,  0.001,  0.000
  0.015,298.224,  0.001,  0.000
  0.016,298.207,  0.000,  0.000
  0.016,298.207,  0.001,  0.000
  0.016,298.268,  0.000,  0.000
  0.015,298.395,  0.000,  0.000
  0.015,298.511,  0.000,  0.000
  0.015,298.536,  0.000,  0.000
  0.015,298.473,  0.001,  0.000
  0.016,298.383,  0.000,  0.000
  0.016,298.321,  0.001,  0.000
  0.015,298.311,  0.001,  0.000
  0.015,298.329,  0.001,  0.000
