  0.018,300.801,  0.000,  0.000
  0.018,300.803,  0.000,  0.000
  0.018,300.804,  0.000,  0.000
  0.018,300.803,  0.000,  0.000
  0.018,300.801,  0.000,  0.000
  0.018,300.793,  0.000,  0.000
  0.018,300.773,  0.000,  0.000
  0.018,300.733,  0.000,  0.000
  0.018,300.680,  0.000,  0.000
  0.018,300.639,  0.000,  0.000
  0.019,300.631,  0.000,  0.000
  0.018,300.665,  0.000,  0.000
  0.018,300.713,  0.000,  0.000
  0.018,300.736,  0.000,  0.000
  0.018,300.716,  0.000,  0.000
  0.018,300.684,  0.000,  0.000
  0.018,300.666,  0.000,  0.000
  0.018,300.663,  0.000,  0.000
  0.018,300.662,  0.000,  0.000
  0.018,300.658,  0.000,  0.000
  0.018,300.653,  0.000,  0.000
  0.018,300.653,  0.000,  0.000
  0.018,300.657,  0.000,  0.000
  0.018,300.681,  0.000,  0.000
  0.018,300.686,  0.000,  0.000
  0.018,300.818,  0.000,  0.000
  0.018,300.820,  0.000,  0.000
  0.018,300.823,  0.000,  0.000
  0.018,300.825,  0.000,  0.000
  0.018,300.826,  0.000,  0.000
  0.018,300.825,  0.000,  0.000
  0.018,300.818,  0.000,  0.000
  0.018,300.798,  0.000,  0.000
  0.018,300.769,  0.000,  0.000
  0.018,300.748,  0.000,  0.000
  0.018,300.752,  0.000,  0.000
  0.018,300.779,  0.000,  0.000
  0.018,300.803,  0.000,  0.000
  0.018,300.801,  0.000,  0.000
  0.018,300.776,  0.000,  0.000
  0.018,300.751,  0.000,  0.000
  0.018,300.738,  0.000,  0.000
  0.018,300.733,  0.000,  0.000
  0.018,300.728,  0.000,  0.000
  0.018,300.720,  0.000,  0.000
  0.018,300.716,  0.000,  0.000
  0.018,300.718,  0.000,  0.000
  0.018,300.722,  0.000,  0.000
  0.018,300.743,  0.000,  0.000
  0.018,300.747,  0.000,  0.000
  0.018,300.834,  0.000,  0.000
  0.018,300.838,  0.000,  0.000
  0.018,300.842,  0.000,  0.000
  0.018,300.845,  0.000,  0.000
  0.018,300.849,  0.000,  0.000
  0.018,300.852,  0.000,  0.000
  0.018,300.853,  0.000,  0.000
  0.018,300.851,  0.000,  0.000
  0.018,300.844,  0.000,  0.000
  0.018,300.840,  0.000,  0.000
  0.018,300.845,  0.000,  0.000
  0.018,300.856,  0.000,  0.000
  0.018,300.861,  0.000,  0.000
  0.018,300.853,  0.000,  0.000
  0.018,300.837,  0.000,  0.000
  0.018,300.821,  0.000,  0.000
  0.018,300.811,  0.000,  0.000
  0.018,300.805,  0.000,  0.000
  0.018,300.798,  0.000,  0.000
  0.018,300.791,  0.000,  0.000
  0.018,300.788,  0.000,  0.000
  0.018,300.790,  0.000,  0.000
  0.018,300.794,  0.000,  0.000
  0.018,300.812,  0.000,  0.000
  0.018,300.817,  0.000,  0.000
  0.018,300.850,  0.000,  0.000
  0.018,300.854,  0.000,  0.000
  0.018,300.859,  0.000,  0.000
  0.018,300.864,  0.000,  0.000
  0.018,300.869,  0.000,  0.000
  0.018,300.873,  0.000,  0.000
  0.018,300.879,  0.000,  0.000
  0.018,300.883,  0.000,  0.000
  0.018,300.886,  0.000,  0.000
  0.018,300.889,  0.000,  0.000
  0.018,300.891,  0.000,  0.000
  0.018,300.893,  0.000,  0.000
  0.018,300.894,  0.000,  0.000
  0.018,300.892,  0.000,  0.000
  0.018,300.887,  0.000,  0.000
  0.018,300.882,  0.000,  0.000
  0.018,300.876,  0.000,  0.000
  0.018,300.870,  0.000,  0.000
  0.018,300.864,  0.000,  0.000
  0.018,300.861,  0.000,  0.000
  0.018,300.860,  0.000,  0.000
  0.018,300.862,  0.000,  0.000
  0.018,300.865,  0.000,  0.000
  0.018,300.883,  0.000,  0.000
  0.018,300.888,  0.000,  0.000
  0.018,300.865,  0.000,  0.000
  0.018,300.871,  0.000,  0.000
  0.018,300.876,  0.000,  0.000
  0.018,300.881,  0.000,  0.000
  0.018,300.886,  0.000,  0.000
  0.018,300.891,  0.000,  0.000
  0.018,300.897,  0.000,  0.000
  0.018,300.903,  0.000,  0.000
  0.018,300.907,  0.000,  0.000
  0.018,300.910,  0.000,  0.000
  0.018,300.912,  0.000,  0.000
  0.018,300.914,  0.000,  0.000
  0.018,300.916,  0.000,  0.000
  0.018,300.919,  0.000,  0.000
  0.018,300.921,  0.000,  0.000
  0.018,300.922,  0.000,  0.000
  0.018,300.920,  0.000,  0.000
  0.018,300.919,  0.000,  0.000
  0.018,300.917,  0.000,  0.000
  0.018,300.916,  0.000,  0.000
  0.018,300.917,  0.000,  0.000
  0.018,300.920,  0.000,  0.000
  0.018,300.924,  0.000,  0.000
  0.018,300.939,  0.000,  0.000
  0.018,300.943,  0.000,  0.000
  0.018,300.881,  0.000,  0.000
  0.018,300.887,  0.000,  0.000
  0.018,300.892,  0.000,  0.000
  0.018,300.897,  0.000,  0.000
  0.018,300.902,  0.000,  0.000
  0.018,300.906,  0.000,  0.000
  0.018,300.911,  0.000,  0.000
  0.018,300.917,  0.000,  0.000
  0.018,300.922,  0.000,  0.000
  0.018,300.926,  0.000,  0.000
  0.018,300.928,  0.000,  0.000
  0.018,300.931,  0.000,  0.000
  0.018,300.934,  0.000,  0.000
  0.018,300.938,  0.000,  0.000
  0.018,300.941,  0.000,  0.000
  0.018,300.944,  0.000,  0.000
  0.018,300.946,  0.000,  0.000
  0.018,300.948,  0.000,  0.000
  0.018,300.949,  0.000,  0.000
  0.018,300.950,  0.000,  0.000
  0.018,300.952,  0.000,  0.000
  0.018,300.954,  0.000,  0.000
  0.018,300.957,  0.000,  0.000
  0.018,300.969,  0.000,  0.000
  0.018,300.970,  0.000,  0.000
  0.018,300.897,  0.000,  0.000
  0.018,300.903,  0.000,  0.000
  0.018,300.908,  0.000,  0.000
  0.018,300.913,  0.000,  0.000
  0.018,300.917,  0.000,  0.000
  0.018,300.920,  0.000,  0.000
  0.018,300.925,  0.000,  0.000
  0.018,300.930,  0.000,  0.000
  0.018,300.935,  0.000,  0.000
  0.018,300.940,  0.000,  0.000
  0.018,300.944,  0.000,  0.000
  0.018,300.947,  0.000,  0.000
  0.018,300.950,  0.000,  0.000
  0.018,300.952,  0.000,  0.000
  0.018,300.955,  0.000,  0.000
  0.018,300.958,  0.000,  0.000
  0.018,300.961,  0.000,  0.000
  0.018,300.963,  0.000,  0.000
  0.018,300.966,  0.000,  0.000
  0.018,300.967,  0.000,  0.000
  0.018,300.969,  0.000,  0.000
  0.018,300.971,  0.000,  0.000
  0.018,300.972,  0.000,  0.000
  0.018,300.980,  0.000,  0.000
  0.018,300.980,  0.000,  0.000
  0.018,300.912,  0.000,  0.000
  0.018,300.918,  0.000,  0.000
  0.018,300.923,  0.000,  0.000
  0.018,300.928,  0.000,  0.000
  0.018,300.931,  0.000,  0.000
  0.018,300.934,  0.000,  0.000
  0.018,300.938,  0.000,  0.000
  0.018,300.943,  0.000,  0.000
  0.018,300.948,  0.000,  0.000
  0.018,300.953,  0.000,  0.000
  0.018,300.958,  0.000,  0.000
  0.018,300.961,  0.000,  0.000
  0.018,300.964,  0.000,  0.000
  0.018,300.966,  0.000,  0.000
  0.018,300.968,  0.000,  0.000
  0.018,300.971,  0.000,  0.000
  0.018,300.973,  0.000,  0.000
  0.018,300.975,  0.000,  0.000
  0.018,300.977,  0.000,  0.000
  0.018,300.978,  0.000,  0.000
  0.018,300.980,  0.000,  0.000
  0.018,300.981,  0.000,  0.000
  0.018,300.982,  0.000,  0.000
  0.018,300.988,  0.000,  0.000
  0.018,300.988,  0.000,  0.000
  0.018,300.927,  0.000,  0.000
  0.018,300.932,  0.000,  0.000
  0.018,300.937,  0.000,  0.000
  0.018,300.942,  0.000,  0.000
  0.018,300.945,  0.000,  0.000
  0.018,300.948,  0.000,  0.000
  0.018,300.952,  0.000,  0.000
  0.018,300.956,  0.000,  0.000
  0.018,300.961,  0.000,  0.000
  0.018,300.966,  0.000,  0.000
  0.018,300.970,  0.000,  0.000
  0.018,300.974,  0.000,  0.000
  0.018,300.977,  0.000,  0.000
  0.018,300.980,  0.000,  0.000
  0.018,300.982,  0.000,  0.000
  0.018,300.985,  0.000,  0.000
  0.018,300.987,  0.000,  0.000
  0.018,300.988,  0.000,  0.000
  0.018,300.990,  0.000,  0.000
  0.018,300.991,  0.000,  0.000
  0.018,300.993,  0.000,  0.000
  0.018,300.995,  0.000,  0.000
  0.018,300.997,  0.000,  0.000
  0.018,301.001,  0.000,  0.000
  0.018,301.001,  0.000,  0.000
  0.018,300.944,  0.000,  0.000
  0.018,300.949,  0.000,  0.000
  0.018,300.953,  0.000,  0.000
  0.018,300.957,  0.000,  0.000
  0.018,300.960,  0.000,  0.000
  0.018,300.963,  0.000,  0.000
  0.018,300.967,  0.000,  0.000
  0.018,300.971,  0.000,  0.000
  0.018,300.976,  0.000,  0.000
  0.018,300.980,  0.000,  0.000
  0.018,300.985,  0.000,  0.000
  0.018,300.989,  0.000,  0.000
  0.018,300.993,  0.000,  0.000
  0.018,300.996,  0.000,  0.000
  0.018,300.999,  0.000,  0.000
  0.018,301.001,  0.000,  0.000
  0.018,301.003,  0.000,  0.000
  0.018,301.005,  0.000,  0.000
  0.018,301.008,  0.000,  0.000
  0.018,301.011,  0.000,  0.000
  0.018,301.014,  0.000,  0.000
  0.018,301.017,  0.000,  0.000
  0.018,301.018,  0.000,  0.000
  0.018,301.020,  0.000,  0.000
  0.018,301.020,  0.000,  0.000
  0.018,300.957,  0.000,  0.000
  0.018,300.963,  0.000,  0.000
  0.018,300.967,  0.000,  0.000
  0.018,300.971,  0.000,  0.000
  0.018,300.973,  0.000,  0.000
  0.018,300.977,  0.000,  0.000
  0.018,300.981,  0.000,  0.000
  0.018,300.985,  0.000,  0.000
  0.018,300.989,  0.000,  0.000
  0.018,300.994,  0.000,  0.000
  0.018,300.999,  0.000,  0.000
  0.018,301.004,  0.000,  0.000
  0.018,301.009,  0.000,  0.000
  0.018,301.013,  0.000,  0.000
  0.018,301.017,  0.000,  0.000
  0.018,301.020,  0.000,  0.000
  0.018,301.024,  0.000,  0.000
  0.018,301.028,  0.000,  0.000
  0.018,301.033,  0.000,  0.000
  0.018,301.037,  0.000,  0.000
  0.018,301.040,  0.000,  0.000
  0.018,301.042,  0.000,  0.000
  0.018,301.041,  0.000,  0.000
  0.018,301.040,  0.000,  0.000
  0.018,301.040,  0.000,  0.000
  0.018,300.954,  0.000,  0.000
  0.018,300.964,  0.000,  0.000
  0.018,300.972,  0.000,  0.000
  0.018,300.978,  0.000,  0.000
  0.018,300.984,  0.000,  0.000
  0.018,300.988,  0.000,  0.000
  0.018,300.992,  0.000,  0.000
  0.018,300.997,  0.000,  0.000
  0.018,301.002,  0.000,  0.000
  0.018,301.008,  0.000,  0.000
  0.018,301.014,  0.000,  0.000
  0.018,301.019,  0.000,  0.000
  0.018,301.025,  0.000,  0.000
  0.018,301.030,  0.000,  0.000
  0.018,301.036,  0.000,  0.000
  0.018,301.041,  0.000,  0.000
  0.018,301.046,  0.000,  0.000
  0.018,301.051,  0.000,  0.000
  0.018,301.056,  0.000,  0.000
  0.018,301.059,  0.000,  0.000
  0.018,301.061,  0.000,  0.000
  0.018,301.061,  0.000,  0.000
  0.018,301.060,  0.000,  0.000
  0.018,301.059,  0.000,  0.000
  0.018,301.058,  0.000,  0.000
  0.018,300.943,  0.000,  0.000
  0.018,300.953,  0.000,  0.000
  0.018,300.963,  0.000,  0.000
  0.018,300.973,  0.000,  0.000
  0.018,300.983,  0.000,  0.000
  0.018,300.992,  0.000,  0.000
  0.018,300.999,  0.000,  0.000
  0.018,301.006,  0.000,  0.000
  0.018,301.013,  0.000,  0.000
  0.018,301.020,  0.000,  0.000
  0.018,301.027,  0.000,  0.000
  0.018,301.034,  0.000,  0.000
  0.018,301.041,  0.000,  0.000
  0.018,301.048,  0.000,  0.000
  0.018,301.054,  0.000,  0.000
  0.018,301.060,  0.000,  0.000
  0.018,301.064,  0.000,  0.000
  0.018,301.069,  0.000,  0.000
  0.018,301.072,  0.000,  0.000
  0.018,301.074,  0.000,  0.000
  0.018,301.074,  0.000,  0.000
  0.018,301.073,  0.000,  0.000
  0.018,301.073,  0.000,  0.000
  0.018,301.073,  0.000,  0.000
  0.018,301.074,  0.000,  0.000
  0.018,300.941,  0.000,  0.000
  0.018,300.948,  0.000,  0.000
  0.018,300.955,  0.000,  0.000
  0.018,300.965,  0.000,  0.000
  0.018,300.976,  0.000,  0.000
  0.018,300.988,  0.000,  0.000
  0.018,300.999,  0.000,  0.000
  0.018,301.009,  0.000,  0.000
  0.018,301.019,  0.000,  0.000
  0.018,301.028,  0.000,  0.000
  0.018,301.037,  0.000,  0.000
  0.018,301.046,  0.000,  0.000
  0.018,301.054,  0.000,  0.000
  0.018,301.061,  0.000,  0.000
  0.018,301.065,  0.000,  0.000
  0.018,301.069,  0.000,  0.000
  0.018,301.073,  0.000,  0.000
  0.018,301.077,  0.000,  0.000
  0.018,301.079,  0.000,  0.000
  0.018,301.081,  0.000,  0.000
  0.018,301.081,  0.000,  0.000
  0.018,301.082,  0.000,  0.000
  0.018,301.084,  0.000,  0.000
  0.018,301.085,  0.000,  0.000
  0.018,301.086,  0.000,  0.000
  0.018,300.949, -0.000,  0.000
  0.018,300.954,  0.000,  0.000
  0.018,300.960,  0.000,  0.000
  0.018,300.967,  0.000,  0.000
  0.018,300.975,  0.000,  0.000
  0.018,300.986,  0.000,  0.000
  0.018,300.998,  0.000,  0.000
  0.018,301.010,  0.000,  0.000
  0.018,301.022,  0.000,  0.000
  0.018,301.034,  0.000,  0.000
  0.018,301.045,  0.000,  0.000
  0.018,301.055,  0.000,  0.000
  0.018,301.062,  0.000,  0.000
  0.018,301.065,  0.000,  0.000
  0.018,301.068,  0.000,  0.000
  0.018,301.072,  0.000,  0.000
  0.018,301.077,  0.000,  0.000
  0.018,301.081,  0.000,  0.000
  0.018,301.084,  0.000,  0.000
  0.018,301.086,  0.000,  0.000
  0.018,301.088,  0.000,  0.000
  0.018,301.090,  0.000,  0.000
  0.018,301.093,  0.000,  0.000
  0.018,301.095,  0.000,  0.000
  0.018,301.097,  0.000,  0.000
