  0.020,301.796,  0.000,  0.000
  0.020,301.777,  0.000,  0.000
  0.020,301.764,  0.000,  0.000
  0.020,301.756,  0.000,  0.000
  0.020,301.753,  0.000,  0.000
  0.020,301.756,  0.000,  0.000
  0.020,301.759,  0.000,  0.000
  0.020,301.761,  0.000,  0.000
  0.020,301.761,  0.000,  0.000
  0.020,301.761,  0.000,  0.000
  0.020,301.762,  0.000,  0.000
  0.020,301.769,  0.000,  0.000
  0.020,301.779,  0.000,  0.000
  0.020,301.780,  0.000,  0.000
  0.020,301.774,  0.000,  0.000
  0.020,301.770,  0.000,  0.000
  0.020,301.778,  0.000,  0.000
  0.020,301.792,  0.000,  0.000
  0.020,301.798,  0.000,  0.000
  0.020,301.792,  0.000,  0.000
  0.020,301.795,  0.000,  0.000
  0.021,301.859,  0.000,  0.000
  0.021,301.877,  0.000,  0.000
  0.021,301.896,  0.000,  0.000
  0.021,301.891,  0.000,  0.000
  0.020,301.861,  0.000,  0.000
  0.020,301.825,  0.000,  0.000
  0.020,301.795,  0.000,  0.000
  0.020,301.771,  0.000,  0.000
  0.020,301.758,  0.000,  0.000
  0.020,301.754,  0.000,  0.000
  0.020,301.756,  0.000,  0.000
  0.020,301.758,  0.000,  0.000
  0.020,301.758,  0.000,  0.000
  0.020,301.760,  0.000,  0.000
  0.020,301.763,  0.000,  0.000
  0.020,301.766,  0.000,  0.000
  0.020,301.767,  0.000,  0.000
  0.020,301.766,  0.000,  0.000
  0.020,301.767,  0.000,  0.000
  0.020,301.775,  0.000,  0.000
  0.020,301.784,  0.000,  0.000
  0.020,301.787,  0.000,  0.000
  0.020,301.783,  0.000,  0.000
  0.021,301.840,  0.000,  0.000
  0.021,301.851,  0.000,  0.000
  0.020,301.796,  0.000,  0.000
  0.020,301.791,  0.000,  0.000
  0.020,301.807,  0.000,  0.000
  0.021,301.898,  0.000,  0.000
  0.020,301.913,  0.000,  0.000
  0.020,301.892,  0.000,  0.000
  0.020,301.858,  0.000,  0.000
  0.020,301.819,  0.000,  0.000
  0.020,301.785,  0.000,  0.000
  0.020,301.765,  0.000,  0.000
  0.020,301.757,  0.000,  0.000
  0.020,301.758,  0.000,  0.000
  0.020,301.758,  0.000,  0.000
  0.020,301.756,  0.000,  0.000
  0.020,301.755,  0.000,  0.000
  0.020,301.756,  0.000,  0.000
  0.020,301.762,  0.000,  0.000
  0.020,301.769,  0.000,  0.000
  0.020,301.774,  0.000,  0.000
  0.020,301.774,  0.000,  0.000
  0.020,301.768,  0.000,  0.000
  0.020,301.761,  0.000,  0.000
  0.020,301.765,  0.000,  0.000
  0.020,301.784,  0.000,  0.000
  0.020,301.802,  0.000,  0.000
  0.020,301.805,  0.000,  0.000
  0.020,301.795,  0.000,  0.000
  0.020,301.839,  0.000,  0.000
  0.021,301.902,  0.000,  0.000
  0.020,301.905,  0.000,  0.000
  0.020,301.908,  0.000,  0.000
  0.020,301.902,  0.000,  0.000
  0.020,301.883,  0.000,  0.000
  0.020,301.848,  0.000,  0.000
  0.020,301.803,  0.000,  0.000
  0.020,301.774,  0.000,  0.000
  0.020,301.763,  0.000,  0.000
  0.020,301.759,  0.000,  0.000
  0.020,301.759,  0.000,  0.000
  0.020,301.757,  0.000,  0.000
  0.020,301.756,  0.000,  0.000
  0.020,301.755,  0.000,  0.000
  0.020,301.757,  0.000,  0.000
  0.020,301.760,  0.000,  0.000
  0.020,301.765,  0.000,  0.000
  0.020,301.768,  0.000,  0.000
  0.020,301.773,  0.000,  0.000
  0.020,301.780,  0.000,  0.000
  0.020,301.785,  0.000,  0.000
  0.020,301.781,  0.000,  0.000
  0.020,301.781,  0.000,  0.000
  0.020,301.821,  0.000,  0.000
  0.020,301.827,  0.000,  0.000
  0.020,301.806,  0.000,  0.000
  0.020,301.892,  0.000,  0.000
  0.020,301.896,  0.000,  0.000
  0.020,301.899,  0.000,  0.000
  0.020,301.898,  0.000,  0.000
  0.020,301.890,  0.000,  0.000
  0.020,301.867,  0.000,  0.000
  0.020,301.830,  0.000,  0.000
  0.020,301.794,  0.000,  0.000
  0.020,301.771,  0.000,  0.000
  0.020,301.761,  0.000,  0.000
  0.020,301.757,  0.000,  0.000
  0.020,301.757,  0.000,  0.000
  0.020,301.756,  0.000,  0.000
  0.020,301.756,  0.000,  0.000
  0.020,301.759,  0.000,  0.000
  0.020,301.763,  0.000,  0.000
  0.020,301.767,  0.000,  0.000
  0.020,301.768,  0.000,  0.000
  0.020,301.768,  0.000,  0.000
  0.020,301.763,  0.000,  0.000
  0.020,301.765,  0.000,  0.000
  0.020,301.779,  0.000,  0.000
  0.020,301.798,  0.000,  0.000
  0.020,301.818,  0.000,  0.000
  0.020,301.808,  0.000,  0.000
  0.020,301.884,  0.000,  0.000
  0.020,301.887,  0.000,  0.000
  0.020,301.890,  0.000,  0.000
  0.020,301.891,  0.000,  0.000
  0.020,301.892,  0.000,  0.000
  0.020,301.892,  0.000,  0.000
  0.020,301.884,  0.000,  0.000
  0.020,301.856,  0.000,  0.000
  0.020,301.812,  0.000,  0.000
  0.020,301.780,  0.000,  0.000
  0.020,301.768,  0.000,  0.000
  0.020,301.762,  0.000,  0.000
  0.020,301.758,  0.000,  0.000
  0.020,301.756,  0.000,  0.000
  0.020,301.756,  0.000,  0.000
  0.020,301.758,  0.000,  0.000
  0.020,301.760,  0.000,  0.000
  0.020,301.763,  0.000,  0.000
  0.020,301.769,  0.000,  0.000
  0.020,301.776,  0.000,  0.000
  0.020,301.782,  0.000,  0.000
  0.020,301.785,  0.000,  0.000
  0.020,301.782,  0.000,  0.000
  0.020,301.789,  0.000,  0.000
  0.021,301.863,  0.000,  0.000
  0.020,301.879,  0.000,  0.000
  0.020,301.881,  0.000,  0.000
  0.020,301.883,  0.000,  0.000
  0.020,301.884,  0.000,  0.000
  0.020,301.886,  0.000,  0.000
  0.020,301.889,  0.000,  0.000
  0.020,301.890,  0.000,  0.000
  0.020,301.884,  0.000,  0.000
  0.020,301.866,  0.000,  0.000
  0.020,301.836,  0.000,  0.000
  0.020,301.801,  0.000,  0.000
  0.020,301.775,  0.000,  0.000
  0.020,301.764,  0.000,  0.000
  0.020,301.760,  0.000,  0.000
  0.020,301.759,  0.000,  0.000
  0.020,301.760,  0.000,  0.000
  0.020,301.760,  0.000,  0.000
  0.020,301.764,  0.000,  0.000
  0.020,301.766,  0.000,  0.000
  0.020,301.767,  0.000,  0.000
  0.020,301.769,  0.000,  0.000
  0.020,301.769,  0.000,  0.000
  0.020,301.769,  0.000,  0.000
  0.020,301.783,  0.000,  0.000
  0.020,301.796,  0.000,  0.000
  0.020,301.880,  0.000,  0.000
  0.020,301.879,  0.000,  0.000
  0.020,301.878,  0.000,  0.000
  0.020,301.880,  0.000,  0.000
  0.020,301.882,  0.000,  0.000
  0.020,301.885,  0.000,  0.000
  0.020,301.886,  0.000,  0.000
  0.020,301.887,  0.000,  0.000
  0.020,301.886,  0.000,  0.000
  0.020,301.878,  0.000,  0.000
  0.020,301.855,  0.000,  0.000
  0.020,301.819,  0.000,  0.000
  0.020,301.788,  0.000,  0.000
  0.020,301.771,  0.000,  0.000
  0.020,301.762,  0.000,  0.000
  0.020,301.759,  0.000,  0.000
  0.020,301.760,  0.000,  0.000
  0.020,301.761,  0.000,  0.000
  0.020,301.765,  0.000,  0.000
  0.020,301.769,  0.000,  0.000
  0.020,301.771,  0.000,  0.000
  0.020,301.776,  0.000,  0.000
  0.020,301.783,  0.000,  0.000
  0.020,301.790,  0.000,  0.000
  0.020,301.784,  0.000,  0.000
  0.020,301.891,  0.000,  0.000
  0.020,301.886,  0.000,  0.000
  0.020,301.882,  0.000,  0.000
  0.020,301.881,  0.000,  0.000
  0.020,301.880,  0.000,  0.000
  0.020,301.881,  0.000,  0.000
  0.020,301.883,  0.000,  0.000
  0.020,301.887,  0.000,  0.000
  0.020,301.889,  0.000,  0.000
  0.020,301.887,  0.000,  0.000
  0.020,301.879,  0.000,  0.000
  0.020,301.864,  0.000,  0.000
  0.020,301.838,  0.000,  0.000
  0.020,301.803,  0.000,  0.000
  0.020,301.775,  0.000,  0.000
  0.020,301.766,  0.000,  0.000
  0.020,301.764,  0.000,  0.000
  0.020,301.763,  0.000,  0.000
  0.020,301.764,  0.000,  0.000
  0.020,301.768,  0.000,  0.000
  0.020,301.772,  0.000,  0.000
  0.020,301.775,  0.000,  0.000
  0.020,301.774,  0.000,  0.000
  0.020,301.773,  0.000,  0.000
  0.020,301.771,  0.000,  0.000
  0.020,301.910,  0.000,  0.000
  0.020,301.903,  0.000,  0.000
  0.020,301.895,  0.000,  0.000
  0.020,301.889,  0.000,  0.000
  0.020,301.885,  0.000,  0.000
  0.020,301.883,  0.000,  0.000
  0.020,301.883,  0.000,  0.000
  0.020,301.885,  0.000,  0.000
  0.020,301.888,  0.000,  0.000
  0.020,301.889,  0.000,  0.000
  0.020,301.889,  0.000,  0.000
  0.020,301.884,  0.000,  0.000
  0.020,301.873,  0.000,  0.000
  0.020,301.851,  0.000,  0.000
  0.020,301.817,  0.000,  0.000
  0.020,301.783,  0.000,  0.000
  0.020,301.768,  0.000,  0.000
  0.020,301.766,  0.000,  0.000
  0.020,301.765,  0.000,  0.000
  0.020,301.765,  0.000,  0.000
  0.020,301.769,  0.000,  0.000
  0.020,301.774,  0.000,  0.000
  0.020,301.777,  0.000,  0.000
  0.020,301.782,  0.000,  0.000
  0.020,301.784,  0.000,  0.000
  0.020,301.926,  0.000,  0.000
  0.020,301.920,  0.000,  0.000
  0.020,301.913,  0.000,  0.000
  0.020,301.906,  0.000,  0.000
  0.020,301.899,  0.000,  0.000
  0.020,301.892,  0.000,  0.000
  0.020,301.887,  0.000,  0.000
  0.020,301.885,  0.000,  0.000
  0.020,301.887,  0.000,  0.000
  0.020,301.891,  0.000,  0.000
  0.020,301.894,  0.000,  0.000
  0.020,301.894,  0.000,  0.000
  0.020,301.890,  0.000,  0.000
  0.020,301.881,  0.000,  0.000
  0.020,301.863,  0.000,  0.000
  0.020,301.830,  0.000,  0.000
  0.020,301.793,  0.000,  0.000
  0.020,301.774,  0.000,  0.000
  0.020,301.772,  0.000,  0.000
  0.020,301.770,  0.000,  0.000
  0.020,301.771,  0.000,  0.000
  0.020,301.773,  0.000,  0.000
  0.020,301.775,  0.000,  0.000
  0.020,301.776,  0.000,  0.000
  0.020,301.774,  0.000,  0.000
  0.020,301.935,  0.000,  0.000
  0.020,301.931,  0.000,  0.000
  0.020,301.925,  0.000,  0.000
  0.020,301.919,  0.000,  0.000
  0.020,301.912,  0.000,  0.000
  0.020,301.905,  0.000,  0.000
  0.020,301.897,  0.000,  0.000
  0.020,301.890,  0.000,  0.000
  0.020,301.887,  0.000,  0.000
  0.020,301.887,  0.000,  0.000
  0.020,301.890,  0.000,  0.000
  0.020,301.894,  0.000,  0.000
  0.020,301.895,  0.000,  0.000
  0.020,301.893,  0.000,  0.000
  0.020,301.885,  0.000,  0.000
  0.020,301.870,  0.000,  0.000
  0.020,301.842,  0.000,  0.000
  0.020,301.804,  0.000,  0.000
  0.020,301.777,  0.000,  0.000
  0.020,301.772,  0.000,  0.000
  0.020,301.770,  0.000,  0.000
  0.020,301.769,  0.000,  0.000
  0.020,301.772,  0.000,  0.000
  0.020,301.775,  0.000,  0.000
  0.020,301.778,  0.000,  0.000
  0.020,301.935,  0.000,  0.000
  0.020,301.933,  0.000,  0.000
  0.020,301.930,  0.000,  0.000
  0.020,301.926,  0.000,  0.000
  0.020,301.921,  0.000,  0.000
  0.020,301.915,  0.000,  0.000
  0.020,301.908,  0.000,  0.000
  0.020,301.899,  0.000,  0.000
  0.020,301.892,  0.000,  0.000
  0.020,301.887,  0.000,  0.000
  0.020,301.887,  0.000,  0.000
  0.020,301.890,  0.000,  0.000
  0.020,301.894,  0.000,  0.000
  0.020,301.896,  0.000,  0.000
  0.020,301.896,  0.000,  0.000
  0.020,301.891,  0.000,  0.000
  0.020,301.879,  0.000,  0.000
  0.020,301.852,  0.000,  0.000
  0.020,301.812,  0.000,  0.000
  0.020,301.782,  0.000,  0.000
  0.020,301.774,  0.000,  0.000
  0.020,301.772,  0.000,  0.000
  0.020,301.770,  0.000,  0.000
  0.020,301.770,  0.000,  0.000
  0.020,301.769,  0.000,  0.000
  0.020,301.934,  0.000,  0.000
  0.020,301.932,  0.000,  0.000
  0.020,301.931,  0.000,  0.000
  0.020,301.929,  0.000,  0.000
  0.020,301.926,  0.000,  0.000
  0.020,301.921,  0.000,  0.000
  0.020,301.915,  0.000,  0.000
  0.020,301.907,  0.000,  0.000
  0.020,301.899,  0.000,  0.000
  0.020,301.892,  0.000,  0.000
  0.020,301.887,  0.000,  0.000
  0.020,301.887,  0.000,  0.000
  0.020,301.890,  0.000,  0.000
  0.020,301.895,  0.000,  0.000
  0.020,301.898,  0.000,  0.000
  0.020,301.899,  0.000,  0.000
  0.020,301.894,  0.000,  0.000
  0.020,301.881,  0.000,  0.000
  0.020,301.859,  0.000,  0.000
  0.020,301.826,  0.000,  0.000
  0.020,301.789,  0.000,  0.000
  0.020,301.771,  0.000,  0.000
  0.020,301.768,  0.000,  0.000
  0.020,301.766,  0.000,  0.000
  0.020,301.767,  0.000,  0.000
  0.020,301.936,  0.000,  0.000
  0.020,301.932,  0.000,  0.000
  0.020,301.932,  0.000,  0.000
  0.020,301.931,  0.000,  0.000
  0.020,301.928,  0.000,  0.000
  0.020,301.923,  0.000,  0.000
  0.020,301.918,  0.000,  0.000
  0.020,301.912,  0.000,  0.000
  0.020,301.905,  0.000,  0.000
  0.020,301.898,  0.000,  0.000
  0.020,301.891,  0.000,  0.000
  0.020,301.887,  0.000,  0.000
  0.020,301.888,  0.000,  0.000
  0.020,301.891,  0.000,  0.000
  0.020,301.896,  0.000,  0.000
  0.020,301.899,  0.000,  0.000
  0.020,301.900,  0.000,  0.000
  0.020,301.898,  0.000,  0.000
  0.020,301.890,  0.000,  0.000
  0.020,301.869,  0.000,  0.000
  0.020,301.832,  0.000,  0.000
  0.020,301.791,  0.000,  0.000
  0.020,301.773,  0.000,  0.000
  0.020,301.770,  0.000,  0.000
  0.020,301.765,  0.000,  0.000
