  0.021,302.069,  0.000,  0.000
  0.021,302.156,  0.000,  0.000
  0.021,302.193,  0.000,  0.000
  0.021,302.154,  0.000,  0.000
  0.021,302.121,  0.001,  0.000
  0.021,302.104,  0.001,  0.000
  0.021,302.094,  0.001,  0.000
  0.021,302.099,  0.001,  0.000
  0.021,302.102,  0.001,  0.000
  0.021,302.091,  0.000,  0.000
  0.021,302.065,  0.000,  0.000
  0.021,302.035,  0.000,  0.000
  0.021,302.006,  0.000,  0.000
  0.021,301.934,  0.000,  0.000
  0.021,301.470,  0.000,  0.000
  0.021,301.127,  0.000,  0.000
  0.022,301.173,  0.000,  0.000
  0.021,300.902,  0.000,  0.000
  0.021,300.890,  0.000,  0.000
  0.020,300.817,  0.000,  0.000
  0.020,300.718,  0.000,  0.000
  0.020,300.606,  0.000,  0.000
  0.020,300.544,  0.000,  0.000
  0.020,300.655,  0.000,  0.000
  0.021,300.870,  0.000,  0.000
  0.021,302.228,  0.000,  0.000
  0.021,302.156,  0.000,  0.000
  0.021,302.113,  0.000,  0.000
  0.021,302.109,  0.000,  0.000
  0.021,302.102,  0.001,  0.000
  0.021,302.101,  0.001,  0.000
  0.021,302.115,  0.001,  0.000
  0.021,302.125,  0.001,  0.000
  0.021,302.114,  0.001,  0.000
  0.021,302.084,  0.000,  0.000
  0.021,302.048,  0.000,  0.000
  0.021,302.022,  0.000,  0.000
  0.021,301.998,  0.000,  0.000
  0.021,301.969,  0.000,  0.000
  0.021,301.896,  0.000,  0.000
  0.022,301.722,  0.000,  0.000
  0.021,301.157,  0.000,  0.000
  0.021,300.933,  0.000,  0.000
  0.021,300.840,  0.000,  0.000
  0.020,300.787,  0.000,  0.000
  0.020,300.703,  0.000,  0.000
  0.020,300.622,  0.000,  0.000
  0.020,300.602,  0.000,  0.000
  0.020,300.583,  0.000,  0.000
  0.021,301.037,  0.000,  0.000
  0.021,302.262,  0.000,  0.000
  0.021,302.183,  0.000,  0.000
  0.021,302.125,  0.000,  0.000
  0.021,302.087,  0.001,  0.000
  0.021,302.060,  0.001,  0.000
  0.021,302.048,  0.001,  0.000
  0.021,302.062,  0.001,  0.000
  0.021,302.103,  0.001,  0.000
  0.021,302.112,  0.001,  0.000
  0.021,302.069,  0.001,  0.000
  0.021,302.027,  0.000,  0.000
  0.021,302.006,  0.001,  0.000
  0.021,301.985,  0.000,  0.000
  0.021,301.959,  0.000,  0.000
  0.021,301.943,  0.000,  0.000
  0.021,301.900,  0.000,  0.000
  0.022,301.676,  0.000,  0.000
  0.021,300.940,  0.000,  0.000
  0.020,300.704,  0.000,  0.000
  0.020,300.665,  0.000,  0.000
  0.020,300.637,  0.000,  0.000
  0.021,301.123,  0.000,  0.000
  0.020,300.717,  0.000,  0.000
  0.020,300.720,  0.000,  0.000
  0.021,301.247,  0.001,  0.000
  0.020,302.318,  0.000,  0.000
  0.020,302.262,  0.000,  0.000
  0.021,302.195,  0.000,  0.000
  0.021,302.136,  0.001,  0.000
  0.021,302.069,  0.001,  0.000
  0.021,302.030,  0.000,  0.000
  0.021,302.057,  0.001,  0.000
  0.021,302.106,  0.001,  0.000
  0.021,302.103,  0.001,  0.000
  0.022,302.052,  0.001,  0.000
  0.021,302.010,  0.001,  0.000
  0.021,301.992,  0.000,  0.000
  0.021,301.976,  0.000,  0.000
  0.021,301.958,  0.000,  0.000
  0.021,301.961,  0.000,  0.000
  0.021,301.938,  0.000,  0.000
  0.022,301.674,  0.000,  0.000
  0.021,300.839,  0.000,  0.000
  0.020,300.578,  0.000,  0.000
  0.020,300.527,  0.000,  0.000
  0.021,301.030,  0.000,  0.000
  0.022,301.179,  0.000,  0.000
  0.021,300.876,  0.000,  0.000
  0.020,300.974,  0.000,  0.000
  0.022,301.489,  0.000,  0.000
  0.020,302.318,  0.000,  0.000
  0.020,302.286,  0.000,  0.000
  0.021,302.225,  0.001,  0.000
  0.021,302.157,  0.001,  0.000
  0.021,302.093,  0.000,  0.000
  0.021,302.060,  0.001,  0.000
  0.021,302.090,  0.001,  0.000
  0.021,302.127,  0.001,  0.000
  0.021,302.100,  0.001,  0.000
  0.021,302.042,  0.000,  0.000
  0.021,301.995,  0.001,  0.000
  0.021,301.966,  0.001,  0.000
  0.021,301.956,  0.000,  0.000
  0.021,301.950,  0.000,  0.000
  0.021,301.964,  0.000,  0.000
  0.021,301.969,  0.001,  0.000
  0.022,301.708,  0.000,  0.000
  0.021,300.759,  0.000,  0.000
  0.021,300.398,  0.000,  0.000
  0.020,300.475,  0.000,  0.000
  0.022,301.136,  0.000,  0.000
  0.021,300.900,  0.000,  0.000
  0.021,301.064,  0.000,  0.000
  0.020,301.220,  0.000,  0.000
  0.021,301.307,  0.000,  0.000
  0.020,302.301,  0.000,  0.000
  0.020,302.276,  0.000,  0.000
  0.021,302.211,  0.000,  0.000
  0.021,302.139,  0.001,  0.000
  0.021,302.092,  0.000,  0.000
  0.021,302.085,  0.001,  0.000
  0.021,302.107,  0.000,  0.000
  0.021,302.115,  0.001,  0.000
  0.021,302.087,  0.001,  0.000
  0.021,302.037,  0.000,  0.000
  0.021,301.987,  0.000,  0.000
  0.021,301.954,  0.000,  0.000
  0.021,301.946,  0.001,  0.000
  0.021,301.950,  0.000,  0.000
  0.021,301.973,  0.000,  0.000
  0.021,301.974,  0.000,  0.000
  0.022,301.744,  0.000,  0.000
  0.022,301.308,  0.000,  0.000
  0.021,300.570,  0.000,  0.000
  0.021,300.713,  0.000,  0.000
  0.021,300.992,  0.000,  0.000
  0.021,301.138,  0.000,  0.000
  0.020,301.225,  0.000,  0.000
  0.021,301.310,  0.000,  0.000
  0.021,301.343,  0.000,  0.000
  0.020,302.285,  0.001,  0.000
  0.020,302.269,  0.000,  0.000
  0.021,302.200,  0.001,  0.000
  0.021,302.129,  0.000,  0.000
  0.021,302.099,  0.001,  0.000
  0.021,302.103,  0.000,  0.000
  0.021,302.112,  0.000,  0.000
  0.021,302.105,  0.001,  0.000
  0.021,302.074,  0.000,  0.000
  0.021,302.027,  0.001,  0.000
  0.022,301.981,  0.000,  0.000
  0.021,301.955,  0.000,  0.000
  0.021,301.956,  0.000,  0.000
  0.021,301.977,  0.000,  0.000
  0.021,302.012,  0.000,  0.000
  0.021,301.998,  0.000,  0.000
  0.022,301.768,  0.000,  0.000
  0.022,301.420,  0.000,  0.000
  0.021,300.936,  0.000,  0.000
  0.021,301.140,  0.000,  0.000
  0.021,301.269,  0.000,  0.000
  0.021,301.311,  0.000,  0.000
  0.021,301.320,  0.000,  0.000
  0.021,301.295,  0.000,  0.000
  0.021,301.285,  0.001,  0.000
  0.020,302.255,  0.000,  0.000
  0.021,302.274,  0.000,  0.000
  0.021,302.226,  0.000,  0.000
  0.021,302.166,  0.000,  0.000
  0.021,302.129,  0.000,  0.000
  0.021,302.107,  0.000,  0.000
  0.021,302.098,  0.000,  0.000
  0.021,302.096,  0.000,  0.000
  0.021,302.070,  0.000,  0.000
  0.021,302.019,  0.000,  0.000
  0.022,301.970,  0.000,  0.000
  0.021,301.956,  0.000,  0.000
  0.021,301.972,  0.000,  0.000
  0.021,302.002,  0.000,  0.000
  0.021,302.047,  0.000,  0.000
  0.021,302.026,  0.000,  0.000
  0.022,301.790,  0.000,  0.000
  0.022,301.478,  0.000,  0.000
  0.021,301.073,  0.000,  0.000
  0.021,301.272,  0.000,  0.000
  0.021,301.416,  0.000,  0.000
  0.021,301.404,  0.000,  0.000
  0.021,301.362,  0.000,  0.000
  0.021,301.284,  0.000,  0.000
  0.021,301.250,  0.000,  0.000
  0.020,302.211,  0.000,  0.000
  0.021,302.266,  0.000,  0.000
  0.021,302.264,  0.000,  0.000
  0.021,302.214,  0.000,  0.000
  0.021,302.159,  0.000,  0.000
  0.021,302.125,  0.000,  0.000
  0.021,302.110,  0.000,  0.000
  0.021,302.107,  0.000,  0.000
  0.021,302.086,  0.000,  0.000
  0.021,302.022,  0.000,  0.000
  0.022,301.961,  0.000,  0.000
  0.021,301.951,  0.000,  0.000
  0.021,301.977,  0.000,  0.000
  0.021,302.007,  0.000,  0.000
  0.021,302.051,  0.000,  0.000
  0.021,302.044,  0.000,  0.000
  0.022,301.811,  0.000,  0.000
  0.022,301.434,  0.000,  0.000
  0.021,300.986,  0.000,  0.000
  0.021,301.287,  0.000,  0.000
  0.021,301.492,  0.000,  0.000
  0.021,301.428,  0.000,  0.000
  0.021,301.373,  0.000,  0.000
  0.021,301.300,  0.001,  0.000
  0.021,301.261,  0.000,  0.000
  0.020,302.169,  0.000,  0.000
  0.021,302.236,  0.000,  0.000
  0.021,302.268,  0.000,  0.000
  0.021,302.222,  0.000,  0.000
  0.021,302.160,  0.000,  0.000
  0.021,302.133,  0.001,  0.000
  0.021,302.138,  0.001,  0.000
  0.021,302.141,  0.000,  0.000
  0.021,302.107,  0.001,  0.000
  0.021,302.030,  0.001,  0.000
  0.022,301.957,  0.001,  0.000
  0.021,301.945,  0.001,  0.000
  0.021,301.968,  0.000,  0.000
  0.021,302.001,  0.000,  0.000
  0.021,302.037,  0.000,  0.000
  0.021,302.034,  0.000,  0.000
  0.022,301.886,  0.000,  0.000
  0.022,301.673,  0.000,  0.000
  0.021,301.324,  0.000,  0.000
  0.021,301.340,  0.000,  0.000
  0.021,301.178,  0.000,  0.000
  0.021,301.157,  0.000,  0.000
  0.021,301.316,  0.000,  0.000
  0.021,301.330,  0.000,  0.000
  0.021,301.243,  0.001,  0.000
  0.020,302.156,  0.000,  0.000
  0.021,302.219,  0.001,  0.000
  0.021,302.258,  0.000,  0.000
  0.021,302.216,  0.000,  0.000
  0.021,302.163,  0.000,  0.000
  0.021,302.159,  0.001,  0.000
  0.020,302.176,  0.002,  0.000
  0.021,302.174,  0.002,  0.000
  0.021,302.136,  0.002,  0.000
  0.021,302.066,  0.002,  0.000
  0.021,301.982,  0.002,  0.000
  0.021,301.940,  0.001,  0.000
  0.021,301.951,  0.000,  0.000
  0.021,301.986,  0.000,  0.000
  0.021,302.016,  0.000,  0.000
  0.021,302.044,  0.000,  0.000
  0.022,301.987,  0.000,  0.000
  0.021,301.528,  0.000,  0.000
  0.021,301.169,  0.000,  0.000
  0.021,300.659,  0.000,  0.000
  0.021,300.343,  0.000,  0.000
  0.021,300.467,  0.000,  0.000
  0.021,300.916,  0.001,  0.000
  0.021,301.293,  0.001,  0.000
  0.021,301.178,  0.002,  0.000
  0.020,302.177,  0.001,  0.000
  0.020,302.208,  0.000,  0.000
  0.021,302.241,  0.001,  0.000
  0.021,302.217,  0.001,  0.000
  0.021,302.163,  0.001,  0.000
  0.021,302.160,  0.002,  0.000
  0.020,302.183,  0.003,  0.000
  0.020,302.182,  0.004,  0.000
  0.021,302.166,  0.004,  0.000
  0.021,302.124,  0.003,  0.000
  0.021,302.041,  0.003,  0.000
  0.021,301.958,  0.002,  0.000
  0.021,301.937,  0.001,  0.000
  0.021,301.968,  0.000,  0.000
  0.021,301.997,  0.001,  0.000
  0.021,302.034,  0.001,  0.000
  0.021,302.099,  0.000,  0.000
  0.021,301.670,  0.000,  0.000
  0.021,300.844,  0.000,  0.000
  0.021,300.155,  0.000,  0.000
  0.021,299.967,  0.001,  0.000
  0.020,299.945,  0.001,  0.000
  0.021,300.103,  0.001,  0.000
  0.022,301.145,  0.002,  0.000
  0.021,301.092,  0.006,  0.000
  0.020,302.166,  0.001,  0.000
  0.020,302.189,  0.002,  0.000
  0.021,302.228,  0.002,  0.000
  0.021,302.221,  0.003,  0.000
  0.021,302.167,  0.003,  0.000
  0.021,302.136,  0.004,  0.000
  0.021,302.145,  0.005,  0.000
  0.021,302.159,  0.007,  0.000
  0.021,302.171,  0.006,  0.000
  0.021,302.163,  0.004,  0.000
  0.021,302.103,  0.004,  0.000
  0.021,302.016,  0.003,  0.000
  0.021,301.960,  0.001,  0.000
  0.021,301.956,  0.000,  0.000
  0.021,301.975,  0.001,  0.000
  0.021,302.017,  0.000,  0.000
  0.021,302.128,  0.000,  0.000
  0.021,301.976,  0.000,  0.000
  0.021,300.849,  0.000,  0.000
  0.021,300.245,  0.000,  0.000
  0.020,300.048,  0.002,  0.000
  0.021,300.155,  0.003,  0.000
  0.022,300.337,  0.005,  0.000
  0.022,300.427,  0.006,  0.000
  0.022,300.905,  0.016,  0.000
  0.020,302.160,  0.005,  0.000
  0.020,302.174,  0.004,  0.000
  0.020,302.217,  0.004,  0.000
  0.021,302.239,  0.004,  0.000
  0.021,302.208,  0.004,  0.000
  0.021,302.154,  0.005,  0.000
  0.021,302.124,  0.006,  0.170
  0.021,302.127,  0.008,  0.170
  0.021,302.148,  0.007,  0.170
  0.021,302.167,  0.006,  0.270
  0.021,302.149,  0.004,  0.270
  0.021,302.083,  0.003,  0.270
  0.021,302.008,  0.002,  0.270
  0.021,301.961,  0.001,  0.000
  0.021,301.957,  0.000,  0.000
  0.021,302.004,  0.000,  0.000
  0.021,302.107,  0.000,  0.000
  0.021,302.181,  0.000,  0.000
  0.021,301.809,  0.000,  0.000
  0.021,300.577,  0.002,  0.000
  0.021,300.154,  0.004,  0.000
  0.021,300.046,  0.009,  0.000
  0.021,299.729,  0.014,  0.000
  0.022,300.035,  0.021,  0.000
  0.022,300.051,  0.037,  0.000
  0.020,302.156,  0.013,  0.000
  0.020,302.157,  0.009,  0.000
  0.020,302.196,  0.007,  0.000
  0.020,302.252,  0.006,  0.000
  0.020,302.270,  0.004,  0.000
  0.020,302.225,  0.004,  0.000
  0.021,302.162,  0.005,  0.170
  0.021,302.135,  0.007,  0.170
  0.020,302.130,  0.007,  0.170
  0.020,302.135,  0.006,  0.270
  0.020,302.146,  0.006,  0.270
  0.021,302.124,  0.007,  0.270
  0.021,302.054,  0.012,  0.270
  0.021,301.986,  0.014,  0.000
  0.021,301.968,  0.011,  0.000
  0.021,302.014,  0.004,  0.000
  0.021,302.085,  0.001,  0.000
  0.021,302.160,  0.000,  0.000
  0.021,302.134,  0.001,  0.000
  0.021,301.373,  0.003,  0.000
  0.021,300.508,  0.009,  0.000
  0.021,300.137,  0.020,  0.000
  0.021,299.794,  0.037,  0.000
  0.022,300.130,  0.056,  0.000
  0.021,299.992,  0.078,  0.000
