  0.012,295.813,  0.000,  0.000
  0.012,295.817,  0.000,  0.000
  0.012,295.820,  0.000,  0.000
  0.012,295.822,  0.000,  0.000
  0.012,295.822,  0.000,  0.000
  0.012,295.821,  0.000,  0.000
  0.012,295.818,  0.000,  0.000
  0.012,295.813,  0.000,  0.000
  0.012,295.807,  0.000,  0.000
  0.012,295.799,  0.000,  0.000
  0.012,295.791,  0.000,  0.000
  0.012,295.781,  0.000,  0.000
  0.012,295.771,  0.000,  0.000
  0.012,295.760,  0.000,  0.000
  0.012,295.749,  0.000,  0.000
  0.012,295.737,  0.000,  0.000
  0.012,295.725,  0.000,  0.000
  0.012,295.713,  0.000,  0.000
  0.012,295.701,  0.000,  0.000
  0.012,295.690,  0.000,  0.000
  0.012,295.679,  0.000,  0.000
  0.012,295.668,  0.000,  0.000
  0.012,295.659,  0.000,  0.000
  0.012,295.650,  0.000,  0.000
  0.012,295.641,  0.000,  0.000
  0.012,295.833,  0.000,  0.000
  0.012,295.838,  0.000,  0.000
  0.012,295.841,  0.000,  0.000
  0.012,295.844,  0.000,  0.000
  0.012,295.844,  0.000,  0.000
  0.012,295.844,  0.000,  0.000
  0.012,295.841,  0.000,  0.000
  0.012,295.836,  0.000,  0.000
  0.012,295.830,  0.000,  0.000
  0.012,295.823,  0.000,  0.000
  0.012,295.815,  0.000,  0.000
  0.012,295.806,  0.000,  0.000
  0.012,295.796,  0.000,  0.000
  0.012,295.785,  0.000,  0.000
  0.012,295.774,  0.000,  0.000
  0.012,295.762,  0.000,  0.000
  0.012,295.751,  0.000,  0.000
  0.012,295.739,  0.000,  0.000
  0.012,295.727,  0.000,  0.000
  0.012,295.716,  0.000,  0.000
  0.012,295.705,  0.000,  0.000
  0.012,295.694,  0.000,  0.000
  0.012,295.685,  0.000,  0.000
  0.012,295.676,  0.000,  0.000
  0.012,295.667,  0.000,  0.000
  0.012,295.852,  0.000,  0.000
  0.012,295.858,  0.000,  0.000
  0.012,295.862,  0.000,  0.000
  0.012,295.865,  0.000,  0.000
  0.012,295.867,  0.000,  0.000
  0.012,295.866,  0.000,  0.000
  0.012,295.864,  0.000,  0.000
  0.012,295.860,  0.000,  0.000
  0.012,295.854,  0.000,  0.000
  0.012,295.847,  0.000,  0.000
  0.012,295.839,  0.000,  0.000
  0.012,295.830,  0.000,  0.000
  0.012,295.820,  0.000,  0.000
  0.012,295.810,  0.000,  0.000
  0.012,295.799,  0.000,  0.000
  0.012,295.787,  0.000,  0.000
  0.012,295.776,  0.000,  0.000
  0.012,295.764,  0.000,  0.000
  0.012,295.752,  0.000,  0.000
  0.012,295.741,  0.000,  0.000
  0.012,295.731,  0.000,  0.000
  0.012,295.720,  0.000,  0.000
  0.012,295.711,  0.000,  0.000
  0.012,295.702,  0.000,  0.000
  0.012,295.693,  0.000,  0.000
  0.012,295.871,  0.000,  0.000
  0.012,295.878,  0.000,  0.000
  0.012,295.883,  0.000,  0.000
  0.012,295.886,  0.000,  0.000
  0.012,295.888,  0.000,  0.000
  0.012,295.888,  0.000,  0.000
  0.012,295.886,  0.000,  0.000
  0.012,295.883,  0.000,  0.000
  0.012,295.878,  0.000,  0.000
  0.012,295.871,  0.000,  0.000
  0.012,295.863,  0.000,  0.000
  0.012,295.854,  0.000,  0.000
  0.012,295.845,  0.000,  0.000
  0.012,295.834,  0.000,  0.000
  0.012,295.823,  0.000,  0.000
  0.012,295.812,  0.000,  0.000
  0.012,295.801,  0.000,  0.000
  0.012,295.789,  0.000,  0.000
  0.012,295.778,  0.000,  0.000
  0.012,295.766,  0.000,  0.000
  0.012,295.756,  0.000,  0.000
  0.012,295.746,  0.000,  0.000
  0.012,295.736,  0.000,  0.000
  0.012,295.727,  0.000,  0.000
  0.012,295.719,  0.000,  0.000
  0.012,295.891,  0.000,  0.000
  0.012,295.898,  0.000,  0.000
  0.012,295.904,  0.000,  0.000
  0.012,295.908,  0.000,  0.000
  0.012,295.910,  0.000,  0.000
  0.012,295.911,  0.000,  0.000
  0.012,295.909,  0.000,  0.000
  0.012,295.906,  0.000,  0.000
  0.012,295.901,  0.000,  0.000
  0.012,295.894,  0.000,  0.000
  0.012,295.887,  0.000,  0.000
  0.012,295.878,  0.000,  0.000
  0.012,295.869,  0.000,  0.000
  0.012,295.859,  0.000,  0.000
  0.012,295.848,  0.000,  0.000
  0.012,295.837,  0.000,  0.000
  0.012,295.825,  0.000,  0.000
  0.012,295.814,  0.000,  0.000
  0.012,295.802,  0.000,  0.000
  0.012,295.791,  0.000,  0.000
  0.012,295.781,  0.000,  0.000
  0.012,295.771,  0.000,  0.000
  0.012,295.761,  0.000,  0.000
  0.012,295.752,  0.000,  0.000
  0.012,295.744,  0.000,  0.000
  0.012,295.911,  0.000,  0.000
  0.012,295.919,  0.000,  0.000
  0.012,295.925,  0.000,  0.000
  0.012,295.930,  0.000,  0.000
  0.012,295.933,  0.000,  0.000
  0.012,295.933,  0.000,  0.000
  0.012,295.932,  0.000,  0.000
  0.012,295.929,  0.000,  0.000
  0.012,295.924,  0.000,  0.000
  0.012,295.918,  0.000,  0.000
  0.012,295.911,  0.000,  0.000
  0.012,295.902,  0.000,  0.000
  0.012,295.893,  0.000,  0.000
  0.012,295.883,  0.000,  0.000
  0.012,295.872,  0.000,  0.000
  0.012,295.861,  0.000,  0.000
  0.012,295.850,  0.000,  0.000
  0.012,295.838,  0.000,  0.000
  0.012,295.827,  0.000,  0.000
  0.012,295.816,  0.000,  0.000
  0.012,295.805,  0.000,  0.000
  0.012,295.795,  0.000,  0.000
  0.012,295.786,  0.000,  0.000
  0.012,295.777,  0.000,  0.000
  0.012,295.769,  0.000,  0.000
  0.012,295.933,  0.000,  0.000
  0.012,295.940,  0.000,  0.000
  0.012,295.947,  0.000,  0.000
  0.012,295.952,  0.000,  0.000
  0.012,295.955,  0.000,  0.000
  0.012,295.955,  0.000,  0.000
  0.012,295.955,  0.000,  0.000
  0.012,295.952,  0.000,  0.000
  0.012,295.948,  0.000,  0.000
  0.012,295.941,  0.000,  0.000
  0.012,295.934,  0.000,  0.000
  0.012,295.926,  0.000,  0.000
  0.012,295.917,  0.000,  0.000
  0.012,295.907,  0.000,  0.000
  0.012,295.896,  0.000,  0.000
  0.012,295.885,  0.000,  0.000
  0.012,295.874,  0.000,  0.000
  0.012,295.863,  0.000,  0.000
  0.012,295.852,  0.000,  0.000
  0.012,295.841,  0.000,  0.000
  0.012,295.830,  0.000,  0.000
  0.012,295.820,  0.000,  0.000
  0.012,295.810,  0.000,  0.000
  0.012,295.802,  0.000,  0.000
  0.012,295.793,  0.000,  0.000
  0.012,295.955,  0.000,  0.000
  0.012,295.963,  0.000,  0.000
  0.012,295.970,  0.000,  0.000
  0.012,295.975,  0.000,  0.000
  0.012,295.978,  0.000,  0.000
  0.012,295.978,  0.000,  0.000
  0.012,295.978,  0.000,  0.000
  0.012,295.976,  0.000,  0.000
  0.012,295.971,  0.000,  0.000
  0.012,295.965,  0.000,  0.000
  0.012,295.958,  0.000,  0.000
  0.012,295.950,  0.000,  0.000
  0.012,295.941,  0.000,  0.000
  0.012,295.931,  0.000,  0.000
  0.012,295.920,  0.000,  0.000
  0.012,295.909,  0.000,  0.000
  0.012,295.898,  0.000,  0.000
  0.012,295.887,  0.000,  0.000
  0.012,295.876,  0.000,  0.000
  0.012,295.865,  0.000,  0.000
  0.012,295.855,  0.000,  0.000
  0.012,295.844,  0.000,  0.000
  0.012,295.835,  0.000,  0.000
  0.012,295.826,  0.000,  0.000
  0.012,295.818,  0.000,  0.000
  0.012,295.979,  0.000,  0.000
  0.012,295.987,  0.000,  0.000
  0.012,295.994,  0.000,  0.000
  0.012,295.999,  0.000,  0.000
  0.012,296.002,  0.000,  0.000
  0.012,296.002,  0.000,  0.000
  0.012,296.002,  0.000,  0.000
  0.012,295.999,  0.000,  0.000
  0.012,295.995,  0.000,  0.000
  0.012,295.989,  0.000,  0.000
  0.012,295.981,  0.000,  0.000
  0.012,295.973,  0.000,  0.000
  0.012,295.964,  0.000,  0.000
  0.012,295.954,  0.000,  0.000
  0.012,295.944,  0.000,  0.000
  0.012,295.933,  0.000,  0.000
  0.012,295.922,  0.000,  0.000
  0.012,295.911,  0.000,  0.000
  0.012,295.900,  0.000,  0.000
  0.012,295.889,  0.000,  0.000
  0.012,295.879,  0.000,  0.000
  0.012,295.869,  0.000,  0.000
  0.012,295.860,  0.000,  0.000
  0.012,295.851,  0.000,  0.000
  0.012,295.842,  0.000,  0.000
  0.012,296.004,  0.000,  0.000
  0.012,296.011,  0.000,  0.000
  0.012,296.018,  0.000,  0.000
  0.012,296.023,  0.000,  0.000
  0.012,296.026,  0.000,  0.000
  0.012,296.026,  0.000,  0.000
  0.012,296.026,  0.000,  0.000
  0.012,296.023,  0.000,  0.000
  0.012,296.018,  0.000,  0.000
  0.012,296.012,  0.000,  0.000
  0.012,296.005,  0.000,  0.000
  0.012,295.997,  0.000,  0.000
  0.012,295.988,  0.000,  0.000
  0.012,295.978,  0.000,  0.000
  0.012,295.968,  0.000,  0.000
  0.012,295.957,  0.000,  0.000
  0.012,295.946,  0.000,  0.000
  0.012,295.935,  0.000,  0.000
  0.012,295.924,  0.000,  0.000
  0.012,295.913,  0.000,  0.000
  0.012,295.903,  0.000,  0.000
  0.012,295.893,  0.000,  0.000
  0.012,295.883,  0.000,  0.000
  0.012,295.874,  0.000,  0.000
  0.012,295.866,  0.000,  0.000
  0.012,296.029,  0.000,  0.000
  0.012,296.036,  0.000,  0.000
  0.012,296.042,  0.000,  0.000
  0.012,296.047,  0.000,  0.000
  0.012,296.050,  0.000,  0.000
  0.012,296.050,  0.000,  0.000
  0.012,296.049,  0.000,  0.000
  0.012,296.046,  0.000,  0.000
  0.012,296.042,  0.000,  0.000
  0.012,296.036,  0.000,  0.000
  0.012,296.029,  0.000,  0.000
  0.012,296.020,  0.000,  0.000
  0.012,296.011,  0.000,  0.000
  0.012,296.001,  0.000,  0.000
  0.012,295.991,  0.000,  0.000
  0.012,295.980,  0.000,  0.000
  0.012,295.969,  0.000,  0.000
  0.012,295.958,  0.000,  0.000
  0.012,295.947,  0.000,  0.000
  0.012,295.936,  0.000,  0.000
  0.012,295.926,  0.000,  0.000
  0.012,295.916,  0.000,  0.000
  0.012,295.907,  0.000,  0.000
  0.012,295.898,  0.000,  0.000
  0.012,295.890,  0.000,  0.000
  0.012,296.054,  0.000,  0.000
  0.012,296.061,  0.000,  0.000
  0.012,296.067,  0.000,  0.000
  0.012,296.071,  0.000,  0.000
  0.012,296.074,  0.000,  0.000
  0.012,296.074,  0.000,  0.000
  0.012,296.073,  0.000,  0.000
  0.012,296.070,  0.000,  0.000
  0.012,296.066,  0.000,  0.000
  0.012,296.059,  0.000,  0.000
  0.012,296.052,  0.000,  0.000
  0.012,296.044,  0.000,  0.000
  0.012,296.034,  0.000,  0.000
  0.012,296.025,  0.000,  0.000
  0.012,296.014,  0.000,  0.000
  0.012,296.003,  0.000,  0.000
  0.012,295.992,  0.000,  0.000
  0.012,295.981,  0.000,  0.000
  0.012,295.970,  0.000,  0.000
  0.012,295.959,  0.000,  0.000
  0.012,295.949,  0.000,  0.000
  0.012,295.939,  0.000,  0.000
  0.012,295.929,  0.000,  0.000
  0.012,295.920,  0.000,  0.000
  0.012,295.912,  0.000,  0.000
  0.012,296.079,  0.000,  0.000
  0.012,296.086,  0.000,  0.000
  0.012,296.091,  0.000,  0.000
  0.012,296.096,  0.000,  0.000
  0.012,296.098,  0.000,  0.000
  0.012,296.098,  0.000,  0.000
  0.012,296.097,  0.000,  0.000
  0.012,296.094,  0.000,  0.000
  0.012,296.089,  0.000,  0.000
  0.012,296.083,  0.000,  0.000
  0.012,296.075,  0.000,  0.000
  0.012,296.067,  0.000,  0.000
  0.012,296.058,  0.000,  0.000
  0.012,296.048,  0.000,  0.000
  0.012,296.037,  0.000,  0.000
  0.012,296.026,  0.000,  0.000
  0.012,296.015,  0.000,  0.000
  0.012,296.004,  0.000,  0.000
  0.012,295.992,  0.000,  0.000
  0.012,295.982,  0.000,  0.000
  0.012,295.971,  0.000,  0.000
  0.012,295.961,  0.000,  0.000
  0.012,295.952,  0.000,  0.000
  0.012,295.943,  0.000,  0.000
  0.012,295.934,  0.000,  0.000
  0.012,296.104,  0.000,  0.000
  0.012,296.110,  0.000,  0.000
  0.012,296.116,  0.000,  0.000
  0.012,296.120,  0.000,  0.000
  0.012,296.122,  0.000,  0.000
  0.012,296.122,  0.000,  0.000
  0.012,296.121,  0.000,  0.000
  0.012,296.118,  0.000,  0.000
  0.012,296.113,  0.000,  0.000
  0.012,296.106,  0.000,  0.000
  0.012,296.098,  0.000,  0.000
  0.012,296.090,  0.000,  0.000
  0.012,296.080,  0.000,  0.000
  0.012,296.070,  0.000,  0.000
  0.012,296.060,  0.000,  0.000
  0.012,296.049,  0.000,  0.000
  0.012,296.037,  0.000,  0.000
  0.012,296.026,  0.000,  0.000
  0.012,296.014,  0.000,  0.000
  0.012,296.003,  0.000,  0.000
  0.012,295.993,  0.000,  0.000
  0.012,295.983,  0.000,  0.000
  0.012,295.973,  0.000,  0.000
  0.012,295.964,  0.000,  0.000
  0.012,295.956,  0.000,  0.000
  0.012,296.129,  0.000,  0.000
  0.012,296.135,  0.000,  0.000
  0.012,296.140,  0.000,  0.000
  0.012,296.144,  0.000,  0.000
  0.012,296.147,  0.000,  0.000
  0.012,296.147,  0.000,  0.000
  0.012,296.145,  0.000,  0.000
  0.012,296.141,  0.000,  0.000
  0.012,296.136,  0.000,  0.000
  0.012,296.129,  0.000,  0.000
  0.012,296.122,  0.000,  0.000
  0.012,296.113,  0.000,  0.000
  0.012,296.103,  0.000,  0.000
  0.012,296.093,  0.000,  0.000
  0.012,296.082,  0.000,  0.000
  0.012,296.071,  0.000,  0.000
  0.012,296.059,  0.000,  0.000
  0.012,296.048,  0.000,  0.000
  0.012,296.036,  0.000,  0.000
  0.012,296.025,  0.000,  0.000
  0.012,296.014,  0.000,  0.000
  0.012,296.004,  0.000,  0.000
  0.012,295.995,  0.000,  0.000
  0.012,295.986,  0.000,  0.000
  0.012,295.977,  0.000,  0.000
