  0.019,302.597,  0.000,  0.210
  0.019,302.608,  0.000,  0.210
  0.019,302.620,  0.000,  0.180
  0.019,302.632,  0.000,  0.180
  0.019,302.645,  0.000,  0.180
  0.019,302.658,  0.000,  0.180
  0.019,302.673,  0.000,  0.200
  0.019,302.688,  0.000,  0.200
  0.019,302.704,  0.000,  0.200
  0.019,302.721,  0.000,  0.000
  0.019,302.738,  0.000,  0.000
  0.019,302.756,  0.000,  0.000
  0.019,302.775,  0.000,  0.000
  0.019,302.794,  0.000,  0.130
  0.019,302.813,  0.000,  0.130
  0.019,302.832,  0.000,  0.130
  0.019,302.850,  0.000,  1.310
  0.019,302.869,  0.000,  1.310
  0.019,302.887,  0.000,  1.310
  0.019,302.905,  0.000,  1.310
  0.019,302.922,  0.000,  3.520
  0.019,302.939,  0.000,  3.520
  0.019,302.954,  0.000,  3.520
  0.019,302.969,  0.000,  3.130
  0.019,302.982,  0.000,  3.130
  0.019,302.585,  0.000,  0.210
  0.019,302.598,  0.000,  0.210
  0.019,302.611,  0.000,  0.460
  0.019,302.625,  0.000,  0.460
  0.019,302.639,  0.000,  0.460
  0.019,302.653,  0.000,  0.460
  0.019,302.668,  0.000,  0.430
  0.019,302.684,  0.000,  0.430
  0.019,302.700,  0.000,  0.430
  0.019,302.718,  0.000,  0.470
  0.019,302.736,  0.000,  0.470
  0.019,302.754,  0.000,  0.470
  0.019,302.773,  0.000,  0.470
  0.019,302.791,  0.000,  0.720
  0.019,302.810,  0.000,  0.720
  0.019,302.829,  0.000,  0.720
  0.019,302.848,  0.000,  2.170
  0.019,302.867,  0.000,  2.170
  0.019,302.885,  0.000,  2.170
  0.019,302.903,  0.000,  2.170
  0.019,302.920,  0.000,  6.540
  0.019,302.936,  0.000,  6.540
  0.019,302.952,  0.000,  6.540
  0.019,302.966,  0.000,  7.260
  0.019,302.980,  0.000,  7.260
  0.020,302.573,  0.000,  0.210
  0.020,302.588,  0.000,  0.210
  0.020,302.603,  0.000,  0.460
  0.020,302.618,  0.000,  0.460
  0.020,302.633,  0.000,  0.460
  0.020,302.648,  0.000,  0.460
  0.020,302.664,  0.000,  0.430
  0.020,302.680,  0.000,  0.430
  0.019,302.697,  0.000,  0.430
  0.019,302.715,  0.000,  0.470
  0.019,302.733,  0.000,  0.470
  0.019,302.751,  0.000,  0.470
  0.019,302.770,  0.000,  0.470
  0.019,302.789,  0.000,  0.720
  0.019,302.808,  0.000,  0.720
  0.019,302.827,  0.000,  0.720
  0.019,302.846,  0.000,  2.170
  0.019,302.864,  0.000,  2.170
  0.019,302.882,  0.000,  2.170
  0.019,302.900,  0.000,  2.170
  0.019,302.917,  0.000,  6.540
  0.019,302.933,  0.000,  6.540
  0.019,302.949,  0.000,  6.540
  0.019,302.964,  0.000,  7.260
  0.019,302.978,  0.000,  7.260
  0.020,302.562,  0.000,  0.210
  0.020,302.578,  0.000,  0.210
  0.020,302.594,  0.000,  0.460
  0.020,302.611,  0.000,  0.460
  0.020,302.627,  0.000,  0.460
  0.020,302.643,  0.000,  0.460
  0.020,302.660,  0.000,  0.430
  0.020,302.676,  0.000,  0.430
  0.020,302.694,  0.000,  0.430
  0.020,302.712,  0.000,  0.470
  0.020,302.730,  0.000,  0.470
  0.020,302.749,  0.000,  0.470
  0.020,302.767,  0.000,  0.470
  0.020,302.786,  0.000,  0.720
  0.020,302.805,  0.000,  0.720
  0.020,302.824,  0.000,  0.720
  0.020,302.843,  0.000,  2.170
  0.020,302.861,  0.000,  2.170
  0.020,302.879,  0.000,  2.170
  0.020,302.897,  0.000,  2.170
  0.020,302.914,  0.000,  6.540
  0.020,302.930,  0.000,  6.540
  0.020,302.946,  0.000,  6.540
  0.020,302.961,  0.000,  7.260
  0.020,302.975,  0.000,  7.260
  0.020,302.552,  0.000,  0.210
  0.020,302.570,  0.000,  0.210
  0.020,302.587,  0.000,  0.460
  0.020,302.604,  0.000,  0.460
  0.020,302.622,  0.000,  0.460
  0.020,302.639,  0.000,  0.460
  0.020,302.656,  0.000,  0.430
  0.020,302.673,  0.000,  0.430
  0.020,302.691,  0.000,  0.430
  0.020,302.709,  0.000,  0.470
  0.020,302.727,  0.000,  0.470
  0.020,302.746,  0.000,  0.470
  0.020,302.765,  0.000,  0.470
  0.020,302.784,  0.000,  0.720
  0.020,302.803,  0.000,  0.720
  0.020,302.821,  0.000,  0.720
  0.020,302.840,  0.000,  2.170
  0.020,302.858,  0.000,  2.170
  0.020,302.876,  0.000,  2.170
  0.020,302.894,  0.000,  2.170
  0.020,302.911,  0.000,  6.540
  0.020,302.927,  0.000,  6.540
  0.020,302.943,  0.000,  6.540
  0.020,302.958,  0.000,  7.260
  0.020,302.972,  0.000,  7.260
  0.020,302.544,  0.000,  0.460
  0.020,302.562,  0.000,  0.460
  0.020,302.580,  0.000,  0.480
  0.020,302.599,  0.000,  0.480
  0.020,302.617,  0.000,  0.480
  0.020,302.635,  0.000,  0.480
  0.020,302.652,  0.000,  0.500
  0.020,302.670,  0.000,  0.500
  0.020,302.688,  0.000,  0.500
  0.020,302.706,  0.000,  0.520
  0.020,302.725,  0.000,  0.520
  0.020,302.743,  0.000,  0.520
  0.020,302.762,  0.000,  0.520
  0.020,302.781,  0.000,  0.700
  0.020,302.800,  0.000,  0.700
  0.020,302.819,  0.000,  0.700
  0.020,302.837,  0.000,  1.970
  0.020,302.855,  0.000,  1.970
  0.020,302.873,  0.000,  1.970
  0.020,302.891,  0.000,  1.970
  0.020,302.907,  0.000,  6.080
  0.020,302.924,  0.000,  6.080
  0.020,302.939,  0.000,  6.080
  0.020,302.954,  0.000,  6.080
  0.020,302.969,  0.000,  6.080
  0.020,302.538,  0.000,  0.460
  0.020,302.557,  0.000,  0.460
  0.020,302.576,  0.000,  0.480
  0.020,302.595,  0.000,  0.480
  0.020,302.614,  0.000,  0.480
  0.020,302.632,  0.000,  0.480
  0.020,302.649,  0.000,  0.500
  0.020,302.667,  0.000,  0.500
  0.020,302.686,  0.000,  0.500
  0.020,302.704,  0.000,  0.520
  0.020,302.723,  0.000,  0.520
  0.020,302.741,  0.000,  0.520
  0.020,302.760,  0.000,  0.520
  0.020,302.779,  0.000,  0.700
  0.020,302.798,  0.000,  0.700
  0.020,302.816,  0.000,  0.700
  0.020,302.835,  0.000,  1.970
  0.020,302.853,  0.000,  1.970
  0.020,302.870,  0.000,  1.970
  0.020,302.888,  0.000,  1.970
  0.020,302.904,  0.000,  6.080
  0.020,302.921,  0.000,  6.080
  0.020,302.936,  0.000,  6.080
  0.020,302.951,  0.000,  6.080
  0.020,302.966,  0.000,  6.080
  0.020,302.536,  0.000,  0.460
  0.020,302.555,  0.000,  0.460
  0.020,302.574,  0.000,  0.480
  0.020,302.593,  0.000,  0.480
  0.020,302.612,  0.000,  0.480
  0.020,302.630,  0.000,  0.480
  0.020,302.648,  0.000,  0.500
  0.020,302.666,  0.000,  0.500
  0.020,302.684,  0.000,  0.500
  0.020,302.703,  0.000,  0.520
  0.020,302.721,  0.000,  0.520
  0.020,302.740,  0.000,  0.520
  0.020,302.758,  0.000,  0.520
  0.020,302.777,  0.000,  0.700
  0.020,302.796,  0.000,  0.700
  0.020,302.814,  0.000,  0.700
  0.020,302.832,  0.000,  1.970
  0.020,302.850,  0.000,  1.970
  0.020,302.868,  0.000,  1.970
  0.020,302.885,  0.000,  1.970
  0.020,302.902,  0.000,  6.080
  0.020,302.918,  0.000,  6.080
  0.020,302.933,  0.000,  6.080
  0.020,302.948,  0.000,  6.080
  0.020,302.963,  0.000,  6.080
  0.020,302.536,  0.000,  0.460
  0.020,302.555,  0.000,  0.460
  0.020,302.574,  0.000,  0.480
  0.020,302.593,  0.000,  0.480
  0.020,302.612,  0.000,  0.480
  0.020,302.630,  0.000,  0.480
  0.020,302.648,  0.000,  0.500
  0.020,302.665,  0.000,  0.500
  0.020,302.684,  0.000,  0.500
  0.020,302.702,  0.000,  0.520
  0.020,302.720,  0.000,  0.520
  0.020,302.739,  0.000,  0.520
  0.020,302.757,  0.000,  0.520
  0.020,302.776,  0.000,  0.700
  0.020,302.794,  0.000,  0.700
  0.020,302.812,  0.000,  0.700
  0.020,302.830,  0.000,  1.970
  0.020,302.848,  0.000,  1.970
  0.020,302.866,  0.000,  1.970
  0.020,302.882,  0.000,  1.970
  0.020,302.899,  0.000,  6.080
  0.020,302.915,  0.000,  6.080
  0.020,302.931,  0.000,  6.080
  0.020,302.946,  0.000,  6.080
  0.020,302.960,  0.000,  6.080
  0.020,302.536,  0.000,  0.240
  0.020,302.555,  0.000,  0.240
  0.020,302.574,  0.000,  0.210
  0.020,302.593,  0.000,  0.210
  0.020,302.612,  0.000,  0.210
  0.020,302.630,  0.000,  0.210
  0.020,302.647,  0.000,  1.360
  0.020,302.665,  0.000,  1.360
  0.020,302.683,  0.000,  1.360
  0.020,302.701,  0.000,  1.590
  0.020,302.719,  0.000,  1.590
  0.020,302.737,  0.000,  1.590
  0.020,302.756,  0.000,  1.590
  0.020,302.774,  0.000,  2.180
  0.020,302.792,  0.000,  2.180
  0.020,302.810,  0.000,  2.180
  0.020,302.828,  0.000,  1.180
  0.020,302.846,  0.000,  1.180
  0.020,302.863,  0.000,  1.180
  0.020,302.880,  0.000,  1.180
  0.020,302.896,  0.000,  3.080
  0.020,302.912,  0.000,  3.080
  0.020,302.927,  0.000,  3.080
  0.020,302.942,  0.000,  4.030
  0.020,302.956,  0.000,  4.030
  0.020,302.538,  0.000,  0.240
  0.020,302.557,  0.000,  0.240
  0.020,302.576,  0.000,  0.210
  0.020,302.594,  0.000,  0.210
  0.020,302.612,  0.000,  0.210
  0.020,302.630,  0.000,  0.210
  0.020,302.647,  0.000,  1.360
  0.020,302.665,  0.000,  1.360
  0.020,302.682,  0.000,  1.360
  0.020,302.700,  0.000,  1.590
  0.020,302.718,  0.000,  1.590
  0.020,302.736,  0.000,  1.590
  0.020,302.754,  0.000,  1.590
  0.020,302.772,  0.000,  2.180
  0.020,302.790,  0.000,  2.180
  0.020,302.808,  0.000,  2.180
  0.020,302.825,  0.000,  1.180
  0.020,302.843,  0.000,  1.180
  0.020,302.860,  0.000,  1.180
  0.020,302.876,  0.000,  1.180
  0.020,302.893,  0.000,  3.080
  0.020,302.908,  0.000,  3.080
  0.020,302.924,  0.000,  3.080
  0.020,302.938,  0.000,  4.030
  0.020,302.953,  0.000,  4.030
  0.020,302.541,  0.000,  0.240
  0.020,302.559,  0.000,  0.240
  0.020,302.577,  0.000,  0.210
  0.020,302.596,  0.000,  0.210
  0.020,302.613,  0.000,  0.210
  0.020,302.630,  0.000,  0.210
  0.020,302.647,  0.000,  1.360
  0.020,302.664,  0.000,  1.360
  0.020,302.681,  0.000,  1.360
  0.020,302.699,  0.000,  1.590
  0.020,302.716,  0.000,  1.590
  0.020,302.734,  0.000,  1.590
  0.020,302.752,  0.000,  1.590
  0.020,302.769,  0.000,  2.180
  0.020,302.787,  0.000,  2.180
  0.020,302.805,  0.000,  2.180
  0.020,302.822,  0.000,  1.180
  0.020,302.839,  0.000,  1.180
  0.020,302.856,  0.000,  1.180
  0.020,302.873,  0.000,  1.180
  0.020,302.889,  0.000,  3.080
  0.020,302.904,  0.000,  3.080
  0.020,302.920,  0.000,  3.080
  0.020,302.934,  0.000,  4.030
  0.020,302.948,  0.000,  4.030
  0.020,302.545,  0.000,  0.240
  0.020,302.562,  0.000,  0.240
  0.020,302.580,  0.000,  0.210
  0.020,302.597,  0.000,  0.210
  0.020,302.614,  0.000,  0.210
  0.020,302.631,  0.000,  0.210
  0.020,302.647,  0.000,  1.360
  0.020,302.664,  0.000,  1.360
  0.020,302.680,  0.000,  1.360
  0.020,302.697,  0.000,  1.590
  0.020,302.715,  0.000,  1.590
  0.020,302.732,  0.000,  1.590
  0.020,302.749,  0.000,  1.590
  0.020,302.767,  0.000,  2.180
  0.020,302.784,  0.000,  2.180
  0.020,302.802,  0.000,  2.180
  0.020,302.819,  0.000,  1.180
  0.020,302.836,  0.000,  1.180
  0.020,302.852,  0.000,  1.180
  0.020,302.869,  0.000,  1.180
  0.020,302.884,  0.000,  3.080
  0.020,302.900,  0.000,  3.080
  0.020,302.915,  0.000,  3.080
  0.020,302.930,  0.000,  4.030
  0.020,302.944,  0.000,  4.030
  0.020,302.549,  0.000,  0.000
  0.020,302.565,  0.000,  0.000
  0.020,302.582,  0.000,  0.000
  0.020,302.599,  0.000,  0.000
  0.020,302.615,  0.000,  0.000
  0.020,302.631,  0.000,  0.000
  0.020,302.647,  0.000,  0.100
  0.020,302.663,  0.000,  0.100
  0.020,302.679,  0.000,  0.100
  0.020,302.696,  0.000,  1.880
  0.020,302.713,  0.000,  1.880
  0.020,302.730,  0.000,  1.880
  0.020,302.747,  0.000,  1.880
  0.020,302.764,  0.000,  0.140
  0.020,302.781,  0.000,  0.140
  0.020,302.798,  0.000,  0.140
  0.020,302.815,  0.000,  1.530
  0.020,302.832,  0.000,  1.530
  0.020,302.848,  0.000,  1.530
  0.020,302.864,  0.000,  1.530
  0.020,302.880,  0.000,  1.870
  0.020,302.895,  0.000,  1.870
  0.020,302.910,  0.000,  1.870
  0.020,302.924,  0.000,  6.880
  0.020,302.938,  0.000,  6.880
  0.020,302.553,  0.000,  0.000
  0.020,302.569,  0.000,  0.000
  0.020,302.584,  0.000,  0.000
  0.020,302.600,  0.000,  0.000
  0.020,302.616,  0.000,  0.000
  0.020,302.632,  0.000,  0.000
  0.020,302.647,  0.000,  0.100
  0.020,302.662,  0.000,  0.100
  0.020,302.678,  0.000,  0.100
  0.020,302.694,  0.000,  1.880
  0.020,302.711,  0.000,  1.880
  0.020,302.727,  0.000,  1.880
  0.020,302.744,  0.000,  1.880
  0.020,302.761,  0.000,  0.140
  0.020,302.778,  0.000,  0.140
  0.020,302.794,  0.000,  0.140
  0.020,302.811,  0.000,  1.530
  0.020,302.827,  0.000,  1.530
  0.020,302.843,  0.000,  1.530
  0.020,302.859,  0.000,  1.530
  0.020,302.875,  0.000,  1.870
  0.020,302.890,  0.000,  1.870
  0.020,302.905,  0.000,  1.870
  0.020,302.919,  0.000,  6.880
  0.020,302.933,  0.000,  6.880
