  0.021,303.420,  0.000,  0.000
  0.021,303.420,  0.000,  0.000
  0.021,303.420,  0.000,  0.000
  0.021,303.421,  0.000,  0.000
  0.021,303.421,  0.000,  0.000
  0.021,303.420,  0.000,  0.000
  0.021,303.422,  0.000,  0.000
  0.021,303.424,  0.000,  0.000
  0.021,303.426,  0.000,  0.000
  0.021,303.428,  0.000,  0.000
  0.021,303.430,  0.000,  0.000
  0.021,303.433,  0.000,  0.000
  0.021,303.436,  0.000,  0.000
  0.021,303.440,  0.000,  0.000
  0.021,303.444,  0.000,  0.000
  0.021,303.448,  0.000,  0.000
  0.021,303.453,  0.000,  0.000
  0.021,303.458,  0.000,  0.000
  0.021,303.464,  0.000,  0.000
  0.021,303.471,  0.000,  0.000
  0.021,303.477,  0.000,  0.000
  0.021,303.481,  0.000,  0.000
  0.021,303.476,  0.000,  0.000
  0.021,303.487,  0.000,  0.000
  0.021,303.476,  0.000,  0.000
  0.021,303.420,  0.000,  0.000
  0.021,303.419,  0.000,  0.000
  0.021,303.418,  0.000,  0.000
  0.021,303.418,  0.000,  0.000
  0.021,303.417,  0.000,  0.000
  0.021,303.416,  0.000,  0.000
  0.021,303.417,  0.000,  0.010
  0.021,303.419,  0.000,  0.010
  0.021,303.420,  0.000,  0.010
  0.021,303.422,  0.000,  0.020
  0.021,303.424,  0.000,  0.020
  0.021,303.426,  0.000,  0.020
  0.021,303.429,  0.000,  0.020
  0.021,303.432,  0.000,  0.000
  0.021,303.436,  0.000,  0.000
  0.021,303.440,  0.000,  0.000
  0.021,303.444,  0.000,  0.030
  0.021,303.449,  0.000,  0.030
  0.021,303.455,  0.000,  0.030
  0.021,303.460,  0.000,  0.030
  0.021,303.467,  0.000,  0.040
  0.021,303.474,  0.000,  0.040
  0.021,303.479,  0.000,  0.040
  0.021,303.498,  0.000,  0.000
  0.021,303.487,  0.000,  0.000
  0.021,303.416,  0.000,  0.000
  0.021,303.416,  0.000,  0.000
  0.021,303.415,  0.000,  0.000
  0.021,303.414,  0.000,  0.000
  0.021,303.413,  0.000,  0.000
  0.021,303.412,  0.000,  0.000
  0.021,303.412,  0.000,  0.010
  0.021,303.413,  0.000,  0.010
  0.021,303.415,  0.000,  0.010
  0.021,303.416,  0.000,  0.020
  0.021,303.418,  0.000,  0.020
  0.021,303.420,  0.000,  0.020
  0.021,303.422,  0.000,  0.020
  0.021,303.425,  0.000,  0.000
  0.021,303.428,  0.000,  0.000
  0.021,303.432,  0.000,  0.000
  0.021,303.436,  0.000,  0.030
  0.021,303.441,  0.000,  0.030
  0.021,303.446,  0.000,  0.030
  0.021,303.451,  0.000,  0.030
  0.021,303.456,  0.000,  0.040
  0.021,303.463,  0.000,  0.040
  0.021,303.469,  0.000,  0.040
  0.021,303.494,  0.000,  0.000
  0.021,303.495,  0.000,  0.000
  0.021,303.412,  0.000,  0.000
  0.021,303.411,  0.000,  0.000
  0.021,303.410,  0.000,  0.000
  0.021,303.409,  0.000,  0.000
  0.021,303.408,  0.000,  0.000
  0.021,303.407,  0.000,  0.000
  0.021,303.407,  0.000,  0.010
  0.021,303.408,  0.000,  0.010
  0.021,303.409,  0.000,  0.010
  0.021,303.410,  0.000,  0.020
  0.021,303.412,  0.000,  0.020
  0.021,303.413,  0.000,  0.020
  0.021,303.415,  0.000,  0.020
  0.021,303.418,  0.000,  0.000
  0.021,303.420,  0.000,  0.000
  0.021,303.424,  0.000,  0.000
  0.021,303.428,  0.000,  0.030
  0.021,303.432,  0.000,  0.030
  0.021,303.437,  0.000,  0.030
  0.021,303.442,  0.000,  0.030
  0.021,303.447,  0.000,  0.040
  0.021,303.452,  0.000,  0.040
  0.021,303.458,  0.000,  0.040
  0.021,303.480,  0.000,  0.000
  0.021,303.485,  0.000,  0.000
  0.021,303.407,  0.000,  0.000
  0.021,303.406,  0.000,  0.000
  0.021,303.405,  0.000,  0.000
  0.021,303.404,  0.000,  0.000
  0.021,303.403,  0.000,  0.000
  0.021,303.402,  0.000,  0.000
  0.021,303.402,  0.000,  0.010
  0.021,303.403,  0.000,  0.010
  0.021,303.403,  0.000,  0.010
  0.021,303.404,  0.000,  0.020
  0.021,303.405,  0.000,  0.020
  0.021,303.407,  0.000,  0.020
  0.021,303.408,  0.000,  0.020
  0.021,303.410,  0.000,  0.000
  0.021,303.413,  0.000,  0.000
  0.021,303.416,  0.000,  0.000
  0.021,303.419,  0.000,  0.030
  0.021,303.423,  0.000,  0.030
  0.021,303.427,  0.000,  0.030
  0.021,303.432,  0.000,  0.030
  0.021,303.437,  0.000,  0.040
  0.021,303.442,  0.000,  0.040
  0.021,303.448,  0.000,  0.040
  0.021,303.467,  0.000,  0.000
  0.021,303.470,  0.000,  0.000
  0.021,303.401,  0.000,  0.000
  0.021,303.401,  0.000,  0.000
  0.021,303.400,  0.000,  0.000
  0.021,303.399,  0.000,  0.000
  0.021,303.398,  0.000,  0.000
  0.021,303.397,  0.000,  0.000
  0.021,303.397,  0.000,  0.000
  0.021,303.397,  0.000,  0.000
  0.021,303.397,  0.000,  0.000
  0.021,303.398,  0.000,  0.000
  0.021,303.399,  0.000,  0.000
  0.021,303.400,  0.000,  0.000
  0.021,303.401,  0.000,  0.000
  0.021,303.403,  0.000,  0.000
  0.021,303.406,  0.000,  0.000
  0.021,303.408,  0.000,  0.000
  0.021,303.411,  0.000,  0.000
  0.021,303.415,  0.000,  0.000
  0.021,303.419,  0.000,  0.000
  0.021,303.423,  0.000,  0.000
  0.021,303.427,  0.000,  0.000
  0.021,303.432,  0.000,  0.000
  0.021,303.437,  0.000,  0.000
  0.021,303.453,  0.000,  0.000
  0.021,303.456,  0.000,  0.000
  0.021,303.395,  0.000,  0.000
  0.021,303.394,  0.000,  0.000
  0.021,303.394,  0.000,  0.000
  0.021,303.393,  0.000,  0.000
  0.021,303.392,  0.000,  0.000
  0.021,303.391,  0.000,  0.000
  0.021,303.391,  0.000,  0.000
  0.021,303.391,  0.000,  0.000
  0.021,303.391,  0.000,  0.000
  0.021,303.391,  0.000,  0.000
  0.021,303.392,  0.000,  0.000
  0.021,303.393,  0.000,  0.000
  0.021,303.394,  0.000,  0.000
  0.021,303.396,  0.000,  0.000
  0.021,303.398,  0.000,  0.000
  0.021,303.400,  0.000,  0.000
  0.021,303.403,  0.000,  0.000
  0.021,303.407,  0.000,  0.000
  0.021,303.410,  0.000,  0.000
  0.021,303.414,  0.000,  0.000
  0.021,303.418,  0.000,  0.000
  0.021,303.422,  0.000,  0.000
  0.021,303.426,  0.000,  0.000
  0.021,303.439,  0.000,  0.000
  0.021,303.442,  0.000,  0.000
  0.021,303.388,  0.000,  0.000
  0.021,303.388,  0.000,  0.000
  0.021,303.387,  0.000,  0.000
  0.021,303.386,  0.000,  0.000
  0.021,303.385,  0.000,  0.000
  0.021,303.385,  0.000,  0.000
  0.021,303.385,  0.000,  0.000
  0.021,303.384,  0.000,  0.000
  0.021,303.385,  0.000,  0.000
  0.021,303.385,  0.000,  0.000
  0.021,303.385,  0.000,  0.000
  0.021,303.386,  0.000,  0.000
  0.021,303.387,  0.000,  0.000
  0.021,303.389,  0.000,  0.000
  0.021,303.391,  0.000,  0.000
  0.021,303.393,  0.000,  0.000
  0.021,303.395,  0.000,  0.000
  0.021,303.398,  0.000,  0.000
  0.021,303.401,  0.000,  0.000
  0.021,303.405,  0.000,  0.000
  0.021,303.408,  0.000,  0.000
  0.021,303.412,  0.000,  0.000
  0.021,303.416,  0.000,  0.000
  0.021,303.426,  0.000,  0.000
  0.021,303.428,  0.000,  0.000
  0.021,303.381,  0.000,  0.000
  0.021,303.381,  0.000,  0.000
  0.021,303.380,  0.000,  0.000
  0.021,303.380,  0.000,  0.000
  0.021,303.379,  0.000,  0.000
  0.021,303.378,  0.000,  0.000
  0.021,303.378,  0.000,  0.000
  0.021,303.378,  0.000,  0.000
  0.021,303.378,  0.000,  0.000
  0.021,303.378,  0.000,  0.000
  0.021,303.378,  0.000,  0.000
  0.021,303.379,  0.000,  0.000
  0.021,303.380,  0.000,  0.000
  0.021,303.381,  0.000,  0.000
  0.021,303.383,  0.000,  0.000
  0.021,303.385,  0.000,  0.000
  0.021,303.387,  0.000,  0.000
  0.021,303.390,  0.000,  0.000
  0.021,303.393,  0.000,  0.000
  0.021,303.396,  0.000,  0.000
  0.021,303.399,  0.000,  0.000
  0.021,303.402,  0.000,  0.000
  0.021,303.406,  0.000,  0.000
  0.021,303.413,  0.000,  0.000
  0.021,303.414,  0.000,  0.000
  0.021,303.374,  0.000,  0.000
  0.021,303.374,  0.000,  0.000
  0.021,303.373,  0.000,  0.000
  0.021,303.373,  0.000,  0.000
  0.021,303.372,  0.000,  0.000
  0.021,303.372,  0.000,  0.000
  0.021,303.372,  0.000,  0.000
  0.021,303.371,  0.000,  0.000
  0.021,303.371,  0.000,  0.000
  0.021,303.372,  0.000,  0.000
  0.021,303.372,  0.000,  0.000
  0.021,303.372,  0.000,  0.000
  0.021,303.373,  0.000,  0.000
  0.021,303.374,  0.000,  0.000
  0.021,303.376,  0.000,  0.000
  0.021,303.378,  0.000,  0.000
  0.021,303.380,  0.000,  0.000
  0.021,303.382,  0.000,  0.000
  0.021,303.385,  0.000,  0.000
  0.021,303.388,  0.000,  0.000
  0.021,303.390,  0.000,  0.000
  0.021,303.393,  0.000,  0.000
  0.021,303.396,  0.000,  0.000
  0.021,303.400,  0.000,  0.000
  0.021,303.402,  0.000,  0.000
  0.021,303.365,  0.000,  0.000
  0.021,303.365,  0.000,  0.000
  0.021,303.365,  0.000,  0.000
  0.021,303.365,  0.000,  0.000
  0.021,303.364,  0.000,  0.000
  0.021,303.364,  0.000,  0.000
  0.021,303.364,  0.000,  0.000
  0.021,303.364,  0.000,  0.000
  0.021,303.364,  0.000,  0.000
  0.021,303.365,  0.000,  0.000
  0.021,303.366,  0.000,  0.000
  0.021,303.367,  0.000,  0.000
  0.021,303.368,  0.000,  0.000
  0.021,303.369,  0.000,  0.000
  0.021,303.371,  0.000,  0.000
  0.021,303.373,  0.000,  0.000
  0.021,303.375,  0.000,  0.000
  0.021,303.377,  0.000,  0.000
  0.021,303.380,  0.000,  0.000
  0.021,303.382,  0.000,  0.000
  0.021,303.384,  0.000,  0.000
  0.021,303.386,  0.000,  0.000
  0.021,303.387,  0.000,  0.000
  0.021,303.389,  0.000,  0.000
  0.021,303.390,  0.000,  0.000
  0.021,303.354,  0.000,  0.000
  0.021,303.354,  0.000,  0.000
  0.021,303.354,  0.000,  0.000
  0.021,303.354,  0.000,  0.000
  0.021,303.354,  0.000,  0.000
  0.021,303.354,  0.000,  0.000
  0.021,303.354,  0.000,  0.000
  0.021,303.354,  0.000,  0.000
  0.021,303.354,  0.000,  0.000
  0.021,303.355,  0.000,  0.000
  0.021,303.356,  0.000,  0.000
  0.021,303.357,  0.000,  0.000
  0.021,303.358,  0.000,  0.000
  0.021,303.360,  0.000,  0.000
  0.021,303.362,  0.000,  0.000
  0.021,303.364,  0.000,  0.000
  0.021,303.365,  0.000,  0.000
  0.021,303.368,  0.000,  0.000
  0.021,303.370,  0.000,  0.000
  0.021,303.372,  0.000,  0.000
  0.021,303.373,  0.000,  0.000
  0.021,303.375,  0.000,  0.000
  0.021,303.376,  0.000,  0.000
  0.021,303.378,  0.000,  0.000
  0.021,303.379,  0.000,  0.000
  0.021,303.342,  0.000,  0.000
  0.021,303.342,  0.000,  0.000
  0.021,303.342,  0.000,  0.000
  0.021,303.342,  0.000,  0.000
  0.021,303.342,  0.000,  0.000
  0.021,303.342,  0.000,  0.000
  0.021,303.343,  0.000,  0.000
  0.021,303.343,  0.000,  0.000
  0.021,303.344,  0.000,  0.000
  0.021,303.345,  0.000,  0.000
  0.021,303.346,  0.000,  0.000
  0.021,303.347,  0.000,  0.000
  0.021,303.348,  0.000,  0.000
  0.021,303.350,  0.000,  0.000
  0.021,303.352,  0.000,  0.000
  0.021,303.354,  0.000,  0.000
  0.021,303.356,  0.000,  0.000
  0.021,303.358,  0.000,  0.000
  0.021,303.359,  0.000,  0.000
  0.021,303.361,  0.000,  0.000
  0.021,303.363,  0.000,  0.000
  0.021,303.364,  0.000,  0.000
  0.021,303.366,  0.000,  0.000
  0.021,303.367,  0.000,  0.000
  0.021,303.367,  0.000,  0.000
  0.021,303.329,  0.000,  0.000
  0.021,303.329,  0.000,  0.000
  0.021,303.329,  0.000,  0.000
  0.021,303.330,  0.000,  0.000
  0.021,303.330,  0.000,  0.000
  0.021,303.330,  0.000,  0.000
  0.021,303.331,  0.000,  0.000
  0.021,303.332,  0.000,  0.000
  0.021,303.333,  0.000,  0.000
  0.021,303.334,  0.000,  0.000
  0.021,303.335,  0.000,  0.000
  0.021,303.336,  0.000,  0.000
  0.021,303.338,  0.000,  0.000
  0.021,303.340,  0.000,  0.000
  0.021,303.341,  0.000,  0.000
  0.021,303.343,  0.000,  0.000
  0.021,303.345,  0.000,  0.000
  0.021,303.347,  0.000,  0.000
  0.021,303.349,  0.000,  0.000
  0.021,303.351,  0.000,  0.000
  0.021,303.352,  0.000,  0.000
  0.021,303.354,  0.000,  0.000
  0.021,303.355,  0.000,  0.000
  0.021,303.356,  0.000,  0.000
  0.021,303.356,  0.000,  0.000
  0.021,303.315,  0.000,  0.000
  0.021,303.316,  0.000,  0.000
  0.021,303.316,  0.000,  0.000
  0.021,303.317,  0.000,  0.000
  0.021,303.317,  0.000,  0.000
  0.021,303.318,  0.000,  0.000
  0.021,303.319,  0.000,  0.000
  0.021,303.320,  0.000,  0.000
  0.021,303.321,  0.000,  0.000
  0.021,303.322,  0.000,  0.000
  0.021,303.324,  0.000,  0.000
  0.021,303.325,  0.000,  0.000
  0.021,303.327,  0.000,  0.000
  0.021,303.329,  0.000,  0.000
  0.021,303.331,  0.000,  0.000
  0.021,303.333,  0.000,  0.000
  0.021,303.335,  0.000,  0.000
  0.021,303.337,  0.000,  0.000
  0.021,303.339,  0.000,  0.000
  0.021,303.340,  0.000,  0.000
  0.021,303.342,  0.000,  0.000
  0.021,303.343,  0.000,  0.000
  0.021,303.344,  0.000,  0.000
  0.021,303.345,  0.000,  0.000
  0.021,303.345,  0.000,  0.000
