  0.022,301.259,  0.000,  0.000
  0.021,301.511,  0.000,  0.000
  0.020,301.375,  0.000,  0.000
  0.020,301.285,  0.000,  0.000
  0.020,301.292,  0.000,  0.000
  0.020,301.405,  0.000,  0.000
  0.020,301.473,  0.000,  0.000
  0.020,301.459,  0.000,  0.000
  0.020,301.455,  0.000,  0.000
  0.020,301.528,  0.000,  0.000
  0.020,301.601,  0.000,  0.000
  0.020,301.585,  0.000,  0.000
  0.020,301.505,  0.000,  0.000
  0.020,301.489,  0.000,  0.000
  0.021,301.782,  0.000,  0.000
  0.021,301.850,  0.000,  0.000
  0.020,301.581,  0.000,  0.000
  0.021,301.635,  0.000,  0.000
  0.020,301.274,  0.000,  0.000
  0.020,301.228,  0.000,  0.000
  0.021,301.516,  0.000,  0.000
  0.021,301.559,  0.000,  0.000
  0.020,301.650,  0.000,  0.000
  0.020,301.819,  0.000,  0.000
  0.020,301.927,  0.000,  0.000
  0.021,300.942,  0.000,  0.000
  0.021,301.188,  0.000,  0.000
  0.021,301.422,  0.000,  0.690
  0.020,301.163,  0.000,  0.690
  0.020,301.183,  0.000,  0.690
  0.020,301.334,  0.000,  0.690
  0.020,301.434,  0.000,  0.000
  0.020,301.443,  0.000,  0.000
  0.020,301.447,  0.000,  0.000
  0.019,301.526,  0.000,  0.000
  0.019,301.611,  0.000,  0.000
  0.020,301.594,  0.000,  0.000
  0.020,301.512,  0.000,  0.000
  0.020,301.461,  0.000,  0.000
  0.020,301.481,  0.000,  0.000
  0.020,301.492,  0.000,  0.000
  0.020,301.419,  0.000,  0.000
  0.021,301.585,  0.000,  0.000
  0.021,301.555,  0.000,  0.000
  0.020,301.292,  0.000,  0.000
  0.021,301.556,  0.000,  0.000
  0.021,301.563,  0.000,  0.000
  0.020,301.595,  0.000,  0.000
  0.020,301.726,  0.000,  0.000
  0.020,301.795,  0.000,  0.000
  0.021,300.779,  0.000,  0.000
  0.021,300.921,  0.000,  0.000
  0.021,301.211,  0.000,  0.690
  0.020,301.051,  0.000,  0.690
  0.019,301.111,  0.000,  0.690
  0.020,301.253,  0.000,  0.690
  0.020,301.354,  0.000,  0.000
  0.020,301.377,  0.000,  0.000
  0.020,301.389,  0.000,  0.000
  0.019,301.459,  0.000,  0.000
  0.019,301.568,  0.000,  0.000
  0.019,301.586,  0.000,  0.000
  0.020,301.512,  0.000,  0.000
  0.020,301.413,  0.000,  0.000
  0.020,301.365,  0.000,  0.000
  0.020,301.357,  0.000,  0.000
  0.020,301.350,  0.000,  0.000
  0.020,301.348,  0.000,  0.000
  0.021,301.605,  0.000,  0.000
  0.021,301.611,  0.000,  0.000
  0.021,301.591,  0.000,  0.000
  0.021,301.558,  0.000,  0.000
  0.020,301.553,  0.000,  0.000
  0.020,301.609,  0.000,  0.000
  0.020,301.624,  0.000,  0.000
  0.021,300.805,  0.000,  0.000
  0.021,300.829,  0.000,  0.000
  0.021,301.074,  0.000,  0.690
  0.021,301.312,  0.000,  0.690
  0.020,301.091,  0.000,  0.690
  0.020,301.182,  0.000,  0.690
  0.020,301.278,  0.000,  0.000
  0.020,301.304,  0.000,  0.000
  0.020,301.319,  0.000,  0.000
  0.019,301.396,  0.000,  0.000
  0.019,301.509,  0.000,  0.000
  0.019,301.570, -0.000,  0.000
  0.019,301.529,  0.000,  0.000
  0.020,301.416,  0.000,  0.000
  0.020,301.351,  0.000,  0.000
  0.020,301.353,  0.000,  0.000
  0.020,301.373,  0.000,  0.000
  0.020,301.553,  0.000,  0.000
  0.021,301.646,  0.000,  0.000
  0.021,301.651,  0.000,  0.000
  0.021,301.620,  0.000,  0.000
  0.021,301.571,  0.000,  0.000
  0.020,301.566,  0.000,  0.000
  0.020,301.589,  0.000,  0.000
  0.020,301.557,  0.000,  0.000
  0.021,300.880,  0.000,  0.000
  0.021,300.877,  0.000,  0.000
  0.021,301.059,  0.000,  0.690
  0.021,301.293,  0.000,  0.690
  0.020,301.082,  0.000,  0.690
  0.020,301.123,  0.000,  0.690
  0.020,301.217,  0.000,  0.000
  0.020,301.273,  0.000,  0.000
  0.020,301.311,  0.000,  0.000
  0.020,301.382,  0.000,  0.000
  0.019,301.461,  0.000,  0.000
  0.019,301.531,  0.000,  0.000
  0.019,301.545,  0.000,  0.000
  0.020,301.477,  0.000,  0.000
  0.020,301.422,  0.000,  0.000
  0.020,301.422,  0.000,  0.000
  0.020,301.427,  0.000,  0.000
  0.021,301.676,  0.000,  0.000
  0.021,301.690,  0.000,  0.000
  0.021,301.692,  0.000,  0.000
  0.021,301.666,  0.000,  0.000
  0.021,301.631,  0.000,  0.000
  0.020,301.630,  0.000,  0.000
  0.020,301.610,  0.000,  0.000
  0.020,301.542,  0.000,  0.000
  0.021,300.974,  0.000,  0.320
  0.021,300.989,  0.000,  0.320
  0.021,301.131,  0.000,  5.770
  0.021,301.288,  0.000,  5.770
  0.020,301.047,  0.000,  5.770
  0.020,301.092,  0.000,  5.770
  0.020,301.187,  0.000,  0.000
  0.020,301.276,  0.000,  0.000
  0.020,301.345,  0.000,  0.000
  0.020,301.403,  0.000,  0.000
  0.020,301.447,  0.000,  0.000
  0.019,301.495,  0.000,  0.000
  0.019,301.534,  0.000,  0.000
  0.019,301.527,  0.000,  0.000
  0.019,301.487,  0.000,  0.000
  0.019,301.460,  0.000,  0.000
  0.019,301.462,  0.000,  0.000
  0.021,301.706,  0.000,  0.000
  0.021,301.727,  0.000,  0.000
  0.021,301.724,  0.000,  0.000
  0.021,301.704,  0.000,  0.000
  0.021,301.728,  0.000,  0.000
  0.020,301.728,  0.000,  0.000
  0.020,301.674,  0.000,  0.000
  0.020,301.573,  0.000,  0.000
  0.021,301.082,  0.000,  0.320
  0.021,301.087,  0.000,  0.320
  0.021,301.174,  0.000,  5.770
  0.021,301.275,  0.000,  5.770
  0.020,301.018,  0.000,  5.770
  0.020,301.097,  0.000,  5.770
  0.020,301.194,  0.000,  0.000
  0.020,301.288,  0.000,  0.000
  0.020,301.367,  0.000,  0.000
  0.020,301.423,  0.000,  0.000
  0.020,301.462,  0.000,  0.000
  0.020,301.487,  0.000,  0.000
  0.020,301.504,  0.000,  0.000
  0.019,301.518,  0.000,  0.000
  0.019,301.498,  0.000,  0.000
  0.020,301.469,  0.000,  0.000
  0.020,301.467,  0.000,  0.000
  0.021,301.721,  0.000,  0.000
  0.021,301.750,  0.000,  0.000
  0.021,301.748,  0.000,  0.000
  0.020,301.545,  0.000,  0.000
  0.020,301.621,  0.000,  0.000
  0.020,301.732,  0.000,  0.000
  0.020,301.681,  0.000,  0.000
  0.020,301.600,  0.000,  0.000
  0.020,300.774,  0.000,  0.320
  0.020,300.779,  0.000,  0.320
  0.021,301.181,  0.000,  5.770
  0.021,301.269,  0.000,  5.770
  0.020,301.047,  0.000,  5.770
  0.020,301.153,  0.000,  5.770
  0.020,301.234,  0.000,  0.000
  0.020,301.300,  0.000,  0.000
  0.020,301.366,  0.000,  0.000
  0.020,301.426,  0.000,  0.000
  0.020,301.474,  0.000,  0.000
  0.020,301.494,  0.000,  0.000
  0.020,301.501,  0.000,  0.000
  0.020,301.510,  0.000,  0.000
  0.019,301.512,  0.000,  0.000
  0.019,301.513,  0.000,  0.000
  0.019,301.514,  0.000,  0.000
  0.021,301.754,  0.001,  0.000
  0.021,301.741,  0.000,  0.000
  0.021,301.731,  0.000,  0.000
  0.020,301.534,  0.000,  0.000
  0.021,301.699,  0.000,  0.000
  0.021,301.674,  0.000,  0.000
  0.020,301.640,  0.000,  0.000
  0.020,301.590,  0.000,  0.000
  0.021,301.008,  0.000,  0.320
  0.021,301.156,  0.000,  0.320
  0.021,301.201,  0.000,  5.770
  0.020,300.963,  0.000,  5.770
  0.020,301.104,  0.000,  5.770
  0.020,301.227,  0.000,  5.770
  0.020,301.288,  0.000,  0.000
  0.020,301.332,  0.000,  0.000
  0.020,301.383,  0.000,  0.000
  0.020,301.437,  0.000,  0.000
  0.020,301.483,  0.000,  0.000
  0.020,301.513,  0.000,  0.000
  0.020,301.537,  0.000,  0.000
  0.020,301.536,  0.000,  0.000
  0.020,301.519,  0.000,  0.000
  0.020,301.508,  0.000,  0.000
  0.019,301.498,  0.001,  0.000
  0.021,301.730,  0.011,  0.000
  0.021,301.716,  0.001,  0.000
  0.021,301.720,  0.000,  0.000
  0.021,301.714,  0.000,  0.000
  0.021,301.690,  0.000,  0.000
  0.021,301.655,  0.000,  0.000
  0.021,301.624,  0.000,  0.000
  0.021,301.612,  0.000,  0.000
  0.020,300.894,  0.000,  0.000
  0.021,301.168,  0.000,  0.000
  0.021,301.218,  0.000,  0.090
  0.021,301.344,  0.000,  0.090
  0.020,301.200,  0.000,  0.090
  0.020,301.326,  0.000,  0.090
  0.020,301.369,  0.000,  0.070
  0.020,301.389,  0.000,  0.070
  0.020,301.430,  0.000,  0.070
  0.020,301.472,  0.000,  0.000
  0.020,301.500,  0.000,  0.000
  0.020,301.516,  0.000,  0.000
  0.020,301.528,  0.000,  0.000
  0.020,301.528,  0.000,  0.000
  0.020,301.509,  0.000,  0.000
  0.020,301.492,  0.000,  0.000
  0.019,301.476,  0.001,  0.000
  0.020,301.549,  0.003,  0.000
  0.021,301.710,  0.000,  0.000
  0.021,301.705,  0.000,  0.000
  0.021,301.712,  0.000,  0.000
  0.021,301.704,  0.000,  0.000
  0.021,301.694,  0.000,  0.000
  0.021,301.697,  0.000,  0.000
  0.021,301.702,  0.000,  0.000
  0.021,301.137,  0.000,  0.000
  0.021,301.204,  0.000,  0.000
  0.021,301.248,  0.000,  0.090
  0.021,301.414,  0.000,  0.090
  0.021,301.609,  0.000,  0.090
  0.020,301.472,  0.000,  0.090
  0.020,301.457,  0.000,  0.070
  0.020,301.426,  0.000,  0.070
  0.020,301.449,  0.000,  0.070
  0.020,301.479,  0.000,  0.000
  0.020,301.477,  0.000,  0.000
  0.020,301.452,  0.000,  0.000
  0.020,301.452,  0.000,  0.000
  0.020,301.475,  0.000,  0.000
  0.020,301.498,  0.000,  0.000
  0.019,301.541,  0.000,  0.000
  0.019,301.570,  0.000,  0.000
  0.020,301.680,  0.000,  0.000
  0.020,301.656,  0.000,  0.000
  0.021,301.711,  0.000,  0.000
  0.021,301.695,  0.000,  0.000
  0.021,301.699,  0.000,  0.000
  0.021,301.709,  0.000,  0.000
  0.021,301.707,  0.000,  0.000
  0.021,301.699,  0.000,  0.000
  0.021,301.321,  0.000,  0.000
  0.021,301.289,  0.000,  0.000
  0.021,301.353,  0.000,  0.090
  0.021,301.535,  0.000,  0.090
  0.021,301.725,  0.000,  0.090
  0.021,301.809,  0.000,  0.090
  0.021,301.557,  0.000,  0.070
  0.020,301.471,  0.000,  0.070
  0.020,301.439,  0.000,  0.070
  0.020,301.446,  0.000,  0.000
  0.020,301.435,  0.000,  0.000
  0.020,301.401,  0.000,  0.000
  0.020,301.396,  0.000,  0.000
  0.020,301.426,  0.000,  0.000
  0.019,301.483,  0.000,  0.000
  0.019,301.567,  0.000,  0.000
  0.019,301.647,  0.000,  0.000
  0.019,301.683,  0.000,  0.000
  0.019,301.652,  0.000,  0.000
  0.019,301.569,  0.000,  0.000
  0.020,301.661,  0.000,  0.000
  0.021,301.682,  0.000,  0.000
  0.021,301.665,  0.000,  0.000
  0.021,301.656,  0.000,  0.000
  0.021,301.645,  0.000,  0.000
  0.021,301.512,  0.000,  0.000
  0.021,301.484,  0.000,  0.000
  0.021,301.604,  0.000,  0.090
  0.021,301.759,  0.000,  0.090
  0.021,301.840,  0.000,  0.090
  0.021,301.862,  0.000,  0.090
  0.020,301.639,  0.000,  0.070
  0.021,301.527,  0.000,  0.070
  0.020,301.441,  0.000,  0.070
  0.020,301.427,  0.000,  0.000
  0.020,301.423,  0.000,  0.000
  0.020,301.392,  0.000,  0.000
  0.020,301.370,  0.000,  0.000
  0.020,301.401,  0.000,  0.000
  0.019,301.452,  0.000,  0.000
  0.019,301.537,  0.000,  0.000
  0.019,301.647,  0.000,  0.000
  0.019,301.737,  0.000,  0.000
  0.019,301.737,  0.000,  0.000
  0.019,301.638,  0.000,  0.000
  0.020,301.513,  0.000,  0.000
  0.021,301.680,  0.000,  0.000
  0.021,301.632,  0.000,  0.000
  0.021,301.614,  0.000,  0.000
  0.021,301.601,  0.000,  0.000
  0.021,301.686,  0.000,  0.030
  0.021,301.727,  0.000,  0.030
  0.020,301.624,  0.000,  0.030
  0.021,301.878,  0.000,  0.030
  0.020,301.692,  0.000,  0.030
  0.020,301.658,  0.000,  0.030
  0.020,301.576,  0.000,  0.050
  0.020,301.459,  0.000,  0.050
  0.021,301.386,  0.000,  0.050
  0.020,301.366,  0.000,  0.000
  0.020,301.368,  0.000,  0.000
  0.020,301.367,  0.000,  0.000
  0.020,301.339,  0.000,  0.000
  0.020,301.348,  0.000,  0.000
  0.019,301.407,  0.000,  0.000
  0.019,301.494,  0.000,  0.000
  0.019,301.602,  0.000,  0.000
  0.019,301.706,  0.000,  0.000
  0.019,301.749,  0.000,  0.000
  0.019,301.689,  0.000,  0.000
  0.019,301.559,  0.000,  0.000
  0.020,301.619,  0.000,  0.000
  0.021,301.632,  0.000,  0.000
  0.021,301.605,  0.000,  0.000
  0.021,301.592,  0.000,  0.000
  0.021,301.784,  0.000,  0.030
  0.021,301.833,  0.000,  0.030
  0.021,301.876,  0.000,  0.030
  0.021,301.816,  0.000,  0.030
  0.020,301.516,  0.000,  0.030
  0.020,301.475,  0.000,  0.030
  0.020,301.424,  0.000,  0.050
  0.020,301.350,  0.000,  0.050
  0.020,301.294,  0.000,  0.050
  0.020,301.249,  0.000,  0.000
  0.021,301.527,  0.000,  0.000
  0.020,301.297,  0.000,  0.000
  0.020,301.314,  0.000,  0.000
  0.020,301.305,  0.000,  0.000
  0.020,301.356,  0.000,  0.000
  0.019,301.452,  0.000,  0.000
  0.019,301.552,  0.000,  0.000
  0.019,301.642,  0.000,  0.000
  0.019,301.690,  0.000,  0.000
  0.019,301.663,  0.000,  0.000
  0.019,301.571,  0.000,  0.000
  0.020,301.609,  0.000,  0.000
  0.021,301.627,  0.000,  0.000
  0.021,301.600,  0.000,  0.000
  0.021,301.596,  0.000,  0.000
