  0.019,300.485,  0.000,  0.000
  0.019,300.474,  0.000,  0.000
  0.019,300.460,  0.000,  0.000
  0.019,300.449,  0.000,  0.000
  0.019,300.442,  0.000,  0.000
  0.019,300.427,  0.000,  0.000
  0.019,300.420,  0.000,  0.000
  0.019,300.420,  0.000,  0.000
  0.019,300.420,  0.000,  0.000
  0.019,300.418,  0.000,  0.000
  0.019,300.412,  0.000,  0.000
  0.019,300.407,  0.000,  0.000
  0.019,300.407,  0.000,  0.000
  0.019,300.410,  0.000,  0.000
  0.019,300.405,  0.000,  0.000
  0.019,300.397,  0.000,  0.000
  0.019,300.397,  0.000,  0.000
  0.019,300.398,  0.000,  0.000
  0.019,300.397,  0.000,  0.000
  0.019,300.397,  0.000,  0.000
  0.019,300.400,  0.000,  0.000
  0.019,300.403,  0.000,  0.000
  0.019,300.411,  0.000,  0.000
  0.019,300.440,  0.000,  0.000
  0.019,300.444,  0.000,  0.000
  0.019,300.504,  0.000,  0.000
  0.019,300.493,  0.000,  0.000
  0.019,300.479,  0.000,  0.000
  0.019,300.468,  0.000,  0.000
  0.019,300.454,  0.000,  0.000
  0.019,300.443,  0.000,  0.000
  0.019,300.442,  0.000,  0.000
  0.019,300.445,  0.000,  0.000
  0.019,300.446,  0.000,  0.000
  0.019,300.441,  0.000,  0.000
  0.019,300.432,  0.000,  0.000
  0.019,300.430,  0.000,  0.000
  0.019,300.435,  0.000,  0.000
  0.019,300.435,  0.000,  0.000
  0.019,300.426,  0.000,  0.000
  0.019,300.424,  0.000,  0.000
  0.019,300.425,  0.000,  0.000
  0.019,300.419,  0.000,  0.000
  0.019,300.415,  0.000,  0.000
  0.019,300.418,  0.000,  0.000
  0.019,300.421,  0.000,  0.000
  0.019,300.422,  0.000,  0.000
  0.019,300.428,  0.000,  0.000
  0.019,300.456,  0.000,  0.000
  0.019,300.461,  0.000,  0.000
  0.019,300.528,  0.000,  0.000
  0.019,300.514,  0.000,  0.000
  0.019,300.497,  0.000,  0.000
  0.019,300.481,  0.000,  0.000
  0.019,300.468,  0.000,  0.000
  0.019,300.467,  0.000,  0.000
  0.019,300.472,  0.000,  0.000
  0.019,300.472,  0.000,  0.000
  0.019,300.467,  0.000,  0.000
  0.019,300.459,  0.000,  0.000
  0.019,300.453,  0.000,  0.000
  0.019,300.456,  0.000,  0.000
  0.019,300.459,  0.000,  0.000
  0.019,300.454,  0.000,  0.000
  0.019,300.452,  0.000,  0.000
  0.019,300.451,  0.000,  0.000
  0.019,300.446,  0.000,  0.000
  0.019,300.438,  0.000,  0.000
  0.019,300.436,  0.000,  0.000
  0.019,300.439,  0.000,  0.000
  0.019,300.441,  0.000,  0.000
  0.019,300.442,  0.000,  0.000
  0.019,300.446,  0.000,  0.000
  0.019,300.470,  0.000,  0.000
  0.019,300.473,  0.000,  0.000
  0.019,300.558,  0.000,  0.000
  0.019,300.536,  0.000,  0.000
  0.019,300.511,  0.000,  0.000
  0.019,300.495,  0.000,  0.000
  0.019,300.493,  0.000,  0.000
  0.019,300.501,  0.000,  0.000
  0.019,300.503,  0.000,  0.000
  0.019,300.497,  0.000,  0.000
  0.019,300.486,  0.000,  0.000
  0.019,300.478,  0.000,  0.000
  0.019,300.478,  0.000,  0.000
  0.019,300.481,  0.000,  0.000
  0.019,300.480,  0.000,  0.000
  0.019,300.479,  0.000,  0.000
  0.019,300.476,  0.000,  0.000
  0.019,300.469,  0.000,  0.000
  0.019,300.463,  0.000,  0.000
  0.019,300.458,  0.000,  0.000
  0.019,300.459,  0.000,  0.000
  0.019,300.460,  0.000,  0.000
  0.019,300.460,  0.000,  0.000
  0.019,300.462,  0.000,  0.000
  0.019,300.465,  0.000,  0.000
  0.019,300.483,  0.000,  0.000
  0.019,300.484,  0.000,  0.000
  0.019,300.588,  0.000,  0.000
  0.019,300.557,  0.000,  0.000
  0.019,300.530,  0.000,  0.000
  0.019,300.524,  0.000,  0.000
  0.019,300.533,  0.000,  0.000
  0.019,300.541,  0.000,  0.000
  0.019,300.534,  0.000,  0.000
  0.019,300.519,  0.000,  0.000
  0.019,300.506,  0.000,  0.000
  0.019,300.503,  0.000,  0.000
  0.019,300.506,  0.000,  0.000
  0.019,300.507,  0.000,  0.000
  0.019,300.507,  0.000,  0.000
  0.019,300.509,  0.000,  0.000
  0.019,300.499,  0.000,  0.000
  0.019,300.487,  0.000,  0.000
  0.019,300.480,  0.000,  0.000
  0.019,300.481,  0.000,  0.000
  0.019,300.483,  0.000,  0.000
  0.019,300.483,  0.000,  0.000
  0.019,300.482,  0.000,  0.000
  0.019,300.484,  0.000,  0.000
  0.019,300.486,  0.000,  0.000
  0.019,300.500,  0.000,  0.000
  0.019,300.500,  0.000,  0.000
  0.019,300.606,  0.000,  0.000
  0.019,300.576,  0.000,  0.000
  0.019,300.561,  0.000,  0.000
  0.019,300.568,  0.000,  0.000
  0.019,300.579,  0.000,  0.000
  0.019,300.579,  0.000,  0.000
  0.019,300.562,  0.000,  0.000
  0.019,300.541,  0.000,  0.000
  0.019,300.529,  0.000,  0.000
  0.019,300.531,  0.000,  0.000
  0.019,300.536,  0.000,  0.000
  0.019,300.538,  0.000,  0.000
  0.019,300.540,  0.000,  0.000
  0.019,300.536,  0.000,  0.000
  0.019,300.521,  0.000,  0.000
  0.019,300.510,  0.000,  0.000
  0.019,300.507,  0.000,  0.000
  0.019,300.509,  0.000,  0.000
  0.019,300.510,  0.000,  0.000
  0.019,300.507,  0.000,  0.000
  0.019,300.506,  0.000,  0.000
  0.019,300.506,  0.000,  0.000
  0.019,300.507,  0.000,  0.000
  0.019,300.518,  0.000,  0.000
  0.019,300.518,  0.000,  0.000
  0.019,300.623,  0.000,  0.000
  0.019,300.602,  0.000,  0.000
  0.019,300.604,  0.000,  0.000
  0.019,300.619,  0.000,  0.000
  0.019,300.624,  0.000,  0.000
  0.019,300.611,  0.000,  0.000
  0.019,300.587,  0.000,  0.000
  0.019,300.565,  0.000,  0.000
  0.019,300.557,  0.000,  0.000
  0.019,300.563,  0.000,  0.000
  0.019,300.570,  0.000,  0.000
  0.019,300.575,  0.000,  0.000
  0.019,300.571,  0.000,  0.000
  0.019,300.558,  0.000,  0.000
  0.019,300.547,  0.000,  0.000
  0.019,300.542,  0.000,  0.000
  0.019,300.542,  0.000,  0.000
  0.019,300.542,  0.000,  0.000
  0.019,300.538,  0.000,  0.000
  0.019,300.533,  0.000,  0.000
  0.019,300.530,  0.000,  0.000
  0.019,300.530,  0.000,  0.000
  0.019,300.529,  0.000,  0.000
  0.019,300.537,  0.000,  0.000
  0.019,300.537,  0.000,  0.000
  0.019,300.656,  0.000,  0.000
  0.019,300.646,  0.000,  0.000
  0.019,300.655,  0.000,  0.000
  0.019,300.667,  0.000,  0.000
  0.019,300.660,  0.000,  0.000
  0.019,300.637,  0.000,  0.000
  0.019,300.612,  0.000,  0.000
  0.019,300.596,  0.000,  0.000
  0.019,300.593,  0.000,  0.000
  0.019,300.601,  0.000,  0.000
  0.019,300.610,  0.000,  0.000
  0.019,300.609,  0.000,  0.000
  0.019,300.595,  0.000,  0.000
  0.019,300.580,  0.000,  0.000
  0.019,300.575,  0.000,  0.000
  0.019,300.575,  0.000,  0.000
  0.019,300.576,  0.000,  0.000
  0.019,300.572,  0.000,  0.000
  0.019,300.565,  0.000,  0.000
  0.019,300.560,  0.000,  0.000
  0.019,300.558,  0.000,  0.000
  0.019,300.558,  0.000,  0.000
  0.019,300.556,  0.000,  0.000
  0.019,300.562,  0.000,  0.000
  0.019,300.562,  0.000,  0.000
  0.019,300.696,  0.000,  0.000
  0.019,300.695,  0.000,  0.000
  0.019,300.705,  0.000,  0.000
  0.019,300.708,  0.000,  0.000
  0.019,300.686,  0.000,  0.000
  0.019,300.658,  0.000,  0.000
  0.019,300.636,  0.000,  0.000
  0.019,300.630,  0.000,  0.000
  0.019,300.637,  0.000,  0.000
  0.019,300.648,  0.000,  0.000
  0.019,300.650,  0.000,  0.000
  0.019,300.637,  0.000,  0.000
  0.019,300.618,  0.000,  0.000
  0.019,300.608,  0.000,  0.000
  0.019,300.607,  0.000,  0.000
  0.019,300.610,  0.000,  0.000
  0.019,300.609,  0.000,  0.000
  0.019,300.602,  0.000,  0.000
  0.019,300.597,  0.000,  0.000
  0.019,300.595,  0.000,  0.000
  0.019,300.596,  0.000,  0.000
  0.019,300.597,  0.000,  0.000
  0.019,300.595,  0.000,  0.000
  0.019,300.599,  0.000,  0.000
  0.019,300.598,  0.000,  0.000
  0.019,300.723,  0.000,  0.000
  0.019,300.735,  0.000,  0.000
  0.019,300.747,  0.000,  0.000
  0.019,300.728,  0.000,  0.000
  0.019,300.694,  0.000,  0.000
  0.019,300.673,  0.000,  0.000
  0.019,300.666,  0.000,  0.000
  0.019,300.671,  0.000,  0.000
  0.019,300.684,  0.000,  0.000
  0.019,300.691,  0.000,  0.000
  0.019,300.680,  0.000,  0.000
  0.019,300.661,  0.000,  0.000
  0.019,300.648,  0.000,  0.000
  0.019,300.644,  0.000,  0.000
  0.019,300.644,  0.000,  0.000
  0.019,300.645,  0.000,  0.000
  0.019,300.641,  0.000,  0.000
  0.019,300.635,  0.000,  0.000
  0.019,300.633,  0.000,  0.000
  0.019,300.635,  0.000,  0.000
  0.019,300.638,  0.000,  0.000
  0.019,300.639,  0.000,  0.000
  0.019,300.639,  0.000,  0.000
  0.019,300.641,  0.000,  0.000
  0.019,300.640,  0.000,  0.000
  0.019,300.767,  0.000,  0.000
  0.019,300.776,  0.000,  0.000
  0.019,300.771,  0.000,  0.000
  0.019,300.734,  0.000,  0.000
  0.019,300.703,  0.000,  0.000
  0.019,300.694,  0.000,  0.000
  0.019,300.704,  0.000,  0.000
  0.019,300.720,  0.000,  0.000
  0.019,300.731,  0.000,  0.000
  0.019,300.723,  0.000,  0.000
  0.019,300.705,  0.000,  0.000
  0.019,300.689,  0.000,  0.000
  0.019,300.686,  0.000,  0.000
  0.019,300.686,  0.000,  0.000
  0.019,300.683,  0.000,  0.000
  0.019,300.680,  0.000,  0.000
  0.019,300.676,  0.000,  0.000
  0.019,300.674,  0.000,  0.000
  0.019,300.674,  0.000,  0.000
  0.019,300.676,  0.000,  0.000
  0.019,300.677,  0.000,  0.000
  0.019,300.680,  0.000,  0.000
  0.019,300.682,  0.000,  0.000
  0.019,300.681,  0.000,  0.000
  0.019,300.678,  0.000,  0.000
  0.019,300.806,  0.000,  0.000
  0.019,300.802,  0.000,  0.000
  0.019,300.784,  0.000,  0.000
  0.019,300.754,  0.000,  0.000
  0.019,300.735,  0.000,  0.000
  0.019,300.734,  0.000,  0.000
  0.019,300.749,  0.000,  0.000
  0.019,300.768,  0.000,  0.000
  0.019,300.772,  0.000,  0.000
  0.019,300.749,  0.000,  0.000
  0.019,300.729,  0.000,  0.000
  0.019,300.720,  0.000,  0.000
  0.019,300.721,  0.000,  0.000
  0.019,300.723,  0.000,  0.000
  0.019,300.718,  0.000,  0.000
  0.019,300.711,  0.000,  0.000
  0.019,300.708,  0.000,  0.000
  0.019,300.708,  0.000,  0.000
  0.019,300.710,  0.000,  0.000
  0.019,300.712,  0.000,  0.000
  0.019,300.713,  0.000,  0.000
  0.019,300.715,  0.000,  0.000
  0.019,300.713,  0.000,  0.000
  0.019,300.710,  0.000,  0.000
  0.019,300.713,  0.000,  0.000
  0.019,300.817,  0.000,  0.000
  0.019,300.805,  0.000,  0.000
  0.019,300.798,  0.000,  0.000
  0.019,300.795,  0.000,  0.000
  0.019,300.793,  0.000,  0.000
  0.019,300.790,  0.000,  0.000
  0.019,300.801,  0.000,  0.000
  0.019,300.812,  0.000,  0.000
  0.019,300.796,  0.000,  0.000
  0.019,300.775,  0.000,  0.000
  0.019,300.761,  0.000,  0.000
  0.019,300.755,  0.000,  0.000
  0.019,300.754,  0.000,  0.000
  0.019,300.754,  0.000,  0.000
  0.019,300.748,  0.000,  0.000
  0.019,300.743,  0.000,  0.000
  0.019,300.739,  0.000,  0.000
  0.019,300.739,  0.000,  0.000
  0.019,300.740,  0.000,  0.000
  0.019,300.741,  0.000,  0.000
  0.019,300.741,  0.000,  0.000
  0.019,300.741,  0.000,  0.000
  0.019,300.742,  0.000,  0.000
  0.019,300.750,  0.000,  0.000
  0.019,300.761,  0.000,  0.000
  0.019,300.832,  0.000,  0.000
  0.019,300.817,  0.000,  0.000
  0.019,300.813,  0.000,  0.000
  0.019,300.813,  0.000,  0.000
  0.019,300.829,  0.000,  0.000
  0.019,300.856,  0.000,  0.000
  0.019,300.856,  0.000,  0.000
  0.019,300.827,  0.000,  0.000
  0.019,300.808,  0.000,  0.000
  0.019,300.802,  0.000,  0.000
  0.019,300.794,  0.000,  0.000
  0.019,300.788,  0.000,  0.000
  0.019,300.783,  0.000,  0.000
  0.019,300.780,  0.000,  0.000
  0.019,300.776,  0.000,  0.000
  0.019,300.773,  0.000,  0.000
  0.019,300.771,  0.000,  0.000
  0.019,300.770,  0.000,  0.000
  0.019,300.769,  0.000,  0.000
  0.019,300.770,  0.000,  0.000
  0.019,300.770,  0.000,  0.000
  0.019,300.772,  0.000,  0.000
  0.019,300.779,  0.000,  0.000
  0.019,300.790,  0.000,  0.000
  0.019,300.798,  0.000,  0.000
  0.019,300.870,  0.000,  0.000
  0.019,300.842,  0.000,  0.000
  0.019,300.823,  0.000,  0.000
  0.019,300.812,  0.000,  0.000
  0.019,300.864,  0.000,  0.000
  0.019,300.907,  0.000,  0.000
  0.019,300.898,  0.000,  0.000
  0.019,300.852,  0.000,  0.000
  0.019,300.840,  0.000,  0.000
  0.019,300.843,  0.000,  0.000
  0.019,300.834,  0.000,  0.000
  0.019,300.816,  0.000,  0.000
  0.019,300.810,  0.000,  0.000
  0.019,300.806,  0.000,  0.000
  0.019,300.802,  0.000,  0.000
  0.019,300.801,  0.000,  0.000
  0.019,300.802,  0.000,  0.000
  0.019,300.802,  0.000,  0.000
  0.019,300.803,  0.000,  0.000
  0.019,300.804,  0.000,  0.000
  0.019,300.804,  0.000,  0.000
  0.019,300.805,  0.000,  0.000
  0.019,300.807,  0.000,  0.000
  0.019,300.807,  0.000,  0.000
  0.019,300.813,  0.000,  0.000
