  0.015,299.576,  0.000,  0.000
  0.015,299.574,  0.000,  0.000
  0.015,299.577,  0.000,  0.000
  0.015,299.586,  0.000,  0.000
  0.015,299.563,  0.000,  0.000
  0.015,299.550,  0.000,  0.000
  0.015,299.528,  0.000,  0.000
  0.015,299.442,  0.000,  0.000
  0.016,299.149,  0.000,  0.000
  0.017,298.687,  0.000,  0.000
  0.017,298.410,  0.000,  0.000
  0.017,298.409,  0.000,  0.000
  0.016,298.566,  0.000,  0.000
  0.016,298.750,  0.000,  0.000
  0.016,298.870,  0.000,  0.000
  0.017,298.953,  0.000,  0.000
  0.016,299.219,  0.000,  0.000
  0.016,299.609,  0.000,  0.000
  0.015,299.712,  0.000,  0.000
  0.015,299.609,  0.000,  0.000
  0.015,299.549,  0.000,  0.000
  0.015,299.462,  0.000,  0.000
  0.016,299.352,  0.000,  0.000
  0.016,299.273,  0.000,  0.000
  0.016,299.194,  0.000,  0.000
  0.015,299.645,  0.000,  0.000
  0.015,299.647,  0.000,  0.000
  0.015,299.649,  0.000,  0.000
  0.015,299.628,  0.000,  0.000
  0.015,299.608,  0.000,  0.000
  0.015,299.602,  0.000,  0.000
  0.015,299.620,  0.000,  0.000
  0.015,299.632,  0.000,  0.000
  0.015,299.523,  0.000,  0.000
  0.016,299.242,  0.000,  0.000
  0.016,298.957,  0.000,  0.000
  0.017,298.812,  0.000,  0.000
  0.017,298.813,  0.000,  0.000
  0.016,298.903,  0.000,  0.000
  0.016,299.056,  0.000,  0.000
  0.016,299.320,  0.000,  0.000
  0.016,299.635,  0.000,  0.000
  0.015,299.748,  0.000,  0.000
  0.015,299.666,  0.000,  0.000
  0.015,299.602,  0.000,  0.000
  0.015,299.537,  0.000,  0.000
  0.015,299.443,  0.000,  0.000
  0.016,299.349,  0.000,  0.000
  0.016,299.289,  0.000,  0.000
  0.016,299.218,  0.000,  0.000
  0.015,299.704,  0.000,  0.000
  0.015,299.705,  0.000,  0.000
  0.015,299.694,  0.000,  0.000
  0.015,299.670,  0.000,  0.000
  0.015,299.655,  0.000,  0.000
  0.015,299.655,  0.000,  0.000
  0.015,299.673,  0.000,  0.000
  0.015,299.704,  0.000,  0.000
  0.015,299.721,  0.000,  0.000
  0.015,299.681,  0.000,  0.000
  0.016,299.583,  0.000,  0.000
  0.016,299.468,  0.000,  0.000
  0.016,299.410,  0.000,  0.000
  0.016,299.446,  0.000,  0.000
  0.016,299.569,  0.000,  0.000
  0.016,299.718,  0.000,  0.000
  0.015,299.769,  0.000,  0.000
  0.015,299.713,  0.000,  0.000
  0.015,299.651,  0.000,  0.000
  0.015,299.597,  0.000,  0.000
  0.015,299.522,  0.000,  0.000
  0.016,299.439,  0.000,  0.000
  0.016,299.362,  0.000,  0.000
  0.016,299.307,  0.000,  0.000
  0.016,299.228,  0.000,  0.000
  0.015,299.749,  0.000,  0.000
  0.015,299.747,  0.000,  0.000
  0.015,299.732,  0.000,  0.000
  0.015,299.714,  0.000,  0.000
  0.015,299.709,  0.000,  0.000
  0.015,299.718,  0.000,  0.000
  0.015,299.742,  0.000,  0.000
  0.015,299.775,  0.000,  0.000
  0.015,299.811,  0.000,  0.000
  0.015,299.838,  0.000,  0.000
  0.015,299.847,  0.000,  0.000
  0.015,299.835,  0.000,  0.000
  0.016,299.819,  0.000,  0.000
  0.015,299.817,  0.000,  0.000
  0.015,299.818,  0.000,  0.000
  0.015,299.794,  0.000,  0.000
  0.015,299.743,  0.000,  0.000
  0.015,299.691,  0.000,  0.000
  0.015,299.645,  0.000,  0.000
  0.015,299.587,  0.000,  0.000
  0.016,299.518,  0.000,  0.000
  0.016,299.447,  0.000,  0.000
  0.016,299.373,  0.000,  0.000
  0.016,299.314,  0.000,  0.000
  0.016,299.239,  0.000,  0.000
  0.015,299.783,  0.000,  0.000
  0.015,299.779,  0.000,  0.000
  0.015,299.770,  0.000,  0.000
  0.015,299.763,  0.000,  0.000
  0.015,299.766,  0.000,  0.000
  0.015,299.783,  0.000,  0.000
  0.015,299.812,  0.000,  0.000
  0.015,299.846,  0.000,  0.000
  0.015,299.869,  0.000,  0.000
  0.015,299.876,  0.000,  0.000
  0.015,299.878,  0.000,  0.000
  0.015,299.878,  0.000,  0.000
  0.015,299.867,  0.000,  0.000
  0.015,299.840,  0.000,  0.000
  0.015,299.801,  0.000,  0.000
  0.015,299.760,  0.000,  0.000
  0.015,299.721,  0.000,  0.000
  0.015,299.682,  0.000,  0.000
  0.015,299.636,  0.000,  0.000
  0.016,299.580,  0.000,  0.000
  0.016,299.519,  0.000,  0.000
  0.016,299.452,  0.000,  0.000
  0.016,299.381,  0.000,  0.000
  0.016,299.324,  0.000,  0.000
  0.016,299.255,  0.000,  0.000
  0.015,299.809,  0.000,  0.000
  0.015,299.806,  0.000,  0.000
  0.015,299.805,  0.000,  0.000
  0.015,299.810,  0.000,  0.000
  0.015,299.820,  0.000,  0.000
  0.015,299.839,  0.000,  0.000
  0.015,299.867,  0.000,  0.000
  0.015,299.891,  0.000,  0.000
  0.015,299.897,  0.000,  0.000
  0.015,299.886,  0.000,  0.000
  0.015,299.871,  0.000,  0.000
  0.015,299.853,  0.000,  0.000
  0.015,299.831,  0.000,  0.000
  0.015,299.803,  0.000,  0.000
  0.015,299.774,  0.000,  0.000
  0.015,299.744,  0.000,  0.000
  0.015,299.714,  0.000,  0.000
  0.015,299.678,  0.000,  0.000
  0.015,299.633,  0.000,  0.000
  0.016,299.581,  0.000,  0.000
  0.016,299.523,  0.000,  0.000
  0.016,299.459,  0.000,  0.000
  0.016,299.390,  0.000,  0.000
  0.016,299.333,  0.000,  0.000
  0.016,299.266,  0.000,  0.000
  0.015,299.833,  0.000,  0.000
  0.015,299.832,  0.000,  0.000
  0.015,299.839,  0.000,  0.000
  0.015,299.851,  0.000,  0.000
  0.015,299.865,  0.000,  0.000
  0.015,299.882,  0.000,  0.000
  0.015,299.900,  0.000,  0.000
  0.015,299.909,  0.000,  0.000
  0.015,299.902,  0.000,  0.000
  0.015,299.886,  0.000,  0.000
  0.015,299.866,  0.000,  0.000
  0.015,299.845,  0.000,  0.000
  0.015,299.823,  0.000,  0.000
  0.015,299.800,  0.000,  0.000
  0.015,299.775,  0.000,  0.000
  0.015,299.746,  0.000,  0.000
  0.015,299.713,  0.000,  0.000
  0.015,299.673,  0.000,  0.000
  0.016,299.628,  0.000,  0.000
  0.016,299.580,  0.000,  0.000
  0.016,299.524,  0.000,  0.000
  0.016,299.459,  0.000,  0.000
  0.016,299.391,  0.000,  0.000
  0.016,299.333,  0.000,  0.000
  0.016,299.269,  0.000,  0.000
  0.015,299.860,  0.000,  0.000
  0.015,299.862,  0.000,  0.000
  0.015,299.872,  0.000,  0.000
  0.015,299.886,  0.000,  0.000
  0.015,299.899,  0.000,  0.000
  0.015,299.911,  0.000,  0.000
  0.015,299.919,  0.000,  0.000
  0.015,299.919,  0.000,  0.000
  0.015,299.909,  0.000,  0.000
  0.015,299.892,  0.000,  0.000
  0.015,299.875,  0.000,  0.000
  0.015,299.857,  0.000,  0.000
  0.015,299.836,  0.000,  0.000
  0.015,299.809,  0.000,  0.000
  0.015,299.779,  0.000,  0.000
  0.015,299.743,  0.000,  0.000
  0.015,299.704,  0.000,  0.000
  0.015,299.665,  0.000,  0.000
  0.016,299.624,  0.000,  0.000
  0.016,299.575,  0.000,  0.000
  0.016,299.517,  0.000,  0.000
  0.016,299.452,  0.000,  0.000
  0.016,299.385,  0.000,  0.000
  0.016,299.329,  0.000,  0.000
  0.016,299.270,  0.000,  0.000
  0.015,299.889,  0.000,  0.000
  0.015,299.893,  0.000,  0.000
  0.015,299.902,  0.000,  0.000
  0.015,299.915,  0.000,  0.000
  0.015,299.926,  0.000,  0.000
  0.015,299.931,  0.000,  0.000
  0.015,299.932,  0.000,  0.000
  0.015,299.929,  0.000,  0.000
  0.015,299.923,  0.000,  0.000
  0.015,299.913,  0.000,  0.000
  0.015,299.896,  0.000,  0.000
  0.015,299.871,  0.000,  0.000
  0.015,299.839,  0.000,  0.000
  0.015,299.804,  0.000,  0.000
  0.015,299.767,  0.000,  0.000
  0.015,299.730,  0.000,  0.000
  0.015,299.694,  0.000,  0.000
  0.016,299.659,  0.000,  0.000
  0.016,299.618,  0.000,  0.000
  0.016,299.568,  0.000,  0.000
  0.016,299.508,  0.000,  0.000
  0.016,299.445,  0.000,  0.000
  0.016,299.382,  0.000,  0.000
  0.016,299.328,  0.000,  0.000
  0.016,299.272,  0.000,  0.000
  0.015,299.913,  0.000,  0.000
  0.015,299.916,  0.000,  0.000
  0.015,299.921,  0.000,  0.000
  0.015,299.929,  0.000,  0.000
  0.015,299.935,  0.000,  0.000
  0.015,299.936,  0.000,  0.000
  0.015,299.936,  0.000,  0.000
  0.015,299.936,  0.000,  0.000
  0.015,299.936,  0.000,  0.000
  0.015,299.926,  0.000,  0.000
  0.015,299.900,  0.000,  0.000
  0.015,299.863,  0.000,  0.000
  0.015,299.824,  0.000,  0.000
  0.015,299.788,  0.000,  0.000
  0.015,299.753,  0.000,  0.000
  0.015,299.720,  0.000,  0.000
  0.015,299.689,  0.000,  0.000
  0.016,299.655,  0.000,  0.000
  0.016,299.612,  0.000,  0.000
  0.016,299.560,  0.000,  0.000
  0.016,299.501,  0.000,  0.000
  0.016,299.440,  0.000,  0.000
  0.016,299.381,  0.000,  0.000
  0.016,299.328,  0.000,  0.000
  0.016,299.277,  0.000,  0.000
  0.015,299.931,  0.000,  0.000
  0.015,299.930,  0.000,  0.000
  0.015,299.928,  0.000,  0.000
  0.015,299.928,  0.000,  0.000
  0.015,299.932,  0.000,  0.000
  0.015,299.937,  0.000,  0.000
  0.015,299.942,  0.000,  0.000
  0.015,299.943,  0.000,  0.000
  0.015,299.935,  0.000,  0.000
  0.015,299.914,  0.000,  0.000
  0.015,299.881,  0.000,  0.000
  0.015,299.843,  0.000,  0.000
  0.015,299.808,  0.000,  0.000
  0.015,299.777,  0.000,  0.000
  0.015,299.748,  0.000,  0.000
  0.016,299.720,  0.000,  0.000
  0.016,299.691,  0.000,  0.000
  0.016,299.654,  0.000,  0.000
  0.016,299.608,  0.000,  0.000
  0.016,299.554,  0.000,  0.000
  0.016,299.495,  0.000,  0.000
  0.016,299.436,  0.000,  0.000
  0.016,299.381,  0.000,  0.000
  0.016,299.330,  0.000,  0.000
  0.016,299.285,  0.000,  0.000
  0.015,299.952,  0.000,  0.000
  0.015,299.949,  0.000,  0.000
  0.015,299.944,  0.000,  0.000
  0.015,299.942,  0.000,  0.000
  0.015,299.944,  0.000,  0.000
  0.015,299.949,  0.000,  0.000
  0.015,299.950,  0.000,  0.000
  0.015,299.940,  0.000,  0.000
  0.015,299.918,  0.000,  0.000
  0.015,299.887,  0.000,  0.000
  0.016,299.855,  0.000,  0.000
  0.016,299.824,  0.000,  0.000
  0.015,299.797,  0.000,  0.000
  0.015,299.771,  0.000,  0.000
  0.016,299.747,  0.000,  0.000
  0.016,299.721,  0.000,  0.000
  0.016,299.689,  0.000,  0.000
  0.016,299.648,  0.000,  0.000
  0.016,299.598,  0.000,  0.000
  0.016,299.543,  0.000,  0.000
  0.016,299.484,  0.000,  0.000
  0.016,299.429,  0.000,  0.000
  0.016,299.380,  0.000,  0.000
  0.016,299.336,  0.000,  0.000
  0.016,299.295,  0.000,  0.000
  0.015,299.970,  0.000,  0.000
  0.015,299.971,  0.000,  0.000
  0.015,299.968,  0.000,  0.000
  0.015,299.965,  0.000,  0.000
  0.015,299.962,  0.000,  0.000
  0.015,299.956,  0.000,  0.000
  0.015,299.944,  0.000,  0.000
  0.015,299.923,  0.000,  0.000
  0.015,299.896,  0.000,  0.000
  0.016,299.866,  0.000,  0.000
  0.016,299.840,  0.000,  0.000
  0.016,299.817,  0.000,  0.000
  0.016,299.795,  0.000,  0.000
  0.016,299.772,  0.000,  0.000
  0.016,299.748,  0.000,  0.000
  0.016,299.719,  0.000,  0.000
  0.016,299.684,  0.000,  0.000
  0.016,299.640,  0.000,  0.000
  0.016,299.587,  0.000,  0.000
  0.016,299.530,  0.000,  0.000
  0.016,299.474,  0.000,  0.000
  0.016,299.426,  0.000,  0.000
  0.016,299.384,  0.000,  0.000
  0.016,299.344,  0.000,  0.000
  0.016,299.307,  0.000,  0.000
  0.015,299.975,  0.000,  0.000
  0.015,299.977,  0.000,  0.000
  0.015,299.974,  0.000,  0.000
  0.015,299.968,  0.000,  0.000
  0.015,299.958,  0.000,  0.000
  0.015,299.944,  0.000,  0.000
  0.016,299.925,  0.000,  0.000
  0.016,299.904,  0.000,  0.000
  0.016,299.881,  0.000,  0.000
  0.016,299.859,  0.000,  0.000
  0.016,299.839,  0.000,  0.000
  0.016,299.818,  0.000,  0.000
  0.016,299.796,  0.000,  0.000
  0.016,299.772,  0.000,  0.000
  0.016,299.746,  0.000,  0.000
  0.016,299.716,  0.000,  0.000
  0.016,299.678,  0.000,  0.000
  0.016,299.631,  0.000,  0.000
  0.016,299.575,  0.000,  0.000
  0.016,299.519,  0.000,  0.000
  0.016,299.470,  0.000,  0.000
  0.016,299.429,  0.000,  0.000
  0.016,299.392,  0.000,  0.000
  0.016,299.355,  0.000,  0.000
  0.016,299.319,  0.000,  0.000
  0.015,299.971,  0.000,  0.000
  0.015,299.970,  0.000,  0.000
  0.016,299.966,  0.000,  0.000
  0.016,299.957,  0.000,  0.000
  0.016,299.945,  0.000,  0.000
  0.016,299.929,  0.000,  0.000
  0.016,299.912,  0.000,  0.000
  0.016,299.895,  0.000,  0.000
  0.016,299.878,  0.000,  0.000
  0.016,299.859,  0.000,  0.000
  0.016,299.839,  0.000,  0.000
  0.016,299.817,  0.000,  0.000
  0.016,299.794,  0.000,  0.000
  0.016,299.771,  0.000,  0.000
  0.016,299.744,  0.000,  0.000
  0.016,299.713,  0.000,  0.000
  0.016,299.673,  0.000,  0.000
  0.016,299.621,  0.000,  0.000
  0.016,299.565,  0.000,  0.000
  0.016,299.515,  0.000,  0.000
  0.016,299.473,  0.000,  0.000
  0.016,299.437,  0.000,  0.000
  0.016,299.401,  0.000,  0.000
  0.016,299.366,  0.000,  0.000
  0.016,299.331,  0.000,  0.000
