  0.019,300.378,  0.000,  0.000
  0.019,300.373,  0.000,  0.000
  0.019,300.374, -0.000,  0.000
  0.019,300.189,  0.000,  0.000
  0.019,299.863,  0.000,  0.000
  0.019,299.687,  0.000,  0.000
  0.019,299.555,  0.000,  0.000
  0.019,299.585,  0.000,  0.000
  0.019,299.785,  0.000,  0.000
  0.019,300.193,  0.000,  0.000
  0.019,300.506,  0.000,  0.000
  0.019,300.451,  0.000,  0.000
  0.019,300.516,  0.000,  0.000
  0.019,300.535,  0.000,  0.000
  0.019,300.531,  0.000,  0.000
  0.019,300.542,  0.000,  0.000
  0.018,300.525,  0.000,  0.000
  0.019,300.498,  0.000,  0.000
  0.019,300.473,  0.000,  0.000
  0.019,300.478,  0.000,  0.000
  0.019,300.497,  0.000,  0.000
  0.019,300.514,  0.000,  0.000
  0.019,300.504,  0.000,  0.000
  0.019,300.492,  0.000,  0.000
  0.019,300.473,  0.000,  0.000
  0.019,300.391,  0.000,  0.000
  0.019,300.387,  0.000,  0.000
  0.019,300.378,  0.000,  0.000
  0.019,300.246,  0.000,  0.000
  0.019,300.063,  0.000,  0.000
  0.019,299.935,  0.000,  0.000
  0.019,299.844,  0.000,  0.000
  0.019,299.883,  0.000,  0.000
  0.019,299.958,  0.000,  0.000
  0.019,300.309,  0.000,  0.000
  0.019,300.522,  0.000,  0.000
  0.019,300.451,  0.000,  0.000
  0.019,300.528,  0.000,  0.000
  0.019,300.576,  0.000,  0.000
  0.019,300.566,  0.000,  0.000
  0.018,300.557,  0.000,  0.000
  0.018,300.529,  0.000,  0.000
  0.019,300.507,  0.000,  0.000
  0.019,300.493,  0.000,  0.000
  0.019,300.501,  0.000,  0.000
  0.019,300.521,  0.000,  0.000
  0.019,300.530,  0.000,  0.000
  0.019,300.510,  0.000,  0.000
  0.019,300.486,  0.000,  0.000
  0.019,300.455,  0.000,  0.000
  0.019,300.408,  0.000,  0.000
  0.019,300.409,  0.000,  0.000
  0.019,300.397,  0.000,  0.000
  0.019,300.261,  0.000,  0.000
  0.019,300.081,  0.000,  0.000
  0.019,299.996,  0.000,  0.000
  0.019,300.052,  0.000,  0.000
  0.019,300.071,  0.000,  0.000
  0.019,300.138,  0.000,  0.000
  0.019,300.471,  0.000,  0.000
  0.019,300.620,  0.000,  0.000
  0.019,300.507,  0.000,  0.000
  0.019,300.527,  0.000,  0.000
  0.019,300.579,  0.000,  0.000
  0.019,300.565,  0.000,  0.000
  0.019,300.558,  0.000,  0.000
  0.019,300.523,  0.000,  0.000
  0.019,300.502,  0.000,  0.000
  0.019,300.509,  0.000,  0.000
  0.019,300.521,  0.000,  0.000
  0.018,300.531,  0.000,  0.000
  0.018,300.537,  0.000,  0.000
  0.019,300.539,  0.000,  0.000
  0.019,300.533,  0.000,  0.000
  0.019,300.506,  0.000,  0.000
  0.019,300.424,  0.000,  0.000
  0.019,300.427,  0.000,  0.000
  0.019,300.130,  0.000,  0.000
  0.020,299.806,  0.000,  0.000
  0.019,299.698,  0.000,  0.000
  0.020,299.817,  0.000,  0.000
  0.019,299.945,  0.000,  0.000
  0.019,300.172,  0.000,  0.000
  0.019,300.302,  0.000,  0.000
  0.019,300.559,  0.000,  0.000
  0.018,300.673,  0.000,  0.000
  0.019,300.595,  0.000,  0.000
  0.019,300.582,  0.000,  0.000
  0.019,300.579,  0.000,  0.000
  0.019,300.554,  0.000,  0.000
  0.019,300.555,  0.000,  0.000
  0.019,300.534,  0.000,  0.000
  0.019,300.520,  0.000,  0.000
  0.019,300.531,  0.000,  0.000
  0.019,300.549,  0.000,  0.000
  0.019,300.551,  0.000,  0.000
  0.018,300.549,  0.000,  0.000
  0.019,300.548,  0.000,  0.000
  0.019,300.558,  0.000,  0.000
  0.019,300.542,  0.000,  0.000
  0.019,300.449,  0.000,  0.000
  0.019,300.262,  0.000,  0.000
  0.020,299.623,  0.000,  0.000
  0.020,299.336,  0.000,  0.000
  0.019,299.571,  0.000,  0.000
  0.019,299.676,  0.000,  0.000
  0.019,299.923,  0.000,  0.000
  0.019,300.108,  0.000,  0.000
  0.019,300.275,  0.000,  0.000
  0.019,300.535,  0.000,  0.000
  0.018,300.647,  0.000,  0.000
  0.018,300.625,  0.000,  0.000
  0.018,300.642,  0.000,  0.000
  0.018,300.619,  0.000,  0.000
  0.019,300.568,  0.000,  0.000
  0.019,300.569,  0.000,  0.000
  0.019,300.580,  0.000,  0.000
  0.019,300.568,  0.000,  0.000
  0.019,300.560,  0.000,  0.000
  0.019,300.563,  0.000,  0.000
  0.019,300.578,  0.000,  0.000
  0.019,300.561,  0.000,  0.000
  0.019,300.541,  0.000,  0.000
  0.019,300.539,  0.000,  0.000
  0.019,300.536,  0.000,  0.000
  0.019,300.462,  0.000,  0.000
  0.019,300.294,  0.000,  0.000
  0.020,299.783,  0.000,  0.000
  0.020,299.518,  0.000,  0.000
  0.019,299.713,  0.000,  0.000
  0.019,299.874,  0.000,  0.000
  0.019,300.114,  0.000,  0.000
  0.020,300.251,  0.000,  0.000
  0.019,300.250,  0.000,  0.000
  0.019,300.594,  0.000,  0.000
  0.019,300.635,  0.000,  0.000
  0.019,300.612,  0.000,  0.000
  0.018,300.626,  0.000,  0.000
  0.018,300.594,  0.000,  0.000
  0.019,300.589,  0.000,  0.000
  0.019,300.605,  0.000,  0.000
  0.019,300.605,  0.000,  0.000
  0.019,300.596,  0.000,  0.000
  0.019,300.590,  0.000,  0.000
  0.019,300.576,  0.000,  0.000
  0.019,300.573,  0.000,  0.000
  0.019,300.565,  0.000,  0.000
  0.019,300.542,  0.000,  0.000
  0.019,300.536,  0.000,  0.000
  0.019,300.535,  0.000,  0.000
  0.019,300.468,  0.000,  0.000
  0.019,300.414,  0.000,  0.000
  0.020,300.157,  0.000,  0.000
  0.020,299.886,  0.000,  0.000
  0.020,299.882,  0.000,  0.000
  0.019,300.027,  0.000,  0.000
  0.019,300.209,  0.000,  0.000
  0.019,300.298,  0.000,  0.000
  0.019,300.341,  0.000,  0.000
  0.019,300.635,  0.000,  0.000
  0.019,300.570,  0.000,  0.000
  0.019,300.591,  0.000,  0.000
  0.019,300.666,  0.000,  0.000
  0.019,300.668,  0.000,  0.000
  0.019,300.613,  0.000,  0.000
  0.019,300.591,  0.000,  0.000
  0.019,300.607,  0.000,  0.000
  0.019,300.615,  0.000,  0.000
  0.019,300.604,  0.000,  0.000
  0.019,300.592,  0.000,  0.000
  0.019,300.561,  0.000,  0.000
  0.019,300.555,  0.000,  0.000
  0.019,300.553,  0.000,  0.000
  0.019,300.569,  0.000,  0.000
  0.019,300.570,  0.000,  0.000
  0.019,300.463,  0.000,  0.000
  0.019,300.473,  0.000,  0.000
  0.019,300.350,  0.000,  0.000
  0.020,300.186,  0.000,  0.000
  0.020,300.087,  0.000,  0.000
  0.019,300.136,  0.000,  0.000
  0.019,300.194,  0.000,  0.000
  0.019,300.276,  0.000,  0.000
  0.019,300.477,  0.000,  0.000
  0.019,300.562,  0.000,  0.000
  0.019,300.516,  0.000,  0.000
  0.019,300.527,  0.000,  0.000
  0.019,300.511,  0.000,  0.000
  0.019,300.423,  0.000,  0.000
  0.019,300.398,  0.000,  0.000
  0.019,300.586,  0.000,  0.000
  0.019,300.617,  0.000,  0.000
  0.019,300.624,  0.000,  0.000
  0.019,300.618,  0.000,  0.000
  0.019,300.586,  0.000,  0.000
  0.019,300.565,  0.000,  0.000
  0.019,300.558,  0.000,  0.000
  0.019,300.559,  0.000,  0.000
  0.019,300.589,  0.000,  0.000
  0.019,300.604,  0.000,  0.000
  0.019,300.462,  0.000,  0.000
  0.019,300.446,  0.000,  0.000
  0.019,300.420,  0.000,  0.000
  0.019,300.378,  0.000,  0.000
  0.019,300.277,  0.000,  0.000
  0.019,300.236,  0.000,  0.000
  0.019,300.254,  0.000,  0.000
  0.019,300.394,  0.000,  0.000
  0.019,300.486,  0.000,  0.000
  0.019,300.484,  0.000,  0.000
  0.019,300.496,  0.000,  0.000
  0.019,300.492,  0.000,  0.000
  0.019,300.500,  0.000,  0.000
  0.019,300.434,  0.000,  0.000
  0.019,300.431,  0.000,  0.000
  0.019,300.622,  0.000,  0.000
  0.019,300.644,  0.000,  0.000
  0.019,300.631,  0.000,  0.000
  0.019,300.637,  0.000,  0.000
  0.019,300.592,  0.000,  0.000
  0.019,300.581,  0.000,  0.000
  0.019,300.571,  0.000,  0.000
  0.019,300.574,  0.000,  0.000
  0.019,300.591,  0.000,  0.000
  0.019,300.607,  0.000,  0.000
  0.019,300.499,  0.000,  0.000
  0.019,300.443,  0.000,  0.000
  0.019,300.411,  0.000,  0.000
  0.019,300.400,  0.000,  0.000
  0.019,300.371,  0.000,  0.000
  0.019,300.415,  0.000,  0.000
  0.019,300.461,  0.000,  0.000
  0.019,300.481,  0.000,  0.000
  0.019,300.446,  0.000,  0.000
  0.019,300.459,  0.000,  0.000
  0.019,300.505,  0.000,  0.000
  0.019,300.542,  0.000,  0.000
  0.019,300.557,  0.000,  0.000
  0.019,300.525,  0.000,  0.000
  0.019,300.540,  0.000,  0.000
  0.019,300.641,  0.000,  0.000
  0.019,300.639,  0.000,  0.000
  0.019,300.638,  0.000,  0.000
  0.019,300.651,  0.000,  0.000
  0.019,300.619,  0.000,  0.000
  0.019,300.583,  0.000,  0.000
  0.019,300.582,  0.000,  0.000
  0.019,300.590,  0.000,  0.000
  0.019,300.590,  0.000,  0.000
  0.019,300.578,  0.000,  0.000
  0.019,300.542,  0.000,  0.000
  0.019,300.473,  0.000,  0.000
  0.019,300.421,  0.000,  0.000
  0.019,300.389,  0.000,  0.000
  0.020,300.462,  0.000,  0.000
  0.020,300.537,  0.000,  0.000
  0.019,300.549,  0.000,  0.000
  0.019,300.534,  0.000,  0.000
  0.019,300.486,  0.000,  0.000
  0.019,300.483,  0.000,  0.000
  0.019,300.512,  0.000,  0.000
  0.019,300.558,  0.000,  0.000
  0.019,300.554,  0.000,  0.000
  0.019,300.541,  0.000,  0.000
  0.019,300.598,  0.000,  0.000
  0.019,300.681,  0.000,  0.000
  0.019,300.640,  0.000,  0.000
  0.019,300.605,  0.000,  0.000
  0.019,300.645,  0.000,  0.000
  0.019,300.646,  0.000,  0.000
  0.019,300.623,  0.000,  0.000
  0.019,300.626,  0.000,  0.000
  0.019,300.613,  0.000,  0.000
  0.019,300.611,  0.000,  0.000
  0.019,300.585,  0.000,  0.000
  0.019,300.585,  0.000,  0.000
  0.019,300.527,  0.000,  0.000
  0.019,300.432,  0.000,  0.000
  0.019,300.382,  0.000,  0.000
  0.019,300.450,  0.000,  0.000
  0.019,300.553,  0.000,  0.000
  0.019,300.544,  0.000,  0.000
  0.019,300.555,  0.000,  0.000
  0.019,300.525,  0.000,  0.000
  0.019,300.492,  0.000,  0.000
  0.019,300.491,  0.000,  0.000
  0.019,300.501,  0.000,  0.000
  0.019,300.522,  0.000,  0.000
  0.019,300.532,  0.000,  0.000
  0.019,300.603,  0.000,  0.000
  0.019,300.677,  0.000,  0.000
  0.019,300.625,  0.000,  0.000
  0.019,300.597,  0.000,  0.000
  0.019,300.646,  0.000,  0.000
  0.019,300.672,  0.000,  0.000
  0.019,300.658,  0.000,  0.000
  0.019,300.642,  0.000,  0.000
  0.019,300.641,  0.000,  0.000
  0.019,300.656,  0.000,  0.000
  0.019,300.625,  0.000,  0.000
  0.019,300.639,  0.000,  0.000
  0.019,300.571,  0.000,  0.000
  0.020,300.467,  0.000,  0.000
  0.019,300.400,  0.000,  0.000
  0.019,300.409,  0.000,  0.000
  0.019,300.544,  0.000,  0.000
  0.019,300.550,  0.000,  0.000
  0.019,300.576,  0.000,  0.000
  0.019,300.528,  0.000,  0.000
  0.019,300.504,  0.000,  0.000
  0.019,300.481,  0.000,  0.000
  0.019,300.450,  0.000,  0.000
  0.019,300.484,  0.000,  0.000
  0.019,300.514,  0.000,  0.000
  0.019,300.611,  0.000,  0.000
  0.019,300.649,  0.000,  0.000
  0.019,300.597,  0.000,  0.000
  0.019,300.615,  0.000,  0.000
  0.019,300.649,  0.000,  0.000
  0.019,300.640,  0.000,  0.000
  0.019,300.628,  0.000,  0.000
  0.019,300.617,  0.000,  0.000
  0.019,300.641,  0.000,  0.000
  0.019,300.638,  0.000,  0.000
  0.019,300.590,  0.000,  0.000
  0.019,300.631,  0.000,  0.000
  0.019,300.617,  0.000,  0.000
  0.019,300.531,  0.000,  0.000
  0.020,300.401,  0.000,  0.000
  0.019,300.207,  0.000,  0.000
  0.019,300.249,  0.000,  0.000
  0.019,300.546,  0.000,  0.000
  0.019,300.528,  0.000,  0.000
  0.019,300.530,  0.000,  0.000
  0.019,300.533,  0.000,  0.000
  0.019,300.511,  0.000,  0.000
  0.019,300.506,  0.000,  0.000
  0.019,300.448,  0.000,  0.000
  0.019,300.580,  0.000,  0.000
  0.019,300.658,  0.000,  0.000
  0.019,300.611,  0.000,  0.000
  0.019,300.582,  0.000,  0.000
  0.019,300.607,  0.000,  0.000
  0.019,300.609,  0.000,  0.000
  0.019,300.606,  0.000,  0.000
  0.019,300.628,  0.000,  0.000
  0.019,300.661,  0.000,  0.000
  0.019,300.636,  0.000,  0.000
  0.019,300.621,  0.000,  0.000
  0.019,300.610,  0.000,  0.000
  0.019,300.624,  0.000,  0.000
  0.019,300.642,  0.000,  0.000
  0.019,300.586,  0.000,  0.000
  0.019,300.449,  0.000,  0.000
  0.019,300.303,  0.000,  0.000
  0.020,300.445,  0.000,  0.000
  0.020,300.643,  0.000,  0.000
  0.020,300.595,  0.000,  0.000
  0.019,300.543,  0.000,  0.000
  0.019,300.534,  0.000,  0.000
  0.019,300.523,  0.000,  0.000
  0.019,300.482,  0.000,  0.000
  0.020,300.605,  0.000,  0.000
  0.019,300.633,  0.000,  0.000
  0.019,300.677,  0.000,  0.000
  0.019,300.609,  0.000,  0.000
  0.019,300.569,  0.000,  0.000
  0.019,300.572,  0.000,  0.000
  0.019,300.559,  0.000,  0.000
  0.019,300.587,  0.000,  0.000
  0.019,300.629,  0.000,  0.000
  0.019,300.594,  0.000,  0.000
  0.019,300.528,  0.000,  0.000
  0.019,300.409,  0.000,  0.000
  0.019,300.209,  0.000,  0.000
