  0.017,298.542,  0.000,  0.000
  0.016,298.626,  0.000,  0.000
  0.016,298.671,  0.000,  0.000
  0.017,298.627,  0.000,  0.000
  0.017,298.521,  0.000,  0.000
  0.017,298.474,  0.000,  0.000
  0.017,298.531,  0.000,  0.000
  0.016,298.604,  0.000,  0.000
  0.016,298.648,  0.000,  0.000
  0.016,298.666,  0.000,  0.000
  0.017,298.633,  0.000,  0.000
  0.017,298.560,  0.000,  0.000
  0.017,298.531,  0.000,  0.000
  0.017,298.581,  0.000,  0.000
  0.017,298.661,  0.000,  0.000
  0.016,298.722,  0.000,  0.000
  0.016,298.765,  0.000,  0.000
  0.017,298.758,  0.000,  0.000
  0.017,298.699,  0.000,  0.000
  0.017,298.638,  0.000,  0.000
  0.017,298.623,  0.000,  0.000
  0.017,298.645,  0.000,  0.000
  0.017,298.663,  0.000,  0.000
  0.017,298.684,  0.000,  0.000
  0.017,298.701,  0.000,  0.000
  0.017,298.590,  0.000,  0.000
  0.016,298.646,  0.000,  0.000
  0.016,298.683,  0.000,  0.000
  0.017,298.678,  0.000,  0.000
  0.017,298.616,  0.000,  0.000
  0.017,298.546,  0.000,  0.000
  0.017,298.546,  0.000,  0.000
  0.017,298.618,  0.000,  0.000
  0.016,298.685,  0.000,  0.000
  0.016,298.717,  0.000,  0.000
  0.016,298.714,  0.000,  0.000
  0.017,298.668,  0.000,  0.000
  0.017,298.608,  0.000,  0.000
  0.017,298.603,  0.000,  0.000
  0.017,298.658,  0.000,  0.000
  0.016,298.723,  0.000,  0.000
  0.016,298.787,  0.000,  0.000
  0.017,298.824,  0.000,  0.000
  0.017,298.798,  0.000,  0.000
  0.017,298.735,  0.000,  0.000
  0.017,298.682,  0.000,  0.000
  0.017,298.667,  0.000,  0.000
  0.017,298.674,  0.000,  0.000
  0.017,298.706,  0.000,  0.000
  0.017,298.744,  0.000,  0.000
  0.017,298.607,  0.000,  0.000
  0.017,298.643,  0.000,  0.000
  0.016,298.670,  0.000,  0.000
  0.017,298.683,  0.000,  0.000
  0.017,298.672,  0.000,  0.000
  0.017,298.621,  0.000,  0.000
  0.017,298.578,  0.000,  0.000
  0.017,298.605,  0.000,  0.000
  0.017,298.679,  0.000,  0.000
  0.016,298.737,  0.000,  0.000
  0.016,298.762,  0.000,  0.000
  0.017,298.748,  0.000,  0.000
  0.017,298.692,  0.000,  0.000
  0.017,298.643,  0.000,  0.000
  0.017,298.656,  0.000,  0.000
  0.017,298.720,  0.000,  0.000
  0.016,298.789,  0.000,  0.000
  0.016,298.834,  0.000,  0.000
  0.017,298.832,  0.000,  0.000
  0.017,298.793,  0.000,  0.000
  0.017,298.749,  0.000,  0.000
  0.017,298.719,  0.000,  0.000
  0.017,298.710,  0.000,  0.000
  0.017,298.744,  0.000,  0.000
  0.017,298.791,  0.000,  0.000
  0.017,298.588,  0.000,  0.000
  0.017,298.624,  0.000,  0.000
  0.017,298.656,  0.000,  0.000
  0.016,298.673,  0.000,  0.000
  0.017,298.686,  0.000,  0.000
  0.017,298.662,  0.000,  0.000
  0.017,298.610,  0.000,  0.000
  0.017,298.593,  0.000,  0.000
  0.017,298.650,  0.000,  0.000
  0.017,298.722,  0.000,  0.000
  0.016,298.767,  0.000,  0.000
  0.016,298.777,  0.000,  0.000
  0.017,298.759,  0.000,  0.000
  0.017,298.702,  0.000,  0.000
  0.017,298.672,  0.000,  0.000
  0.017,298.706,  0.000,  0.000
  0.017,298.767,  0.000,  0.000
  0.016,298.803,  0.000,  0.000
  0.016,298.801,  0.000,  0.000
  0.017,298.785,  0.000,  0.000
  0.017,298.769,  0.000,  0.000
  0.017,298.757,  0.000,  0.000
  0.017,298.751,  0.000,  0.000
  0.017,298.780,  0.000,  0.000
  0.017,298.815,  0.000,  0.000
  0.017,298.604,  0.000,  0.000
  0.017,298.610,  0.000,  0.000
  0.017,298.661,  0.000,  0.000
  0.016,298.686,  0.000,  0.000
  0.016,298.696,  0.000,  0.000
  0.017,298.687,  0.000,  0.000
  0.017,298.650,  0.000,  0.000
  0.017,298.625,  0.000,  0.000
  0.017,298.648,  0.000,  0.000
  0.017,298.705,  0.000,  0.000
  0.017,298.754,  0.000,  0.000
  0.016,298.780,  0.000,  0.000
  0.017,298.808,  0.000,  0.000
  0.017,298.795,  0.000,  0.000
  0.017,298.743,  0.000,  0.000
  0.017,298.714,  0.000,  0.000
  0.017,298.726,  0.000,  0.000
  0.017,298.752,  0.000,  0.000
  0.017,298.759,  0.000,  0.000
  0.017,298.751,  0.000,  0.000
  0.017,298.756,  0.000,  0.000
  0.017,298.763,  0.000,  0.000
  0.017,298.774,  0.000,  0.000
  0.017,298.804,  0.000,  0.000
  0.017,298.829,  0.000,  0.000
  0.017,298.695,  0.000,  0.000
  0.017,298.640,  0.000,  0.000
  0.017,298.665,  0.000,  0.000
  0.016,298.708,  0.000,  0.000
  0.016,298.722,  0.000,  0.000
  0.017,298.726,  0.000,  0.000
  0.017,298.721,  0.000,  0.000
  0.017,298.704,  0.000,  0.000
  0.017,298.703,  0.000,  0.000
  0.017,298.722,  0.000,  0.000
  0.017,298.747,  0.000,  0.000
  0.016,298.783,  0.000,  0.000
  0.016,298.839,  0.000,  0.000
  0.017,298.887,  0.000,  0.000
  0.017,298.870,  0.000,  0.000
  0.017,298.808,  0.000,  0.000
  0.017,298.761,  0.000,  0.000
  0.017,298.745,  0.000,  0.000
  0.017,298.748,  0.000,  0.000
  0.017,298.748,  0.000,  0.000
  0.017,298.747,  0.000,  0.000
  0.017,298.756,  0.000,  0.000
  0.017,298.787,  0.000,  0.000
  0.017,298.831,  0.000,  0.000
  0.017,298.859,  0.000,  0.000
  0.017,298.808,  0.000,  0.000
  0.017,298.724,  0.000,  0.000
  0.017,298.681,  0.000,  0.000
  0.017,298.696,  0.000,  0.000
  0.017,298.735,  0.000,  0.000
  0.017,298.771,  0.000,  0.000
  0.017,298.805,  0.000,  0.000
  0.017,298.816,  0.000,  0.000
  0.017,298.798,  0.000,  0.000
  0.017,298.775,  0.000,  0.000
  0.017,298.766,  0.000,  0.000
  0.017,298.792,  0.000,  0.000
  0.016,298.859,  0.000,  0.000
  0.016,298.939,  0.000,  0.000
  0.017,298.973,  0.000,  0.000
  0.017,298.934,  0.000,  0.000
  0.017,298.869,  0.000,  0.000
  0.017,298.821,  0.000,  0.000
  0.017,298.794,  0.000,  0.000
  0.017,298.782,  0.000,  0.000
  0.017,298.772,  0.000,  0.000
  0.017,298.771,  0.000,  0.000
  0.017,298.804,  0.001,  0.000
  0.017,298.851,  0.001,  0.000
  0.017,298.882,  0.001,  0.000
  0.016,298.860,  0.000,  0.000
  0.017,298.808,  0.000,  0.000
  0.017,298.730,  0.000,  0.000
  0.017,298.685,  0.000,  0.000
  0.017,298.702,  0.000,  0.000
  0.017,298.766,  0.000,  0.000
  0.017,298.845,  0.000,  0.000
  0.017,298.908,  0.000,  0.000
  0.017,298.920,  0.000,  0.000
  0.017,298.878,  0.000,  0.000
  0.017,298.827,  0.000,  0.000
  0.017,298.814,  0.000,  0.000
  0.017,298.862,  0.000,  0.000
  0.016,298.942,  0.000,  0.000
  0.016,298.986,  0.000,  0.000
  0.016,298.970,  0.000,  0.000
  0.017,298.924,  0.000,  0.000
  0.017,298.885,  0.000,  0.000
  0.017,298.857,  0.000,  0.000
  0.017,298.838,  0.000,  0.000
  0.017,298.821,  0.000,  0.000
  0.017,298.814,  0.000,  0.000
  0.017,298.836,  0.000,  0.000
  0.017,298.864,  0.001,  0.000
  0.017,298.889,  0.002,  0.000
  0.016,298.865,  0.000,  0.000
  0.017,298.847,  0.000,  0.000
  0.017,298.797,  0.000,  0.000
  0.017,298.729,  0.000,  0.000
  0.017,298.691,  0.000,  0.000
  0.017,298.721,  0.000,  0.000
  0.017,298.818,  0.000,  0.000
  0.016,298.929,  0.000,  0.000
  0.016,299.008,  0.000,  0.000
  0.017,299.016,  0.000,  0.000
  0.017,298.958,  0.000,  0.000
  0.017,298.890,  0.000,  0.000
  0.017,298.866,  0.000,  0.000
  0.017,298.898,  0.000,  0.000
  0.017,298.932,  0.000,  0.000
  0.016,298.928,  0.000,  0.000
  0.017,298.903,  0.000,  0.000
  0.017,298.890,  0.000,  0.000
  0.017,298.880,  0.000,  0.000
  0.017,298.870,  0.000,  0.000
  0.017,298.860,  0.000,  0.000
  0.017,298.862,  0.000,  0.000
  0.017,298.870,  0.000,  0.000
  0.017,298.891,  0.000,  0.000
  0.017,298.958,  0.001,  0.000
  0.017,298.859,  0.000,  0.000
  0.017,298.859,  0.000,  0.000
  0.017,298.853,  0.000,  0.000
  0.017,298.818,  0.000,  0.000
  0.017,298.766,  0.000,  0.000
  0.017,298.734,  0.000,  0.000
  0.017,298.775,  0.000,  0.000
  0.017,298.890,  0.000,  0.000
  0.016,299.019,  0.000,  0.000
  0.016,299.103,  0.000,  0.000
  0.016,299.097,  0.000,  0.000
  0.017,299.023,  0.000,  0.000
  0.017,298.941,  0.000,  0.000
  0.017,298.895,  0.000,  0.000
  0.017,298.890,  0.000,  0.000
  0.017,298.890,  0.000,  0.000
  0.017,298.883,  0.000,  0.000
  0.017,298.880,  0.000,  0.000
  0.017,298.877,  0.000,  0.000
  0.017,298.875,  0.000,  0.000
  0.017,298.883,  0.000,  0.000
  0.017,298.893,  0.000,  0.000
  0.017,298.904,  0.000,  0.000
  0.017,298.960,  0.000,  0.000
  0.017,299.084,  0.000,  0.000
  0.017,298.854,  0.000,  0.000
  0.017,298.866,  0.000,  0.000
  0.017,298.879,  0.000,  0.000
  0.017,298.889,  0.000,  0.000
  0.017,298.874,  0.000,  0.000
  0.017,298.833,  0.000,  0.000
  0.017,298.804,  0.000,  0.000
  0.017,298.847,  0.000,  0.000
  0.017,298.969,  0.000,  0.000
  0.016,299.084,  0.000,  0.000
  0.016,299.130,  0.000,  0.000
  0.016,299.092,  0.000,  0.000
  0.017,299.019,  0.000,  0.000
  0.017,298.951,  0.000,  0.000
  0.017,298.913,  0.000,  0.000
  0.017,298.903,  0.000,  0.000
  0.017,298.897,  0.000,  0.000
  0.017,298.882,  0.000,  0.000
  0.017,298.875,  0.000,  0.000
  0.017,298.877,  0.000,  0.000
  0.017,298.887,  0.000,  0.000
  0.017,298.917,  0.000,  0.000
  0.017,298.988,  0.000,  0.000
  0.017,299.084,  0.000,  0.000
  0.017,299.158,  0.000,  0.000
  0.017,298.866,  0.000,  0.000
  0.017,298.885,  0.000,  0.000
  0.017,298.902,  0.000,  0.000
  0.017,298.921,  0.000,  0.000
  0.017,298.936,  0.000,  0.000
  0.017,298.930,  0.000,  0.000
  0.017,298.900,  0.000,  0.000
  0.017,298.882,  0.000,  0.000
  0.017,298.921,  0.000,  0.000
  0.017,299.011,  0.000,  0.000
  0.016,299.075,  0.000,  0.000
  0.016,299.065,  0.000,  0.000
  0.016,299.014,  0.000,  0.000
  0.017,298.965,  0.000,  0.000
  0.017,298.940,  0.000,  0.000
  0.017,298.931,  0.000,  0.000
  0.017,298.914,  0.000,  0.000
  0.017,298.889,  0.000,  0.000
  0.017,298.881,  0.000,  0.000
  0.017,298.890,  0.000,  0.000
  0.017,298.929,  0.000,  0.000
  0.017,299.015,  0.000,  0.000
  0.017,299.120,  0.000,  0.000
  0.017,299.166,  0.000,  0.000
  0.016,299.152,  0.000,  0.000
  0.017,298.884,  0.000,  0.000
  0.017,298.921,  0.000,  0.000
  0.017,298.947,  0.000,  0.000
  0.017,298.961,  0.000,  0.000
  0.017,298.972,  0.000,  0.000
  0.017,298.980,  0.000,  0.000
  0.017,298.981,  0.000,  0.000
  0.017,298.974,  0.000,  0.000
  0.017,298.971,  0.000,  0.000
  0.017,298.983,  0.000,  0.000
  0.017,299.002,  0.000,  0.000
  0.017,299.002,  0.000,  0.000
  0.017,298.976,  0.000,  0.000
  0.017,298.948,  0.000,  0.000
  0.017,298.934,  0.000,  0.000
  0.017,298.929,  0.000,  0.000
  0.017,298.916,  0.000,  0.000
  0.017,298.896,  0.000,  0.000
  0.017,298.896,  0.000,  0.000
  0.017,298.948,  0.000,  0.000
  0.017,299.038,  0.000,  0.000
  0.017,299.130,  0.000,  0.000
  0.017,299.163,  0.000,  0.000
  0.017,299.152,  0.000,  0.000
  0.016,299.130,  0.000,  0.000
  0.017,298.913,  0.000,  0.000
  0.017,298.955,  0.000,  0.000
  0.016,299.005,  0.000,  0.000
  0.016,299.028,  0.000,  0.000
  0.017,299.029,  0.000,  0.000
  0.017,299.020,  0.000,  0.000
  0.017,299.019,  0.000,  0.000
  0.017,299.030,  0.000,  0.000
  0.017,299.029,  0.000,  0.000
  0.017,299.005,  0.000,  0.000
  0.017,298.977,  0.000,  0.000
  0.017,298.961,  0.000,  0.000
  0.017,298.948,  0.000,  0.000
  0.017,298.933,  0.000,  0.000
  0.017,298.918,  0.000,  0.000
  0.017,298.907,  0.000,  0.000
  0.017,298.905,  0.000,  0.000
  0.017,298.925,  0.000,  0.000
  0.017,298.988,  0.000,  0.000
  0.017,299.067,  0.000,  0.000
  0.017,299.125,  0.000,  0.000
  0.017,299.144,  0.000,  0.000
  0.017,299.135,  0.000,  0.000
  0.017,299.119,  0.000,  0.000
  0.017,299.115,  0.000,  0.000
  0.017,298.989,  0.000,  0.000
  0.017,298.975,  0.000,  0.000
  0.017,299.022,  0.000,  0.000
  0.016,299.072,  0.000,  0.000
  0.016,299.083,  0.000,  0.000
  0.016,299.067,  0.000,  0.000
  0.017,299.046,  0.000,  0.000
  0.017,299.040,  0.000,  0.000
  0.017,299.035,  0.000,  0.000
  0.017,299.003,  0.000,  0.000
  0.017,298.961,  0.000,  0.000
  0.017,298.938,  0.000,  0.000
  0.017,298.935,  0.000,  0.000
  0.017,298.926,  0.000,  0.000
  0.017,298.911,  0.000,  0.000
  0.017,298.911,  0.000,  0.000
  0.017,298.955,  0.000,  0.000
  0.017,299.043,  0.000,  0.000
  0.017,299.120,  0.000,  0.000
  0.017,299.135,  0.000,  0.000
  0.017,299.127,  0.000,  0.000
  0.017,299.124,  0.000,  0.000
  0.017,299.116,  0.000,  0.000
  0.017,299.117,  0.000,  0.000
  0.017,299.135,  0.000,  0.000
